Date,Open,High,Low,Close,Volume,OpenInt
20081111,20.846,20.846,20.846,20.846,114,0
20081112,22.099,22.099,22.099,22.099,246,0
20081114,20.69,20.743,20.63,20.743,1404,0
20081117,20.506,21.645,20.396,21.428,10410,0
20081118,20.325,20.325,20.135,20.135,436,0
20081119,20.093,20.093,20.093,20.093,235,0
20081120,20.777,20.777,19.991,19.991,2123,0
20081121,19.124,19.124,19.124,19.124,114,0
20081125,20.541,20.724,20.429,20.429,10953,0
20081126,20.335,22.951,20.335,21.167,650390,0
20081128,22.776,24.168,22.776,24.168,402,0
20081201,23.464,23.464,20.151,20.245,23603,0
20081202,20.083,23.297,20.037,20.681,49887,0
20081203,20.837,21.603,20.219,20.673,71447,0
20081204,20.855,22.167,20.219,20.254,39928,0
20081205,20.117,21.212,19.991,21.079,32994,0
20081208,21.29,24.34,20.95,21.297,288022,0
20081209,21.212,21.775,21.079,21.392,64973,0
20081210,21.273,22.054,21.133,21.402,7387,0
20081211,21.247,21.282,20.925,20.968,18482,0
20081212,20.69,20.864,20.69,20.864,654,0
20081215,20.898,20.898,20.898,20.898,114,0
20081216,20.959,22.167,20.941,22.063,15010,0
20081217,21.698,21.933,21.698,21.802,6349,0
20081218,22.514,22.688,21.377,21.734,23423,0
20081219,21.61,21.61,21.61,21.61,3781,0
20081222,22.603,22.603,20.907,20.907,3679,0
20081223,21.141,21.265,21.141,21.239,689,0
20081224,22.507,22.507,21.22,21.315,12904,0
20081226,21.176,21.995,21.158,21.202,16388,0
20081229,21.256,21.775,21.117,21.698,7333,0
20081230,21.856,21.864,20.959,21.377,4454,0
20081231,21.49,21.707,21.49,21.62,7441,0
20090102,21.689,21.906,21.689,21.906,1345,0
20090105,23.864,23.864,21.603,21.856,522096,0
20090106,21.839,21.881,20.959,21.82,2757,0
20090107,22.167,22.167,21.596,21.62,5787,0
20090108,21.586,21.67,21.533,21.67,52599,0
20090109,20.959,21.515,20.959,21.273,7986,0
20090112,20.655,21.212,20.655,20.968,15770,0
20090113,21.126,21.126,21.126,21.126,462,0
20090114,20.576,21.167,19.57,20.037,18692,0
20090115,20.351,20.69,19.724,19.734,2544,0
20090116,20.916,21.003,19.316,20.613,5544,0
20090120,22.01,22.01,20.065,20.065,48278,0
20090121,19.942,20.135,19.942,20.135,1864,0
20090122,20.037,20.69,20.037,20.603,1986,0
20090123,20.378,22.776,19.991,20.308,14513,0
20090126,20.368,20.603,20.245,20.506,2574,0
20090127,20.613,20.63,20.516,20.63,12735,0
20090128,20.864,20.898,20.768,20.846,7489,0
20090129,20.699,20.706,20.516,20.531,1903,0
20090130,20.64,20.64,20.396,20.396,1273,0
20090202,20.212,20.254,20.168,20.168,1621,0
20090203,20.378,20.568,20.335,20.531,18885,0
20090204,20.76,20.81,20.237,20.237,5744,0
20090205,20.421,20.421,20.421,20.421,785,0
20090206,20.734,20.734,20.734,20.734,129,0
20090209,20.734,20.95,20.681,20.768,9254,0
20090210,20.429,20.516,19.368,20.516,8908,0
20090211,20.168,20.76,20.159,20.159,2337,0
20090212,20.245,20.289,20.245,20.271,2568,0
20090213,20.177,20.473,20.177,20.448,13650,0
20090217,19.622,20.037,19.622,19.75,5462,0
20090218,19.653,19.881,19.653,19.881,1750,0
20090219,19.908,19.908,19.63,19.63,6373,0
20090220,19.41,19.671,19.247,19.333,21214,0
20090223,19.351,19.359,19.115,19.143,2178,0
20090224,19.325,19.517,19.194,19.517,3321,0
20090225,19.29,19.402,19.29,19.402,1002,0
20090226,19.9,19.9,19.134,19.134,2324,0
20090227,18.97,19.166,18.97,19.039,10412,0
20090302,18.548,18.584,18.431,18.431,1000,0
20090303,18.664,19.204,18.422,18.422,9357,0
20090304,18.612,18.691,18.612,18.691,1206,0
20090305,18.54,18.54,18.255,18.298,2089,0
20090306,18.467,18.467,18.22,18.22,344,0
20090309,18.951,18.951,18.135,18.135,16596,0
20090310,18.639,18.639,18.629,18.629,1354,0
20090311,18.845,18.845,18.786,18.786,11158,0
20090312,21.507,21.507,18.916,19.089,1329,0
20090313,19.342,19.377,18.566,19.239,8009,0
20090316,19.299,19.436,19.299,19.308,2302,0
20090317,19.299,19.41,19.096,19.351,8189,0
20090318,19.464,20,18.943,19.952,17142,0
20090319,20.009,20.065,19.908,19.908,4396,0
20090320,19.846,21.392,19.577,19.638,67899,0
20090323,19.881,20.404,19.881,20.404,13138,0
20090324,20.743,20.743,19.786,20.093,120208,0
20090325,20.456,20.456,20.219,20.245,3887,0
20090326,20.308,20.506,20.254,20.464,6294,0
20090327,20.308,20.308,20.187,20.187,555,0
20090330,20.64,20.64,19.742,19.804,30736,0
20090331,19.983,20.125,19.812,19.97,14775,0
20090401,19.977,20.159,19.977,20.151,3349,0
20090402,21.029,21.029,20.341,20.522,44438,0
20090403,20.855,20.855,20.522,20.724,12414,0
20090406,20.506,20.621,20.429,20.568,15878,0
20090407,20.959,20.959,20.263,20.263,3538,0
20090408,20.456,20.456,20.351,20.351,6298,0
20090409,20.75,20.89,20.724,20.89,21199,0
20090413,20.855,21.071,20.818,20.977,7271,0
20090414,20.986,21.569,20.76,20.76,18491,0
20090415,20.786,20.907,20.734,20.907,11106,0
20090416,20.925,21.167,20.558,21.089,33484,0
20090417,21.315,21.315,21.055,21.117,4354,0
20090420,21.377,21.377,20.308,20.576,42694,0
20090421,20.715,20.837,20.316,20.837,3181,0
20090422,20.64,20.995,20.219,20.986,3379,0
20090423,21.012,21.012,20.76,20.95,3732,0
20090424,21.079,21.229,21.079,21.158,1721,0
20090427,21.176,21.499,21.055,21.055,7420,0
20090428,20.925,21.02,20.864,21.003,6437,0
20090429,21.176,21.392,21.167,21.239,7393,0
20090430,21.603,21.985,21.297,21.341,13005,0
20090501,21.524,21.524,21.071,21.351,16727,0
20090504,21.645,21.846,21.472,21.846,8059,0
20090505,21.775,21.811,21.726,21.775,4814,0
20090506,21.743,22.045,21.481,22.01,25026,0
20090507,22.126,22.594,21.734,21.767,26963,0
20090508,22.004,22.142,21.906,22.142,7635,0
20090511,21.881,22.594,21.856,21.897,20505,0
20090512,21.707,21.967,21.22,21.906,25259,0
20090513,21.62,21.698,21.464,21.524,3201,0
20090514,21.603,21.707,21.569,21.569,6092,0
20090515,21.419,21.679,21.419,21.515,2457,0
20090518,21.784,22.019,21.784,22.019,3459,0
20090519,21.995,22.081,21.481,22.027,4916,0
20090520,22.29,22.307,22.073,22.073,2629,0
20090521,21.811,21.856,21.793,21.846,2101,0
20090522,21.889,22.584,21.889,22.584,2608,0
20090526,21.775,22.183,21.775,22.126,3537,0
20090527,22.126,22.149,21.889,21.914,14685,0
20090528,21.967,22.045,21.734,22.045,23358,0
20090529,21.775,22.331,21.775,22.331,11066,0
20090601,21.906,22.706,21.906,22.629,24555,0
20090602,22.688,22.776,22.665,22.758,2796,0
20090603,22.603,22.603,22.463,22.514,5739,0
20090604,22.646,22.942,22.499,22.532,11265,0
20090605,22.682,22.733,22.472,22.499,21141,0
20090608,22.28,22.385,22.255,22.385,5320,0
20090609,22.603,22.62,22.412,22.62,3963,0
20090610,22.646,22.646,22.376,22.514,3866,0
20090611,22.706,22.758,22.61,22.655,5190,0
20090612,22.523,22.655,22.523,22.655,14383,0
20090615,22.385,22.385,22.126,22.28,10775,0
20090616,22.108,22.118,22.091,22.091,2014,0
20090617,22.035,22.183,22.035,22.118,2146,0
20090618,22.167,22.167,22.099,22.134,2742,0
20090619,22.272,22.34,22.255,22.34,13090,0
20090622,21.985,21.985,21.811,21.839,2075,0
20090623,21.689,21.924,21.689,21.897,12926,0
20090624,22.142,22.142,21.924,21.967,11647,0
20090625,21.784,22.091,21.784,22.091,5849,0
20090626,22.091,22.126,22.027,22.126,7316,0
20090629,22.299,22.299,22.126,22.22,4975,0
20090630,22.299,22.299,22.035,22.108,5452,0
20090701,22.247,22.34,22.247,22.263,10008,0
20090702,22.202,22.202,21.924,21.941,2671,0
20090706,21.881,21.881,21.689,21.811,4006,0
20090707,21.802,21.802,21.56,21.596,11391,0
20090708,21.56,21.586,21.455,21.586,7555,0
20090709,21.82,21.82,21.61,21.637,2176,0
20090710,21.507,21.507,21.507,21.507,175,0
20090713,21.652,21.846,21.652,21.846,2611,0
20090714,21.951,23.472,21.811,21.906,14386,0
20090715,22.167,22.299,22.126,22.299,8621,0
20090716,22.331,22.456,22.29,22.456,5837,0
20090717,22.385,22.429,22.385,22.429,1799,0
20090720,22.603,22.682,22.523,22.682,53314,0
20090721,22.871,22.871,22.62,22.733,4031,0
20090722,22.758,22.994,22.682,22.742,13492,0
20090723,23.045,23.053,23.011,23.045,5725,0
20090724,22.827,23.106,22.827,23.106,7662,0
20090727,23.124,23.131,22.994,23.131,15413,0
20090728,23.177,23.177,22.55,23.036,10827,0
20090729,23.15,23.15,22.716,22.976,3643,0
20090730,23.324,23.41,23.228,23.228,10135,0
20090731,23.401,23.446,23.333,23.333,11588,0
20090803,23.688,23.688,23.522,23.603,24540,0
20090804,23.635,23.661,23.41,23.635,13199,0
20090805,23.688,23.688,23.446,23.586,13664,0
20090806,23.522,23.549,23.472,23.482,6658,0
20090807,23.635,23.742,23.594,23.594,2385,0
20090810,23.612,24.098,23.531,23.594,28771,0
20090811,23.429,23.482,23.429,23.472,965,0
20090812,23.549,23.698,23.549,23.635,13516,0
20090813,23.759,23.774,23.717,23.774,7044,0
20090814,23.688,23.688,23.54,23.54,3986,0
20090817,23.438,23.438,23.228,23.262,3686,0
20090818,23.612,23.612,23.262,23.456,12454,0
20090819,23.401,23.577,23.401,23.549,23392,0
20090820,23.661,23.726,23.559,23.726,11763,0
20090821,24.001,24.001,23.942,23.983,5379,0
20090824,24.08,24.098,23.958,23.958,5366,0
20090825,24.133,24.133,24.028,24.07,13652,0
20090826,24.088,24.088,23.966,24.07,5014,0
20090827,24.133,24.767,23.881,24.124,16531,0
20090828,24.394,24.394,24.07,24.124,30465,0
20090831,23.871,23.942,23.782,23.942,2426,0
20090901,23.942,23.942,23.419,23.671,67237,0
20090902,23.612,23.635,23.131,23.621,22517,0
20090903,23.661,23.759,23.653,23.759,12916,0
20090904,23.809,23.942,23.809,23.942,10773,0
20090908,24.385,24.385,24.107,24.159,5205,0
20090909,23.933,24.385,23.933,24.331,6009,0
20090910,24.514,24.514,24.151,24.497,5154,0
20090911,24.698,26.219,24.481,24.53,21987,0
20090914,24.375,24.549,24.34,24.53,5985,0
20090915,24.018,24.663,23.89,24.637,12217,0
20090916,24.888,24.942,24.75,24.942,14799,0
20090917,25.002,25.002,24.827,24.906,5426,0
20090918,25.131,25.131,24.836,24.923,6359,0
20090921,24.758,24.994,24.733,24.808,8136,0
20090922,24.923,24.968,24.914,24.959,3980,0
20090923,25.035,25.035,24.785,24.8,21514,0
20090924,24.818,24.818,24.34,24.49,18414,0
20090925,24.53,24.53,24.375,24.394,8772,0
20090928,24.471,24.75,24.471,24.611,6786,0
20090929,24.808,24.808,24.628,24.654,5331,0
20090930,24.637,24.741,24.481,24.611,77138,0
20091001,24.637,24.637,24.21,24.21,3607,0
20091002,23.966,24.141,23.966,24.053,6039,0
20091005,24.279,24.349,24.228,24.321,7281,0
20091006,24.514,24.654,24.514,24.549,32178,0
20091007,24.584,24.611,24.576,24.611,3037,0
20091008,24.611,24.87,24.611,24.767,9958,0
20091009,24.758,24.792,24.716,24.75,6800,0
20091012,25.01,25.01,24.808,24.836,8916,0
20091013,24.888,24.888,24.75,24.862,7943,0
20091014,25.053,25.194,25.035,25.194,12263,0
20091015,25.123,25.194,25.026,25.194,19153,0
20091016,25.062,25.062,24.933,25.043,7511,0
20091019,25.212,25.272,25.081,25.212,7959,0
20091020,25.203,25.237,25.081,25.098,11033,0
20091021,25.212,25.279,25.035,25.035,3856,0
20091022,25.203,25.203,24.923,25.165,14428,0
20091023,25.184,25.377,24.897,24.959,15416,0
20091026,25.002,25.123,24.689,24.689,5193,0
20091027,24.716,24.724,24.637,24.679,23677,0
20091028,24.557,24.557,24.21,24.228,5956,0
20091029,24.446,24.619,24.446,24.584,7313,0
20091030,24.49,24.49,24.107,24.185,10206,0
20091102,24.219,24.349,24.08,24.159,16750,0
20091103,24.098,24.271,24.098,24.263,5949,0
20091104,24.463,24.539,24.349,24.349,13097,0
20091105,24.514,24.654,24.454,24.654,16779,0
20091106,24.646,24.698,24.619,24.679,16287,0
20091109,25.062,25.098,24.836,25.098,22428,0
20091110,24.897,25.098,24.897,25.053,59352,0
20091111,25.194,25.262,25.071,25.131,14970,0
20091112,25.131,25.165,24.862,24.906,18431,0
20091113,25.019,25.123,24.95,25.09,13567,0
20091116,25.323,25.48,25.314,25.392,9801,0
20091117,25.314,25.351,25.246,25.351,17720,0
20091118,25.384,25.384,25.237,25.314,14216,0
20091119,25.165,25.165,24.923,25.026,15887,0
20091120,24.923,24.977,24.862,24.977,52704,0
20091123,25.071,25.314,25.071,25.194,23660,0
20091124,25.279,25.279,25.062,25.175,34631,0
20091125,25.279,25.304,25.237,25.304,12344,0
20091127,24.808,25.035,24.637,24.959,14605,0
20091130,24.977,25.035,24.836,25.035,11218,0
20091201,25.525,25.525,25.212,25.295,49795,0
20091202,25.255,25.392,25.246,25.332,31223,0
20091203,25.436,25.436,25.165,25.184,34490,0
20091204,25.384,25.489,25.184,25.279,18316,0
20091207,25.295,25.295,25.237,25.255,9513,0
20091208,25.156,25.156,25.035,25.062,10236,0
20091209,25.071,25.071,24.878,25.053,11548,0
20091210,25.043,25.131,25.043,25.107,12208,0
20091211,25.221,25.221,25.081,25.156,24522,0
20091214,25.304,25.314,25.212,25.295,24596,0
20091215,25.221,25.255,25.147,25.203,37960,0
20091216,25.342,25.392,25.262,25.304,7409,0
20091217,25.184,25.184,25.026,25.071,9913,0
20091218,25.184,25.184,24.994,25.081,8122,0
20091221,25.212,25.285,25.203,25.255,16491,0
20091222,25.255,25.332,25.246,25.323,14702,0
20091223,25.392,25.445,25.368,25.445,7447,0
20091224,25.417,25.525,25.417,25.445,36465,0
20091228,25.409,25.409,25.279,25.295,11261,0
20091229,25.453,25.869,25.295,25.295,3667,0
20091230,25.304,25.332,25.246,25.279,10150,0
20091231,25.409,25.409,24.87,25.156,27496,0
20100104,25.445,25.525,25.384,25.463,20095,0
20100105,25.558,25.558,25.497,25.558,10193,0
20100106,25.575,25.616,25.516,25.584,8950,0
20100107,25.575,25.616,25.472,25.616,13775,0
20100108,25.644,25.688,25.602,25.688,57711,0
20100111,25.852,25.852,25.706,25.706,3318,0
20100112,25.644,25.679,25.525,25.616,7654,0
20100113,25.671,25.759,25.566,25.731,54548,0
20100114,25.731,25.991,25.731,25.81,46995,0
20100115,25.801,25.801,25.548,25.616,18479,0
20100119,25.644,25.81,25.644,25.81,23990,0
20100120,25.679,25.679,25.399,25.525,23938,0
20100121,25.584,25.584,25.246,25.262,18626,0
20100122,25.23,25.237,24.933,24.933,21490,0
20100125,25.123,25.123,24.987,25.026,18454,0
20100126,24.977,25.071,24.854,24.906,15609,0
20100127,24.923,24.994,24.775,24.994,12201,0
20100128,25.09,25.09,24.637,24.75,10355,0
20100129,24.827,24.888,24.549,24.549,10975,0
20100201,24.637,24.808,24.637,24.808,22613,0
20100202,24.792,25.026,24.792,25.019,10294,0
20100203,24.95,24.968,24.8,24.897,4663,0
20100204,24.602,24.602,24.385,24.421,5857,0
20100205,24.314,24.471,24.116,24.331,29724,0
20100208,24.385,24.412,24.244,24.244,14371,0
20100209,24.446,24.539,24.412,24.497,10079,0
20100210,24.506,24.506,24.359,24.454,27136,0
20100211,24.402,24.592,24.394,24.592,27282,0
20100212,24.439,24.566,24.385,24.566,20823,0
20100216,24.716,24.836,24.602,24.818,4394,0
20100217,24.846,24.914,24.827,24.878,11290,0
20100218,24.888,24.987,24.878,24.987,8225,0
20100219,24.923,24.977,24.862,24.977,14253,0
20100222,25.053,25.053,24.923,24.977,9057,0
20100223,24.846,24.846,24.767,24.808,6804,0
20100224,24.785,24.95,24.785,24.87,4444,0
20100225,24.716,24.878,24.654,24.862,17730,0
20100226,24.906,24.987,24.888,24.888,5238,0
20100301,25.026,25.131,24.942,25.081,15027,0
20100302,25.212,25.255,25.203,25.221,4640,0
20100303,25.279,25.368,25.255,25.279,29671,0
20100304,25.262,25.304,25.203,25.304,11348,0
20100305,25.409,25.54,25.377,25.532,32584,0
20100308,25.558,25.575,25.48,25.507,15252,0
20100309,25.417,25.635,25.417,25.566,19154,0
20100310,25.592,25.654,25.54,25.61,5736,0
20100311,25.602,25.714,25.602,25.714,1251,0
20100312,25.845,25.845,25.671,25.759,17315,0
20100315,25.724,25.724,25.548,25.714,9872,0
20100316,25.794,25.845,25.741,25.819,14220,0
20100317,25.965,26.056,25.925,26.019,8626,0
20100318,26.046,26.046,25.878,25.949,36774,0
20100319,25.906,25.906,25.731,25.784,9147,0
20100322,25.616,25.925,25.616,25.925,17465,0
20100323,25.906,26.019,25.906,26.019,7676,0
20100324,25.934,25.934,25.768,25.835,8521,0
20100325,25.958,25.982,25.741,25.776,14929,0
20100326,25.794,25.819,25.697,25.697,7327,0
20100329,25.835,25.869,25.801,25.869,24145,0
20100330,25.888,25.943,25.801,25.878,16262,0
20100331,25.852,25.991,25.794,25.845,6683,0
20100401,26.019,26.019,25.906,26.019,10370,0
20100405,25.991,26.113,25.943,26.088,9257,0
20100406,26.046,26.166,26.046,26.148,10871,0
20100407,26.064,26.157,26,26.027,10356,0
20100408,26.019,26.105,25.958,26.096,6354,0
20100409,26.148,26.237,26.113,26.237,6417,0
20100412,26.33,26.33,26.228,26.288,14286,0
20100413,26.306,26.339,26.185,26.322,15975,0
20100414,26.436,26.524,26.348,26.524,26389,0
20100415,26.393,26.557,26.393,26.549,19053,0
20100416,26.472,26.472,26.185,26.272,23749,0
20100419,26.228,26.262,26.064,26.262,11406,0
20100420,26.374,26.41,26.306,26.41,21777,0
20100421,26.644,26.644,26.096,26.383,4619,0
20100422,26.279,26.436,26.21,26.436,7608,0
20100423,26.412,26.56,26.412,26.56,13356,0
20100426,26.507,26.835,26.507,26.524,34703,0
20100427,26.298,26.488,26.046,26.046,58406,0
20100428,26.185,26.888,26.01,26.046,15261,0
20100429,26.288,26.393,26.254,26.348,5818,0
20100430,26.427,26.427,26.129,26.129,5301,0
20100503,26.202,26.339,26.157,26.314,8121,0
20100504,26.138,26.138,25.827,25.869,23153,0
20100505,25.644,25.819,25.566,25.671,9334,0
20100506,25.548,25.688,24.454,25.165,52145,0
20100507,25.221,25.246,24.724,24.836,25251,0
20100510,25.644,25.671,25.507,25.671,43447,0
20100511,25.507,25.776,25.507,25.635,26840,0
20100512,25.706,25.869,25.671,25.86,33588,0
20100513,25.794,25.897,25.688,25.724,131644,0
20100514,25.516,25.516,25.212,25.377,27863,0
20100517,25.436,25.436,25.147,25.279,10715,0
20100518,25.507,25.507,25.123,25.156,5428,0
20100519,25.139,25.194,24.846,25.026,13787,0
20100520,24.673,24.758,24.439,24.439,26545,0
20100521,24.228,24.758,24.168,24.707,93998,0
20100524,24.698,24.75,24.549,24.549,9989,0
20100525,24.133,24.471,24.053,24.471,13148,0
20100526,24.497,24.679,24.394,24.394,11899,0
20100527,24.698,25.01,24.698,25.01,4875,0
20100528,25.644,26.254,24.767,24.785,11044,0
20100601,24.628,24.836,24.576,24.576,8460,0
20100602,24.557,24.933,24.557,24.933,3065,0
20100603,24.987,24.987,24.827,24.906,7165,0
20100604,24.741,24.741,24.385,24.385,8738,0
20100607,24.421,24.481,24.194,24.237,16847,0
20100608,24.194,24.331,24.088,24.331,3284,0
20100609,24.454,24.576,24.288,24.288,4602,0
20100610,24.673,24.758,24.619,24.758,3590,0
20100611,24.646,24.888,24.637,24.888,25088,0
20100614,25.019,25.062,24.923,24.923,3680,0
20100615,25.019,25.262,25.019,25.255,18414,0
20100616,25.156,25.332,25.156,25.23,28817,0
20100617,25.279,25.295,25.175,25.23,18390,0
20100618,25.255,25.351,25.255,25.295,3411,0
20100621,25.497,25.497,25.212,25.262,13499,0
20100622,25.23,25.262,25.23,25.255,4395,0
20100623,24.471,25.107,24.471,25.043,9520,0
20100624,25.23,25.23,24.758,24.758,9031,0
20100625,24.654,24.767,24.521,24.716,6837,0
20100628,24.689,24.775,24.619,24.716,3853,0
20100629,24.349,24.349,24.124,24.202,6191,0
20100630,24.218,24.341,24.105,24.105,22050,0
20100701,24.836,24.836,23.89,24.107,12734,0
20100702,24.107,24.185,23.95,24.043,17768,0
20100706,24.228,24.288,24.062,24.088,15448,0
20100707,24.098,24.53,24.098,24.53,13574,0
20100708,24.611,24.654,24.549,24.654,5133,0
20100709,24.716,24.775,24.716,24.775,8993,0
20100712,24.75,24.758,24.724,24.741,878,0
20100713,24.959,25.043,24.942,25.043,5111,0
20100714,24.977,25.071,24.959,25.043,7479,0
20100715,25.002,25.062,24.87,25.062,20560,0
20100716,24.767,24.818,24.602,24.619,11582,0
20100719,24.689,24.689,24.576,24.663,68531,0
20100720,24.584,24.767,24.584,24.75,16243,0
20100721,24.878,24.878,24.628,24.679,6106,0
20100722,24.897,25.098,24.897,25.035,5555,0
20100723,25.035,25.194,24.987,25.175,9193,0
20100726,25.221,25.377,25.221,25.377,7943,0
20100727,25.497,25.525,25.314,25.332,8394,0
20100728,25.304,25.351,25.279,25.279,4578,0
20100729,25.436,25.436,25.147,25.255,15920,0
20100730,25.071,25.323,25.071,25.323,7571,0
20100802,25.602,25.644,25.592,25.644,15289,0
20100803,25.575,25.616,25.507,25.61,13195,0
20100804,25.566,25.635,25.566,25.635,5030,0
20100805,25.584,25.626,25.566,25.61,4494,0
20100806,25.516,25.584,25.436,25.584,4061,0
20100809,25.635,25.679,25.602,25.679,3810,0
20100810,25.453,25.61,25.453,25.602,10167,0
20100811,25.221,25.237,25.026,25.081,13903,0
20100812,24.818,24.987,24.818,24.987,2816,0
20100813,24.959,25.026,24.923,24.933,9583,0
20100816,24.906,25.002,24.862,24.994,1501,0
20100817,25.123,25.255,25.123,25.203,6501,0
20100818,25.165,25.279,25.165,25.184,6683,0
20100819,25.09,25.09,24.942,24.977,9044,0
20100820,24.846,24.897,24.8,24.854,14236,0
20100823,24.968,24.968,24.785,24.785,8487,0
20100824,24.663,24.689,24.619,24.646,6762,0
20100825,24.557,24.716,24.549,24.716,3878,0
20100826,24.767,24.767,24.628,24.654,6817,0
20100827,24.733,24.836,24.576,24.792,15197,0
20100830,24.836,24.862,24.689,24.689,29540,0
20100831,24.669,24.772,24.669,24.747,18116,0
20100901,24.95,25.139,24.923,25.09,7276,0
20100902,25.107,25.279,25.107,25.262,15500,0
20100903,25.384,25.409,25.384,25.409,2302,0
20100907,25.285,25.285,25.285,25.285,261,0
20100908,25.332,25.417,25.332,25.392,5103,0
20100909,25.516,25.516,25.384,25.409,3282,0
20100910,25.417,25.48,25.417,25.436,2765,0
20100913,25.706,25.714,25.697,25.697,2781,0
20100914,25.663,25.827,25.644,25.75,14333,0
20100915,25.706,25.81,25.679,25.81,30709,0
20100916,25.724,25.741,25.654,25.741,5079,0
20100917,25.81,25.81,25.671,25.724,6462,0
20100920,25.759,26.01,25.759,26.01,1503,0
20100921,25.958,25.991,25.916,25.973,4520,0
20100922,26.037,26.096,25.943,25.943,2574,0
20100923,25.845,25.958,25.801,25.81,22432,0
20100924,26.019,26.138,26.019,26.121,5866,0
20100927,26.072,26.081,25.982,26.081,60885,0
20100928,26.056,26.113,25.934,26.027,6855,0
20100929,26.096,26.138,26.072,26.113,4683,0
20100930,26.282,26.282,25.983,26.048,9537,0
20101001,26.157,26.262,26.019,26.121,13121,0
20101004,26.096,26.096,25.897,25.965,5307,0
20101005,26.237,26.365,26.237,26.339,7311,0
20101006,26.419,26.444,26.33,26.374,17424,0
20101007,26.348,26.402,26.306,26.339,2362,0
20101008,26.444,26.515,26.444,26.515,12350,0
20101011,26.479,26.549,26.472,26.479,15703,0
20101012,26.444,26.541,26.374,26.541,5438,0
20101013,26.635,26.777,26.609,26.723,13089,0
20101014,26.741,26.75,26.617,26.635,14391,0
20101015,26.777,26.777,26.601,26.644,8882,0
20101018,26.669,26.768,26.609,26.768,6177,0
20101019,26.524,26.617,26.402,26.479,25475,0
20101020,26.617,26.723,26.601,26.714,1810,0
20101021,26.696,26.835,26.583,26.663,14347,0
20101022,26.679,26.714,26.669,26.679,4803,0
20101025,26.87,26.949,26.809,26.809,33141,0
20101026,26.663,26.759,26.654,26.714,12407,0
20101027,26.592,26.663,26.463,26.583,16087,0
20101028,26.741,26.741,26.574,26.669,12570,0
20101029,26.647,26.719,26.628,26.7,14914,0
20101101,26.791,26.809,26.705,26.705,12623,0
20101102,26.87,26.896,26.851,26.896,16004,0
20101103,26.941,26.941,26.777,26.888,19386,0
20101104,27.183,27.332,27.183,27.332,252640,0
20101105,27.295,27.34,27.295,27.332,12507,0
20101108,27.271,27.304,27.246,27.295,5532,0
20101109,27.313,27.357,27.012,27.07,20063,0
20101110,27.123,27.147,26.958,27.132,10397,0
20101111,27.034,27.089,27.002,27.026,3763,0
20101112,26.949,26.984,26.809,26.809,16860,0
20101115,26.879,26.931,26.791,26.791,2744,0
20101116,26.626,26.626,26.365,26.444,13014,0
20101117,26.515,26.574,26.463,26.497,10298,0
20101118,26.791,26.818,26.791,26.809,2257,0
20101119,26.688,26.835,26.679,26.818,11350,0
20101122,26.777,26.827,26.669,26.818,4824,0
20101123,26.601,26.635,26.515,26.524,12854,0
20101124,26.705,26.8,26.705,26.759,10148,0
20101126,26.679,26.688,26.644,26.669,13862,0
20101129,26.601,26.626,26.463,26.626,4734,0
20101130,26.396,26.552,26.396,26.483,15960,0
20101201,26.732,26.818,26.696,26.809,31866,0
20101202,26.818,27.026,26.8,27.026,13134,0
20101203,27.07,27.14,27.026,27.14,13582,0
20101206,27.089,27.156,27.07,27.123,19980,0
20101207,27.304,27.304,27.062,27.07,11547,0
20101208,27.104,27.104,26.984,27.07,16749,0
20101209,27.219,27.219,27.034,27.104,15416,0
20101210,27.104,27.183,27.104,27.183,1575,0
20101213,27.279,27.349,27.271,27.271,7765,0
20101214,27.255,27.313,27.156,27.192,21630,0
20101215,27.14,27.262,27.104,27.113,10259,0
20101216,27.113,27.219,27.113,27.219,6825,0
20101217,27.174,27.295,27.174,27.271,11927,0
20101220,27.279,27.349,27.237,27.349,28049,0
20101221,27.419,27.488,27.391,27.488,50611,0
20101222,27.435,27.514,27.435,27.47,14622,0
20101223,27.488,27.497,27.427,27.479,54365,0
20101227,27.228,27.323,27.21,27.323,12102,0
20101228,27.313,27.313,27.228,27.255,12143,0
20101229,27.333,27.429,27.314,27.401,32581,0
20101230,27.368,27.72,27.304,27.385,16564,0
20101231,27.354,27.452,27.338,27.417,9171,0
20110103,27.488,27.643,27.488,27.584,40654,0
20110104,27.601,27.601,27.383,27.452,18328,0
20110105,27.375,27.488,27.349,27.443,92104,0
20110106,27.479,27.523,27.391,27.409,69830,0
20110107,27.419,27.443,27.271,27.383,78437,0
20110110,27.262,27.427,27.255,27.409,80934,0
20110111,27.47,27.488,27.409,27.462,26979,0
20110112,27.601,27.671,27.584,27.634,51290,0
20110113,27.671,27.722,27.653,27.697,40143,0
20110114,27.68,27.81,27.68,27.81,19643,0
20110118,27.844,27.844,27.765,27.828,28984,0
20110119,27.861,27.878,27.634,27.671,25939,0
20110120,27.584,27.584,27.47,27.541,5650,0
20110121,27.616,27.624,27.567,27.592,18390,0
20110124,27.584,27.722,27.575,27.707,30329,0
20110125,27.616,27.697,27.575,27.689,74543,0
20110126,27.791,27.853,27.756,27.853,38188,0
20110127,27.844,27.905,27.801,27.896,6265,0
20110128,27.861,27.861,27.533,27.549,16736,0
20110131,27.612,27.72,27.578,27.695,33162,0
20110201,27.828,27.981,27.765,27.958,17910,0
20110202,27.905,27.974,27.887,27.924,11331,0
20110203,27.878,27.932,27.801,27.924,11125,0
20110204,27.878,27.924,27.828,27.924,22481,0
20110207,27.95,28.053,27.95,27.999,15230,0
20110208,28.044,28.08,28.026,28.08,16945,0
20110209,28.035,28.08,27.981,28.044,32069,0
20110210,27.914,28.035,27.914,27.99,26701,0
20110211,27.914,28.131,27.914,28.131,20308,0
20110214,28.148,28.201,28.121,28.192,19551,0
20110215,28.174,28.174,28.097,28.131,37089,0
20110216,28.192,28.288,28.192,28.288,16467,0
20110218,28.312,28.428,28.312,28.375,18555,0
20110222,28.244,28.288,27.99,28.026,27354,0
20110223,28.089,28.089,27.861,27.941,53322,0
20110224,27.914,27.974,27.81,27.95,18279,0
20110225,28.063,28.184,28.063,28.165,17771,0
20110228,28.299,28.325,28.22,28.254,6941,0
20110301,28.367,28.367,28.017,28.053,13107,0
20110302,28.035,28.158,28.035,28.053,60935,0
20110303,28.261,28.367,28.227,28.367,17682,0
20110304,28.295,28.375,28.158,28.279,25238,0
20110307,28.348,28.522,28.026,28.104,13906,0
20110308,28.131,28.312,28.089,28.236,25765,0
20110309,28.261,28.269,28.139,28.261,10979,0
20110310,28.062,28.062,27.914,27.914,25648,0
20110311,27.8,28.044,27.8,27.989,11162,0
20110314,27.853,27.905,27.739,27.878,3573,0
20110315,27.332,27.739,27.332,27.662,15869,0
20110316,27.634,27.634,27.313,27.435,19477,0
20110317,27.697,27.705,27.591,27.607,31265,0
20110318,27.79,27.809,27.729,27.755,5503,0
20110321,27.989,28.053,27.989,28.026,40562,0
20110322,27.98,28.008,27.949,27.949,6622,0
20110323,27.95,28.035,27.844,27.974,23002,0
20110324,28.044,28.158,28.044,28.158,11712,0
20110325,28.165,28.279,28.158,28.165,18228,0
20110328,28.202,28.227,28.104,28.121,9990,0
20110329,28.035,28.227,28.035,28.202,22569,0
20110330,28.339,28.421,28.313,28.393,12944,0
20110331,28.416,28.425,28.379,28.416,17231,0
20110401,28.507,28.558,28.454,28.515,21456,0
20110404,28.567,28.584,28.497,28.558,10072,0
20110405,28.523,28.61,28.488,28.558,14059,0
20110406,28.629,28.647,28.541,28.602,8780,0
20110407,28.594,28.647,28.488,28.541,69805,0
20110408,28.647,28.647,28.429,28.488,8993,0
20110411,28.515,28.523,28.393,28.402,21167,0
20110412,28.358,28.358,28.245,28.305,17862,0
20110413,28.375,28.393,28.261,28.348,7731,0
20110414,28.252,28.375,28.211,28.375,17417,0
20110415,28.358,28.47,28.358,28.454,6625,0
20110418,28.121,28.217,28.112,28.211,45390,0
20110419,28.245,28.339,28.217,28.339,10075,0
20110420,28.61,28.62,28.584,28.602,20238,0
20110421,28.689,28.733,28.647,28.723,52284,0
20110425,28.723,28.777,28.629,28.671,161122,0
20110426,28.733,28.916,28.733,28.899,50271,0
20110427,28.883,29.04,28.845,29.021,61463,0
20110428,29.012,29.09,29.004,29.081,142107,0
20110429,29.073,29.188,29.047,29.163,132664,0
20110502,29.187,29.239,29.09,29.126,38088,0
20110503,29.047,29.047,28.916,29.004,19171,0
20110504,28.995,28.995,28.777,28.828,18747,0
20110505,28.697,28.873,28.671,28.671,17528,0
20110506,28.916,28.916,28.714,28.733,7477,0
20110509,28.723,28.892,28.723,28.883,14456,0
20110510,28.899,29.047,28.899,29.012,10679,0
20110511,28.977,28.977,28.723,28.811,7725,0
20110512,28.75,28.909,28.671,28.864,14675,0
20110513,28.82,28.899,28.654,28.697,14540,0
20110516,28.629,28.777,28.594,28.602,13180,0
20110517,28.584,28.584,28.497,28.549,2877,0
20110518,28.61,28.777,28.576,28.733,13213,0
20110519,28.777,28.811,28.671,28.785,17032,0
20110520,28.61,28.742,28.576,28.62,9736,0
20110523,28.393,28.411,28.339,28.375,15593,0
20110524,28.411,28.454,28.332,28.402,30170,0
20110525,28.289,28.515,28.289,28.46,11399,0
20110526,28.46,28.639,28.437,28.584,33532,0
20110527,28.689,28.733,28.647,28.689,6592,0
20110531,28.92,28.936,28.813,28.936,19912,0
20110601,28.873,28.873,28.602,28.602,13474,0
20110602,28.584,28.584,28.46,28.515,13061,0
20110603,28.393,28.488,28.385,28.437,8589,0
20110606,28.348,28.348,28.184,28.184,22063,0
20110607,28.282,28.371,28.282,28.299,11392,0
20110608,28.186,28.238,28.098,28.14,17052,0
20110609,28.194,28.282,28.15,28.272,8814,0
20110610,28.044,28.053,27.922,27.931,9812,0
20110613,27.958,28.017,27.914,27.94,12857,0
20110614,28.072,28.217,28.072,28.184,45485,0
20110615,28.017,28.026,27.835,27.877,29365,0
20110616,27.825,27.957,27.77,27.841,17570,0
20110617,27.989,28.008,27.894,27.922,7872,0
20110620,27.877,28.017,27.877,27.98,3554,0
20110621,28.131,28.325,28.131,28.299,92873,0
20110622,28.316,28.325,28.186,28.186,14549,0
20110623,27.922,28.131,27.859,28.122,36052,0
20110624,28.159,28.159,27.98,27.999,24722,0
20110627,27.989,28.167,27.989,28.14,6440,0
20110628,28.186,28.299,28.186,28.254,18430,0
20110629,28.424,28.492,28.342,28.473,125951,0
20110630,28.556,28.672,28.531,28.663,61134,0
20110701,28.881,28.907,28.635,28.898,31711,0
20110705,28.862,28.924,28.852,28.898,8684,0
20110706,28.817,28.916,28.809,28.898,12950,0
20110707,29.021,29.126,29.021,29.099,51447,0
20110708,28.94,28.976,28.843,28.957,54977,0
20110711,28.775,28.775,28.589,28.599,19568,0
20110712,28.553,28.644,28.536,28.536,20900,0
20110713,28.8,28.8,28.669,28.694,1805,0
20110714,28.677,28.791,28.473,28.473,8981,0
20110715,28.553,28.581,28.502,28.581,5618,0
20110718,28.51,28.51,28.272,28.387,19537,0
20110719,28.625,28.694,28.536,28.694,7704,0
20110720,28.791,28.791,28.694,28.72,17884,0
20110721,28.8,28.967,28.8,28.94,21210,0
20110722,28.994,29.012,28.898,28.986,15652,0
20110725,28.834,28.931,28.826,28.852,14560,0
20110726,28.894,28.911,28.779,28.813,66768,0
20110727,28.712,28.712,28.396,28.396,24813,0
20110728,28.415,28.572,28.371,28.379,13873,0
20110729,28.283,28.467,28.187,28.39,53312,0
20110801,28.669,28.976,28.186,28.291,33648,0
20110802,28.23,28.256,27.98,27.98,18569,0
20110803,27.965,27.989,27.657,27.965,78045,0
20110804,27.694,27.711,27.077,27.077,154720,0
20110805,27.279,27.287,26.601,26.99,53372,0
20110808,26.524,26.699,25.87,25.87,80250,0
20110809,26.278,26.762,25.811,26.762,13490,0
20110810,26.434,26.593,26.162,26.162,14009,0
20110811,26.295,26.892,26.295,26.707,15309,0
20110812,26.884,26.981,26.821,26.847,26958,0
20110815,27.095,27.209,27.05,27.209,66176,0
20110816,27.018,27.138,26.251,27.033,104913,0
20110817,27.209,27.218,27.018,27.077,3891,0
20110818,26.636,26.636,26.241,26.354,31292,0
20110819,26.109,26.426,26.101,26.101,11361,0
20110822,26.487,26.487,26.101,26.117,13341,0
20110823,26.225,26.601,26.125,26.593,14582,0
20110824,26.497,26.717,26.452,26.717,34603,0
20110825,26.839,26.839,26.462,26.532,4815,0
20110826,26.444,26.771,26.418,26.699,17085,0
20110829,26.874,27.191,26.874,27.191,54537,0
20110830,27.13,27.333,26.803,27.246,45523,0
20110831,27.461,27.488,27.291,27.338,9868,0
20110901,27.35,27.392,27.172,27.209,6029,0
20110902,26.927,26.991,26.793,26.846,6655,0
20110906,26.479,26.628,26.328,26.628,30507,0
20110907,26.858,27.081,26.824,27.081,21540,0
20110908,26.921,27.134,26.877,26.895,29737,0
20110909,26.657,26.737,26.382,26.462,43888,0
20110912,26.189,26.497,26.133,26.497,12443,0
20110913,26.515,26.655,26.497,26.646,11215,0
20110914,26.725,27.008,26.557,27.008,5736,0
20110915,26.981,27.111,26.9,27.068,14741,0
20110916,27.098,27.205,27.034,27.134,11621,0
20110919,26.78,26.981,26.707,26.954,31597,0
20110920,26.972,27.111,26.918,26.964,5732,0
20110921,26.918,26.918,26.444,26.444,24123,0
20110922,26.013,26.133,25.776,25.776,29320,0
20110923,25.843,26.066,25.843,26.02,4283,0
20110926,26.215,26.337,25.896,26.294,11145,0
20110927,26.719,26.797,26.525,26.525,16682,0
20110928,26.665,26.665,26.346,26.401,3242,0
20110929,26.488,26.488,26.123,26.311,11790,0
20110930,26.12,26.229,25.985,26.005,9792,0
20111003,25.965,26.25,25.481,25.481,7820,0
20111004,25.269,25.877,24.614,25.843,75746,0
20111005,25.992,26.082,25.877,26.073,10057,0
20111006,26.18,26.444,26.107,26.444,100507,0
20111007,26.507,26.507,26.241,26.285,81067,0
20111010,26.515,26.746,26.515,26.692,9678,0
20111011,26.788,26.806,26.737,26.797,17976,0
20111012,26.848,27.125,26.848,27.002,11452,0
20111013,26.788,26.958,26.788,26.877,18909,0
20111014,27.125,27.214,27.044,27.214,41505,0
20111017,27.115,27.115,26.895,26.902,9796,0
20111018,26.858,27.205,26.788,27.196,22776,0
20111019,27.167,27.205,26.94,26.967,111855,0
20111020,26.867,27.044,26.774,27.012,6349,0
20111021,27.241,27.319,27.222,27.319,5191,0
20111024,27.407,27.683,27.407,27.665,10344,0
20111025,27.585,27.585,27.372,27.372,18034,0
20111026,27.523,27.55,27.364,27.55,23874,0
20111027,28.073,28.247,27.939,28.131,132579,0
20111028,28.15,28.195,28.054,28.195,313252,0
20111031,27.926,27.968,27.727,27.727,19384,0
20111101,27.346,27.778,27.196,27.3,44357,0
20111102,27.523,27.585,27.407,27.576,13849,0
20111103,27.742,27.893,27.701,27.885,7353,0
20111104,27.745,27.8,27.676,27.772,11560,0
20111107,27.796,27.868,27.683,27.868,26925,0
20111108,27.912,28.044,27.816,28.044,31236,0
20111109,27.636,27.674,27.354,27.364,80975,0
20111110,27.541,27.541,27.398,27.479,3025,0
20111111,27.725,27.85,27.683,27.806,9338,0
20111114,27.778,27.788,27.559,27.617,43167,0
20111115,27.585,27.742,27.497,27.692,16600,0
20111116,27.55,27.683,27.389,27.407,22515,0
20111117,27.398,27.417,27.081,27.159,14588,0
20111118,27.259,27.259,27.141,27.167,9274,0
20111121,26.867,26.958,26.692,26.788,28266,0
20111122,26.797,26.824,26.727,26.727,3460,0
20111123,26.62,26.62,26.409,26.497,17704,0
20111125,26.401,26.479,26.401,26.418,10074,0
20111128,26.788,26.858,26.764,26.858,29100,0
20111129,26.902,26.967,26.848,26.895,31042,0
20111130,27.336,27.603,27.336,27.603,20455,0
20111201,27.585,27.585,27.479,27.523,61411,0
20111202,27.701,27.701,27.585,27.585,80542,0
20111205,27.824,27.893,27.674,27.788,15413,0
20111206,27.754,27.79,27.667,27.764,31731,0
20111207,27.629,27.853,27.569,27.809,31380,0
20111208,27.612,27.703,27.389,27.498,56631,0
20111209,27.534,27.72,27.417,27.712,43099,0
20111212,27.523,27.523,27.31,27.441,80740,0
20111213,27.541,27.603,27.251,27.251,11084,0
20111214,27.186,27.214,27.02,27.081,14662,0
20111215,27.186,27.196,27.09,27.09,28613,0
20111216,27.274,27.274,27.157,27.204,5084,0
20111219,27.31,27.31,26.994,27.034,18623,0
20111220,27.505,27.55,27.441,27.533,9978,0
20111221,27.469,27.487,27.364,27.487,14651,0
20111222,27.619,27.695,27.612,27.676,16898,0
20111223,27.648,27.782,27.648,27.782,122818,0
20111227,27.754,27.819,27.703,27.772,10697,0
20111228,27.629,27.638,27.525,27.551,35049,0
20111229,27.667,27.782,27.629,27.745,5775,0
20111230,27.773,27.821,27.728,27.728,65185,0
20120103,27.976,28.087,27.926,27.984,38894,0
20120104,27.907,27.962,27.872,27.953,53305,0
20120105,27.79,27.976,27.772,27.968,8867,0
20120106,27.836,27.968,27.836,27.907,7529,0
20120109,27.935,27.968,27.888,27.935,30106,0
20120110,28.11,28.174,28.087,28.129,105338,0
20120111,28.069,28.237,28.069,28.174,203282,0
20120112,28.174,28.211,28.087,28.211,13108,0
20120113,28.031,28.119,28.031,28.119,11198,0
20120117,28.263,28.315,28.211,28.211,25260,0
20120118,28.245,28.425,28.218,28.425,32319,0
20120119,28.494,28.547,28.451,28.531,96054,0
20120120,28.504,28.531,28.451,28.531,24843,0
20120123,28.531,28.566,28.484,28.547,22126,0
20120124,28.388,28.547,28.388,28.531,31867,0
20120125,28.466,28.716,28.441,28.716,22244,0
20120126,28.806,28.814,28.593,28.681,9628,0
20120127,28.639,28.735,28.619,28.725,113675,0
20120130,28.531,28.663,28.504,28.647,62676,0
20120131,28.785,28.785,28.596,28.712,75832,0
20120201,28.823,28.956,28.823,28.888,39292,0
20120202,28.888,28.985,28.888,28.888,39399,0
20120203,29.117,29.181,29.063,29.181,67536,0
20120206,29.073,29.136,29.063,29.109,19581,0
20120207,29.117,29.197,29.03,29.197,27927,0
20120208,29.171,29.243,29.117,29.224,46523,0
20120209,29.234,29.278,29.163,29.243,31852,0
20120210,28.985,29.073,28.985,29.054,24637,0
20120213,29.188,29.234,29.163,29.224,56437,0
20120214,29.163,29.171,29.063,29.163,72366,0
20120215,29.234,29.243,29.073,29.073,16615,0
20120216,29.171,29.331,29.073,29.331,33525,0
20120217,29.339,29.358,29.288,29.339,35911,0
20120221,29.411,29.42,29.296,29.331,22591,0
20120222,29.331,29.349,29.261,29.296,30211,0
20120223,29.314,29.428,29.314,29.385,12301,0
20120224,29.474,29.519,29.428,29.474,38773,0
20120227,29.339,29.519,29.339,29.464,8885,0
20120228,29.546,29.573,29.474,29.554,16752,0
20120229,29.605,29.624,29.417,29.435,14229,0
20120301,29.491,29.563,29.456,29.536,37491,0
20120302,29.478,29.532,29.415,29.415,14809,0
20120305,29.402,29.402,29.288,29.305,35809,0
20120306,29.076,29.084,28.941,28.968,12584,0
20120307,29.05,29.148,29.05,29.148,8297,0
20120308,29.318,29.389,29.318,29.389,12349,0
20120309,29.397,29.478,29.309,29.432,16178,0
20120312,29.411,29.438,29.349,29.402,13986,0
20120313,29.482,29.706,29.456,29.706,105878,0
20120314,29.697,29.715,29.554,29.581,22165,0
20120315,29.591,29.724,29.581,29.724,14718,0
20120316,29.755,29.773,29.719,29.737,41724,0
20120319,29.732,29.866,29.724,29.786,23057,0
20120320,29.625,29.706,29.573,29.688,18218,0
20120321,29.715,29.724,29.597,29.651,10249,0
20120322,29.536,29.546,29.464,29.501,11795,0
20120323,29.515,29.646,29.451,29.646,7172,0
20120326,29.773,29.869,29.773,29.844,9743,0
20120327,29.916,29.916,29.808,29.808,8524,0
20120328,29.825,29.834,29.601,29.692,10171,0
20120329,29.637,29.71,29.523,29.71,20864,0
20120330,29.806,29.806,29.68,29.761,21198,0
20120402,29.746,29.949,29.692,29.897,25198,0
20120403,29.888,29.916,29.675,29.755,13492,0
20120404,29.601,29.755,29.442,29.558,41439,0
20120405,29.496,29.541,29.478,29.515,6825,0
20120409,29.353,29.432,29.29,29.362,13932,0
20120410,29.334,29.334,29.006,29.05,26294,0
20120411,29.245,29.245,29.167,29.167,19441,0
20120412,29.209,29.505,29.209,29.505,33616,0
20120413,29.451,29.451,29.262,29.262,19065,0
20120416,29.38,29.397,29.228,29.29,18528,0
20120417,29.406,29.61,29.397,29.523,10226,0
20120418,29.469,29.549,29.451,29.523,8870,0
20120419,29.496,29.496,29.334,29.415,7781,0
20120420,29.505,29.549,29.451,29.469,5671,0
20120423,29.209,29.262,29.121,29.218,22952,0
20120424,29.29,29.38,29.262,29.318,20627,0
20120425,29.515,29.586,29.442,29.541,13209,0
20120426,29.576,29.755,29.576,29.701,18327,0
20120427,29.719,29.8,29.675,29.773,23018,0
20120430,29.752,29.752,29.642,29.671,297249,0
20120501,29.701,29.907,29.675,29.817,33382,0
20120502,29.684,29.764,29.61,29.737,20720,0
20120503,29.737,29.737,29.541,29.586,19793,0
20120504,29.486,29.486,29.282,29.29,112903,0
20120507,29.218,29.389,29.218,29.353,9261,0
20120508,29.192,29.237,29.066,29.218,12186,0
20120509,29.076,29.2,28.978,29.129,25102,0
20120510,29.262,29.262,29.111,29.167,13660,0
20120511,29.056,29.255,29.05,29.129,19765,0
20120514,28.932,28.996,28.898,28.898,13169,0
20120515,28.908,28.951,28.755,28.798,31514,0
20120516,28.833,28.908,28.683,28.683,8270,0
20120517,28.585,28.621,28.372,28.372,24064,0
20120518,28.443,28.443,28.228,28.254,12227,0
20120521,28.316,28.576,28.316,28.576,55986,0
20120522,28.611,28.692,28.505,28.505,19257,0
20120523,28.389,28.522,28.263,28.522,62405,0
20120524,28.541,28.541,28.417,28.486,7627,0
20120525,28.558,28.558,28.495,28.522,18948,0
20120529,28.692,28.718,28.594,28.683,16491,0
20120530,28.522,28.541,28.434,28.443,8974,0
20120531,28.371,28.515,28.307,28.458,6241,0
20120601,28.184,28.246,28.031,28.05,14855,0
20120604,28.05,28.096,27.907,28.031,32958,0
20120605,28.051,28.167,28.051,28.15,6206,0
20120606,28.421,28.527,28.384,28.518,13175,0
20120607,28.753,28.753,28.491,28.536,13339,0
20120608,28.491,28.637,28.472,28.637,20411,0
20120611,28.79,28.798,28.417,28.434,19490,0
20120612,28.486,28.611,28.372,28.567,66000,0
20120613,28.558,28.603,28.532,28.558,3603,0
20120614,28.522,28.657,28.522,28.657,9042,0
20120615,28.734,28.84,28.707,28.832,16127,0
20120618,28.747,28.916,28.747,28.833,5621,0
20120619,29.006,29.174,29.006,29.076,24288,0
20120620,29.084,29.139,28.996,28.996,25056,0
20120621,28.941,28.941,28.621,28.621,3959,0
20120622,28.753,28.787,28.68,28.78,8804,0
20120625,28.553,28.553,28.438,28.51,7364,0
20120626,28.544,28.608,28.472,28.599,8738,0
20120627,28.689,28.762,28.689,28.753,9120,0
20120628,28.662,28.662,28.518,28.645,14052,0
20120629,29.092,29.174,29.003,29.157,175509,0
20120702,29.274,29.292,29.175,29.274,83378,0
20120703,29.32,29.462,29.32,29.382,6313,0
20120705,29.48,29.48,29.292,29.399,13629,0
20120706,29.21,29.229,29.102,29.21,24882,0
20120709,29.185,29.185,29.084,29.185,17399,0
20120710,29.238,29.292,28.967,29.014,7018,0
20120711,29.094,29.102,28.995,29.056,9243,0
20120712,28.924,28.967,28.796,28.94,18110,0
20120713,29.129,29.229,29.094,29.219,7757,0
20120716,29.264,29.264,29.149,29.149,13676,0
20120717,29.274,29.301,29.102,29.301,10952,0
20120718,29.256,29.453,29.256,29.435,22716,0
20120719,29.48,29.499,29.453,29.499,3725,0
20120720,29.355,29.373,29.246,29.292,20364,0
20120723,29.022,29.084,28.967,29.084,3593,0
20120724,28.921,28.948,28.785,28.794,21574,0
20120725,28.967,28.977,28.85,28.906,16559,0
20120726,29.21,29.238,29.102,29.238,11297,0
20120727,29.328,29.605,29.328,29.544,30869,0
20120730,29.489,29.58,29.489,29.553,30083,0
20120731,29.59,29.59,29.472,29.489,24248,0
20120801,29.59,29.59,29.382,29.435,15677,0
20120802,29.219,29.363,29.149,29.21,27330,0
20120803,29.489,29.632,29.48,29.624,19364,0
20120806,29.706,29.787,29.706,29.724,7761,0
20120807,29.796,29.876,29.796,29.83,4814,0
20120808,29.787,29.84,29.768,29.813,43917,0
20120809,29.787,29.849,29.751,29.83,42146,0
20120810,29.768,29.849,29.688,29.849,29868,0
20120813,29.76,29.867,29.715,29.777,25182,0
20120814,29.974,29.974,29.777,29.813,67042,0
20120815,29.706,29.822,29.706,29.804,37061,0
20120816,29.768,29.947,29.768,29.904,7203,0
20120817,29.921,29.974,29.904,29.974,19415,0
20120820,29.939,29.965,29.849,29.921,56616,0
20120821,29.974,30.075,29.921,29.921,9478,0
20120822,29.859,30.002,29.859,29.984,6392,0
20120823,29.965,29.965,29.83,29.849,34237,0
20120824,29.822,29.974,29.822,29.947,17906,0
20120827,29.921,30.011,29.904,29.904,12080,0
20120828,29.921,29.994,29.921,29.939,14891,0
20120829,29.965,29.984,29.904,29.974,13545,0
20120830,29.876,29.876,29.777,29.84,12772,0
20120831,29.906,29.941,29.877,29.906,3804,0
20120904,29.861,29.968,29.761,29.941,9493,0
20120905,29.941,29.968,29.868,29.886,29410,0
20120906,30.033,30.257,30.033,30.231,19834,0
20120907,30.29,30.407,30.29,30.379,15666,0
20120910,30.369,30.379,30.3,30.3,7767,0
20120911,30.272,30.398,30.272,30.369,15845,0
20120912,30.442,30.442,30.354,30.398,18012,0
20120913,30.369,30.768,30.369,30.73,22627,0
20120914,30.816,30.951,30.792,30.816,23637,0
20120917,30.812,30.812,30.684,30.721,9232,0
20120918,30.73,30.749,30.657,30.677,22863,0
20120919,30.693,30.796,30.693,30.758,15171,0
20120920,30.65,30.677,30.577,30.677,8511,0
20120921,30.735,30.772,30.68,30.68,10328,0
20120924,30.614,30.684,30.577,30.657,6064,0
20120925,30.718,30.726,30.52,30.52,12963,0
20120926,30.402,30.402,30.302,30.311,27831,0
20120927,30.437,30.582,30.393,30.546,88535,0
20120928,30.409,30.481,30.381,30.435,25892,0
20121001,30.52,30.629,30.428,30.473,47989,0
20121002,30.555,30.591,30.456,30.473,25740,0
20121003,30.51,30.609,30.437,30.501,11533,0
20121004,30.68,30.69,30.619,30.68,26181,0
20121005,30.809,30.809,30.637,30.672,13987,0
20121008,30.53,30.646,30.53,30.609,76838,0
20121009,30.573,30.573,30.446,30.446,18167,0
20121010,30.41,30.41,30.275,30.302,4188,0
20121011,30.402,30.492,30.373,30.383,13187,0
20121012,30.364,30.402,30.284,30.311,15872,0
20121015,30.464,30.464,30.33,30.464,24186,0
20121016,30.52,30.662,30.52,30.653,13573,0
20121017,30.629,30.764,30.629,30.755,2009,0
20121018,30.69,30.782,30.646,30.662,39361,0
20121019,30.538,30.538,30.373,30.41,13730,0
20121022,30.41,30.437,30.311,30.428,8466,0
20121023,30.157,30.24,30.077,30.185,17078,0
20121024,30.231,30.231,30.13,30.13,17859,0
20121025,30.221,30.302,30.147,30.167,5576,0
20121026,30.157,30.203,30.069,30.185,13742,0
20121031,30.212,30.302,30.157,30.249,23310,0
20121101,30.294,30.464,30.294,30.464,17834,0
20121102,30.538,30.538,30.275,30.275,18318,0
20121105,30.257,30.358,30.24,30.358,30418,0
20121106,30.383,30.501,30.383,30.41,8189,0
20121107,30.32,30.32,30.052,30.094,22782,0
20121108,30.13,30.147,29.915,29.915,12203,0
20121109,29.778,30.033,29.752,29.906,21584,0
20121112,29.915,29.958,29.868,29.915,15822,0
20121113,29.814,29.976,29.77,29.823,24838,0
20121114,29.896,29.896,29.605,29.605,9337,0
20121115,29.625,29.633,29.48,29.48,151898,0
20121116,29.597,29.671,29.489,29.651,12515,0
20121119,29.932,30.005,29.886,30.005,22697,0
20121120,30.005,30.052,29.896,30.005,170018,0
20121121,29.986,30.061,29.986,30.061,175716,0
20121123,30.121,30.311,30.121,30.311,18236,0
20121126,30.257,30.284,30.195,30.284,58672,0
20121127,30.231,30.339,30.203,30.249,34350,0
20121128,30.111,30.339,30.033,30.339,28728,0
20121129,30.473,30.51,30.383,30.473,7319,0
20121130,30.364,30.53,30.364,30.473,16793,0
20121203,30.6,30.6,30.419,30.446,25806,0
20121204,30.428,30.473,30.41,30.464,45099,0
20121205,30.456,30.546,30.402,30.51,10946,0
20121206,30.52,30.555,30.446,30.538,15591,0
20121207,30.564,30.582,30.51,30.573,11022,0
20121210,30.546,30.646,30.546,30.629,32623,0
20121211,30.718,30.772,30.672,30.672,3369,0
20121212,30.745,30.862,30.726,30.726,15976,0
20121213,30.68,30.745,30.555,30.629,64173,0
20121214,30.609,30.637,30.573,30.582,15417,0
20121217,30.582,30.718,30.582,30.708,41285,0
20121218,30.792,30.944,30.764,30.944,90812,0
20121219,30.951,30.988,30.881,30.89,39982,0
20121220,30.918,30.979,30.899,30.96,21196,0
20121221,30.852,30.909,30.755,30.862,27503,0
20121224,30.792,30.816,30.735,30.8,18606,0
20121226,31.238,31.247,30.656,30.702,75639,0
20121227,30.612,30.767,30.557,30.729,52999,0
20121228,30.729,30.739,30.566,30.612,31133,0
20121231,30.647,30.903,30.573,30.903,44438,0
20130102,31.23,31.33,31.139,31.33,36715,0
20130103,31.247,31.33,31.169,31.23,28353,0
20130104,31.195,31.33,31.159,31.32,122778,0
20130107,31.238,31.265,31.169,31.23,12825,0
20130108,31.238,31.238,31.139,31.186,55191,0
20130109,31.294,31.294,31.213,31.256,32281,0
20130110,31.404,31.413,31.304,31.404,22713,0
20130111,31.413,31.413,31.35,31.404,29096,0
20130114,31.404,31.404,31.35,31.376,25766,0
20130115,31.35,31.449,31.34,31.449,61867,0
20130116,31.385,31.468,31.376,31.395,16245,0
20130117,31.512,31.583,31.477,31.557,25965,0
20130118,31.557,31.592,31.468,31.592,41126,0
20130122,31.583,31.67,31.565,31.67,30819,0
20130123,31.759,31.759,31.622,31.686,38733,0
20130124,31.803,31.803,31.677,31.732,17524,0
20130125,31.811,31.811,31.732,31.794,74895,0
20130128,31.759,31.784,31.67,31.765,31839,0
20130129,31.765,31.838,31.765,31.838,29799,0
20130130,31.828,31.848,31.741,31.75,42163,0
20130131,31.752,31.795,31.697,31.76,22984,0
20130201,31.867,31.941,31.848,31.922,121291,0
20130204,31.775,31.848,31.65,31.677,108173,0
20130205,31.759,31.848,31.759,31.811,35840,0
20130206,31.803,31.838,31.775,31.803,11018,0
20130207,31.803,31.838,31.65,31.765,60068,0
20130208,31.828,31.896,31.811,31.896,47750,0
20130211,31.838,31.867,31.811,31.857,19286,0
20130212,31.867,31.941,31.848,31.941,16963,0
20130213,31.978,31.995,31.877,31.914,24892,0
20130214,31.922,31.987,31.867,31.941,32854,0
20130215,31.949,31.987,31.857,31.931,69429,0
20130219,31.995,32.075,31.995,32.075,14367,0
20130220,32.049,32.075,31.828,31.838,11142,0
20130221,31.695,31.723,31.602,31.677,51493,0
20130222,31.828,31.867,31.784,31.867,30671,0
20130225,32.014,32.014,31.548,31.565,27894,0
20130226,31.592,31.65,31.512,31.64,150359,0
20130227,31.65,31.959,31.65,31.959,90623,0
20130228,31.786,31.999,31.786,31.898,68121,0
20130301,31.803,31.922,31.705,31.922,66926,0
20130304,31.887,31.949,31.794,31.914,156716,0
20130305,32.163,32.172,32.059,32.172,19746,0
20130306,32.219,32.436,32.134,32.436,99050,0
20130307,32.342,32.342,32.172,32.229,75792,0
20130308,32.176,32.285,32.168,32.252,42591,0
20130311,32.215,32.339,32.215,32.339,80848,0
20130312,32.176,32.31,32.176,32.243,40711,0
20130313,32.224,32.31,32.185,32.302,49028,0
20130314,32.367,32.449,32.357,32.449,23768,0
20130315,32.445,32.445,32.362,32.409,39716,0
20130318,32.205,32.396,32.159,32.302,40725,0
20130319,32.319,32.387,32.14,32.285,16537,0
20130320,32.367,32.396,32.329,32.348,6455,0
20130321,32.285,32.329,32.205,32.205,14710,0
20130322,32.289,32.372,32.272,32.352,12600,0
20130325,32.431,32.431,32.195,32.277,58085,0
20130326,32.339,32.396,32.302,32.367,28208,0
20130327,32.289,32.4,32.247,32.4,9204,0
20130328,32.427,32.511,32.392,32.502,17507,0
20130401,32.449,32.449,32.294,32.357,15594,0
20130402,32.463,32.492,32.372,32.427,24487,0
20130403,32.4,32.463,32.209,32.209,34023,0
20130404,32.305,32.372,32.265,32.372,10006,0
20130405,32.179,32.314,32.087,32.314,44656,0
20130408,32.289,32.445,32.256,32.445,35173,0
20130409,32.427,32.548,32.382,32.463,24272,0
20130410,32.589,32.729,32.539,32.701,20910,0
20130411,32.682,32.873,32.682,32.802,70386,0
20130412,32.756,32.785,32.654,32.765,18951,0
20130415,32.709,32.709,32.314,32.324,39841,0
20130416,32.472,32.589,32.427,32.589,55766,0
20130417,32.427,32.453,32.179,32.247,42349,0
20130418,32.289,32.342,32.096,32.219,30936,0
20130419,32.172,32.372,32.172,32.372,32755,0
20130422,32.362,32.463,32.256,32.436,36685,0
20130423,32.579,32.682,32.555,32.654,38373,0
20130424,32.709,32.785,32.654,32.709,30677,0
20130425,32.812,32.928,32.794,32.839,81399,0
20130426,32.839,32.845,32.738,32.839,40374,0
20130429,32.919,33.03,32.873,32.992,30291,0
20130430,33.034,33.079,32.931,33.079,27496,0
20130501,33.001,33.02,32.854,32.873,16667,0
20130502,32.919,33.059,32.909,33.049,24931,0
20130503,33.222,33.294,33.212,33.239,79126,0
20130506,33.239,33.267,33.202,33.257,48406,0
20130507,33.322,33.358,33.248,33.349,102174,0
20130508,33.304,33.485,33.304,33.485,32101,0
20130509,33.458,33.458,33.349,33.358,19092,0
20130510,33.404,33.404,33.286,33.368,25068,0
20130513,33.368,33.411,33.267,33.378,73652,0
20130514,33.378,33.533,33.378,33.523,22914,0
20130515,33.505,33.633,33.495,33.624,75687,0
20130516,33.577,33.652,33.505,33.551,90106,0
20130517,33.571,33.704,33.571,33.704,52008,0
20130520,33.687,33.779,33.668,33.723,50836,0
20130521,33.723,33.833,33.643,33.779,73365,0
20130522,33.806,33.94,33.439,33.514,91469,0
20130523,33.192,33.378,31.98,33.368,64670,0
20130524,33.248,33.314,33.174,33.286,13745,0
20130528,33.561,33.584,33.342,33.385,39958,0
20130529,33.291,33.291,33.133,33.226,32357,0
20130530,33.174,33.368,33.167,33.304,41279,0
20130531,33.089,33.235,33.004,33.079,11585,0
20130603,32.985,33.03,32.845,33.02,30970,0
20130604,33.099,33.114,32.875,32.96,35671,0
20130605,32.857,32.875,32.599,32.619,55089,0
20130606,32.564,32.767,32.548,32.767,23407,0
20130607,32.901,33.01,32.82,33.01,12634,0
20130610,33.059,33.059,32.956,32.992,39886,0
20130611,32.765,32.901,32.674,32.756,26292,0
20130612,32.937,33.01,32.599,32.609,106061,0
20130613,32.627,33.01,32.599,32.947,36594,0
20130614,32.892,33.01,32.775,32.845,36647,0
20130617,33.085,33.105,32.919,33.01,142921,0
20130618,33.044,33.178,33.044,33.171,37799,0
20130619,33.12,33.183,32.729,32.729,55530,0
20130620,32.427,32.427,32.078,32.106,80402,0
20130621,32.254,32.254,31.939,32.074,19214,0
20130624,31.786,31.925,31.558,31.76,128686,0
20130625,32.022,32.064,31.835,32.004,31190,0
20130626,32.177,32.245,32.141,32.196,19568,0
20130627,32.399,32.501,32.39,32.408,55163,0
20130628,32.467,32.594,32.467,32.507,13034,0
20130701,32.52,32.655,32.52,32.555,26379,0
20130702,32.609,32.674,32.435,32.52,18824,0
20130703,32.481,32.511,32.351,32.511,21819,0
20130705,32.579,32.579,32.408,32.571,30528,0
20130708,32.701,32.776,32.683,32.74,30581,0
20130709,32.995,32.995,32.796,32.904,22059,0
20130710,32.847,32.95,32.84,32.894,22298,0
20130711,33.253,33.338,33.124,33.328,25654,0
20130712,33.31,33.328,33.235,33.319,37811,0
20130715,33.365,33.427,33.338,33.418,93506,0
20130716,33.391,33.446,33.3,33.328,24498,0
20130717,33.427,33.492,33.409,33.465,27626,0
20130718,33.465,33.592,33.456,33.54,38272,0
20130719,33.502,33.612,33.482,33.612,16806,0
20130722,33.612,33.703,33.612,33.696,135127,0
20130723,33.74,33.74,33.622,33.651,154189,0
20130724,33.686,33.686,33.482,33.512,115357,0
20130725,33.465,33.592,33.446,33.592,46426,0
20130726,33.492,33.569,33.375,33.569,17788,0
20130729,33.427,33.512,33.391,33.446,32178,0
20130730,33.465,33.521,33.365,33.456,73041,0
20130731,33.456,33.569,33.418,33.512,22663,0
20130801,33.677,33.75,33.667,33.722,25759,0
20130802,33.713,33.796,33.696,33.796,8745,0
20130805,33.769,33.796,33.696,33.796,13768,0
20130806,33.759,33.759,33.622,33.658,17577,0
20130807,33.549,33.612,33.502,33.569,41065,0
20130808,33.651,33.74,33.577,33.722,118777,0
20130809,33.677,33.74,33.632,33.686,34967,0
20130812,33.559,33.703,33.559,33.632,33056,0
20130813,33.686,33.703,33.559,33.696,28609,0
20130814,33.651,33.677,33.583,33.583,12516,0
20130815,33.355,33.383,33.244,33.3,200758,0
20130816,33.291,33.328,33.162,33.207,16943,0
20130819,33.188,33.188,33.024,33.053,50168,0
20130820,33.071,33.197,33.071,33.152,7821,0
20130821,33.114,33.152,32.931,32.931,14061,0
20130822,33.079,34.028,32.196,33.188,22263,0
20130823,33.273,33.338,33.162,33.338,24923,0
20130826,33.282,33.347,33.178,33.178,30374,0
20130827,33.053,33.062,32.875,32.904,17426,0
20130828,32.822,32.995,32.822,32.931,21861,0
20130829,33.014,33.053,32.95,32.95,34792,0
20130830,33.27,33.27,32.918,32.918,36728,0
20130903,33.044,33.124,32.857,32.931,18916,0
20130904,33.004,33.124,32.931,33.114,12438,0
20130905,33.099,33.152,33.044,33.079,32510,0
20130906,33.226,33.253,33.071,33.152,16189,0
20130909,33.273,33.427,33.226,33.427,164568,0
20130910,33.559,33.592,33.521,33.569,20855,0
20130911,33.577,33.696,33.577,33.696,20463,0
20130912,33.677,33.686,33.577,33.577,24129,0
20130913,33.612,33.677,33.592,33.677,30591,0
20130916,33.989,33.989,33.788,33.833,35773,0
20130917,33.816,33.916,33.816,33.898,20248,0
20130918,33.889,34.395,33.842,34.366,31191,0
20130919,34.421,34.421,34.248,34.267,47533,0
20130920,34.329,34.329,34.127,34.157,18794,0
20130923,34.089,34.098,33.989,34.046,21321,0
20130924,34.046,34.165,33.999,34.028,17917,0
20130925,34.018,34.127,34.018,34.046,19655,0
20130926,34.117,34.127,34.028,34.063,25931,0
20130927,33.971,34.055,33.961,33.999,6170,0
20130930,33.941,34.08,33.941,34.046,13510,0
20131001,33.881,34.108,33.881,34.055,15757,0
20131002,33.961,34.09,33.941,34.08,12755,0
20131003,34.055,34.055,33.823,33.925,135675,0
20131004,34.01,34.063,33.961,34.055,31777,0
20131007,33.851,33.961,33.851,33.907,59235,0
20131008,33.861,33.889,33.575,33.611,30106,0
20131009,33.675,33.695,33.51,33.641,16736,0
20131010,33.851,34.072,33.851,34.072,29818,0
20131011,34.072,34.22,34.072,34.193,32181,0
20131014,34.109,34.331,34.046,34.331,20577,0
20131015,34.21,34.249,34.118,34.148,24872,0
20131016,34.258,34.433,34.23,34.433,62555,0
20131017,34.469,34.644,34.452,34.607,35612,0
20131018,34.702,34.812,34.702,34.812,15897,0
20131021,34.812,34.83,34.756,34.783,27067,0
20131022,34.93,35.042,34.894,34.97,64147,0
20131023,34.884,34.884,34.783,34.812,38356,0
20131024,34.869,34.94,34.849,34.93,22365,0
20131025,34.95,34.98,34.884,34.98,54056,0
20131028,34.98,35.025,34.93,34.998,25154,0
20131029,35.025,35.088,35.025,35.079,18479,0
20131030,35.135,35.135,34.901,34.97,15752,0
20131031,34.97,35.016,34.84,34.876,28483,0
20131101,34.869,34.93,34.721,34.822,19026,0
20131104,34.92,34.97,34.869,34.97,8943,0
20131105,34.83,34.876,34.756,34.83,14085,0
20131106,34.998,34.998,34.894,34.94,12278,0
20131107,34.97,34.97,34.616,34.635,14518,0
20131108,34.581,34.802,34.563,34.765,19305,0
20131111,34.812,34.859,34.748,34.859,83278,0
20131112,34.731,34.812,34.702,34.812,19056,0
20131113,34.702,34.94,34.702,34.901,32856,0
20131114,34.98,35.088,34.92,35.088,162428,0
20131115,35.161,35.228,35.135,35.228,22509,0
20131118,35.32,35.32,35.127,35.18,143286,0
20131119,35.144,35.199,35.033,35.069,39523,0
20131120,35.127,35.17,34.894,34.93,22203,0
20131121,35.007,35.153,35.007,35.144,27785,0
20131122,35.127,35.265,35.127,35.265,22336,0
20131125,35.282,35.282,35.199,35.219,27588,0
20131126,35.219,35.282,35.199,35.246,14434,0
20131127,35.292,35.411,35.236,35.301,304231,0
20131129,35.355,35.374,35.31,35.31,11563,0
20131202,35.246,35.292,35.153,35.153,22083,0
20131203,35.098,35.153,35.016,35.069,27456,0
20131204,34.876,35.052,34.849,34.998,30791,0
20131205,34.91,34.989,34.876,34.901,56004,0
20131206,35.088,35.18,35.079,35.161,34557,0
20131209,35.161,35.228,35.161,35.18,26033,0
20131210,35.265,35.265,35.117,35.17,17460,0
20131211,35.17,35.189,34.84,34.869,18900,0
20131212,34.793,34.822,34.721,34.783,108492,0
20131213,34.84,34.84,34.731,34.783,112406,0
20131216,34.894,35.007,34.894,34.94,12232,0
20131217,34.901,34.94,34.812,34.901,30263,0
20131218,34.96,35.228,34.822,35.228,121974,0
20131219,35.135,35.17,35.079,35.161,46511,0
20131220,35.246,35.32,35.209,35.32,50978,0
20131223,35.439,35.495,35.419,35.477,24336,0
20131224,35.505,35.524,35.467,35.515,29928,0
20131226,35.699,35.699,35.542,35.577,67849,0
20131227,35.687,35.687,35.611,35.657,31857,0
20131230,35.677,35.695,35.629,35.687,27395,0
20131231,35.74,35.787,35.687,35.74,37281,0
20140102,35.62,35.62,35.444,35.472,37942,0
20140103,35.537,35.574,35.481,35.51,33139,0
20140106,35.582,35.582,35.406,35.434,45356,0
20140107,35.555,35.649,35.555,35.649,73591,0
20140108,35.564,35.611,35.51,35.555,19973,0
20140109,35.649,35.649,35.481,35.528,51733,0
20140110,35.74,35.76,35.591,35.76,28773,0
20140113,35.75,35.76,35.472,35.51,52005,0
20140114,35.601,35.731,35.555,35.731,24896,0
20140115,35.861,35.861,35.731,35.824,33900,0
20140116,35.75,35.824,35.731,35.797,47643,0
20140117,35.74,35.816,35.695,35.76,33332,0
20140121,35.899,35.899,35.695,35.824,31619,0
20140122,35.787,35.861,35.787,35.843,39360,0
20140123,35.74,35.74,35.582,35.667,19902,0
20140124,35.528,35.528,35.137,35.137,35753,0
20140127,35.12,35.192,34.912,34.972,190496,0
20140128,35.137,35.202,35,35.164,34513,0
20140129,35.009,35.081,34.903,34.942,25444,0
20140130,35.155,35.23,35.072,35.183,8906,0
20140131,34.903,35.146,34.813,34.981,16450,0
20140203,34.99,35.164,34.451,34.507,58593,0
20140204,34.6,34.722,34.572,34.654,33283,0
20140205,34.517,34.692,34.478,34.654,358375,0
20140206,34.803,34.972,34.794,34.962,24960,0
20140207,35.054,35.24,35.009,35.24,21770,0
20140210,35.24,35.24,35.173,35.24,31319,0
20140211,35.305,35.555,35.286,35.52,179083,0
20140212,35.564,35.611,35.472,35.528,124842,0
20140213,35.389,35.687,35.332,35.677,23804,0
20140214,35.677,35.816,35.601,35.787,40367,0
20140218,35.871,35.899,35.797,35.89,29896,0
20140219,35.881,35.955,35.704,35.713,14557,0
20140220,35.74,35.852,35.677,35.852,37993,0
20140221,35.824,35.945,35.824,35.834,88147,0
20140224,35.926,36.13,35.926,35.973,55609,0
20140225,36.029,36.065,35.917,35.935,87062,0
20140226,35.955,36.065,35.917,36.011,31723,0
20140227,35.973,36.14,35.973,36.14,21201,0
20140228,36.085,36.279,36.085,36.14,17934,0
20140303,35.807,35.993,35.807,35.945,16082,0
20140304,36.345,36.363,36.243,36.336,50765,0
20140305,36.243,36.345,36.243,36.317,102357,0
20140306,36.355,36.446,36.355,36.391,35253,0
20140307,36.271,36.345,36.207,36.327,38011,0
20140310,36.307,36.307,36.13,36.243,26727,0
20140311,36.197,36.279,36.048,36.085,23002,0
20140312,35.917,36.13,35.917,36.13,36564,0
20140313,36.13,36.149,35.74,35.797,27394,0
20140314,35.713,35.908,35.713,35.807,33090,0
20140317,36.048,36.075,35.955,36.075,11453,0
20140318,36.092,36.233,36.058,36.233,28294,0
20140319,36.207,36.207,35.852,35.964,49453,0
20140320,35.861,36.029,35.787,36.029,38629,0
20140321,36.159,36.225,36.002,36.011,61059,0
20140324,36.075,36.121,35.834,35.983,20485,0
20140325,36.085,36.13,35.993,36.101,18470,0
20140326,36.225,36.251,35.955,35.955,24881,0
20140327,36.011,36.058,35.935,36.011,37144,0
20140328,36.13,36.243,36.075,36.121,30803,0
20140331,36.297,36.363,36.243,36.336,36893,0
20140401,36.455,36.512,36.372,36.512,60123,0
20140402,36.66,36.66,36.456,36.56,20937,0
20140403,36.698,36.698,36.399,36.503,21731,0
20140404,36.688,36.688,36.279,36.279,14919,0
20140407,36.307,36.317,36.057,36.12,38872,0
20140408,36.13,36.243,36.038,36.243,41616,0
20140409,36.327,36.485,36.207,36.485,40597,0
20140410,36.408,36.427,36.001,36.038,17915,0
20140411,35.954,36.057,35.832,35.869,38410,0
20140414,35.963,36.047,35.805,36.001,55764,0
20140415,36.074,36.074,35.73,36.057,34368,0
20140416,36.233,36.307,36.13,36.307,44316,0
20140417,36.317,36.391,36.261,36.363,68610,0
20140421,36.408,36.408,36.307,36.399,24859,0
20140422,36.466,36.541,36.399,36.513,30309,0
20140423,36.427,36.476,36.399,36.418,10356,0
20140424,36.615,36.615,36.345,36.466,42967,0
20140425,36.391,36.391,36.233,36.233,28193,0
20140428,36.288,36.391,36.1,36.297,41547,0
20140429,36.418,36.476,36.363,36.437,22419,0
20140430,36.437,36.521,36.355,36.513,36517,0
20140501,36.568,36.625,36.476,36.587,16570,0
20140502,36.568,36.65,36.551,36.596,26925,0
20140505,36.495,36.596,36.418,36.596,28750,0
20140506,36.56,36.56,36.408,36.437,24497,0
20140507,36.466,36.568,36.317,36.568,20493,0
20140508,36.596,36.708,36.485,36.531,25788,0
20140509,36.476,36.568,36.408,36.568,26300,0
20140512,36.66,36.801,36.606,36.783,40945,0
20140513,36.765,36.849,36.765,36.801,28140,0
20140514,36.849,36.849,36.698,36.736,25397,0
20140515,36.633,36.633,36.427,36.578,27806,0
20140516,36.625,36.679,36.541,36.67,35562,0
20140519,36.65,36.765,36.65,36.765,44708,0
20140520,36.65,36.717,36.503,36.587,44451,0
20140521,36.688,36.736,36.615,36.717,28451,0
20140522,36.717,36.83,36.717,36.801,26482,0
20140523,36.931,36.931,36.82,36.912,35039,0
20140527,37.035,37.062,36.977,37.053,21168,0
20140528,37.035,37.082,36.968,37.006,18105,0
20140529,37.191,37.191,37.044,37.146,34580,0
20140530,37.146,37.146,37.062,37.146,18190,0
20140602,37.082,37.201,37.044,37.146,19713,0
20140603,37.082,37.109,36.977,37.099,48195,0
20140604,36.996,37.129,36.996,37.129,125812,0
20140605,37.139,37.361,37.082,37.351,41400,0
20140606,37.481,37.51,37.443,37.491,54875,0
20140609,37.501,37.555,37.451,37.518,29926,0
20140610,37.51,37.51,37.381,37.471,30803,0
20140611,37.388,37.417,37.342,37.342,23830,0
20140612,37.398,37.398,37.219,37.266,24927,0
20140613,37.237,37.351,37.219,37.266,25719,0
20140616,37.426,37.426,37.257,37.342,42535,0
20140617,37.324,37.398,37.314,37.351,21694,0
20140618,37.361,37.593,37.342,37.574,13660,0
20140619,37.751,37.751,37.546,37.632,33135,0
20140620,37.632,37.798,37.602,37.669,13322,0
20140623,37.696,37.721,37.593,37.641,23965,0
20140624,39.122,39.122,37.471,37.471,19511,0
20140625,37.51,37.622,37.491,37.622,29461,0
20140626,37.641,37.641,37.471,37.602,56184,0
20140627,37.593,37.687,37.546,37.687,40952,0
20140630,37.687,37.714,37.632,37.706,24801,0
20140701,37.873,37.948,37.759,37.899,22363,0
20140702,37.897,37.897,37.795,37.795,33759,0
20140703,37.804,37.956,37.804,37.907,21054,0
20140707,38.02,38.02,37.766,37.814,33054,0
20140708,37.795,37.795,37.579,37.646,45320,0
20140709,37.718,37.757,37.636,37.737,37033,0
20140710,37.475,37.636,37.383,37.588,31090,0
20140711,37.597,37.627,37.522,37.607,26656,0
20140714,37.814,37.814,37.702,37.702,28169,0
20140715,37.785,37.785,37.569,37.665,28444,0
20140716,37.747,37.804,37.674,37.747,37138,0
20140717,37.607,37.718,37.447,37.447,35485,0
20140718,37.541,37.718,37.495,37.718,17449,0
20140721,37.674,37.674,37.569,37.607,45099,0
20140722,37.795,37.833,37.776,37.814,15570,0
20140723,38.001,38.001,37.814,37.843,40446,0
20140724,38.056,38.056,37.804,37.843,28599,0
20140725,37.823,37.823,37.692,37.737,23787,0
20140728,37.776,37.776,37.617,37.747,125530,0
20140729,37.936,37.936,37.665,37.665,28543,0
20140730,37.776,37.776,37.531,37.617,33579,0
20140731,37.308,37.428,37.073,37.073,36803,0
20140801,37.092,37.175,36.968,37.092,40707,0
20140804,37.268,37.268,37.025,37.259,20913,0
20140805,37.166,37.166,36.977,37.035,33997,0
20140806,36.996,37.083,36.931,37.006,62344,0
20140807,37.147,37.221,36.848,36.902,36028,0
20140808,36.986,37.14,36.885,37.14,30827,0
20140811,37.259,37.327,37.221,37.249,64417,0
20140812,37.239,37.259,37.14,37.203,64802,0
20140813,37.308,37.411,37.278,37.401,13923,0
20140814,37.447,37.485,37.428,37.465,18976,0
20140815,37.597,37.617,37.344,37.512,20894,0
20140818,37.551,37.71,37.551,37.692,60895,0
20140819,37.814,37.823,37.757,37.823,22769,0
20140820,37.776,37.833,37.737,37.804,19821,0
20140821,37.88,37.907,37.804,37.88,19149,0
20140822,37.823,37.861,37.737,37.776,23605,0
20140825,37.88,37.966,37.88,37.888,44421,0
20140826,38.001,38.03,37.966,37.992,44923,0
20140827,37.992,38.03,37.984,38.02,13153,0
20140828,37.897,37.975,37.888,37.936,17250,0
20140829,37.992,38.02,37.907,38.02,32201,0
20140902,38.105,38.105,37.936,38.01,29597,0
20140903,38.151,38.18,38.02,38.03,37907,0
20140904,38.124,38.141,37.897,37.897,85524,0
20140905,37.907,38.066,37.907,38.066,22588,0
20140908,38.048,38.048,37.88,37.936,25031,0
20140909,38.03,38.03,37.71,37.747,62156,0
20140910,37.785,37.795,37.627,37.795,39831,0
20140911,37.71,37.776,37.636,37.776,53550,0
20140912,37.656,37.684,37.512,37.579,24506,0
20140915,37.541,37.636,37.455,37.495,26325,0
20140916,37.465,37.727,37.421,37.684,35845,0
20140917,37.684,37.776,37.627,37.674,33567,0
20140918,37.327,37.861,37.327,37.737,39482,0
20140919,37.852,37.852,37.646,37.684,64236,0
20140922,37.579,37.579,37.428,37.475,27936,0
20140923,37.344,37.455,37.278,37.308,23831,0
20140924,37.288,37.428,37.23,37.421,42442,0
20140925,37.308,37.327,37.063,37.11,38890,0
20140926,37.14,37.278,37.092,37.249,18476,0
20140929,37.035,37.166,37.006,37.1,26937,0
20140930,37.083,37.203,37.006,37.063,60622,0
20141001,37.268,37.268,36.734,36.763,50999,0
20141002,36.777,36.844,36.532,36.796,39532,0
20141003,36.89,36.983,36.835,36.965,47679,0
20141006,37.042,37.107,36.907,36.983,28130,0
20141007,36.917,36.917,36.635,36.652,36724,0
20141008,36.711,37.098,36.58,37.098,28141,0
20141009,37.013,37.013,36.552,36.57,29138,0
20141010,36.57,36.598,36.259,36.259,27163,0
20141013,36.325,36.417,36.079,36.079,93836,0
20141014,36.173,36.417,36.116,36.212,68753,0
20141015,35.966,36.126,35.646,36.096,64441,0
20141016,35.665,36.145,35.665,36.043,15721,0
20141017,36.335,36.446,36.23,36.362,44162,0
20141020,36.296,36.57,36.269,36.57,54906,0
20141021,36.711,36.946,36.711,36.946,72650,0
20141022,36.955,37.013,36.768,36.768,67407,0
20141023,36.983,37.107,36.907,36.983,76164,0
20141024,37.032,37.137,36.965,37.137,41056,0
20141027,36.993,37.089,36.946,37.051,28269,0
20141028,37.229,37.419,37.172,37.419,25656,0
20141029,37.484,37.504,37.237,37.333,69506,0
20141030,37.325,37.568,37.296,37.521,45935,0
20141031,37.947,37.947,37.674,37.823,45085,0
20141103,37.833,37.833,37.727,37.727,70801,0
20141104,37.702,37.727,37.578,37.692,57930,0
20141105,37.718,37.785,37.674,37.757,39428,0
20141106,37.747,37.766,37.674,37.757,46051,0
20141107,37.766,37.823,37.692,37.823,33792,0
20141110,37.898,37.908,37.814,37.888,39050,0
20141111,37.888,37.918,37.852,37.918,35328,0
20141112,37.843,37.888,37.833,37.88,46541,0
20141113,38.002,38.002,37.795,37.88,46768,0
20141114,37.918,37.918,37.804,37.888,61489,0
20141117,37.852,37.861,37.766,37.804,57879,0
20141118,37.976,38.031,37.888,37.967,42532,0
20141119,37.918,37.957,37.795,37.871,103637,0
20141120,37.852,37.947,37.823,37.937,75537,0
20141121,38.284,38.284,38.077,38.162,91156,0
20141124,38.24,38.258,38.192,38.231,99068,0
20141125,38.293,38.323,38.212,38.274,164891,0
20141126,38.293,38.38,38.293,38.361,285933,0
20141128,38.313,38.38,38.231,38.24,5548,0
20141201,38.125,38.221,37.993,37.993,105503,0
20141202,38.002,38.133,38.002,38.115,58738,0
20141203,38.067,38.24,38.067,38.202,59351,0
20141204,38.202,38.24,38.087,38.162,108893,0
20141205,38.133,38.221,38.133,38.192,77839,0
20141208,38.106,38.192,37.957,38.002,186909,0
20141209,37.718,38.021,37.71,38.021,106778,0
20141210,37.918,37.918,37.606,37.606,164598,0
20141211,37.737,37.947,37.645,37.674,267128,0
20141212,37.494,37.596,37.325,37.343,143150,0
20141215,37.409,37.409,36.993,37.051,44448,0
20141216,37.051,37.372,36.955,36.974,729857,0
20141217,37.013,37.511,37.013,37.446,83289,0
20141218,37.785,37.908,37.692,37.908,214283,0
20141219,38.049,38.125,37.852,38.077,31690,0
20141222,38.097,38.212,37.976,38.212,1394820,0
20141223,38.192,38.293,38.162,38.212,207818,0
20141224,38.258,38.266,38.212,38.25,144752,0
20141226,38.362,38.417,38.314,38.362,135817,0
20141229,38.362,38.39,38.285,38.343,46878,0
20141230,38.25,38.333,38.192,38.241,216667,0
20141231,38.294,38.381,37.992,38.039,181770,0
20150102,38.192,38.192,37.812,38.02,79107,0
20150105,37.745,37.841,37.49,37.566,69879,0
20150106,37.623,37.69,37.271,37.347,72485,0
20150107,37.47,37.681,37.433,37.681,70392,0
20150108,37.975,38.067,37.878,38.039,78290,0
20150109,38.01,38.182,37.812,37.887,51991,0
20150112,37.85,37.936,37.716,37.793,40849,0
20150113,38.049,38.133,37.642,37.802,32152,0
20150114,37.633,37.735,37.48,37.69,118665,0
20150115,37.793,37.926,37.633,37.633,36461,0
20150116,37.613,37.907,37.594,37.907,81951,0
20150120,38.001,38.097,37.764,37.936,200529,0
20150121,37.917,38.115,37.897,38.039,64759,0
20150122,38.153,38.417,38.03,38.408,804139,0
20150123,38.324,38.417,38.304,38.314,138208,0
20150126,38.427,38.487,38.25,38.487,206116,0
20150127,38.232,38.381,38.192,38.294,74248,0
20150128,38.343,38.381,37.984,38.001,298191,0
20150129,38.02,38.222,37.887,38.222,117498,0
20150130,38.067,38.133,37.841,37.869,56006,0
20150202,37.917,38.087,37.774,38.087,181850,0
20150203,38.115,38.39,37.966,38.285,205750,0
20150204,38.049,38.294,38.049,38.172,97945,0
20150205,38.304,38.437,38.275,38.408,87685,0
20150206,38.362,38.617,38.087,38.106,96985,0
20150209,38.153,38.153,37.992,37.992,76958,0
20150210,38.077,38.241,38.049,38.241,59022,0
20150211,38.133,38.333,38.03,38.182,66888,0
20150212,38.343,38.477,38.275,38.467,61900,0
20150213,38.285,38.607,38.285,38.599,87371,0
20150217,38.457,38.617,38.457,38.599,32526,0
20150218,38.533,38.713,38.506,38.713,26914,0
20150219,38.626,38.742,38.607,38.684,46384,0
20150220,38.515,38.881,38.381,38.881,74868,0
20150223,38.881,38.881,38.733,38.863,30890,0
20150224,38.959,39.036,38.808,38.969,91576,0
20150225,39.065,39.074,38.95,38.988,50453,0
20150226,39.056,39.224,38.881,38.931,137206,0
20150227,38.969,39.166,38.901,38.978,47838,0
20150302,39.166,39.166,38.891,38.891,85428,0
20150303,38.997,38.997,38.771,38.863,236249,0
20150304,38.79,38.828,38.58,38.751,54317,0
20150305,38.818,38.846,38.684,38.761,88594,0
20150306,38.751,38.751,38.333,38.399,40394,0
20150309,38.447,38.497,38.362,38.477,85113,0
20150310,38.304,38.314,38.01,38.057,67710,0
20150311,38.115,38.153,38.039,38.125,98508,0
20150312,38.352,38.39,38.267,38.39,197121,0
20150313,38.222,38.372,38.097,38.192,67080,0
20150316,38.447,38.533,38.399,38.533,63389,0
20150317,38.457,38.506,38.372,38.497,72876,0
20150318,38.533,39.056,38.417,38.997,43348,0
20150319,38.969,38.969,38.665,38.771,67395,0
20150320,38.969,39.186,38.969,39.112,26473,0
20150323,39.016,39.357,39.016,39.214,98930,0
20150324,39.206,39.283,39.156,39.156,31324,0
20150325,39.312,39.312,38.873,38.881,40500,0
20150326,38.838,38.838,38.59,38.694,61383,0
20150327,38.59,38.799,38.59,38.78,73618,0
20150330,38.94,40.078,38.855,38.978,109373,0
20150331,38.95,38.95,38.703,38.703,52299,0
20150401,38.742,38.931,38.694,38.846,72986,0
20150402,38.905,39.02,38.905,38.982,60641,0
20150406,38.944,39.297,38.783,39.209,320130,0
20150407,39.307,39.307,39.107,39.181,88433,0
20150408,39.143,39.335,39.143,39.191,40568,0
20150409,39.287,39.317,39.161,39.317,86893,0
20150410,39.392,39.447,39.268,39.421,50448,0
20150413,39.554,39.554,39.278,39.287,91962,0
20150414,39.354,39.457,39.317,39.392,33212,0
20150415,39.573,39.602,39.382,39.486,73137,0
20150416,39.457,39.639,39.402,39.524,65800,0
20150417,39.392,39.447,39.181,39.297,69260,0
20150420,39.447,39.467,39.354,39.411,59360,0
20150421,39.486,39.582,39.411,39.467,118979,0
20150422,39.573,39.573,39.392,39.457,90614,0
20150423,39.447,39.679,39.421,39.649,85130,0
20150424,39.524,39.761,39.524,39.649,51101,0
20150427,39.8,39.86,39.696,39.696,43301,0
20150428,39.696,39.751,39.592,39.715,65454,0
20150429,39.669,39.669,39.421,39.534,56648,0
20150430,39.429,39.438,39.191,39.209,45297,0
20150501,39.363,39.429,39.268,39.429,37520,0
20150504,39.544,39.592,39.421,39.477,60118,0
20150505,39.486,39.486,39.117,39.171,44563,0
20150506,39.278,39.278,38.925,38.982,38585,0
20150507,39.07,39.125,38.944,39.125,39799,0
20150508,39.514,39.582,39.297,39.544,59696,0
20150511,39.486,39.544,39.258,39.326,71154,0
20150512,39.239,39.326,39.098,39.287,75025,0
20150513,39.372,39.495,39.278,39.335,40834,0
20150514,39.563,39.629,39.457,39.629,53180,0
20150515,39.563,39.742,39.563,39.669,64364,0
20150518,39.723,39.723,39.573,39.696,73885,0
20150519,39.582,39.659,39.534,39.592,51394,0
20150520,39.705,39.705,39.534,39.611,41043,0
20150521,39.679,39.751,39.524,39.723,50448,0
20150522,39.771,39.781,39.592,39.659,57385,0
20150526,39.659,39.659,39.248,39.354,65408,0
20150527,39.534,39.602,39.335,39.602,51288,0
20150528,39.495,39.504,39.307,39.504,79496,0
20150529,39.402,39.524,39.209,39.335,50342,0
20150601,39.248,39.335,39.171,39.287,50089,0
20150602,39.191,39.335,39.152,39.239,68508,0
20150603,39.171,39.372,39.171,39.239,73569,0
20150604,39.229,39.326,39.01,39.098,83344,0
20150605,38.963,38.973,38.736,38.858,78719,0
20150608,38.895,38.895,38.736,38.803,39938,0
20150609,38.764,38.764,38.593,38.677,52830,0
20150610,38.745,39.05,38.745,38.982,94851,0
20150611,39.229,39.229,38.991,39.117,39866,0
20150612,38.905,39.06,38.895,38.973,37100,0
20150615,38.638,38.85,38.638,38.764,224491,0
20150616,38.812,38.963,38.745,38.925,69154,0
20150617,38.841,39.03,38.697,38.905,132530,0
20150618,39.107,39.209,39.02,39.171,125384,0
20150619,39.239,39.239,39.089,39.089,35419,0
20150622,39.354,39.392,39.297,39.317,60536,0
20150623,39.317,39.382,39.287,39.382,85194,0
20150624,39.363,39.363,39.152,39.181,46350,0
20150625,39.152,39.219,39.107,39.135,68629,0
20150626,39.161,39.161,38.991,39.07,75041,0
20150629,38.677,38.793,38.479,38.489,161431,0
20150630,38.783,38.841,38.536,38.574,176092,0
20150701,38.944,38.954,38.555,38.716,143356,0
20150702,38.803,38.823,38.667,38.755,107896,0
20150706,38.755,38.755,38.371,38.516,82354,0
20150707,38.592,38.592,38.13,38.477,50039,0
20150708,38.371,38.477,38.015,38.015,57543,0
20150709,38.408,38.487,38.209,38.229,60880,0
20150710,38.582,38.658,38.516,38.648,42429,0
20150713,39.511,39.511,38.755,38.86,54521,0
20150714,40.808,40.808,38.833,38.965,55417,0
20150715,38.965,39.073,38.86,38.869,40266,0
20150716,39.073,39.155,39.033,39.147,41699,0
20150717,39.214,39.214,39.003,39.073,65257,0
20150720,39.102,39.175,39.013,39.111,25748,0
20150721,39.023,39.111,38.975,39.082,62339,0
20150722,38.946,38.994,38.878,38.907,29295,0
20150723,38.956,39.023,38.833,38.851,68281,0
20150724,38.803,38.897,38.554,38.648,45347,0
20150727,38.516,38.516,38.371,38.487,33881,0
20150728,38.628,38.697,38.417,38.687,50247,0
20150729,38.726,38.851,38.687,38.794,45659,0
20150730,38.803,38.833,38.601,38.833,30334,0
20150731,38.994,39.063,38.86,38.946,24288,0
20150803,38.917,38.937,38.755,38.842,17924,0
20150804,38.86,38.927,38.755,38.833,50872,0
20150805,38.927,38.975,38.803,38.897,44617,0
20150806,38.917,38.917,38.658,38.706,35846,0
20150807,38.601,38.716,38.563,38.638,36171,0
20150810,38.765,38.965,38.736,38.965,48682,0
20150811,38.677,38.794,38.592,38.697,45191,0
20150812,38.628,38.628,38.332,38.601,50664,0
20150813,38.592,38.706,38.535,38.638,701261,0
20150814,38.554,38.677,38.506,38.658,76099,0
20150817,38.658,38.726,38.457,38.726,48266,0
20150818,38.726,38.726,38.526,38.601,67134,0
20150819,38.371,38.545,38.265,38.437,43887,0
20150820,38.274,38.274,37.91,37.92,33671,0
20150821,37.727,37.89,37.248,37.248,126451,0
20150824,36.539,36.922,25.612,36.423,333630,0
20150825,37.143,37.412,36.251,36.385,109771,0
20150826,36.807,36.942,36.413,36.912,186287,0
20150827,37.307,37.479,37.095,37.449,200150,0
20150828,37.412,37.479,37.344,37.469,119152,0
20150831,37.383,37.412,37.2,37.297,97053,0
20150901,36.711,37.067,36.452,36.559,144797,0
20150902,36.932,36.932,36.635,36.864,100701,0
20150903,37.115,37.2,36.932,37.057,281986,0
20150904,36.751,36.751,36.501,36.615,39718,0
20150908,37.21,37.21,36.912,37.135,180136,0
20150909,37.402,37.402,36.932,37.009,56710,0
20150910,36.846,37.151,36.846,37.038,99777,0
20150911,37.047,37.125,36.922,37.095,37320,0
20150914,37.229,37.229,36.969,37.018,64007,0
20150915,37.077,37.22,36.96,37.21,98722,0
20150916,37.267,37.459,37.238,37.449,167524,0
20150917,37.499,37.785,37.374,37.575,291204,0
20150918,37.287,37.364,37.105,37.151,70575,0
20150921,37.21,37.258,37.018,37.143,44721,0
20150922,36.741,36.855,36.615,36.779,142817,0
20150923,36.761,36.788,36.587,36.662,75053,0
20150924,36.606,36.643,36.404,36.643,74097,0
20150925,36.893,36.893,36.559,36.635,63486,0
20150928,36.549,36.549,36.164,36.242,51766,0
20150929,36.194,36.251,36.068,36.232,117695,0
20150930,36.375,36.606,36.347,36.606,248001,0
20151001,36.701,36.837,36.452,36.672,270936,0
20151002,36.451,37.068,36.451,37.068,51114,0
20151005,37.337,37.452,37.144,37.452,366498,0
20151006,37.356,37.482,37.356,37.433,72101,0
20151007,37.655,37.721,37.502,37.693,130898,0
20151008,37.655,37.894,37.578,37.894,129345,0
20151009,37.944,37.983,37.789,37.924,109295,0
20151012,37.924,37.964,37.856,37.964,114718,0
20151013,37.809,37.875,37.693,37.731,104619,0
20151014,37.77,37.819,37.674,37.684,55998,0
20151015,37.809,38.058,37.789,38.058,39999,0
20151016,38.126,38.126,37.983,38.078,130072,0
20151019,38.001,38.078,37.944,38.078,52617,0
20151020,37.964,38.05,37.904,37.992,257963,0
20151021,38.144,38.144,37.924,37.934,36260,0
20151022,38.02,38.309,38.02,38.261,82178,0
20151023,38.463,38.483,38.338,38.453,220458,0
20151026,38.414,38.414,38.348,38.377,57867,0
20151027,38.289,38.309,38.174,38.27,155526,0
20151028,38.253,38.493,38.164,38.405,50285,0
20151029,38.299,38.309,38.164,38.234,47167,0
20151030,38.214,38.338,38.154,38.154,147631,0
20151102,38.164,38.453,38.164,38.453,149025,0
20151103,38.261,38.551,38.261,38.503,108793,0
20151104,38.522,38.541,38.289,38.338,227599,0
20151105,38.28,38.433,38.234,38.328,92048,0
20151106,38.27,38.27,38.03,38.164,154592,0
20151109,37.983,38.02,37.799,37.954,232348,0
20151110,37.809,37.973,37.789,37.944,314170,0
20151111,38.154,38.154,37.954,37.973,185447,0
20151112,37.884,37.934,37.703,37.703,238223,0
20151113,37.626,37.684,37.502,37.528,175577,0
20151116,37.538,37.828,37.528,37.809,232094,0
20151117,37.934,37.934,37.789,37.828,389698,0
20151118,37.992,38.116,37.847,38.116,168304,0
20151119,38.058,38.234,38.058,38.204,342947,0
20151120,38.194,38.319,38.174,38.174,117190,0
20151123,38.154,38.243,38.088,38.164,340453,0
20151124,38.03,38.224,38.001,38.174,277701,0
20151125,38.243,38.243,38.126,38.204,417023,0
20151127,38.144,38.224,38.107,38.174,420035,0
20151130,38.253,38.253,38.098,38.154,403412,0
20151201,38.299,38.433,38.253,38.405,442105,0
20151202,38.453,38.453,38.144,38.184,705282,0
20151203,38.319,38.319,37.741,37.847,268367,0
20151204,37.924,38.214,37.875,38.204,451307,0
20151207,38.164,38.204,37.934,38.068,891910,0
20151208,37.856,37.884,37.703,37.838,733459,0
20151209,37.76,37.934,37.587,37.665,3490867,0
20151210,37.819,37.819,37.645,37.665,536705,0
20151211,37.394,37.492,37.25,37.279,869678,0
20151214,37.452,37.452,37.088,37.337,1056944,0
20151215,37.443,37.558,37.385,37.452,707607,0
20151216,37.693,37.866,37.519,37.789,747604,0
20151217,37.809,37.964,37.528,37.528,626156,0
20151218,37.578,37.635,37.26,37.299,1046191,0
20151221,37.433,37.482,37.269,37.366,757476,0
20151222,37.578,37.606,37.385,37.578,462969,0
20151223,37.713,37.866,37.645,37.856,952999,0
20151224,37.626,37.914,37.626,37.847,458695,0
20151228,37.837,37.837,37.663,37.798,972900,0
20151229,37.944,38.01,37.904,37.973,943363,0
20151230,37.884,37.884,37.788,37.818,383527,0
20151231,37.808,37.808,37.595,37.624,334903,0
20160104,37.256,37.411,37.024,37.228,1192012,0
20160105,37.275,37.344,37.101,37.256,369550,0
20160106,36.879,37.045,36.85,36.975,86577,0
20160107,36.569,36.724,36.443,36.493,364080,0
20160108,36.637,36.637,36.202,36.202,337351,0
20160111,36.338,36.463,36.018,36.211,1176190,0
20160112,36.375,36.433,36.172,36.357,116788,0
20160113,36.52,36.52,35.92,35.969,127614,0
20160114,36.018,36.308,35.823,36.211,665048,0
20160115,35.611,35.795,35.436,35.598,621202,0
20160119,35.901,35.901,35.515,35.717,1596891,0
20160120,35.359,35.495,34.953,35.379,214632,0
20160121,35.485,35.659,35.251,35.436,678629,0
20160122,35.775,35.969,35.775,35.95,577980,0
20160125,35.94,35.94,35.659,35.679,748981,0
20160126,35.834,36.037,35.747,35.979,434540,0
20160127,35.892,36.144,35.727,35.815,93588,0
20160128,36.057,36.091,35.805,35.959,317731,0
20160129,36.104,36.463,36.104,36.443,937515,0
20160201,36.375,36.502,36.26,36.443,585966,0
20160202,36.23,36.23,35.95,35.998,101386,0
20160203,36.124,36.166,35.795,36.162,146971,0
20160204,36.143,36.347,36.094,36.24,99087,0
20160205,36.152,36.162,35.767,35.862,124927,0
20160208,35.505,35.658,35.331,35.563,210724,0
20160209,35.234,35.591,35.224,35.485,97911,0
20160210,35.64,35.722,35.446,35.476,53913,0
20160211,35.069,35.298,35.017,35.234,65351,0
20160212,35.389,35.534,35.234,35.534,231698,0
20160216,35.834,35.911,35.688,35.911,52699,0
20160217,36.037,36.288,36.033,36.279,190816,0
20160218,36.365,36.365,36.192,36.202,334333,0
20160219,36.104,36.24,35.95,36.182,288116,0
20160222,36.463,36.52,36.443,36.511,780271,0
20160223,36.395,36.395,36.177,36.211,318660,0
20160224,35.969,36.279,35.892,36.26,338121,0
20160225,36.357,36.511,36.26,36.511,285682,0
20160226,36.724,36.724,36.413,36.443,199794,0
20160229,36.404,36.568,36.328,36.365,200897,0
20160301,36.618,36.869,36.483,36.841,47443,0
20160302,36.898,37.015,36.772,37.005,47087,0
20160303,37.053,37.214,36.965,37.208,160202,0
20160304,37.324,37.448,37.218,37.344,174823,0
20160307,37.188,37.373,37.169,37.344,67316,0
20160308,37.295,37.295,37.101,37.111,129326,0
20160309,37.159,37.256,37.121,37.178,110002,0
20160310,37.44,37.44,36.917,37.169,154890,0
20160311,37.499,37.653,37.449,37.653,125023,0
20160314,37.576,37.681,37.553,37.624,69777,0
20160315,37.421,37.521,37.363,37.449,29252,0
20160316,37.256,37.717,37.256,37.673,87214,0
20160317,37.702,38.001,37.665,37.954,133619,0
20160318,38.089,38.089,37.944,38.02,100534,0
20160321,37.914,38.055,37.914,38.02,102416,0
20160322,37.983,38.04,37.842,37.992,127947,0
20160323,38.001,38.001,37.759,37.798,398952,0
20160324,37.585,37.702,37.43,37.702,144136,0
20160328,37.855,37.855,37.692,37.769,167714,0
20160329,37.73,38.089,37.645,38.089,128470,0
20160330,38.272,38.33,38.175,38.225,106063,0
20160331,38.185,38.245,38.099,38.135,77710,0
20160401,37.894,38.132,37.837,38.099,33001,0
20160404,38.256,38.256,37.993,38.07,106138,0
20160405,37.778,37.808,37.712,37.73,48714,0
20160406,37.818,38.031,37.73,38.031,67964,0
20160407,37.876,37.935,37.657,37.75,73880,0
20160408,38.031,38.087,37.915,37.945,118065,0
20160411,38.07,38.207,37.915,37.915,89090,0
20160412,37.945,38.247,37.945,38.237,59241,0
20160413,38.429,38.595,38.395,38.551,48135,0
20160414,38.643,38.692,38.439,38.528,103646,0
20160415,38.595,38.643,38.489,38.537,84029,0
20160418,38.518,38.711,38.513,38.711,70820,0
20160419,38.954,39.034,38.825,38.944,94285,0
20160420,39.042,39.042,38.862,38.944,90929,0
20160421,38.993,38.993,38.692,38.76,190999,0
20160422,38.829,38.829,38.642,38.8,196507,0
20160425,38.701,38.74,38.575,38.653,110809,0
20160426,38.809,38.809,38.595,38.731,84557,0
20160427,38.8,38.876,38.643,38.819,154669,0
20160428,38.643,38.809,38.518,38.595,69091,0
20160429,38.518,38.614,38.332,38.489,85526,0
20160502,38.537,38.672,38.469,38.653,94444,0
20160503,38.547,38.547,38.323,38.372,109017,0
20160504,38.332,38.332,38.09,38.137,76421,0
20160505,38.167,38.274,38.08,38.128,78278,0
20160506,38.1,38.256,38.08,38.207,51659,0
20160509,38.157,38.313,38.157,38.187,55386,0
20160510,38.391,38.518,38.217,38.499,41223,0
20160511,38.556,38.556,38.332,38.381,79489,0
20160512,38.537,38.537,38.218,38.36,22570,0
20160513,38.207,38.298,38.08,38.128,32247,0
20160516,38.217,38.38,38.134,38.342,52061,0
20160517,38.264,38.332,38.051,38.147,39094,0
20160518,38.217,38.284,37.965,38.011,66363,0
20160519,38.002,38.011,37.808,37.993,303651,0
20160520,38.051,38.207,38.021,38.157,268524,0
20160523,38.187,38.187,38.041,38.128,64841,0
20160524,38.167,38.419,38.128,38.419,66070,0
20160525,38.624,38.653,38.449,38.624,76929,0
20160526,38.77,38.77,38.575,38.633,85161,0
20160527,38.721,38.76,38.604,38.692,101940,0
20160531,38.858,38.858,38.595,38.701,83338,0
20160601,38.499,38.711,38.499,38.682,124030,0
20160602,38.701,39.334,38.585,38.79,183439,0
20160603,38.78,39.039,38.731,38.895,154355,0
20160606,38.885,39.072,38.858,38.993,92246,0
20160607,39.177,39.236,39.092,39.148,63003,0
20160608,39.275,39.334,39.157,39.216,53192,0
20160609,39.111,39.157,39.032,39.139,50332,0
20160610,38.672,38.839,38.614,38.721,53254,0
20160613,38.653,38.653,38.4,38.459,48361,0
20160614,38.372,38.429,38.137,38.274,100099,0
20160615,38.429,38.57,38.323,38.323,131946,0
20160616,38.157,38.439,38.031,38.439,70398,0
20160617,38.547,38.547,38.304,38.439,47830,0
20160620,38.858,38.944,38.672,38.721,91293,0
20160621,38.751,38.964,38.751,38.829,45122,0
20160622,38.964,39.002,38.751,38.751,53342,0
20160623,39.101,39.236,39.002,39.236,61898,0
20160624,38.021,38.473,37.925,38.002,170586,0
20160627,37.837,37.87,37.44,37.643,148476,0
20160628,38.002,38.188,37.885,38.128,76393,0
20160629,38.528,38.663,38.4,38.556,108347,0
20160630,38.663,38.905,38.614,38.819,98460,0
20160701,38.974,39.062,38.905,39.022,212243,0
20160705,38.848,38.858,38.624,38.751,62986,0
20160706,38.596,38.812,38.469,38.812,69025,0
20160707,38.803,38.903,38.629,38.743,47986,0
20160708,39.007,39.193,38.92,39.145,66091,0
20160711,39.437,39.437,39.233,39.38,127608,0
20160712,39.664,39.76,39.452,39.595,72420,0
20160713,39.664,39.664,39.415,39.595,52924,0
20160714,39.644,39.722,39.605,39.654,72814,0
20160715,39.644,39.644,39.477,39.595,58426,0
20160718,39.644,39.658,39.546,39.624,82679,0
20160719,39.536,39.566,39.447,39.536,80385,0
20160720,39.486,39.684,39.486,39.654,44453,0
20160721,39.566,39.674,39.526,39.585,55285,0
20160722,39.684,39.703,39.54,39.664,44124,0
20160725,39.83,39.83,39.556,39.624,62009,0
20160726,39.615,39.78,39.585,39.694,53175,0
20160727,39.684,39.8,39.566,39.731,39380,0
20160728,39.694,39.841,39.625,39.84,89936,0
20160729,39.82,40.015,39.801,39.987,40965,0
20160801,39.908,39.987,39.78,39.879,76509,0
20160802,39.731,39.8,39.566,39.654,66529,0
20160803,39.526,39.674,39.526,39.674,34871,0
20160804,39.674,39.829,39.674,39.79,33110,0
20160805,39.898,39.938,39.751,39.938,91861,0
20160808,39.879,39.977,39.879,39.968,108426,0
20160809,40.124,40.181,39.972,40.104,39135,0
20160810,40.251,40.251,40.054,40.114,44193,0
20160811,40.172,40.267,40.162,40.232,43109,0
20160812,40.232,40.299,40.144,40.192,245204,0
20160815,40.192,40.368,40.192,40.251,124093,0
20160816,40.299,40.299,40.172,40.192,43364,0
20160817,40.104,40.261,40.007,40.202,43370,0
20160818,40.271,40.408,40.162,40.328,49662,0
20160819,40.114,40.261,40.094,40.232,35185,0
20160822,40.114,40.261,40.114,40.162,42759,0
20160823,40.408,40.408,40.232,40.232,67253,0
20160824,40.242,40.316,40.149,40.202,199670,0
20160825,40.192,40.232,40.114,40.134,50451,0
20160826,40.114,40.418,39.898,40.034,42357,0
20160829,39.948,40.202,39.948,40.182,23461,0
20160830,40.202,40.232,40.073,40.154,32956,0
20160831,40.242,40.242,39.909,40.034,67363,0
20160901,40.104,40.134,39.944,40.124,30600,0
20160902,40.318,40.358,40.212,40.318,40385,0
20160906,40.299,40.506,40.299,40.496,114166,0
20160907,40.476,40.593,40.476,40.545,45157,0
20160908,40.496,40.516,40.319,40.418,122763,0
20160909,40.134,40.134,39.751,39.751,46088,0
20160912,39.674,40.044,39.58,40.007,122657,0
20160913,39.869,39.869,39.42,39.566,50065,0
20160914,39.496,39.722,39.467,39.467,51759,0
20160915,39.585,39.85,39.486,39.82,51327,0
20160916,39.674,39.674,39.534,39.605,25626,0
20160919,39.654,39.879,39.654,39.713,46971,0
20160920,39.82,39.893,39.741,39.79,47435,0
20160921,39.977,40.192,39.8,40.182,208984,0
20160922,40.418,40.496,40.338,40.398,58863,0
20160923,40.299,40.328,40.172,40.182,62297,0
20160926,40.134,40.134,39.968,40.007,29235,0
20160927,39.958,40.251,39.958,40.222,52080,0
20160928,40.222,40.368,40.094,40.368,35446,0
20160929,40.232,40.338,40.004,40.134,40292,0
20160930,40.144,40.338,40.084,40.291,84157,0
20161003,40.144,40.212,40.054,40.212,51946,0
20161004,40.261,40.281,39.974,40.074,61575,0
20161005,40.281,40.281,40.044,40.172,60425,0
20161006,40.054,40.134,39.992,40.084,107664,0
20161007,40.094,40.094,39.799,40.034,28004,0
20161010,40.212,40.212,40.043,40.094,41259,0
20161011,40.024,40.034,39.633,39.759,42668,0
20161012,39.839,39.839,39.648,39.769,82907,0
20161013,39.593,39.73,39.427,39.672,115104,0
20161014,39.819,39.851,39.593,39.593,44333,0
20161017,39.583,39.702,39.555,39.642,57416,0
20161018,39.819,39.902,39.763,39.809,42388,0
20161019,39.779,39.967,39.779,39.897,113941,0
20161020,39.947,39.967,39.808,39.849,66517,0
20161021,39.789,39.887,39.742,39.869,33241,0
20161024,40.3,40.3,39.887,39.927,91098,0
20161025,40.034,40.034,39.819,39.907,67578,0
20161026,39.897,39.897,39.692,39.769,73832,0
20161027,39.986,39.986,39.603,39.603,67849,0
20161028,39.692,39.702,39.504,39.613,34899,0
20161031,39.632,39.672,39.544,39.652,68425,0
20161101,39.799,39.799,39.347,39.494,87444,0
20161102,39.494,39.494,39.322,39.338,79069,0
20161103,39.445,39.445,39.2,39.209,62002,0
20161104,39.151,39.298,39.102,39.16,97462,0
20161107,39.682,39.682,39.417,39.603,45910,0
20161108,39.514,39.75,39.484,39.593,57722,0
20161109,39.494,39.672,39.367,39.593,146880,0
20161110,39.779,39.779,39.318,39.407,183331,0
20161111,39.308,39.397,39.2,39.298,68489,0
20161114,39.288,39.328,39.152,39.259,123229,0
20161115,39.328,39.475,39.251,39.435,52327,0
20161116,39.465,39.465,39.239,39.397,171295,0
20161117,39.377,39.494,39.357,39.445,102611,0
20161118,39.524,39.583,39.236,39.249,104505,0
20161121,39.417,39.465,39.298,39.445,233498,0
20161122,39.574,39.632,39.465,39.632,157296,0
20161123,39.564,39.564,39.308,39.484,162540,0
20161125,39.73,39.73,39.524,39.574,45842,0
20161128,39.593,39.632,39.524,39.564,202004,0
20161129,39.632,39.692,39.494,39.622,509551,0
20161130,39.554,39.692,39.504,39.514,253767,0
20161201,39.514,39.554,39.318,39.435,266896,0
20161202,39.328,39.514,39.328,39.514,189350,0
20161205,39.494,39.682,39.492,39.622,477982,0
20161206,39.603,39.789,39.603,39.779,375797,0
20161207,39.809,40.182,39.789,40.134,536808,0
20161208,40.144,40.215,40.019,40.144,481350,0
20161209,40.232,40.232,40.094,40.192,293279,0
20161212,40.261,40.261,40.054,40.104,570535,0
20161213,40.192,40.389,40.192,40.329,379250,0
20161214,40.329,40.379,39.937,39.977,338621,0
20161215,39.986,40.073,39.916,39.957,265548,0
20161216,40.084,40.084,39.897,39.967,642745,0
20161219,40.114,40.114,39.977,40.034,501242,0
20161220,39.996,40.114,39.996,40.084,298386,0
20161221,40.144,40.144,40.034,40.094,304456,0
20161222,40.015,40.044,39.927,39.977,362842,0
20161223,40.104,40.104,39.967,40.064,164563,0
20161227,40.242,40.242,40.034,40.034,484534,0
20161228,40.247,40.247,39.97,40.028,251791,0
20161229,40.068,40.108,40.028,40.068,193133,0
20161230,40.197,40.237,39.989,40.138,319456,0
20170103,40.207,40.247,40.088,40.247,1105024,0
20170104,40.325,40.474,40.315,40.474,124360,0
20170105,40.533,40.662,40.474,40.662,463173,0
20170106,40.563,40.632,40.444,40.553,834759,0
20170109,40.632,40.632,40.444,40.494,938505,0
20170110,40.662,40.662,40.484,40.563,133154,0
20170111,40.642,40.672,40.464,40.672,210227,0
20170112,40.682,40.715,40.484,40.602,358525,0
20170113,40.632,40.7,40.592,40.682,362793,0
20170117,40.731,40.731,40.563,40.662,929354,0
20170118,40.721,40.721,40.493,40.543,84536,0
20170119,40.434,40.513,40.368,40.405,307536,0
20170120,40.464,40.553,40.434,40.514,277838,0
20170123,40.553,40.632,40.484,40.622,602150,0
20170124,40.592,40.738,40.563,40.692,463027,0
20170125,40.781,40.909,40.751,40.899,136530,0
20170126,40.969,40.969,40.805,40.83,148045,0
20170127,40.879,40.879,40.781,40.81,272853,0
20170130,40.801,40.801,40.563,40.642,407575,0
20170131,40.563,40.711,40.563,40.662,113437,0
20170201,40.781,40.82,40.652,40.741,101643,0
20170202,40.692,40.8,40.692,40.761,85625,0
20170203,40.978,40.978,40.83,40.899,194921,0
20170206,40.849,40.869,40.81,40.859,82862,0
20170207,40.899,40.899,40.81,40.849,44978,0
20170208,40.909,40.969,40.83,40.969,40309,0
20170209,41.038,41.097,40.949,41.097,55825,0
20170210,41.048,41.169,41.048,41.156,64019,0
20170213,41.196,41.285,41.196,41.245,72529,0
20170214,41.226,41.275,41.088,41.275,124360,0
20170215,41.275,41.413,41.206,41.413,83461,0
20170216,41.433,41.433,41.344,41.413,101577,0
20170217,41.423,41.453,41.331,41.453,48742,0
20170221,41.493,41.612,41.44,41.612,43874,0
20170222,41.542,41.621,41.453,41.592,112825,0
20170223,41.622,41.68,41.526,41.602,119588,0
20170224,41.453,41.612,41.443,41.612,72157,0
20170227,41.512,41.676,41.497,41.612,583697,0
20170228,41.552,41.612,41.483,41.542,62973,0
20170301,41.73,41.829,41.632,41.819,51902,0
20170302,41.73,41.73,41.552,41.582,62676,0
20170303,41.67,41.69,41.522,41.69,60220,0
20170306,41.602,41.602,41.483,41.592,55027,0
20170307,41.552,41.552,41.443,41.463,66002,0
20170308,41.453,41.458,41.321,41.321,37233,0
20170309,41.364,41.374,41.216,41.325,129121,0
20170310,41.542,41.542,41.354,41.463,150027,0
20170313,41.592,41.592,41.473,41.473,108844,0
20170314,41.483,41.483,41.345,41.433,202454,0
20170315,41.463,41.845,41.463,41.829,47675,0
20170316,41.859,41.899,41.789,41.789,40223,0
20170317,41.899,41.947,41.839,41.908,62659,0
20170320,41.908,41.918,41.829,41.879,142595,0
20170321,42.017,42.017,41.641,41.69,55285,0
20170322,41.67,41.74,41.552,41.74,78821,0
20170323,41.74,41.809,41.659,41.74,127083,0
20170324,41.799,41.849,41.705,41.789,67151,0
20170327,41.72,41.839,41.572,41.77,94463,0
20170328,41.839,41.957,41.789,41.957,77070,0
20170329,41.937,41.997,41.849,41.997,75806,0
20170330,41.937,42.017,41.918,41.967,64351,0
20170331,41.937,41.977,41.844,41.927,73813,0
20170403,41.957,41.957,41.76,41.927,94200,0
20170404,41.871,41.94,41.821,41.94,65879,0
20170405,42.01,42.069,41.811,41.811,72345,0
20170406,41.851,41.901,41.791,41.901,54699,0
20170407,41.901,41.92,41.829,41.851,70277,0
20170410,41.782,41.891,41.768,41.811,42797,0
20170411,41.881,41.911,41.729,41.841,91241,0
20170412,41.93,41.93,41.791,41.911,165848,0
20170413,41.861,41.891,41.692,41.692,46417,0
20170417,41.861,41.95,41.782,41.95,103856,0
20170418,41.762,41.901,41.762,41.891,165734,0
20170419,41.97,41.97,41.772,41.791,67837,0
20170420,41.95,42.025,41.888,41.98,60028,0
20170421,42.01,42.02,41.93,42.02,49020,0
20170424,42.337,42.387,42.268,42.387,78143,0
20170425,42.506,42.536,42.437,42.516,95439,0
20170426,42.496,42.556,42.427,42.496,89618,0
20170427,42.556,42.556,42.437,42.536,42774,0
20170428,42.536,42.536,42.429,42.506,70704,0
20170501,42.466,42.576,42.466,42.526,131510,0
20170502,42.566,42.635,42.526,42.615,71612,0
20170503,42.576,42.586,42.486,42.586,73120,0
20170504,42.595,42.625,42.496,42.536,90552,0
20170505,42.655,42.794,42.586,42.794,81558,0
20170508,42.725,42.725,42.645,42.715,36776,0
20170509,42.734,42.734,42.639,42.695,78971,0
20170510,42.665,42.764,42.649,42.764,54501,0
20170511,42.675,42.713,42.546,42.675,62815,0
20170512,42.685,42.774,42.675,42.774,92392,0
20170515,42.844,42.923,42.844,42.864,52242,0
20170516,42.983,43.002,42.923,43.002,80624,0
20170517,42.824,42.893,42.635,42.665,100190,0
20170518,42.486,42.725,42.486,42.635,65224,0
20170519,42.734,42.982,42.734,42.943,49027,0
20170522,42.963,43.036,42.931,43.002,61651,0
20170523,43.082,43.091,42.963,43.012,57656,0
20170524,42.993,43.102,42.965,43.062,63495,0
20170525,43.141,43.201,43.116,43.151,45960,0
20170526,43.092,43.161,43.076,43.151,155514,0
20170530,43.151,43.162,43.075,43.112,97415,0
20170531,43.221,43.221,43.052,43.151,91985,0
20170601,43.201,43.37,43.193,43.37,55617,0
20170602,43.509,43.603,43.42,43.519,65888,0
20170605,43.519,43.529,43.439,43.439,67537,0
20170606,43.419,43.499,43.38,43.429,50540,0
20170607,43.439,43.509,43.38,43.449,60504,0
20170608,43.548,43.548,43.35,43.479,67346,0
20170609,43.509,43.509,43.274,43.4,49931,0
20170612,43.3,43.33,43.213,43.32,66784,0
20170613,43.38,43.509,43.38,43.439,72263,0
20170614,43.628,43.638,43.429,43.539,51643,0
20170615,43.3,43.34,43.181,43.34,50732,0
20170616,43.37,43.429,43.32,43.39,59675,0
20170619,43.548,43.618,43.529,43.608,55863,0
20170620,43.558,43.568,43.39,43.429,68775,0
20170621,43.439,43.449,43.32,43.36,111026,0
20170622,43.489,43.489,43.34,43.429,39256,0
20170623,43.439,43.509,43.34,43.439,43487,0
20170626,43.499,43.658,43.499,43.499,38296,0
20170627,43.469,43.499,43.271,43.271,67932,0
20170628,43.449,43.588,43.4,43.588,69563,0
20170629,43.499,43.499,43.161,43.251,79176,0
20170630,43.31,43.38,43.261,43.29,37293,0
20170703,44.452,44.452,43.251,43.3,57669,0
20170705,43.3,43.35,43.181,43.34,49957,0
20170706,43.18,43.18,43.07,43.11,64590,0
20170707,43.14,43.2,43.0754,43.18,58130,0
20170710,43.18,43.31,43.15,43.27,121834,0
20170711,43.21,43.336,43.15,43.25,64180,0
20170712,43.51,43.605,43.5,43.6,120220,0
20170713,43.69,43.69,43.55,43.66,94215,0
20170714,43.77,43.8579,43.7,43.83,89557,0
20170717,43.83,43.85,43.77,43.83,44442,0
20170718,43.77,43.89,43.75,43.89,60161,0
20170719,43.95,44.05,43.9368,44.05,54252,0
20170720,44.04,44.12,44.0264,44.06,76584,0
20170721,44.04,44.0497,43.9608,44.01,68470,0
20170724,44.01,44.0422,43.95,44,100518,0
20170725,44.13,44.13,44.01,44.07,77516,0
20170726,44.08,44.15,44.02,44.15,80577,0
20170727,44.15,44.18,43.93,44.03,62903,0
20170728,44.03,44.08,43.9456,44.08,44905,0
20170731,44.14,44.14,44.039,44.12,63900,0
20170801,44.23,44.247,44.1726,44.24,141842,0
