Date,Open,High,Low,Close,Volume,OpenInt
20090127,32.596,32.596,32.205,32.205,31095,0
20090129,32.186,32.186,32.06,32.06,10468,0
20090130,31.932,31.932,31.932,31.932,152,0
20090202,31.815,31.815,31.815,31.815,820,0
20090203,32.128,32.148,32.108,32.108,1334,0
20090204,32.01,32.01,31.815,31.815,10673,0
20090205,31.864,31.864,31.62,31.62,23194,0
20090206,32.04,32.04,32.04,32.04,235,0
20090209,32.341,32.351,32.283,32.292,13452,0
20090210,31.952,31.952,31.952,31.952,472,0
20090211,32.079,32.079,31.952,31.952,1539,0
20090213,31.766,31.766,31.717,31.717,1955,0
20090217,31.007,31.182,30.987,31.007,1598,0
20090219,31.28,31.28,31.046,31.046,10785,0
20090223,31.329,31.329,31.319,31.319,323,0
20090224,31.007,31.231,30.987,31.231,7688,0
20090225,30.919,30.978,30.86,30.88,31615,0
20090226,30.948,30.948,30.87,30.909,3121,0
20090302,30.628,30.628,30.559,30.559,485,0
20090303,30.491,30.491,30.451,30.451,3283,0
20090304,30.579,30.579,30.579,30.579,101,0
20090306,30.549,30.549,30.549,30.549,10263,0
20090309,30.471,30.471,30.471,30.471,204,0
20090310,30.598,30.608,30.471,30.471,1898,0
20090311,30.86,30.86,30.86,30.86,135,0
20090313,31.192,31.202,31.124,31.202,29693,0
20090317,31.349,31.349,31.143,31.163,1728,0
20090318,32.322,32.322,32.322,32.322,132,0
20090319,32.888,32.888,32.615,32.615,1537,0
20090320,32.507,32.527,32.459,32.498,12697,0
20090323,32.41,32.566,32.41,32.556,1303,0
20090324,32.361,32.4,32.302,32.302,1397,0
20090325,32.371,32.468,32.302,32.302,39510,0
20090326,32.371,32.371,32.331,32.341,1347,0
20090327,31.923,31.923,31.864,31.893,462,0
20090330,31.864,31.864,31.864,31.864,627,0
20090331,31.952,31.952,31.874,31.874,204,0
20090401,31.893,31.893,31.893,31.893,457,0
20090402,32.148,32.235,32.148,32.235,669,0
20090403,32.244,32.331,32.244,32.331,758,0
20090406,32.118,32.128,32.06,32.108,24893,0
20090407,31.962,32.079,31.962,32.079,3504,0
20090408,32.148,32.148,32.148,32.148,558,0
20090409,32.128,32.128,32.128,32.128,101,0
20090413,32.167,32.167,32.157,32.157,452,0
20090415,32.108,32.108,32.108,32.108,204,0
20090416,32.205,32.205,32.099,32.176,6463,0
20090417,32.06,32.108,32.06,32.079,5131,0
20090420,31.903,31.903,31.776,31.795,5992,0
20090422,31.903,31.932,31.903,31.932,271,0
20090423,32.108,32.108,32.108,32.108,10877,0
20090424,32.273,32.498,32.273,32.449,1652,0
20090427,32.302,32.302,32.253,32.253,2109,0
20090428,32.449,32.449,32.449,32.449,142,0
20090429,32.507,32.596,32.459,32.459,4770,0
20090430,32.41,32.41,32.371,32.39,317,0
20090501,32.4,32.596,32.361,32.361,8177,0
20090504,32.781,32.8,32.761,32.8,483,0
20090505,32.82,32.82,32.82,32.82,462,0
20090506,32.654,32.654,32.654,32.654,2566,0
20090507,32.996,32.996,32.692,32.692,2254,0
20090508,32.966,33.218,32.966,33.083,4413,0
20090511,33.325,33.374,33.325,33.354,8420,0
20090512,33.296,33.56,33.276,33.56,1109,0
20090513,33.423,33.423,33.423,33.423,1438,0
20090514,33.364,33.462,33.296,33.462,1791,0
20090515,33.452,33.462,33.208,33.208,12785,0
20090518,33.423,33.433,33.374,33.413,2977,0
20090519,33.443,33.56,33.374,33.56,1930,0
20090520,33.842,33.988,33.842,33.9,1438,0
20090521,33.93,33.939,33.93,33.93,2017,0
20090522,34.251,34.281,34.251,34.281,1125,0
20090526,34.106,34.204,34.066,34.106,10881,0
20090527,34.057,34.106,33.861,34.106,2656,0
20090528,33.988,34.018,33.91,33.91,6656,0
20090529,34.33,34.33,34.223,34.223,11696,0
20090601,34.583,34.583,34.251,34.447,6030,0
20090602,34.71,34.758,34.7,34.758,3081,0
20090603,34.544,34.544,34.398,34.398,1155,0
20090604,34.379,34.418,34.3,34.349,3030,0
20090605,33.959,33.959,33.822,33.822,8578,0
20090608,33.755,33.793,33.531,33.56,5839,0
20090609,33.988,33.998,33.988,33.998,914,0
20090610,34.096,34.096,33.851,33.851,3129,0
20090611,34.174,34.213,34.125,34.213,8771,0
20090612,33.988,34.037,33.988,34.027,1086,0
20090615,33.861,33.91,33.716,33.763,4360,0
20090616,33.949,33.949,33.949,33.949,512,0
20090617,33.978,34.037,33.763,34.037,8074,0
20090618,34.037,34.135,33.91,33.93,3650,0
20090619,33.978,34.145,33.871,33.871,701,0
20090622,33.959,33.959,33.832,33.91,2940,0
20090623,34.115,34.369,34.106,34.32,2608,0
20090624,34.339,34.339,34.057,34.057,1815,0
20090625,34.037,34.096,34.037,34.096,512,0
20090626,34.388,34.467,34.388,34.457,6685,0
20090629,34.369,34.457,34.33,34.457,17856,0
20090630,34.349,34.349,34.232,34.281,7750,0
20090701,34.398,34.496,34.33,34.447,6618,0
20090702,34.281,34.281,34.106,34.155,4171,0
20090706,34.174,34.194,34.174,34.184,3333,0
20090707,34.261,34.261,34.145,34.145,2160,0
20090708,34.106,34.115,34.086,34.106,7407,0
20090709,34.29,34.437,34.29,34.398,5750,0
20090710,34.31,34.31,34.281,34.29,774,0
20090713,34.125,34.418,34.125,34.418,14339,0
20090714,34.32,34.408,34.223,34.242,6183,0
20090715,34.524,34.583,34.398,34.467,7175,0
20090716,34.583,34.632,34.544,34.612,4675,0
20090717,34.593,34.602,34.427,34.486,7020,0
20090720,34.534,34.807,34.534,34.807,4113,0
20090721,34.856,34.953,34.856,34.953,5077,0
20090722,34.866,34.962,34.671,34.866,18455,0
20090723,34.836,34.876,34.768,34.768,1417,0
20090724,34.817,34.827,34.817,34.817,862,0
20090727,34.876,34.904,34.787,34.894,6187,0
20090728,34.836,34.876,34.7,34.73,8608,0
20090729,34.748,34.748,34.496,34.691,15212,0
20090730,34.642,34.642,34.388,34.622,19107,0
20090731,34.642,35.031,34.642,35.031,15518,0
20090803,35.031,35.207,35.031,35.207,7882,0
20090804,35.178,35.256,35.109,35.256,5668,0
20090805,35.109,35.158,35.05,35.08,4038,0
20090806,35.05,35.1,35.011,35.08,4799,0
20090807,34.866,34.866,34.739,34.787,8739,0
20090810,34.602,34.642,34.379,34.593,13320,0
20090811,34.593,34.642,34.564,34.622,3610,0
20090812,34.612,34.856,34.612,34.836,10481,0
20090813,34.923,35.05,34.817,35.05,28004,0
20090814,34.827,34.953,34.73,34.953,4174,0
20090817,35.158,35.158,34.739,34.876,13285,0
20090818,34.787,34.876,34.593,34.876,23535,0
20090819,34.836,35.129,34.836,35.129,2706,0
20090820,35.957,35.957,34.962,35.129,13542,0
20090821,35.246,35.246,35.109,35.207,10747,0
20090824,35.178,35.207,35.06,35.06,7577,0
20090825,35.293,35.352,35.293,35.352,14451,0
20090826,35.178,35.178,35.041,35.178,10315,0
20090827,35.158,35.362,35.148,35.332,9093,0
20090828,35.411,35.411,35.303,35.313,12392,0
20090831,35.275,35.371,35.256,35.371,5566,0
20090901,35.217,35.217,34.992,35.178,39004,0
20090902,35.1,35.275,35.1,35.275,15747,0
20090903,35.246,35.246,35.246,35.246,7237,0
20090904,35.168,35.371,35.119,35.371,13894,0
20090908,35.665,35.763,35.596,35.763,19499,0
20090909,35.811,35.967,35.811,35.879,36576,0
20090910,35.948,36.044,35.948,36.006,42399,0
20090911,36.113,36.211,36.054,36.132,17356,0
20090914,36.093,36.093,35.967,36.074,38690,0
20090915,36.093,36.172,35.996,36.172,20083,0
20090916,36.036,36.307,36.036,36.25,40981,0
20090917,36.24,36.317,35.938,36.279,147021,0
20090918,36.415,36.882,36.415,36.842,28283,0
20090921,36.833,36.833,36.054,36.054,47505,0
20090922,36.093,36.376,36.093,36.327,26873,0
20090923,36.347,36.474,36.298,36.317,23909,0
20090924,36.435,36.444,36.181,36.201,28797,0
20090925,36.279,36.307,36.211,36.289,18496,0
20090928,36.337,36.347,36.211,36.307,19551,0
20090929,36.201,36.201,36.181,36.201,16172,0
20090930,36.201,36.327,36.201,36.307,16986,0
20091001,36.25,36.25,36.201,36.201,23090,0
20091002,36.23,36.26,36.191,36.22,12266,0
20091005,36.22,36.317,36.181,36.298,13124,0
20091006,36.542,36.542,36.366,36.474,27532,0
20091007,36.484,36.484,36.162,36.415,19641,0
20091008,36.444,36.668,36.444,36.668,21447,0
20091009,36.581,36.581,36.386,36.395,11704,0
20091012,36.523,36.659,36.435,36.639,138805,0
20091013,36.688,36.727,36.688,36.717,46265,0
20091014,36.852,36.911,36.833,36.911,20054,0
20091015,36.766,36.776,36.386,36.717,57860,0
20091016,36.59,36.698,36.415,36.639,61919,0
20091019,36.727,36.786,36.523,36.737,78831,0
20091020,36.776,36.776,36.59,36.678,79810,0
20091021,36.737,36.737,36.59,36.59,30328,0
20091022,36.688,36.737,36.562,36.717,38454,0
20091023,36.795,36.795,36.717,36.756,18886,0
20091026,36.756,36.766,36.386,36.513,46826,0
20091027,36.493,36.493,36.386,36.493,32890,0
20091028,36.444,36.444,36.356,36.356,22696,0
20091029,36.123,36.405,36.123,36.356,64059,0
20091030,36.347,36.562,36.083,36.25,42645,0
20091102,36.289,36.337,36.25,36.269,36473,0
20091103,36.054,36.142,35.82,36.026,81126,0
20091104,36.23,36.356,36.23,36.307,13788,0
20091105,36.395,36.435,36.211,36.24,28594,0
20091106,36.444,36.493,36.337,36.405,6726,0
20091109,36.6,36.842,36.6,36.717,41207,0
20091110,36.776,36.804,36.727,36.727,26064,0
20091111,36.94,37.136,36.93,36.979,30208,0
20091112,36.776,36.93,36.454,36.59,54035,0
20091113,36.659,36.776,36.659,36.717,37100,0
20091116,36.708,36.97,36.678,36.901,114276,0
20091117,36.852,36.852,36.756,36.842,71025,0
20091118,36.901,37.009,36.833,36.911,22447,0
20091119,36.852,36.852,36.747,36.833,14793,0
20091120,36.678,36.756,36.444,36.727,28615,0
20091123,36.97,37.009,36.882,36.97,44529,0
20091124,36.96,36.979,36.891,36.97,27349,0
20091125,37.214,37.399,37.028,37.34,56715,0
20091127,36.842,37.116,36.786,37.028,12874,0
20091130,37.107,37.214,37.028,37.204,38884,0
20091201,37.273,37.37,37.185,37.302,37013,0
20091202,37.321,37.36,36.93,36.96,32999,0
20091203,37.146,37.224,36.95,37.165,30095,0
20091204,37.018,37.018,36.395,36.523,62735,0
20091207,36.552,36.708,36.484,36.619,34581,0
20091208,36.639,36.639,36.444,36.474,14302,0
20091209,36.552,36.552,36.444,36.523,21514,0
20091210,36.59,36.61,36.435,36.552,22036,0
20091211,36.395,36.493,36.054,36.142,79268,0
20091214,36.191,36.425,36.181,36.415,24466,0
20091215,36.191,36.211,36.054,36.123,28794,0
20091216,36.22,37.516,36.074,36.201,61217,0
20091217,35.84,36.054,35.498,35.577,92754,0
20091218,35.869,35.869,35.547,35.781,18790,0
20091221,35.763,35.763,35.538,35.538,21750,0
20091222,35.547,35.547,35.227,35.371,34113,0
20091223,35.381,35.704,35.322,35.675,17255,0
20091224,35.704,35.743,35.655,35.704,9203,0
20091228,35.85,35.869,35.684,35.714,50846,0
20091229,35.938,35.938,35.362,35.411,42622,0
20091230,35.567,35.567,35.236,35.256,85091,0
20091231,35.538,35.538,35.401,35.489,24644,0
20100104,35.772,35.781,35.469,35.781,31244,0
20100105,35.626,35.869,35.626,35.733,10817,0
20100106,35.753,35.84,35.459,35.83,30838,0
20100107,35.665,35.665,35.313,35.322,213010,0
20100108,35.577,35.733,35.42,35.714,53785,0
20100111,35.967,35.967,35.859,35.928,54371,0
20100112,36.036,36.152,35.791,36.054,35229,0
20100113,36.142,36.152,36.054,36.132,19680,0
20100114,36.074,36.172,36.054,36.083,34396,0
20100115,35.987,36.074,35.616,35.879,122770,0
20100119,35.763,35.899,35.763,35.879,25266,0
20100120,35.547,35.587,35.275,35.508,20389,0
20100121,35.44,35.567,35.256,35.557,36420,0
20100122,35.518,35.518,35.313,35.371,23625,0
20100125,35.704,35.704,35.342,35.44,27580,0
20100126,35.479,35.508,35.275,35.303,64218,0
20100127,35.479,35.479,35.178,35.227,31061,0
20100128,35.352,35.352,35.011,35.178,79400,0
20100129,35.158,35.158,34.856,34.856,27673,0
20100201,35.187,35.187,34.836,35.011,60403,0
20100202,35.246,35.246,34.982,34.982,44707,0
20100203,34.933,35.362,34.817,34.856,27271,0
20100204,34.876,34.876,34.681,34.817,34696,0
20100205,34.652,34.661,34.369,34.476,44962,0
20100208,34.496,34.856,34.496,34.554,61053,0
20100209,34.486,35.1,34.486,34.992,69510,0
20100210,34.768,34.787,34.564,34.622,21631,0
20100211,34.71,34.807,34.554,34.797,15827,0
20100212,34.486,34.691,34.486,34.632,52344,0
20100216,34.612,34.904,34.612,34.885,24769,0
20100217,34.748,34.778,34.573,34.622,6976,0
20100218,34.661,34.73,34.534,34.573,8415,0
20100219,34.398,34.554,34.251,34.544,46434,0
20100222,34.447,34.593,34.427,34.457,21100,0
20100223,34.184,34.583,34.184,34.515,57939,0
20100224,34.622,34.652,34.457,34.515,41878,0
20100225,34.544,34.748,34.506,34.632,23573,0
20100226,35.1,35.1,34.739,34.827,14131,0
20100301,35.06,35.06,34.652,34.72,64452,0
20100302,35.07,35.07,34.681,34.827,8306,0
20100303,34.496,35.06,34.496,35.041,17383,0
20100304,34.904,34.982,34.739,34.758,20237,0
20100305,35.139,35.139,34.671,34.7,14918,0
20100308,34.593,34.894,34.593,34.817,23847,0
20100309,34.748,34.953,34.748,34.866,37858,0
20100310,34.739,34.866,34.72,34.778,7626,0
20100311,34.778,34.982,34.768,34.982,26653,0
20100312,35.06,35.139,34.914,35.031,23641,0
20100315,35.07,35.07,34.943,35.011,13242,0
20100316,35.109,35.197,34.962,35.178,6566,0
20100317,35.371,35.371,35.129,35.342,14758,0
20100318,35.567,35.567,34.992,35.09,40729,0
20100319,34.972,34.972,34.739,34.739,35169,0
20100322,34.476,34.914,34.476,34.836,40857,0
20100323,34.787,34.817,34.7,34.768,10316,0
20100324,34.447,34.457,34.261,34.261,33501,0
20100325,34.223,34.32,34.184,34.184,14860,0
20100326,34.33,34.398,34.251,34.398,9126,0
20100329,34.398,34.573,34.369,34.564,58508,0
20100330,34.447,34.544,34.447,34.524,23100,0
20100331,34.544,34.642,34.506,34.506,23301,0
20100401,34.476,34.71,34.476,34.7,24965,0
20100405,34.827,35.538,34.554,34.652,23264,0
20100406,34.544,34.622,34.496,34.583,19315,0
20100407,34.476,34.573,34.476,34.524,8428,0
20100408,34.369,34.632,34.369,34.602,30998,0
20100409,34.602,34.7,34.583,34.7,11318,0
20100412,34.739,34.846,34.739,34.807,14867,0
20100413,35.041,35.041,34.836,34.992,73879,0
20100414,34.894,35.303,34.894,34.933,31088,0
20100415,34.787,34.992,34.787,34.982,54895,0
20100416,34.524,34.972,34.524,34.933,35106,0
20100419,34.827,34.914,34.739,34.827,13336,0
20100420,35.217,35.217,34.652,34.691,12767,0
20100421,34.73,34.768,34.612,34.691,29085,0
20100422,34.467,34.534,34.388,34.388,28291,0
20100423,34.379,34.554,34.33,34.554,24680,0
20100426,34.457,34.496,34.31,34.349,20109,0
20100427,34.3,34.359,34.115,34.115,26228,0
20100428,34.174,34.174,33.871,34.027,23977,0
20100429,34.076,34.583,34.076,34.29,69370,0
20100430,34.251,34.349,34.155,34.232,17428,0
20100503,34.251,34.251,34.008,34.242,32556,0
20100504,34.018,34.018,33.755,33.89,35523,0
20100505,33.501,33.599,33.296,33.531,35473,0
20100506,33.122,33.413,32.947,33.024,83748,0
20100507,32.702,33.034,31.962,32.781,92255,0
20100510,33.199,34.106,33.131,33.315,54705,0
20100511,33.374,33.492,33.374,33.423,16116,0
20100512,33.335,33.501,33.257,33.276,83354,0
20100513,33.227,33.403,33.18,33.199,15914,0
20100514,33.004,33.151,32.849,32.878,20015,0
20100517,32.576,32.937,32.576,32.82,50735,0
20100518,32.186,32.868,32.186,32.498,14810,0
20100519,32.859,32.898,32.605,32.898,39561,0
20100520,32.712,32.937,32.596,32.878,30039,0
20100521,32.761,33.083,32.761,33.083,11542,0
20100524,32.244,32.898,32.244,32.8,21123,0
20100525,31.903,32.635,31.192,32.468,68276,0
20100526,32.253,32.664,32.244,32.419,108793,0
20100527,32.38,32.986,32.38,32.957,80453,0
20100528,31.466,32.761,31.466,32.702,31253,0
20100601,32.566,32.79,32.488,32.644,14503,0
20100602,32.527,32.586,32.38,32.556,16307,0
20100603,32.235,32.527,32.235,32.283,33288,0
20100604,32.4,32.4,32.167,32.167,20622,0
20100607,32.176,32.176,32.03,32.03,8708,0
20100608,31.981,32.157,31.981,32.108,10927,0
20100609,31.737,32.341,31.737,32.253,10299,0
20100610,32.273,32.478,32.273,32.341,10037,0
20100611,32.39,32.41,32.205,32.253,33726,0
20100614,31.825,32.596,31.825,32.439,66609,0
20100615,32.82,32.859,32.692,32.839,4474,0
20100616,32.761,32.839,32.712,32.751,16638,0
20100617,32.8,32.976,32.8,32.878,4050,0
20100618,33.004,33.004,32.859,32.859,10787,0
20100621,33.004,33.004,32.878,32.888,5204,0
20100622,32.82,32.937,32.82,32.927,10990,0
20100623,32.771,33.004,32.771,32.898,15776,0
20100624,32.79,32.986,32.79,32.839,14049,0
20100625,32.341,32.996,32.341,32.917,19238,0
20100628,32.79,33.014,32.751,32.82,2845,0
20100629,32.615,32.829,32.615,32.771,18053,0
20100630,32.586,32.888,32.586,32.625,14365,0
20100701,32.829,33.112,32.829,33.102,15149,0
20100702,33.374,33.374,33.151,33.199,8217,0
20100706,33.452,33.482,33.024,33.462,47608,0
20100707,33.433,33.57,33.354,33.472,1472,0
20100708,33.325,33.462,33.325,33.443,37369,0
20100709,33.443,33.472,33.384,33.403,3435,0
20100712,33.199,33.394,33.199,33.345,7425,0
20100713,33.531,33.677,33.501,33.677,7711,0
20100714,33.443,33.687,33.443,33.619,18921,0
20100715,33.716,33.939,33.716,33.939,29552,0
20100716,33.949,34.086,33.92,34.086,8465,0
20100719,34.125,34.164,33.92,33.939,12752,0
20100720,33.716,34.008,33.716,33.871,6432,0
20100721,33.93,33.93,33.697,33.697,3011,0
20100722,33.822,34.047,33.822,33.92,11762,0
20100723,33.978,34.018,33.773,33.939,22891,0
20100726,34.066,34.281,33.988,34.281,8380,0
20100727,34.379,34.379,34.115,34.223,6831,0
20100728,34.155,34.32,34.115,34.145,19370,0
20100729,34.242,34.447,34.242,34.447,12541,0
20100730,34.398,34.506,34.369,34.486,14974,0
20100802,34.486,34.671,34.486,34.671,45370,0
20100803,34.962,35.001,34.778,35.001,143133,0
20100804,34.876,34.933,34.652,34.807,10410,0
20100805,34.866,34.866,34.73,34.739,4879,0
20100806,34.836,35.168,34.836,35.07,5272,0
20100809,34.982,35.07,34.836,34.953,15556,0
20100810,34.827,34.953,34.583,34.953,28255,0
20100811,34.671,34.671,34.388,34.476,9223,0
20100812,34.3,34.369,34.164,34.31,11263,0
20100813,34.076,34.349,34.076,34.086,6076,0
20100816,34.408,34.408,34.3,34.31,7245,0
20100817,34.418,34.506,34.398,34.427,10434,0
20100818,34.612,34.612,34.339,34.467,13012,0
20100819,34.506,34.554,34.31,34.418,15654,0
20100820,34.242,34.242,34.076,34.106,6561,0
20100823,34.164,34.251,33.969,34.135,29146,0
20100824,34.135,34.232,34.047,34.223,12195,0
20100825,34.096,34.155,33.959,34.096,15971,0
20100826,34.184,34.213,34.106,34.155,2573,0
20100827,34.164,34.281,34.106,34.155,10335,0
20100830,34.155,34.251,33.969,34.155,13798,0
20100831,34.194,34.242,33.978,34.115,12582,0
20100901,34.418,34.506,34.379,34.398,91962,0
20100902,34.388,34.496,34.388,34.467,7430,0
20100903,34.612,34.622,34.524,34.622,1976,0
20100907,34.388,34.408,34.251,34.388,40341,0
20100908,34.379,34.486,34.379,34.476,5610,0
20100909,34.369,34.506,34.369,34.447,32957,0
20100910,34.544,34.544,34.369,34.476,8385,0
20100913,34.72,34.923,34.671,34.72,39367,0
20100914,34.836,35.119,34.652,35.041,13733,0
20100915,34.953,34.982,34.817,34.914,20519,0
20100916,34.894,35.021,34.817,35.021,22597,0
20100917,34.885,34.904,34.787,34.885,10069,0
20100920,34.836,35.031,34.787,34.953,47309,0
20100921,35.031,35.518,35.031,35.381,32097,0
20100922,35.567,35.694,35.498,35.567,19071,0
20100923,35.44,35.587,35.411,35.587,9359,0
20100924,35.616,35.85,35.616,35.714,9082,0
20100927,35.675,35.859,35.635,35.675,34839,0
20100928,35.753,36.074,35.753,35.948,17255,0
20100929,35.899,36.044,35.801,35.928,38971,0
20100930,35.869,36.006,35.869,36.006,6348,0
20101001,36.22,36.298,36.083,36.26,46276,0
20101004,36.054,36.162,35.957,36.016,15665,0
20101005,36.22,36.513,36.22,36.327,53437,0
20101006,36.347,36.649,36.347,36.454,8981,0
20101007,36.823,36.823,36.484,36.484,119099,0
20101008,36.562,36.833,36.542,36.795,48567,0
20101011,36.833,36.833,36.639,36.698,9587,0
20101012,36.484,36.804,36.474,36.649,7889,0
20101013,36.804,36.804,36.542,36.581,33640,0
20101014,36.786,36.95,36.698,36.708,43097,0
20101015,37.018,37.018,36.571,36.766,18110,0
20101018,36.786,36.911,36.766,36.891,15063,0
20101019,36.59,36.59,36.172,36.25,14947,0
20101020,36.532,36.823,36.532,36.786,8688,0
20101021,36.727,36.795,36.552,36.552,38020,0
20101022,36.513,36.698,36.474,36.493,23589,0
20101025,36.823,36.94,36.678,36.804,23285,0
20101026,36.581,36.717,36.298,36.337,21399,0
20101027,36.201,36.327,36.152,36.327,6690,0
20101028,36.435,36.708,36.435,36.678,294461,0
20101029,36.599,36.843,36.57,36.823,8974,0
20101101,37.038,37.038,36.688,36.813,29840,0
20101102,36.999,37.087,36.93,37.077,13004,0
20101103,37.058,37.097,36.901,37.097,8765,0
20101104,37.526,37.556,37.419,37.477,69481,0
20101105,37.195,37.283,37.126,37.146,31944,0
20101108,36.93,37.097,36.862,36.979,20121,0
20101109,37.155,37.155,36.562,36.668,20312,0
20101110,36.59,36.698,36.376,36.698,10505,0
20101111,36.503,36.503,36.279,36.415,10762,0
20101112,36.444,36.532,36.337,36.484,27210,0
20101115,36.298,36.317,36.093,36.201,32901,0
20101116,36.201,36.201,35.675,35.763,10744,0
20101117,35.724,35.928,35.724,35.859,9748,0
20101118,35.859,36.103,35.859,35.908,6728,0
20101119,35.918,36.201,35.908,36.201,32130,0
20101122,36.172,36.289,36.123,36.24,18815,0
20101123,35.801,36.026,35.733,35.83,35395,0
20101124,35.743,35.85,35.616,35.616,12897,0
20101126,35.42,35.508,35.42,35.489,11724,0
20101129,35.197,35.313,34.943,35.236,71112,0
20101130,34.933,36.25,34.933,36.25,70648,0
20101201,36.823,36.823,35.119,35.42,16558,0
20101202,35.313,35.733,35.265,35.567,50506,0
20101203,35.928,36.142,35.772,36.074,14113,0
20101206,35.879,36.074,35.772,35.908,21656,0
20101207,36.093,36.093,35.82,35.869,3061,0
20101208,35.45,35.781,35.381,35.401,19044,0
20101209,35.275,35.489,35.227,35.265,8369,0
20101210,35.42,35.44,35.207,35.411,21978,0
20101213,35.391,35.84,35.391,35.772,65119,0
20101214,35.655,35.84,35.567,35.655,1531,0
20101215,35.352,35.645,35.168,35.168,37648,0
20101216,35.197,35.391,35.197,35.227,48172,0
20101217,35.217,35.293,35.05,35.293,57287,0
20101220,35.322,35.332,35.09,35.139,15466,0
20101221,35.342,35.342,34.962,35.001,43255,0
20101222,35.178,35.293,35.1,35.275,34353,0
20101223,35.08,35.44,35.08,35.303,18287,0
20101227,35.528,35.528,35.303,35.45,8786,0
20101228,35.645,36.307,35.45,35.469,12681,0
20101229,35.626,35.772,35.479,35.714,8412,0
20101230,36.298,36.298,35.684,35.918,11886,0
20101231,36.017,36.246,35.977,36.056,4960,0
20110103,36.337,36.337,36.054,36.152,50022,0
20110104,36.201,36.201,35.948,35.977,19988,0
20110105,35.714,35.82,35.557,35.645,19970,0
20110106,35.684,35.684,35.342,35.508,6240,0
20110107,35.256,35.538,35.246,35.43,23698,0
20110110,35.381,35.459,35.236,35.411,15617,0
20110111,35.459,35.459,35.265,35.42,12683,0
20110112,35.616,35.763,35.42,35.645,8040,0
20110113,35.84,36.103,35.84,35.928,21472,0
20110114,36.026,36.083,35.908,35.918,16640,0
20110118,36.162,36.181,35.908,36.083,88398,0
20110119,36.201,36.307,36.123,36.211,18046,0
20110120,36.093,36.162,35.977,36.113,28158,0
20110121,36.289,36.327,36.201,36.269,13823,0
20110124,36.269,36.532,36.269,36.454,17429,0
20110125,36.415,36.59,36.298,36.59,39834,0
20110126,36.619,38.968,36.562,38.277,25955,0
20110127,36.756,38.082,36.649,36.737,25817,0
20110128,36.813,37.175,36.571,36.747,27032,0
20110131,36.971,36.991,36.555,36.734,16709,0
20110201,36.97,37.253,36.727,37.116,52866,0
20110202,37.546,39.913,36.804,36.804,11413,0
20110203,36.629,36.97,36.552,36.552,8223,0
20110204,36.571,36.571,36.405,36.513,28348,0
20110207,36.395,36.571,36.269,36.562,44409,0
20110208,36.425,36.649,36.356,36.59,16845,0
20110209,36.747,36.833,36.552,36.786,415851,0
20110210,37.018,37.018,36.366,36.376,9132,0
20110211,36.435,36.474,36.113,36.435,8503,0
20110214,36.347,37.126,36.113,37.028,27908,0
20110215,36.639,36.639,36.054,36.435,9220,0
20110216,36.395,37.077,36.074,36.356,113385,0
20110218,36.405,37.009,36.405,36.668,426785,0
20110222,36.639,36.668,36.201,36.337,510590,0
20110223,36.747,36.786,36.639,36.639,6443,0
20110224,36.786,36.786,36.571,36.659,14889,0
20110225,36.776,36.94,36.6,36.901,17617,0
20110228,37.067,37.077,36.639,36.97,45946,0
20110301,37.292,37.292,36.552,36.571,49930,0
20110302,36.813,36.891,36.698,36.833,40725,0
20110303,36.727,36.833,36.727,36.833,24786,0
20110304,36.737,36.97,36.737,36.97,16501,0
20110307,36.93,37.116,36.737,36.786,35279,0
20110308,36.668,36.872,36.59,36.708,16391,0
20110309,36.629,36.891,36.629,36.804,4302,0
20110310,36.61,36.629,36.425,36.464,7979,0
20110311,36.766,36.921,36.464,36.872,7168,0
20110314,36.882,37.097,36.872,36.989,9698,0
20110315,36.979,37.35,36.833,37.273,24872,0
20110316,37.175,37.175,36.872,36.911,13995,0
20110317,37.487,37.507,37.204,37.507,13303,0
20110318,37.497,37.915,37.419,37.556,8595,0
20110321,37.915,37.915,37.37,37.516,9872,0
20110322,37.389,37.682,37.389,37.603,44780,0
20110323,37.487,37.546,37.321,37.497,43237,0
20110324,37.497,37.633,37.438,37.603,16933,0
20110325,37.556,37.584,37.175,37.37,19753,0
20110328,37.175,37.487,37.175,37.302,8120,0
20110329,37.283,37.37,37.243,37.34,11861,0
20110330,37.273,37.35,37.077,37.253,42788,0
20110331,37.36,37.629,37.32,37.54,16384,0
20110401,37.419,37.574,36.571,37.487,57748,0
20110404,37.546,37.711,37.224,37.389,34372,0
20110405,37.165,37.389,37.165,37.312,74579,0
20110406,37.438,37.516,37.321,37.419,149236,0
20110407,37.438,37.564,37.283,37.438,187272,0
20110408,37.633,37.731,37.487,37.721,22505,0
20110411,37.556,37.847,37.556,37.779,35205,0
20110412,37.662,37.994,37.662,37.984,75680,0
20110413,37.994,37.994,37.662,37.886,35654,0
20110414,37.847,38.101,37.837,38.043,67375,0
20110415,38.003,38.082,37.867,38.052,71347,0
20110418,37.896,37.915,37.662,37.711,50111,0
20110419,37.886,37.886,37.594,37.828,178281,0
20110420,38.179,38.179,37.974,38.052,24536,0
20110421,38.121,38.344,38.121,38.17,27688,0
20110425,38.248,38.287,38.121,38.248,56936,0
20110426,38.315,38.48,38.238,38.48,28795,0
20110427,38.499,38.666,38.315,38.617,15043,0
20110428,38.793,38.832,38.568,38.783,23166,0
20110429,38.893,38.962,38.824,38.824,14566,0
20110502,38.978,39.036,38.88,38.899,46469,0
20110503,38.909,38.987,38.773,38.842,23813,0
20110504,39.017,39.017,38.763,38.832,14465,0
20110505,38.734,38.773,38.362,38.45,35554,0
20110506,38.47,38.529,37.974,37.994,20727,0
20110509,37.925,38.248,37.925,38.248,25284,0
20110510,38.179,38.296,38.179,38.287,8512,0
20110511,38.189,38.189,37.906,37.974,21134,0
20110512,37.935,38.092,37.76,38.013,17753,0
20110513,38.072,38.092,37.691,37.837,23041,0
20110516,37.915,38.043,37.652,37.711,29300,0
20110517,37.672,37.906,37.546,37.701,29073,0
20110518,37.789,37.906,37.633,37.691,32873,0
20110519,38.003,38.003,37.701,37.915,33980,0
20110520,37.857,37.935,37.584,37.584,27029,0
20110523,37.507,37.574,37.321,37.507,15483,0
20110524,37.556,37.691,37.516,37.603,12473,0
20110525,37.243,37.643,37.028,37.546,14782,0
20110526,37.76,37.76,37.546,37.652,15339,0
20110527,37.847,38.111,37.77,38.043,102158,0
20110531,38.199,38.288,38.041,38.258,19230,0
20110601,38.179,38.277,38.013,38.033,75553,0
20110602,38.033,38.344,38.033,38.287,149832,0
20110603,38.411,38.656,38.411,38.509,15289,0
20110606,38.568,38.626,38.402,38.489,24751,0
20110607,38.648,38.726,38.501,38.716,31150,0
20110608,38.442,38.648,38.413,38.53,23829,0
20110609,38.423,38.433,38.25,38.269,27090,0
20110610,38.296,38.296,38.023,38.043,24305,0
20110613,38.248,38.324,38.003,38.258,49869,0
20110614,38.268,38.382,38.199,38.258,15653,0
20110615,38.072,38.121,37.701,37.915,34083,0
20110616,37.757,37.913,37.659,37.874,14451,0
20110617,38.083,38.152,37.878,38.064,14598,0
20110620,38.052,38.101,37.954,37.954,17112,0
20110621,38.219,38.277,38.14,38.258,10486,0
20110622,38.48,38.48,37.799,38.199,24813,0
20110623,37.946,38.015,37.712,37.966,17553,0
20110624,37.907,37.917,37.722,37.887,27536,0
20110627,37.742,37.936,37.673,37.878,28006,0
20110628,37.985,38.064,37.936,37.966,15924,0
20110629,38.121,38.238,37.984,38.17,32768,0
20110630,38.247,38.434,38.247,38.394,9308,0
20110701,38.798,38.798,38.3,38.348,32854,0
20110705,38.573,38.573,38.212,38.281,20171,0
20110706,38.12,38.431,37.962,38.12,108082,0
20110707,38.163,38.328,38.026,38.124,45709,0
20110708,38.242,38.348,38.134,38.262,38822,0
20110711,37.936,37.936,37.634,37.634,25409,0
20110712,37.733,37.811,37.547,37.742,19751,0
20110713,37.917,38.201,37.917,38.093,28737,0
20110714,38.191,38.201,37.887,37.887,30880,0
20110715,37.869,38.026,37.849,37.849,42328,0
20110718,37.868,37.868,37.673,37.771,11099,0
20110719,37.992,38.081,37.844,37.903,15155,0
20110720,38.112,38.171,38.034,38.142,7346,0
20110721,38.25,38.599,38.25,38.511,19335,0
20110722,38.553,38.602,38.425,38.435,14533,0
20110725,38.579,38.579,38.394,38.56,50115,0
20110726,38.628,38.912,38.628,38.845,63410,0
20110727,38.834,38.872,38.53,38.697,61679,0
20110728,38.599,38.697,38.52,38.609,38825,0
20110729,38.699,38.905,38.699,38.905,64208,0
20110801,39.043,39.043,38.563,38.661,57571,0
20110802,38.512,38.689,38.121,38.394,56922,0
20110803,38.582,38.739,38.504,38.671,99478,0
20110804,38.51,38.51,38.012,38.041,31105,0
20110805,38.252,38.524,38.134,38.474,23415,0
20110808,38.514,38.592,38.085,38.193,30871,0
20110809,38.592,38.622,37.831,38.622,67644,0
20110810,38.222,38.543,38.105,38.416,75544,0
20110811,37.918,38.474,37.918,38.348,90049,0
20110812,38.114,38.338,37.801,38.134,29790,0
20110815,38.367,38.641,38.242,38.592,56875,0
20110816,38.592,38.651,38.533,38.602,36195,0
20110817,38.994,38.994,38.739,38.866,17195,0
20110818,39.052,39.052,38.474,38.622,341521,0
20110819,38.756,38.825,38.599,38.618,19811,0
20110822,39.052,39.052,38.602,38.651,17792,0
20110823,38.671,38.759,38.661,38.759,161521,0
20110824,38.582,39.003,38.524,38.769,69065,0
20110825,38.818,39.033,38.435,38.455,29626,0
20110826,39.305,39.305,38.638,38.756,39036,0
20110829,38.974,39.003,38.769,39.003,23274,0
20110830,38.573,39.052,38.386,38.798,46091,0
20110831,38.774,38.893,38.654,38.694,66172,0
20110901,38.412,38.815,38.412,38.54,26348,0
20110902,38.464,38.614,37.967,38.444,57449,0
20110906,38.699,38.699,37.904,38.052,18871,0
20110907,38.21,38.542,38.111,38.16,13837,0
20110908,38.111,38.111,37.807,37.826,20821,0
20110909,37.718,37.777,37.473,37.58,14129,0
20110912,37.11,37.316,36.884,37.11,212336,0
20110913,37.169,37.316,37.169,37.257,18383,0
20110914,37.08,37.404,36.864,37.404,22270,0
20110915,37.424,37.56,37.404,37.542,6865,0
20110916,37.443,37.57,37.325,37.512,32965,0
20110919,37.238,37.277,36.992,37.247,32453,0
20110920,37.021,37.277,37.021,37.071,132119,0
20110921,36.943,37.228,36.943,37.031,18894,0
20110922,37.12,37.12,36.297,36.493,77414,0
20110923,36.177,36.59,35.794,36.551,33722,0
20110926,36.424,36.62,36.424,36.562,19930,0
20110927,36.65,36.992,36.64,36.728,40342,0
20110928,36.493,36.815,36.493,36.582,13387,0
20110929,36.943,36.943,36.562,36.64,46478,0
20110930,36.852,36.852,36.385,36.525,8718,0
20111003,36.511,36.531,35.892,36.098,24822,0
20111004,35.937,36.124,35.455,36.075,39771,0
20111005,36.124,36.252,35.741,36.193,34029,0
20111006,36.134,36.409,35.947,36.409,6280,0
20111007,36.422,36.58,36.353,36.422,8701,0
20111010,36.413,36.981,36.413,36.892,47253,0
20111011,36.766,36.902,36.678,36.902,79684,0
20111012,37.001,37.257,36.912,37.001,32905,0
20111013,37.218,37.218,36.843,37.089,246969,0
20111014,37.195,37.402,37.117,37.126,12039,0
20111017,37.237,37.355,37.001,37.139,31356,0
20111018,36.932,37.168,36.932,37.158,12470,0
20111019,37.423,37.423,36.971,37.04,10862,0
20111020,36.853,37.139,36.833,36.991,27002,0
20111021,37.255,37.304,37.087,37.255,13432,0
20111024,37.384,37.57,37.384,37.512,20676,0
20111025,37.281,37.679,37.281,37.559,67936,0
20111026,37.698,37.748,37.423,37.522,75359,0
20111027,38.131,38.326,38.003,38.316,50602,0
20111028,38.297,38.915,38.258,38.67,30249,0
20111031,38.187,38.187,37.858,37.858,24449,0
20111101,37.34,37.44,36.921,37.281,24493,0
20111102,37.647,37.647,37.117,37.176,19278,0
20111103,37.45,37.739,37.171,37.44,9164,0
20111104,37.599,37.599,37.141,37.35,6497,0
20111107,37.736,37.736,37.028,37.146,25258,0
20111108,37.776,37.776,37.166,37.421,9799,0
20111109,37.629,37.629,36.644,36.852,36762,0
20111110,36.634,37.111,36.634,36.941,17269,0
20111111,37.5,37.5,36.998,37.245,18598,0
20111114,37.342,37.342,36.684,37.146,19485,0
20111115,37.323,37.352,36.615,36.724,13872,0
20111116,36.704,36.939,36.665,36.773,7697,0
20111117,36.949,37.067,36.518,36.615,83106,0
20111118,36.764,36.764,36.495,36.495,75135,0
20111121,36.419,36.665,36.262,36.379,125592,0
20111122,36.488,36.488,36.32,36.439,20319,0
20111123,36.075,36.409,36.075,36.153,45345,0
20111125,36.365,36.365,35.977,35.987,10098,0
20111128,36.31,36.31,35.977,35.977,6425,0
20111129,35.997,36.498,35.997,36.262,62792,0
20111130,36.365,36.714,36.266,36.714,33809,0
20111201,36.832,36.852,36.594,36.684,27386,0
20111202,36.991,37.021,36.485,36.614,65630,0
20111205,37.49,37.49,36.575,36.674,19206,0
20111206,36.941,36.941,36.604,36.794,13277,0
20111207,36.634,36.852,36.634,36.734,45626,0
20111208,36.891,36.891,36.435,36.435,5754,0
20111209,36.774,36.774,36.445,36.535,18411,0
20111212,36.734,36.734,35.997,36.176,16501,0
20111213,36.146,36.335,35.847,35.847,21037,0
20111214,35.828,35.847,35.699,35.719,36739,0
20111215,35.499,35.857,35.289,35.798,27074,0
20111216,35.857,36.056,35.818,35.877,33526,0
20111219,35.788,35.937,35.769,35.798,29190,0
20111220,36.226,36.226,35.977,36.027,77894,0
20111221,36.086,36.096,35.907,36.017,90410,0
20111222,36.007,36.116,35.947,36.037,12735,0
20111223,36.086,36.156,35.917,36.116,33052,0
20111227,36.146,36.166,36.017,36.066,12143,0
20111228,35.679,35.679,35.349,35.539,64706,0
20111229,35.389,35.489,35.251,35.379,19808,0
20111230,35.399,35.679,35.231,35.419,29163,0
20120103,35.778,35.887,35.679,35.689,18546,0
20120104,35.649,35.788,35.579,35.788,30018,0
20120105,35.619,35.818,35.509,35.629,26870,0
20120106,35.439,35.629,35.329,35.329,25403,0
20120109,35.529,35.609,35.251,35.419,48820,0
20120110,35.509,35.619,35.359,35.519,11086,0
20120111,35.389,35.599,35.329,35.509,13224,0
20120112,35.489,35.798,35.479,35.659,21053,0
20120113,35.379,35.579,35.339,35.499,17718,0
20120117,35.489,35.719,35.439,35.639,24164,0
20120118,35.877,35.877,35.669,35.837,7515,0
20120119,36.037,36.126,35.937,36.126,37450,0
20120120,36.056,36.116,36.007,36.106,19558,0
20120123,36.226,36.345,36.086,36.295,22572,0
20120124,36.096,36.266,36.027,36.266,59820,0
20120125,35.967,36.325,35.967,36.325,18443,0
20120126,36.505,36.585,36.305,36.325,45205,0
20120127,36.525,36.724,36.525,36.644,14404,0
20120130,36.435,36.654,36.425,36.654,23679,0
20120131,36.694,36.714,36.495,36.614,22311,0
20120201,36.881,36.971,36.724,36.794,24179,0
20120202,36.812,36.911,36.714,36.744,32759,0
20120203,37.121,37.121,36.684,36.891,33249,0
20120206,36.654,36.812,36.614,36.774,43090,0
20120207,36.822,36.961,36.774,36.931,25690,0
20120208,37.101,37.101,36.842,36.852,43673,0
20120209,36.921,36.921,36.803,36.803,11491,0
20120210,36.684,36.704,36.545,36.634,12461,0
20120213,36.664,36.891,36.654,36.714,90884,0
20120214,36.624,36.684,36.475,36.525,30119,0
20120215,36.425,36.535,36.395,36.465,132089,0
20120216,36.266,36.545,36.266,36.545,15860,0
20120217,36.545,36.575,36.315,36.465,9328,0
20120221,36.505,36.644,36.465,36.495,35072,0
20120222,36.465,36.575,36.435,36.495,13061,0
20120223,36.604,36.754,36.575,36.754,28007,0
20120224,36.694,37.011,36.674,36.794,23785,0
20120227,36.734,36.881,36.674,36.794,44025,0
20120228,36.881,37.001,36.744,36.931,11942,0
20120229,37.011,37.241,36.724,36.754,20337,0
20120301,36.744,36.891,36.724,36.764,70738,0
20120302,36.614,36.774,36.415,36.425,38341,0
20120305,36.515,36.784,36.415,36.575,26398,0
20120306,36.405,36.505,36.286,36.286,27946,0
20120307,36.325,36.555,36.295,36.435,8380,0
20120308,36.505,36.654,36.495,36.604,4374,0
20120309,36.355,36.425,36.256,36.276,17538,0
20120312,36.196,36.405,36.156,36.325,14776,0
20120313,36.594,36.774,36.206,36.226,14296,0
20120314,35.997,36.415,35.877,35.907,129373,0
20120315,36.037,36.166,36.007,36.086,9694,0
20120316,36.056,36.266,36.056,36.176,9672,0
20120319,36.216,36.465,36.216,36.465,25332,0
20120320,36.585,36.644,36.266,36.375,14880,0
20120321,36.146,36.395,36.146,36.196,16336,0
20120322,36.216,36.415,36.096,36.196,8884,0
20120323,36.305,36.375,36.196,36.295,10673,0
20120326,36.385,36.455,36.335,36.435,17602,0
20120327,36.435,36.455,36.345,36.405,9068,0
20120328,36.594,36.594,36.286,36.385,16505,0
20120329,36.545,36.545,36.206,36.375,43060,0
20120330,36.236,36.664,36.236,36.415,21051,0
20120402,36.674,36.794,36.355,36.465,132641,0
20120403,36.415,36.634,36.226,36.236,14118,0
20120404,36.405,36.405,35.977,36.156,16438,0
20120405,36.096,36.176,35.977,36.007,11250,0
20120409,36.186,36.565,35.927,36.286,62541,0
20120410,36.325,36.345,36.027,36.186,32714,0
20120411,36.216,36.345,36.146,36.186,25434,0
20120412,36.246,36.435,36.246,36.375,8276,0
20120413,36.325,36.425,36.166,36.226,12090,0
20120416,36.465,36.465,36.206,36.315,12536,0
20120417,36.286,36.375,36.266,36.325,4709,0
20120418,36.176,36.315,36.166,36.305,132794,0
20120419,36.236,36.425,36.076,36.246,26237,0
20120420,36.305,36.465,36.226,36.465,16489,0
20120423,36.575,36.575,36.226,36.315,24336,0
20120424,36.325,36.415,36.295,36.295,19936,0
20120425,36.585,36.634,36.286,36.425,9635,0
20120426,36.465,36.495,36.405,36.435,18381,0
20120427,36.585,36.614,36.515,36.614,14516,0
20120430,36.535,36.674,36.535,36.604,27096,0
20120501,36.664,36.684,36.545,36.684,83022,0
20120502,36.425,36.684,36.425,36.565,16355,0
20120503,36.485,36.585,36.425,36.475,8892,0
20120504,36.505,36.555,36.345,36.345,14710,0
20120507,36.286,36.365,36.276,36.345,7193,0
20120508,36.206,36.594,36.206,36.226,12023,0
20120509,36.594,36.634,36.027,36.076,7528,0
20120510,36.485,36.485,35.997,36.007,8130,0
20120511,35.997,36.116,35.977,35.997,14555,0
20120514,35.798,35.887,35.778,35.798,7957,0
20120515,36.146,36.146,35.509,35.539,12638,0
20120516,35.559,35.559,35.449,35.459,5560,0
20120517,35.399,35.479,35.261,35.261,110373,0
20120518,35.309,35.499,35.28,35.479,28280,0
20120521,35.389,35.589,35.349,35.589,18584,0
20120522,35.429,35.459,35.231,35.241,7849,0
20120523,35.241,35.289,35.101,35.161,76490,0
20120524,35.111,35.211,35.061,35.131,144758,0
20120525,35.061,35.251,35.051,35.081,44774,0
20120529,35.171,35.201,34.951,35.001,263601,0
20120530,34.921,34.921,34.832,34.852,82937,0
20120531,34.882,34.882,34.744,34.792,30386,0
20120601,34.872,34.941,34.802,34.812,52276,0
20120604,35.329,35.329,34.901,35.031,55322,0
20120605,34.941,35.041,34.842,34.941,39933,0
20120606,34.941,35.131,34.941,35.131,14649,0
20120607,35.289,35.289,35.041,35.221,17315,0
20120608,35.349,35.399,34.911,35.111,13103,0
20120611,35.061,35.121,34.981,35.001,6671,0
20120612,35.011,35.061,34.911,34.981,11496,0
20120613,35.001,35.151,34.991,35.021,51510,0
20120614,35.091,35.161,35.031,35.121,30640,0
20120615,35.251,35.369,35.201,35.319,27938,0
20120618,35.261,35.299,35.171,35.289,11662,0
20120619,35.499,35.559,35.349,35.489,11788,0
20120620,35.499,35.539,35.399,35.449,2753,0
20120621,35.389,35.389,35.121,35.121,7193,0
20120622,35.171,35.231,35.131,35.201,4487,0
20120625,35.111,35.191,35.111,35.141,15393,0
20120626,35.031,35.161,35.031,35.061,109536,0
20120627,35.201,35.201,34.951,34.971,186547,0
20120628,34.921,35.021,34.911,34.991,10798,0
20120629,35.369,35.489,35.369,35.429,28657,0
20120702,35.579,35.579,35.489,35.509,2808,0
20120703,35.479,35.649,35.479,35.599,9421,0
20120705,35.729,35.729,35.211,35.27,14684,0
20120706,35.191,35.191,34.862,34.991,17397,0
20120709,35.011,35.131,35.001,35.111,5297,0
20120710,35.191,35.201,35.021,35.101,18626,0
20120711,35.081,35.151,34.951,35.001,78831,0
20120712,35.001,35.001,34.911,34.951,13111,0
20120713,34.911,35.051,34.911,35.031,35333,0
20120716,35.459,35.459,35.101,35.191,22608,0
20120717,35.221,35.261,35.131,35.241,11250,0
20120718,35.191,35.27,35.191,35.261,12206,0
20120719,35.28,35.359,35.27,35.349,4603,0
20120720,35.201,35.201,35.101,35.101,30892,0
20120723,35.031,35.031,34.891,35.011,20343,0
20120724,34.931,34.931,34.773,34.822,14707,0
20120725,34.911,34.961,34.862,34.961,3569,0
20120726,35.27,35.289,35.181,35.241,22705,0
20120727,35.309,35.429,35.309,35.319,5703,0
20120730,35.369,35.439,35.289,35.429,26220,0
20120731,35.319,35.469,35.319,35.409,15111,0
20120801,35.559,35.559,35.251,35.251,8614,0
20120802,35.319,35.329,35.201,35.319,23028,0
20120803,35.419,35.559,35.419,35.499,14950,0
20120806,35.609,35.759,35.609,35.759,8811,0
20120807,35.699,35.778,35.639,35.739,27035,0
20120808,35.629,35.709,35.579,35.619,15828,0
20120809,35.459,35.549,35.359,35.489,42369,0
20120810,35.449,35.639,35.449,35.599,7494,0
20120813,35.649,35.649,35.489,35.499,29810,0
20120814,35.489,35.589,35.459,35.559,7585,0
20120815,35.499,35.509,35.379,35.409,6710,0
20120816,35.409,35.559,35.399,35.529,12926,0
20120817,35.509,35.519,35.359,35.439,25769,0
20120820,35.349,35.519,35.349,35.519,10268,0
20120821,35.739,35.749,35.609,35.729,36598,0
20120822,35.719,35.917,35.649,35.907,26286,0
20120823,35.907,35.957,35.857,35.927,16427,0
20120824,35.867,35.937,35.828,35.887,21603,0
20120827,36.096,36.096,35.778,35.857,10980,0
20120828,35.937,35.957,35.867,35.957,7474,0
20120829,35.837,35.887,35.837,35.887,6747,0
20120830,35.828,36.126,35.769,35.828,28754,0
20120831,35.957,36.206,35.857,35.867,6706,0
20120904,35.977,36.056,35.917,35.997,21232,0
20120905,35.987,36.056,35.987,36.007,3787,0
20120906,35.967,36.146,35.967,36.086,9457,0
20120907,36.365,36.515,36.365,36.475,22446,0
20120910,36.375,36.545,36.375,36.485,11801,0
20120911,36.575,36.734,36.575,36.724,24546,0
20120912,36.734,36.734,36.644,36.684,5058,0
20120913,36.684,37.011,36.684,36.961,9686,0
20120914,37.081,37.201,37.071,37.101,69751,0
20120917,37.111,37.111,37.041,37.071,112538,0
20120918,36.911,36.961,36.852,36.921,6828,0
20120919,36.981,37.071,36.951,37.051,37396,0
20120920,36.832,36.931,36.803,36.931,41656,0
20120921,36.931,37.011,36.911,36.951,5444,0
20120924,36.822,36.901,36.812,36.881,8403,0
20120925,36.951,36.971,36.881,36.881,16805,0
20120926,36.754,36.774,36.724,36.774,5003,0
20120927,36.842,36.921,36.774,36.921,6744,0
20120928,36.921,36.921,36.754,36.764,17693,0
20121001,37.181,37.181,36.784,36.832,21404,0
20121002,37.211,37.211,36.634,36.794,54269,0
20121003,36.764,36.764,36.714,36.754,7002,0
20121004,36.871,36.991,36.871,36.951,6092,0
20121005,36.901,37.001,36.862,36.881,6872,0
20121008,36.784,36.862,36.784,36.862,2750,0
20121009,36.812,36.832,36.634,36.714,46323,0
20121010,36.664,36.784,36.664,36.754,10215,0
20121011,36.734,36.803,36.734,36.794,4341,0
20121012,36.822,36.931,36.764,36.832,13542,0
20121015,36.951,36.951,36.724,36.774,37367,0
20121016,36.891,36.971,36.891,36.921,8215,0
20121017,37.031,37.171,37.031,37.101,15941,0
20121018,36.951,37.271,36.931,36.931,14907,0
20121019,36.961,36.961,36.822,36.941,17383,0
20121022,36.871,36.971,36.822,36.832,34086,0
20121023,36.614,36.704,36.614,36.704,10073,0
20121024,36.694,36.704,36.585,36.594,18021,0
20121025,36.604,36.684,36.525,36.565,24556,0
20121026,36.674,36.704,36.644,36.684,17185,0
20121031,36.555,36.764,36.555,36.634,12447,0
20121101,36.754,36.754,36.614,36.714,16520,0
20121102,37.211,37.241,36.375,36.375,20934,0
20121105,36.335,36.445,36.315,36.445,7383,0
20121106,36.485,36.525,36.415,36.485,11578,0
20121107,36.475,36.475,36.405,36.425,4483,0
20121108,36.315,36.465,36.305,36.465,9611,0
20121109,36.415,36.415,36.266,36.405,6334,0
20121112,36.465,36.525,36.305,36.335,13290,0
20121113,36.236,36.415,36.236,36.305,22196,0
20121114,36.266,36.355,36.226,36.286,11024,0
20121115,36.236,36.286,36.166,36.216,24158,0
20121116,36.136,36.196,36.076,36.116,37680,0
20121119,36.226,36.375,36.226,36.286,7875,0
20121120,36.216,36.315,36.216,36.315,15217,0
20121121,36.186,36.276,36.166,36.276,31539,0
20121123,36.375,36.575,36.365,36.505,7275,0
20121126,36.465,36.565,36.465,36.495,66001,0
20121127,36.535,36.535,36.415,36.475,21943,0
20121128,36.385,36.565,36.385,36.505,32258,0
20121129,36.565,36.614,36.515,36.614,18375,0
20121130,36.545,36.604,36.495,36.545,8563,0
20121203,36.525,36.724,36.525,36.654,36110,0
20121204,36.784,36.822,36.724,36.764,19687,0
20121205,36.714,36.754,36.654,36.684,32021,0
20121206,36.694,36.794,36.495,36.575,600186,0
20121207,36.435,36.604,36.435,36.565,17434,0
20121210,36.555,36.614,36.505,36.525,28820,0
20121211,36.585,36.684,36.585,36.644,15819,0
20121212,36.624,36.784,36.624,36.704,42338,0
20121213,36.634,36.694,36.594,36.674,19488,0
20121214,36.624,36.812,36.624,36.754,39916,0
20121217,36.754,36.822,36.724,36.734,48680,0
20121218,36.176,36.911,35.957,36.901,32289,0
20121219,36.871,36.941,36.862,36.871,22679,0
20121220,36.852,36.931,36.774,36.852,41555,0
20121221,37.271,37.271,36.634,36.634,20657,0
20121224,36.704,36.774,36.604,36.614,16565,0
20121226,36.604,36.694,36.565,36.644,12431,0
20121227,36.627,36.697,36.528,36.657,19567,0
20121228,36.538,36.667,36.518,36.518,20420,0
20121231,36.627,36.667,36.438,36.478,71669,0
20130102,36.568,36.677,36.358,36.518,111802,0
20130103,36.478,36.508,36.328,36.388,37882,0
20130104,36.259,36.298,36.1,36.269,496050,0
20130107,36.23,36.398,36.21,36.348,73952,0
20130108,36.348,36.398,36.249,36.328,32075,0
20130109,36.19,36.289,36.12,36.239,262492,0
20130110,36.498,36.558,36.408,36.548,14521,0
20130111,36.597,36.597,36.448,36.508,297766,0
20130114,36.488,36.538,36.488,36.518,5047,0
20130115,36.548,36.568,36.408,36.448,19383,0
20130116,36.518,36.597,36.398,36.438,78649,0
20130117,36.448,36.478,36.388,36.428,12212,0
20130118,36.318,36.318,36.239,36.269,9542,0
20130122,36.368,36.458,36.348,36.428,18758,0
20130123,36.458,36.458,36.308,36.398,25825,0
20130124,36.298,36.348,36.239,36.298,12753,0
20130125,36.259,36.328,36.239,36.328,16942,0
20130128,36.23,36.279,36.22,36.279,33146,0
20130129,36.358,36.388,36.298,36.318,34886,0
20130130,36.308,36.478,36.308,36.428,17038,0
20130131,36.428,36.468,36.418,36.468,26938,0
20130201,36.418,36.528,36.408,36.418,24200,0
20130204,36.249,36.318,36.249,36.269,13786,0
20130205,36.18,36.328,36.17,36.289,23498,0
20130206,36.15,36.249,36.09,36.21,20323,0
20130207,36.06,36.06,35.951,36.021,35506,0
20130208,36.07,36.07,36.011,36.031,5546,0
20130211,35.971,36.04,35.921,35.941,15805,0
20130212,35.921,36.18,35.921,36.16,184490,0
20130213,36.18,36.19,36.15,36.16,8917,0
20130214,36.04,36.11,35.981,36.11,14028,0
20130215,36.031,36.031,36.001,36.021,4353,0
20130219,36.06,36.12,35.981,36.11,19079,0
20130220,36.06,36.06,35.831,35.851,12094,0
20130221,35.801,35.801,35.712,35.762,52403,0
20130222,35.762,35.772,35.702,35.772,23993,0
20130225,35.801,35.861,35.662,35.762,34633,0
20130226,35.662,35.742,35.602,35.672,16135,0
20130227,35.772,35.781,35.682,35.722,12253,0
20130228,35.662,35.702,35.622,35.622,19329,0
20130301,35.492,35.502,35.412,35.492,19670,0
20130304,35.462,35.482,35.372,35.462,24723,0
20130305,35.532,35.592,35.472,35.522,14528,0
20130306,35.492,35.512,35.372,35.372,26443,0
20130307,35.522,35.572,35.452,35.472,12564,0
20130308,35.204,35.273,35.144,35.214,86487,0
20130311,35.174,35.254,35.144,35.204,564509,0
20130312,35.292,35.332,35.263,35.302,11990,0
20130313,35.154,35.204,35.075,35.164,8942,0
20130314,35.055,35.282,35.055,35.194,22000,0
20130315,35.352,35.432,35.332,35.352,23714,0
20130318,35.244,35.392,35.184,35.184,25032,0
20130319,35.214,35.282,35.065,35.104,123303,0
20130320,35.184,35.204,35.104,35.134,29826,0
20130321,35.134,35.244,35.124,35.154,39960,0
20130322,35.234,35.392,35.204,35.362,26220,0
20130325,35.352,35.352,35.164,35.263,41194,0
20130326,35.254,35.342,35.174,35.184,80699,0
20130327,35.134,35.154,35.075,35.114,42979,0
20130328,35.134,35.282,35.114,35.184,182927,0
20130401,35.254,35.332,35.174,35.254,156940,0
20130402,35.282,35.322,35.234,35.244,109237,0
20130403,35.282,35.382,35.282,35.302,29382,0
20130404,35.065,35.263,34.985,35.224,159699,0
20130405,35.234,35.292,35.144,35.204,68033,0
20130408,35.084,35.214,35.025,35.065,97154,0
20130409,35.184,35.282,35.124,35.194,67384,0
20130410,35.224,35.263,35.075,35.075,170758,0
20130411,35.234,35.322,35.214,35.214,110794,0
20130412,35.234,35.312,35.204,35.312,26753,0
20130415,35.332,35.342,35.244,35.302,61037,0
20130416,35.362,35.552,35.342,35.532,101872,0
20130417,35.332,35.362,35.184,35.204,29525,0
20130418,35.234,35.282,35.154,35.204,36594,0
20130419,35.214,35.282,35.104,35.134,17580,0
20130422,35.075,35.174,35.035,35.144,22082,0
20130423,35.065,35.114,35.055,35.065,23911,0
20130424,35.045,35.144,35.025,35.134,43623,0
20130425,35.194,35.194,35.124,35.134,10601,0
20130426,35.244,35.342,35.244,35.322,5546,0
20130429,35.472,35.472,35.412,35.462,16277,0
20130430,35.472,35.682,35.472,35.652,9491,0
20130501,35.722,35.732,35.642,35.692,79886,0
20130502,35.482,35.492,35.452,35.452,14831,0
20130503,35.542,35.542,35.432,35.442,10646,0
20130506,35.392,35.422,35.332,35.352,13766,0
20130507,35.402,35.472,35.372,35.412,42389,0
20130508,35.532,35.602,35.532,35.562,23259,0
20130509,35.422,35.452,35.154,35.184,41190,0
20130510,35.035,35.035,34.876,34.935,22650,0
20130513,34.935,34.965,34.856,34.895,15958,0
20130514,34.895,34.955,34.737,34.816,72576,0
20130515,34.607,34.717,34.577,34.707,130586,0
20130516,34.687,34.806,34.647,34.647,20650,0
20130517,34.488,34.537,34.458,34.458,16695,0
20130520,34.587,34.697,34.577,34.647,20627,0
20130521,34.498,34.707,34.498,34.707,75991,0
20130522,34.577,34.647,34.398,34.518,62202,0
20130523,34.657,34.717,34.607,34.717,65313,0
20130524,34.697,34.766,34.677,34.707,22489,0
20130528,34.527,34.557,34.398,34.438,16528,0
20130529,34.607,34.647,34.557,34.597,19238,0
20130530,34.657,34.796,34.657,34.756,17259,0
20130531,34.627,34.667,34.607,34.667,13161,0
20130603,34.717,35.005,34.677,34.955,35232,0
20130604,34.905,34.955,34.846,34.955,29845,0
20130605,34.925,34.995,34.925,34.975,18871,0
20130606,35.045,35.532,35.045,35.382,10576,0
20130607,35.282,35.332,35.244,35.282,10007,0
20130610,35.055,35.214,34.985,35.134,89319,0
20130611,35.204,35.472,35.204,35.462,16464,0
20130612,35.472,35.602,35.472,35.522,17774,0
20130613,35.632,35.752,35.612,35.742,90419,0
20130614,35.622,35.781,35.592,35.781,78475,0
20130617,35.722,35.772,35.622,35.752,13954,0
20130618,35.582,35.712,35.582,35.652,15991,0
20130619,35.692,35.742,35.144,35.273,12058,0
20130620,34.905,35.025,34.697,35.025,30754,0
20130621,34.717,34.856,34.717,34.826,35797,0
20130624,34.607,34.846,34.537,34.786,27635,0
20130625,34.776,34.856,34.587,34.776,21507,0
20130626,34.756,34.766,34.527,34.707,22260,0
20130627,34.746,34.766,34.567,34.756,43388,0
20130628,34.577,34.707,34.557,34.657,23883,0
20130701,34.617,34.766,34.518,34.597,37044,0
20130702,34.468,34.617,34.438,34.438,31994,0
20130703,34.498,34.627,34.488,34.508,43098,0
20130705,34.238,34.238,34.139,34.219,25165,0
20130708,34.219,34.258,34.219,34.258,30241,0
20130709,34.258,34.258,34.139,34.189,8475,0
20130710,34.318,34.557,34.288,34.428,25489,0
20130711,34.717,34.945,34.717,34.895,18458,0
20130712,34.727,34.846,34.677,34.816,50969,0
20130715,34.766,34.816,34.707,34.816,11698,0
20130716,34.876,35.084,34.876,35.084,60095,0
20130717,35.075,35.075,34.866,34.945,11914,0
20130718,34.856,34.915,34.796,34.915,47361,0
20130719,34.856,35.035,34.856,34.975,15761,0
20130722,35.084,35.214,35.065,35.144,22550,0
20130723,35.094,35.224,35.045,35.154,24850,0
20130724,35.094,35.154,34.965,35.035,43323,0
20130725,35.124,35.234,35.084,35.234,9336,0
20130726,35.332,35.382,35.263,35.302,5291,0
20130729,35.332,35.382,35.273,35.382,11640,0
20130730,35.273,35.352,35.164,35.224,22179,0
20130731,35.154,35.402,35.114,35.392,19951,0
20130801,35.164,35.174,35.005,35.035,92849,0
20130802,35.055,35.254,35.055,35.154,18708,0
20130805,35.214,35.263,35.164,35.263,12903,0
20130806,35.263,35.402,35.263,35.382,75855,0
20130807,35.452,35.582,35.442,35.562,35638,0
20130808,35.632,35.752,35.592,35.692,17016,0
20130809,35.682,35.722,35.612,35.722,23793,0
20130812,35.472,35.622,35.472,35.572,14275,0
20130813,35.322,35.332,35.254,35.254,382898,0
20130814,35.292,35.322,35.204,35.292,40068,0
20130815,35.144,35.442,35.144,35.382,7031,0
20130816,35.472,35.512,35.332,35.442,55762,0
20130819,35.432,35.432,35.312,35.342,44628,0
20130820,35.502,35.592,35.432,35.432,86761,0
20130821,35.332,35.362,35.234,35.234,30104,0
20130822,35.194,35.234,35.114,35.164,7482,0
20130823,35.134,35.332,35.134,35.244,13248,0
20130826,35.282,35.302,35.194,35.214,13859,0
20130827,35.254,35.372,35.244,35.322,39421,0
20130828,35.194,35.263,35.154,35.164,7796,0
20130829,35.015,35.094,34.975,35.084,8962,0
20130830,35.075,35.075,34.935,35.075,12378,0
20130903,35.302,35.302,34.836,34.925,17670,0
20130904,35.005,35.075,34.945,35.065,14809,0
20130905,34.935,34.935,34.786,34.806,15454,0
20130906,35.035,35.124,35.035,35.084,67709,0
20130909,35.174,35.204,35.124,35.204,9904,0
20130910,35.134,35.164,35.124,35.164,16385,0
20130911,35.184,35.372,35.154,35.342,35226,0
20130912,35.234,35.362,35.234,35.312,18913,0
20130913,35.273,35.352,35.254,35.352,5961,0
20130916,35.542,35.572,35.442,35.482,18944,0
20130917,35.492,35.562,35.422,35.522,22701,0
20130918,35.462,35.921,35.382,35.921,9028,0
20130919,35.881,35.941,35.692,35.881,12455,0
20130920,35.831,35.841,35.632,35.831,10997,0
20130923,35.702,35.851,35.682,35.831,28025,0
20130924,35.682,35.831,35.652,35.791,20115,0
20130925,35.652,35.891,35.642,35.891,91689,0
20130926,35.752,35.781,35.692,35.702,19454,0
20130927,35.861,36.11,35.781,35.851,16510,0
20130930,35.861,35.911,35.821,35.881,14997,0
20131001,35.921,35.981,35.881,35.951,96299,0
20131002,36.07,36.09,35.991,36.05,129308,0
20131003,36.06,36.14,36.031,36.13,82894,0
20131004,36.021,36.12,35.981,36.04,21988,0
20131007,36.06,36.13,36.04,36.12,12167,0
20131008,36.11,36.13,36.011,36.09,27174,0
20131009,35.941,35.961,35.752,35.961,22939,0
20131010,35.891,35.951,35.851,35.901,16146,0
20131011,35.951,35.971,35.851,35.931,39705,0
20131014,35.991,36.021,35.921,35.971,21649,0
20131015,35.891,35.991,35.891,35.941,52336,0
20131016,35.991,35.991,35.851,35.941,15172,0
20131017,36.269,36.318,36.19,36.23,68540,0
20131018,36.249,36.358,36.21,36.239,7846,0
20131021,36.259,36.298,36.12,36.19,19841,0
20131022,36.368,36.458,36.368,36.438,16482,0
20131023,36.418,36.498,36.418,36.428,14467,0
20131024,36.448,36.538,36.368,36.448,25986,0
20131025,36.418,36.518,36.368,36.468,8009,0
20131028,36.289,36.408,36.289,36.378,16938,0
20131029,36.338,36.368,36.2,36.22,22953,0
20131030,36.269,36.328,36.17,36.21,13582,0
20131031,36.09,36.17,35.951,36.001,28936,0
20131101,35.841,35.881,35.722,35.752,42296,0
20131104,35.801,35.911,35.801,35.911,133069,0
20131105,35.762,35.811,35.732,35.801,38129,0
20131106,35.891,35.941,35.821,35.841,8069,0
20131107,35.632,35.851,35.612,35.791,24871,0
20131108,35.622,35.642,35.492,35.492,13314,0
20131111,35.622,35.672,35.512,35.672,10165,0
20131112,35.612,35.632,35.512,35.532,14485,0
20131113,35.642,35.722,35.522,35.712,33281,0
20131114,35.622,35.752,35.562,35.682,25464,0
20131115,35.632,35.781,35.632,35.752,11200,0
20131118,35.672,35.871,35.662,35.801,29427,0
20131119,35.742,35.841,35.742,35.811,23496,0
20131120,35.861,35.861,35.582,35.642,43563,0
20131121,35.542,35.592,35.542,35.552,15492,0
20131122,35.652,35.712,35.632,35.692,17115,0
20131125,35.602,35.622,35.532,35.622,4608,0
20131126,35.642,35.742,35.642,35.742,11573,0
20131127,35.632,35.632,35.582,35.632,13108,0
20131129,35.662,35.821,35.652,35.652,10199,0
20131202,35.532,35.532,35.462,35.502,323238,0
20131203,35.602,35.642,35.532,35.602,59846,0
20131204,35.482,35.602,35.452,35.562,34291,0
20131205,35.622,35.772,35.602,35.662,16605,0
20131206,35.682,35.772,35.652,35.662,42795,0
20131209,35.821,35.821,35.712,35.791,116505,0
20131210,35.851,35.941,35.821,35.901,17895,0
20131211,35.981,35.981,35.841,35.871,35605,0
20131212,35.742,35.831,35.672,35.732,12575,0
20131213,35.762,35.781,35.662,35.762,31715,0
20131216,35.791,35.821,35.742,35.752,48384,0
20131217,35.762,35.801,35.742,35.791,48145,0
20131218,35.772,36.259,35.582,35.582,10141,0
20131219,35.472,35.592,35.452,35.532,55592,0
20131220,35.532,35.572,35.472,35.522,37835,0
20131223,35.622,35.632,35.492,35.492,30503,0
20131224,35.472,35.592,35.472,35.552,11303,0
20131226,35.482,35.582,35.452,35.582,16009,0
20131227,35.583,35.633,35.523,35.553,8444,0
20131230,35.673,35.733,35.663,35.693,13964,0
20131231,35.643,35.743,35.573,35.683,25285,0
20140102,35.553,35.553,35.473,35.523,19714,0
20140103,35.433,35.483,35.373,35.373,154648,0
20140106,35.463,35.553,35.433,35.463,45065,0
20140107,35.423,35.483,35.413,35.433,13059,0
20140108,35.363,35.373,35.274,35.333,46951,0
20140109,35.373,35.423,35.333,35.423,14376,0
20140110,35.483,35.623,35.483,35.623,13736,0
20140113,35.633,35.703,35.613,35.693,21275,0
20140114,35.553,35.613,35.553,35.563,26002,0
20140115,35.383,35.433,35.323,35.363,13697,0
20140116,35.473,35.473,35.333,35.433,23528,0
20140117,35.373,35.373,35.283,35.293,21290,0
20140121,35.413,35.413,35.313,35.323,13253,0
20140122,35.323,35.363,35.264,35.313,26474,0
20140123,35.453,35.603,35.453,35.603,14999,0
20140124,35.513,35.513,35.463,35.493,163056,0
20140127,35.513,35.523,35.473,35.473,81506,0
20140128,35.513,35.553,35.413,35.453,41334,0
20140129,35.603,35.603,35.453,35.483,23639,0
20140130,35.303,35.353,35.283,35.303,29458,0
20140131,35.264,35.313,35.225,35.313,92556,0
20140203,35.293,35.413,35.293,35.413,17935,0
20140204,35.423,35.443,35.383,35.403,57713,0
20140205,35.413,35.503,35.383,35.493,62196,0
20140206,35.533,35.643,35.503,35.503,401428,0
20140207,35.523,35.613,35.503,35.613,22223,0
20140210,35.563,35.613,35.563,35.583,15950,0
20140211,35.493,35.653,35.493,35.623,12668,0
20140212,35.533,35.583,35.533,35.563,12644,0
20140213,35.792,35.792,35.683,35.743,15308,0
20140214,35.822,35.832,35.782,35.792,19879,0
20140218,35.862,35.882,35.842,35.862,220996,0
20140219,35.822,35.842,35.723,35.753,31775,0
20140220,35.603,35.753,35.603,35.753,13000,0
20140221,35.663,35.753,35.663,35.733,13089,0
20140224,35.753,35.812,35.723,35.812,90803,0
20140225,35.862,35.882,35.792,35.862,10575,0
20140226,35.773,35.773,35.673,35.723,16931,0
20140227,35.753,35.822,35.733,35.792,24331,0
20140228,35.912,36.012,35.912,35.982,5874,0
20140303,35.932,36.002,35.842,35.872,42959,0
20140304,35.872,35.872,35.792,35.832,20111,0
20140305,35.862,35.892,35.782,35.862,23200,0
20140306,36.012,36.041,35.932,36.002,20063,0
20140307,35.952,36.002,35.932,35.952,28889,0
20140310,35.862,35.972,35.862,35.962,20582,0
20140311,35.792,35.932,35.792,35.842,343655,0
20140312,35.902,35.952,35.892,35.932,13730,0
20140313,36.061,36.081,35.942,36.002,16022,0
20140314,36.081,36.111,36.061,36.061,10595,0
20140317,36.061,36.161,36.061,36.081,44812,0
20140318,36.111,36.161,36.091,36.131,27109,0
20140319,36.111,36.111,35.792,35.832,17470,0
20140320,35.743,35.782,35.703,35.753,23519,0
20140321,35.773,35.822,35.773,35.822,14983,0
20140324,35.753,35.932,35.753,35.902,233504,0
20140325,35.862,35.932,35.812,35.882,10260,0
20140326,35.862,35.922,35.842,35.902,8432,0
20140327,35.882,35.932,35.862,35.872,12133,0
20140328,35.872,35.872,35.812,35.822,9031,0
20140331,35.363,35.932,35.363,35.882,14168,0
20140401,35.872,35.902,35.862,35.892,19767,0
20140402,35.842,35.842,35.773,35.792,20035,0
20140403,35.723,35.753,35.693,35.713,22341,0
20140404,35.782,35.822,35.763,35.782,14465,0
20140407,35.882,36.111,35.852,35.912,28528,0
20140408,36.071,36.171,36.061,36.151,22257,0
20140409,36.31,36.31,36.081,36.241,46422,0
20140410,36.191,36.33,36.191,36.29,20420,0
20140411,36.31,36.31,36.241,36.251,14282,0
20140414,36.141,36.4,36.131,36.181,6097,0
20140415,36.111,36.151,36.091,36.141,12371,0
20140416,36.101,36.141,36.071,36.071,172932,0
20140417,36.131,36.161,36.002,36.002,20689,0
20140421,35.583,36.101,35.583,36.032,17799,0
20140422,36.251,36.251,36.032,36.032,11064,0
20140423,36.111,36.111,36.032,36.071,15475,0
20140424,36.071,36.101,36.051,36.101,18707,0
20140425,36.141,36.141,36.051,36.111,5982,0
20140428,36.151,36.151,36.081,36.111,17732,0
20140429,36.041,36.101,35.862,36.081,11237,0
20140430,36.161,36.221,36.161,36.221,13825,0
20140501,36.201,36.231,36.171,36.181,94765,0
20140502,35.832,36.281,35.832,36.211,51805,0
20140505,36.251,36.29,36.221,36.251,19553,0
20140506,36.251,36.42,36.251,36.4,20390,0
20140507,36.35,36.42,36.35,36.36,35842,0
20140508,36.4,36.41,36.35,36.39,30271,0
20140509,36.689,36.689,36.171,36.201,79636,0
20140512,36.191,36.191,36.131,36.161,43411,0
20140513,36.161,36.161,36.081,36.101,11878,0
20140514,36.151,36.181,36.121,36.131,37481,0
20140515,36.121,36.201,36.111,36.151,77306,0
20140516,36.201,36.221,36.171,36.191,4479,0
20140519,36.251,36.271,36.191,36.231,12775,0
20140520,36.071,36.181,36.071,36.141,30536,0
20140521,36.111,36.171,36.071,36.171,84923,0
20140522,36.101,36.131,36.051,36.111,9889,0
20140523,36.111,36.111,36.022,36.022,13972,0
20140527,36.081,36.101,36.012,36.091,18473,0
20140528,36.061,36.231,36.022,36.041,11150,0
20140529,36.071,36.201,36.041,36.051,7209,0
20140530,36.101,36.271,36.051,36.051,23843,0
20140602,35.583,35.972,35.175,35.902,101348,0
20140603,35.952,36.171,35.932,35.942,7592,0
20140604,35.922,35.932,35.872,35.882,13656,0
20140605,35.802,36.071,35.792,36.051,22651,0
20140606,36.051,36.221,36.032,36.131,34515,0
20140609,36.161,36.31,35.952,36.061,17311,0
20140610,35.942,36.032,35.912,35.962,21193,0
20140611,36.012,36.012,35.942,35.962,7562,0
20140612,36.012,36.081,35.962,36.061,12016,0
20140613,36.002,36.012,35.972,36.012,14073,0
20140616,36.171,36.171,36.002,36.061,10577,0
20140617,35.942,35.992,35.922,35.932,25322,0
20140618,36.101,36.101,35.922,36.061,31460,0
20140619,36.081,36.141,36.032,36.032,26721,0
20140620,36.121,36.121,35.982,36.002,80484,0
20140623,36.101,36.4,36.061,36.131,6446,0
20140624,36.161,36.29,36.061,36.081,8725,0
20140625,36.161,36.191,36.121,36.141,19407,0
20140626,36.121,36.181,36.121,36.171,28820,0
20140627,36.231,36.29,36.191,36.221,27368,0
20140630,36.241,36.38,36.241,36.35,7344,0
20140701,36.649,36.649,36.281,36.281,13756,0
20140702,36.231,36.261,36.201,36.261,8834,0
20140703,36.141,36.161,36.111,36.131,13776,0
20140707,36.141,36.231,36.141,36.171,11680,0
20140708,36.221,36.221,36.181,36.191,9091,0
20140709,36.171,36.29,36.171,36.241,9785,0
20140710,36.241,36.241,36.201,36.231,17923,0
20140711,36.181,36.231,36.181,36.221,15121,0
20140714,36.221,36.241,36.111,36.231,14591,0
20140715,36.201,36.231,36.101,36.111,18360,0
20140716,36.061,36.091,35.753,36.091,12923,0
20140717,36.101,36.131,36.091,36.111,14335,0
20140718,36.061,36.121,36.022,36.111,12529,0
20140721,36.081,36.111,36.081,36.101,29387,0
20140722,35.972,36.071,35.972,36.061,13765,0
20140723,36.061,36.151,36.041,36.071,17604,0
20140724,36.041,36.071,36.012,36.051,15333,0
20140725,35.962,36.022,35.753,35.992,7475,0
20140728,36.041,36.041,35.982,36.022,53986,0
20140729,35.962,36.002,35.902,35.902,25719,0
20140730,35.812,35.842,35.713,35.773,18110,0
20140731,35.713,35.753,35.693,35.723,55008,0
20140801,35.743,35.862,35.733,35.782,17725,0
20140804,35.822,36.211,35.802,35.822,22825,0
20140805,35.733,35.753,35.613,35.733,129704,0
20140806,36.061,36.061,35.693,35.792,12520,0
20140807,35.703,35.822,35.673,35.743,17243,0
20140808,35.882,36.051,35.773,35.822,38195,0
20140811,35.852,36.201,35.782,35.782,20909,0
20140812,35.763,35.782,35.743,35.773,27345,0
20140813,35.802,35.832,35.753,35.792,79987,0
20140814,35.942,35.942,35.802,35.802,9091,0
20140815,35.832,35.862,35.753,35.862,11914,0
20140818,35.852,35.892,35.763,35.802,19755,0
20140819,35.733,35.753,35.613,35.703,13852,0
20140820,35.603,35.603,35.453,35.513,21087,0
20140821,35.513,35.603,35.453,35.503,9278,0
20140822,35.543,35.603,35.393,35.563,21841,0
20140825,35.463,35.473,35.423,35.433,10178,0
20140826,35.463,35.753,35.363,35.373,9810,0
20140827,35.483,35.583,35.423,35.483,16815,0
20140828,35.553,35.553,35.393,35.453,5848,0
20140829,35.453,35.503,35.383,35.393,12008,0
20140902,35.264,35.373,35.115,35.225,23952,0
20140903,35.274,35.363,35.255,35.293,13702,0
20140904,35.215,35.215,35.015,35.045,10574,0
20140905,34.826,35.115,34.826,35.075,11294,0
20140908,34.985,35.005,34.846,34.866,9128,0
20140909,34.945,34.945,34.727,34.856,12327,0
20140910,34.727,34.776,34.697,34.766,22948,0
20140911,34.746,34.786,34.667,34.667,34505,0
20140912,34.627,34.727,34.617,34.667,16268,0
20140915,34.677,34.687,34.647,34.687,51076,0
20140916,34.707,34.915,34.667,34.756,22614,0
20140917,34.697,34.786,34.408,34.488,168482,0
20140918,34.567,34.587,34.448,34.508,29661,0
20140919,34.388,34.518,34.318,34.368,47584,0
20140922,34.328,34.428,34.308,34.348,120233,0
20140923,34.478,34.478,34.328,34.398,38613,0
20140924,34.338,34.338,34.238,34.258,41364,0
20140925,34.179,34.268,34.109,34.219,76997,0
20140926,34.079,34.179,34.009,34.019,72775,0
20140929,34.049,34.049,33.959,33.969,64267,0
20140930,33.889,33.959,33.849,33.889,153280,0
20141001,33.849,33.969,33.849,33.919,29086,0
20141002,34.059,34.159,33.989,34.059,35444,0
20141003,33.789,33.799,33.631,33.671,93008,0
20141006,33.76,34.019,33.76,33.979,53890,0
20141007,34.019,34.079,33.939,34.039,83059,0
20141008,34.009,34.229,33.919,34.219,808288,0
20141009,34.229,34.238,34.069,34.119,38284,0
20141010,34.019,34.059,33.979,33.979,22912,0
20141013,34.129,34.199,34.099,34.139,22024,0
20141014,34.109,34.189,34.089,34.099,49904,0
20141015,34.199,34.458,34.199,34.398,45529,0
20141016,34.318,34.428,34.278,34.348,71774,0
20141017,34.298,34.338,34.248,34.248,16012,0
20141020,34.318,34.408,34.278,34.338,63428,0
20141021,34.278,34.308,34.229,34.258,51617,0
20141022,34.149,34.159,34.089,34.099,16817,0
20141023,34.029,34.089,33.919,34.019,15274,0
20141024,34.049,34.149,34.049,34.079,33835,0
20141027,34.059,34.179,34.059,34.179,22820,0
20141028,34.229,34.268,34.129,34.238,32091,0
20141029,34.258,34.288,33.959,34.009,6772,0
20141030,33.929,34.009,33.849,33.909,55115,0
20141031,33.769,33.769,33.441,33.571,37416,0
20141103,33.371,33.391,33.291,33.341,27872,0
20141104,33.351,33.611,33.351,33.491,85096,0
20141105,33.241,33.441,33.211,33.221,198399,0
20141106,33.133,33.411,32.984,33.083,118729,0
20141107,33.073,33.311,33.073,33.211,23918,0
20141110,33.331,33.331,33.113,33.183,22647,0
20141111,33.163,33.431,33.043,33.153,55396,0
20141112,33.143,33.221,33.053,33.173,77973,0
20141113,33.123,33.301,33.083,33.183,64490,0
20141114,33.143,33.221,32.934,33.201,104857,0
20141117,33.053,33.123,33.004,33.004,77667,0
20141118,33.123,33.163,33.103,33.133,92340,0
20141119,33.093,33.163,32.974,33.023,96191,0
20141120,33.053,33.093,32.974,33.004,112308,0
20141121,32.914,33.053,32.854,32.914,36088,0
20141124,32.894,32.974,32.864,32.944,44394,0
20141125,32.964,33.053,32.934,32.984,20956,0
20141126,33.023,33.103,32.984,33.083,44596,0
20141128,32.924,32.924,32.834,32.834,15365,0
20141201,32.934,32.954,32.844,32.854,47924,0
20141202,32.694,32.694,32.625,32.635,47365,0
20141203,32.525,32.605,32.485,32.545,21148,0
20141204,32.555,32.704,32.555,32.615,26461,0
20141205,32.355,32.395,32.285,32.325,14978,0
20141208,32.325,32.475,32.196,32.375,528020,0
20141209,32.435,32.724,32.435,32.485,158155,0
20141210,32.535,32.764,32.535,32.694,83771,0
20141211,32.495,32.565,32.435,32.475,122444,0
20141212,32.605,32.635,32.525,32.595,30203,0
20141215,32.485,32.615,32.475,32.515,183718,0
20141216,32.694,32.784,32.625,32.784,36832,0
20141217,32.625,32.844,32.305,32.325,350618,0
20141218,32.335,32.475,32.236,32.395,155197,0
20141219,32.385,32.495,32.236,32.255,73409,0
20141222,32.425,32.425,32.226,32.236,618572,0
20141223,32.127,32.176,31.867,31.967,101580,0
20141224,32.077,32.206,32.057,32.196,51999,0
20141226,32.694,32.694,32.127,32.295,206925,0
20141229,32.258,32.638,32.139,32.239,1573263,0
20141230,32.368,32.388,32.258,32.348,141695,0
20141231,32.219,32.328,31.819,32.199,567104,0
20150102,32.009,32.079,31.789,31.789,78079,0
20150105,32.169,32.169,31.669,31.869,57760,0
20150106,31.869,32.019,31.779,31.879,145453,0
20150107,31.759,31.899,31.559,31.739,78588,0
20150108,31.659,31.819,31.559,31.739,207242,0
20150109,31.779,31.969,31.769,31.819,89048,0
20150112,31.999,32.009,31.749,31.889,115402,0
20150113,30.771,31.989,30.771,31.759,65008,0
20150114,31.959,31.969,31.779,31.909,72134,0
20150115,31.869,31.929,31.749,31.859,77703,0
20150116,31.999,31.999,31.619,31.749,2675411,0
20150120,31.589,31.599,31.499,31.529,90446,0
20150121,31.879,31.889,31.539,31.569,208998,0
20150122,31.569,31.579,31.311,31.311,70164,0
20150123,31.321,31.321,31.121,31.191,75289,0
20150126,31.111,31.281,31.081,31.091,106648,0
20150127,31.341,31.481,31.261,31.331,51675,0
20150128,31.271,31.311,31.181,31.181,122101,0
20150129,31.191,31.271,31.011,31.131,68691,0
20150130,31.261,31.261,31.061,31.141,68797,0
20150202,31.291,31.291,31.111,31.211,75703,0
20150203,31.321,31.499,31.281,31.451,1585612,0
20150204,31.281,31.539,31.251,31.261,753740,0
20150205,31.371,31.481,31.351,31.471,144358,0
20150206,31.121,31.181,31.011,31.071,82563,0
20150209,31.151,31.211,31.091,31.101,63146,0
20150210,31.001,31.081,30.991,31.051,33471,0
20150211,30.941,30.941,30.851,30.881,33358,0
20150212,31.121,31.241,31.021,31.201,61038,0
20150213,31.211,31.371,31.131,31.231,44021,0
20150217,31.141,31.401,29.684,31.201,70316,0
20150218,31.201,31.361,31.041,31.211,50160,0
20150219,31.111,31.201,31.091,31.101,167316,0
20150220,31.221,31.231,31.091,31.141,42779,0
20150223,31.071,31.291,31.031,31.121,55356,0
20150224,30.981,31.161,30.911,31.161,34476,0
20150225,31.111,31.231,31.111,31.201,59968,0
20150226,30.991,31.071,30.921,30.951,284693,0
20150227,31.001,31.021,30.891,30.971,48883,0
20150302,30.951,31.001,30.811,30.871,36770,0
20150303,30.921,30.991,30.861,30.901,31159,0
20150304,30.771,30.961,30.652,30.761,100591,0
20150305,30.692,30.692,30.542,30.632,77347,0
20150306,30.292,30.362,30.152,30.242,56107,0
20150309,30.332,30.462,30.212,30.222,42481,0
20150310,30.032,30.072,29.843,30.002,52600,0
20150311,29.843,29.843,29.684,29.783,33564,0
20150312,29.923,29.943,29.793,29.873,26350,0
20150313,29.744,29.744,29.594,29.594,26951,0
20150316,29.843,29.893,29.744,29.764,89370,0
20150317,29.853,29.863,29.754,29.823,40076,0
20150318,29.813,30.442,29.803,30.402,43282,0
20150319,29.963,30.122,29.793,29.963,55405,0
20150320,30.232,30.452,30.072,30.272,54103,0
20150323,30.562,30.702,30.502,30.662,37271,0
20150324,30.632,30.632,30.402,30.582,25549,0
20150325,30.741,30.741,30.582,30.672,133053,0
20150326,30.722,30.761,30.462,30.482,44384,0
20150327,30.502,30.562,30.452,30.552,17133,0
20150330,30.342,30.362,30.252,30.332,16331,0
20150331,30.182,30.302,30.172,30.282,29040,0
20150401,30.242,30.342,30.242,30.262,70233,0
20150402,30.362,30.532,30.362,30.532,100191,0
20150406,30.751,30.811,30.612,30.652,36068,0
20150407,30.472,30.492,30.362,30.442,49355,0
20150408,30.522,30.522,30.342,30.452,348262,0
20150409,30.402,30.402,30.112,30.142,59866,0
20150410,30.242,30.242,30.042,30.112,19336,0
20150413,30.042,30.082,29.972,30.072,29656,0
20150414,30.182,30.312,30.182,30.262,35167,0
20150415,30.242,30.412,30.172,30.372,37757,0
20150416,30.432,30.662,30.292,30.512,26270,0
20150417,30.522,30.602,30.502,30.552,30358,0
20150420,30.422,30.552,30.372,30.392,26360,0
20150421,30.322,30.482,30.312,30.352,3515271,0
20150422,30.412,30.432,30.352,30.402,58912,0
20150423,30.362,30.602,30.242,30.562,25849,0
20150424,30.612,30.712,30.592,30.692,109958,0
20150427,30.672,30.821,30.662,30.731,30959,0
20150428,30.861,30.971,30.801,30.951,14699,0
20150429,31.041,31.301,31.001,31.131,35468,0
20150430,31.091,31.181,31.051,31.151,10720,0
20150501,31.111,31.121,30.911,30.971,17533,0
20150504,30.881,30.981,30.841,30.961,38474,0
20150505,30.941,31.101,30.921,31.061,47090,0
20150506,31.191,31.351,31.191,31.311,12943,0
20150507,31.181,31.181,31.081,31.141,21163,0
20150508,31.131,31.161,31.011,31.161,13426,0
20150511,30.971,30.991,30.941,30.941,13125,0
20150512,31.141,31.181,31.091,31.151,6882,0
20150513,31.361,31.461,31.361,31.401,43373,0
20150514,31.519,31.539,31.441,31.489,10720,0
20150515,31.371,31.569,31.371,31.539,11229,0
20150518,31.381,31.529,31.261,31.321,40135,0
20150519,30.981,31.061,30.951,31.001,227331,0
20150520,30.891,30.981,30.801,30.881,22174,0
20150521,30.901,30.971,30.901,30.921,15229,0
20150522,30.761,30.851,30.702,30.771,57410,0
20150526,30.432,30.532,30.372,30.422,26389,0
20150527,30.282,30.362,30.262,30.322,67328,0
20150528,30.232,30.362,30.192,30.322,19892,0
20150529,30.432,30.442,30.352,30.432,9519,0
20150601,30.332,30.382,30.132,30.232,38121,0
20150602,30.562,30.692,30.452,30.602,19985,0
20150603,30.712,30.741,30.622,30.731,9819,0
20150604,30.652,30.702,30.602,30.652,19336,0
20150605,30.412,30.412,30.232,30.312,9117,0
20150608,30.122,30.682,30.122,30.642,34465,0
20150609,30.592,30.811,30.582,30.602,9322,0
20150610,30.901,30.901,30.811,30.841,25310,0
20150611,30.692,30.881,30.672,30.791,8810,0
20150612,30.751,30.891,30.612,30.741,63020,0
20150615,30.702,30.841,30.692,30.781,15029,0
20150616,30.562,30.761,30.562,30.741,10520,0
20150617,30.672,31.031,30.622,30.871,30658,0
20150618,31.051,31.061,30.911,31.061,21040,0
20150619,30.961,31.111,30.851,30.851,49895,0
20150622,30.971,31.011,30.781,30.881,28555,0
20150623,30.622,30.761,30.602,30.682,18378,0
20150624,30.751,31.011,30.552,30.692,36169,0
20150625,30.662,30.731,30.622,30.722,26651,0
20150626,30.632,30.632,30.502,30.632,28955,0
20150629,30.562,31.111,30.512,30.622,16832,0
20150630,30.542,30.692,30.532,30.602,795594,0
20150701,30.682,30.682,30.412,30.412,66226,0
20150702,30.462,30.542,30.402,30.412,18936,0
20150706,30.342,30.492,30.342,30.442,14227,0
20150707,30.272,30.392,30.172,30.292,51898,0
20150708,30.402,30.532,30.402,30.512,22643,0
20150709,30.412,30.821,30.322,30.372,174131,0
20150710,30.462,30.512,30.392,30.462,12123,0
20150713,30.332,30.362,30.252,30.322,25448,0
20150714,30.282,30.352,30.282,30.342,60087,0
20150715,30.192,30.232,30.122,30.142,56495,0
20150716,30.082,30.122,30.012,30.012,31359,0
20150717,29.992,30.072,29.972,29.972,141069,0
20150720,29.923,29.963,29.803,29.883,13526,0
20150721,29.982,30.132,29.982,30.072,15529,0
20150722,29.982,30.052,29.982,30.002,31761,0
20150723,30.102,30.132,30.062,30.092,3006,0
20150724,30.012,30.032,30.002,30.032,7815,0
20150727,30.212,30.272,30.162,30.172,54904,0
20150728,30.112,30.242,30.112,30.162,21942,0
20150729,30.152,30.242,30.112,30.112,4409,0
20150730,29.982,29.992,29.873,29.943,8616,0
20150731,30.222,30.222,30.002,30.042,29756,0
20150803,29.972,30.042,29.913,29.943,65690,0
20150804,30.002,30.012,29.853,29.903,16130,0
20150805,29.903,29.903,29.734,29.803,7013,0
20150806,29.823,29.903,29.764,29.903,14778,0
20150807,29.744,29.992,29.734,29.953,13926,0
20150810,29.913,30.042,29.903,30.032,10720,0
20150811,30.012,30.012,29.853,29.913,19726,0
20150812,30.182,30.262,30.032,30.192,5610,0
20150813,30.042,30.172,30.042,30.072,19938,0
20150814,30.032,30.112,30.002,30.022,9418,0
20150817,29.982,29.982,29.943,29.943,6713,0
20150818,29.883,29.943,29.843,29.943,16331,0
20150819,29.853,30.052,29.843,29.992,6513,0
20150820,30.002,30.132,30.002,30.112,6513,0
20150821,30.302,30.362,30.272,30.342,20739,0
20150824,30.851,31.839,30.302,30.682,16172,0
20150825,30.582,30.652,30.392,30.622,9117,0
20150826,30.392,30.402,30.242,30.242,21340,0
20150827,30.212,30.312,30.102,30.262,24546,0
20150828,30.112,30.212,30.062,30.162,15630,0
20150831,30.172,30.282,30.042,30.072,3907,0
20150901,30.302,30.422,30.242,30.262,13726,0
20150902,30.262,30.432,29.982,30.122,16432,0
20150903,30.172,30.242,29.813,29.893,81155,0
20150904,29.923,30.132,29.764,29.893,88669,0
20150908,30.132,30.232,30.042,30.172,14327,0
20150909,30.052,30.062,29.933,30.062,9317,0
20150910,30.012,30.192,29.953,30.142,157322,0
20150911,30.202,30.332,30.202,30.322,4309,0
20150914,30.312,30.352,30.232,30.252,6513,0
20150915,30.242,30.292,30.162,30.202,9619,0
20150916,30.322,30.372,30.242,30.262,5811,0
20150917,30.382,30.702,30.262,30.492,9135,0
20150918,30.642,30.652,30.312,30.312,11722,0
20150921,30.282,30.292,30.102,30.142,9317,0
20150922,30.132,30.132,30.012,30.102,7414,0
20150923,29.992,30.112,29.982,30.052,4889,0
20150924,30.182,30.182,30.002,30.062,23263,0
20150925,30.012,30.042,29.963,30.002,6212,0
20150928,29.903,30.102,29.813,30.032,13272,0
20150929,30.022,30.142,30.022,30.042,48592,0
20150930,30.042,30.042,29.963,30.022,28254,0
20151001,30.072,30.122,30.072,30.112,3507,0
20151002,30.262,30.342,30.102,30.102,19136,0
20151005,30.222,30.222,30.142,30.152,11185,0
20151006,30.192,30.382,30.192,30.322,26250,0
20151007,30.352,30.432,30.302,30.332,26011,0
20151008,30.422,30.542,30.352,30.392,12825,0
20151009,30.572,30.622,30.522,30.572,3406,0
20151012,30.602,30.722,30.492,30.572,14635,0
20151013,30.562,30.612,30.562,30.602,6813,0
20151014,30.751,30.911,30.672,30.731,16130,0
20151015,30.801,30.861,30.692,30.751,38172,0
20151016,30.771,30.861,30.572,30.652,9017,0
20151019,30.582,30.652,30.552,30.582,12764,0
20151020,30.602,30.602,30.532,30.542,11021,0
20151021,30.482,30.572,30.482,30.552,5510,0
20151022,30.392,30.392,30.392,30.392,801,0
20151023,30.142,30.162,29.893,30.032,5711,0
20151026,30.132,30.132,29.992,30.102,13326,0
20151027,30.102,30.222,30.092,30.172,19738,0
20151028,30.192,30.682,29.913,30.092,71636,0
20151029,29.903,30.062,29.843,30.032,152490,0
20151030,30.062,30.192,30.052,30.052,15029,0
20151102,30.112,30.182,30.092,30.102,9794,0
20151103,30.092,30.102,29.992,30.032,26911,0
20151104,29.943,29.963,29.813,29.903,22055,0
20151105,29.893,29.893,29.803,29.833,39175,0
20151106,29.524,29.544,29.404,29.534,11122,0
20151109,29.464,29.594,29.424,29.434,6971,0
20151110,29.414,29.454,29.404,29.454,4208,0
20151111,29.724,29.724,29.424,29.564,24446,0
20151112,29.494,29.624,29.494,29.574,8616,0
20151113,29.564,29.564,29.434,29.524,58010,0
20151116,29.444,29.454,29.374,29.434,12724,0
20151117,29.374,29.394,29.324,29.384,12624,0
20151118,29.344,29.404,29.195,29.394,19437,0
20151119,29.554,29.644,29.514,29.564,27252,0
20151120,29.494,29.534,29.464,29.494,7113,0
20151123,29.464,29.474,29.434,29.444,5911,0
20151124,29.454,29.564,29.454,29.494,12323,0
20151125,29.444,29.544,29.444,29.464,5010,0
20151127,29.354,29.414,29.344,29.404,5210,0
20151130,29.404,29.404,29.344,29.374,9719,0
20151201,29.484,29.524,29.454,29.514,6340,0
20151202,29.414,29.514,29.274,29.474,144358,0
20151203,29.664,29.923,29.664,29.893,31340,0
20151204,29.823,29.883,29.674,29.754,154293,0
20151207,29.594,29.694,29.564,29.624,36971,0
20151208,29.614,29.654,29.594,29.634,11885,0
20151209,29.774,29.933,29.774,29.933,12023,0
20151210,29.813,29.843,29.744,29.754,23645,0
20151211,29.823,29.923,29.754,29.774,43282,0
20151214,29.863,29.933,29.783,29.793,129902,0
20151215,29.774,29.823,29.674,29.694,27652,0
20151216,29.694,30.612,29.484,29.644,20038,0
20151217,29.484,29.564,29.414,29.514,17133,0
20151218,29.524,29.654,29.524,29.644,12624,0
20151221,29.684,29.813,29.684,29.694,18235,0
20151222,29.843,29.843,29.734,29.744,9185,0
20151223,29.823,29.823,29.604,29.714,69633,0
20151224,29.803,29.863,29.798,29.818,11093,0
20151228,29.843,29.883,29.744,29.833,147537,0
20151229,29.791,29.831,29.721,29.781,414000,0
20151230,29.751,29.791,29.611,29.751,811728,0
20151231,29.728,29.734,29.551,29.711,36246,0
20160104,29.671,29.671,29.561,29.631,20421,0
20160105,29.511,29.551,29.481,29.536,23361,0
20160106,29.491,29.561,29.471,29.561,18291,0
20160107,29.631,29.761,29.581,29.751,9393,0
20160108,29.691,29.691,29.601,29.671,15608,0
20160111,29.668,29.818,29.571,29.571,13251,0
20160112,29.631,29.631,29.461,29.581,14439,0
20160113,29.541,29.581,29.491,29.571,27405,0
20160114,29.571,29.63,29.486,29.501,8932,0
20160115,29.641,29.65,29.521,29.521,34553,0
20160119,29.551,29.581,29.531,29.571,5908,0
20160120,29.521,29.561,29.469,29.503,30560,0
20160121,29.411,29.521,29.411,29.511,25601,0
20160122,29.381,29.461,29.381,29.433,15406,0
20160125,29.441,29.501,29.441,29.501,3607,0
20160126,29.471,29.551,29.461,29.551,39334,0
20160127,29.551,29.573,29.496,29.573,33434,0
20160128,29.681,29.721,29.661,29.661,4460,0
20160129,29.491,29.491,29.405,29.461,12108,0
20160201,29.501,29.58,29.432,29.561,7942,0
20160202,29.551,29.606,29.404,29.561,7372,0
20160203,29.721,30.138,29.711,30.02,72096,0
20160204,30.28,30.32,30.2,30.27,8291,0
20160205,30.16,30.18,30.07,30.15,8197,0
20160208,30.14,30.27,30.13,30.21,9444,0
20160209,30.38,30.46,30.36,30.4,14744,0
20160210,30.4,30.462,30.321,30.462,5799,0
20160211,30.6,30.7,30.57,30.61,207164,0
20160212,30.48,30.52,30.42,30.49,13651,0
20160216,29.661,30.37,29.661,30.28,9535,0
20160217,30.216,30.35,30.164,30.34,29216,0
20160218,30.26,30.35,30.26,30.35,52549,0
20160219,30.273,30.406,30.273,30.334,2676,0
20160222,30.23,30.32,30.23,30.31,10513,0
20160223,30.27,30.35,30.231,30.35,9206,0
20160224,30.23,30.37,30.19,30.255,8677,0
20160225,30.27,30.3,30.24,30.24,5898,0
20160226,30.07,30.07,29.99,30.021,8084,0
20160229,30.03,30.119,30.002,30.09,8454,0
20160301,30.12,30.14,29.99,30.07,5638055,0
20160302,30.08,30.17,30.05,30.13,35200,0
20160303,30.264,30.338,30.214,30.294,27857,0
20160304,30.444,30.46,30.302,30.44,9988,0
20160307,30.38,30.49,30.32,30.489,31040,0
20160308,30.55,30.55,30.371,30.371,29769,0
20160309,30.37,30.54,30.37,30.43,38844,0
20160310,30.51,30.66,30.4,30.54,53754,0
20160311,30.68,30.728,30.56,30.641,39096,0
20160314,30.7,30.7,30.49,30.5,84443,0
20160315,30.569,30.592,30.46,30.49,28286,0
20160316,30.42,30.929,30.34,30.819,45934,0
20160317,30.829,31.209,30.829,31.157,51234,0
20160318,31.219,31.219,30.973,31.079,279623,0
20160321,31.019,31.159,30.959,30.969,52045,0
20160322,30.99,30.999,30.879,30.919,30853,0
20160323,30.809,30.829,30.739,30.784,17756,0
20160324,30.72,30.775,30.67,30.739,39279,0
20160328,30.774,30.819,30.739,30.799,30807,0
20160329,30.839,31.077,30.789,31.049,52912,0
20160330,31.019,31.239,31.019,31.229,33836,0
20160331,31.349,31.349,31.209,31.219,71698,0
20160401,31.169,31.335,31.069,31.335,44238,0
20160404,31.269,31.349,31.219,31.309,87185,0
20160405,31.309,31.309,31.079,31.229,38824,0
20160406,31.289,31.429,31.243,31.339,4447269,0
20160407,31.291,31.409,31.291,31.359,112267,0
20160408,31.588,31.588,31.4,31.419,50105,0
20160411,31.518,31.598,31.518,31.538,34993,0
20160412,31.518,31.57,31.459,31.538,18175,0
20160413,31.351,31.389,31.309,31.339,22699,0
20160414,31.319,31.359,31.269,31.279,24975,0
20160415,31.329,31.429,31.329,31.379,15029,0
20160418,31.408,31.488,31.385,31.459,28592,0
20160419,31.539,31.628,31.499,31.602,14566,0
20160420,31.508,31.574,31.429,31.429,27515,0
20160421,31.449,31.478,31.334,31.389,19598,0
20160422,31.229,31.269,31.099,31.129,23758,0
20160425,31.189,31.279,31.154,31.154,24482,0
20160426,31.369,31.394,31.239,31.259,20556,0
20160427,31.275,31.409,31.189,31.299,20750,0
20160428,31.488,31.608,31.488,31.608,28603,0
20160429,31.838,31.868,31.758,31.868,17332,0
20160502,31.908,31.968,31.859,31.958,18935,0
20160503,31.899,31.94,31.759,31.778,37885,0
20160504,31.668,31.708,31.628,31.678,17862,0
20160505,31.588,31.588,31.498,31.508,26401,0
20160506,31.538,31.602,31.469,31.469,22527,0
20160509,31.548,31.548,31.299,31.349,37720,0
20160510,31.309,31.319,31.249,31.309,11943,0
20160511,31.349,31.479,31.349,31.439,3216968,0
20160512,31.389,31.389,31.289,31.289,69196,0
20160513,31.259,31.259,31.159,31.191,10902,0
20160516,31.179,31.225,31.149,31.179,16347,0
20160517,31.239,31.239,31.139,31.159,17701,0
20160518,31.015,31.07,30.909,30.949,43349,0
20160519,30.909,30.909,30.836,30.879,15158,0
20160520,30.829,30.874,30.809,30.839,41237,0
20160523,30.839,30.914,30.839,30.909,4509,0
20160524,30.849,30.849,30.769,30.77,24538,0
20160525,30.809,30.859,30.789,30.809,10364,0
20160526,30.949,30.949,30.879,30.929,3050,0
20160527,30.819,30.869,30.712,30.723,10269,0
20160531,30.739,30.809,30.72,30.739,26417,0
20160601,30.839,30.889,30.799,30.849,51650,0
20160602,30.915,30.919,30.864,30.889,4295,0
20160603,31.129,31.399,31.129,31.399,11644,0
20160606,31.349,31.428,31.348,31.384,16363,0
20160607,31.458,31.478,31.404,31.459,10357,0
20160608,31.568,31.608,31.558,31.588,6255,0
20160609,31.508,31.508,31.434,31.479,6965,0
20160610,31.469,31.469,31.269,31.289,2131,0
20160613,31.538,31.538,31.249,31.339,2982,0
20160614,31.359,31.359,31.159,31.209,37425,0
20160615,31.289,31.618,31.079,31.314,36163,0
20160616,31.199,31.394,31.176,31.389,7004,0
20160617,31.411,31.486,31.389,31.449,15569,0
20160620,31.658,31.658,31.578,31.638,17647,0
20160621,31.548,31.618,31.47,31.558,701079,0
20160622,31.608,31.683,31.543,31.681,11943,0
20160623,31.459,31.738,31.459,31.738,41392,0
20160624,31.528,31.788,31.269,31.309,47998,0
20160627,31.479,31.479,31.061,31.149,170494,0
20160628,31.219,31.386,31.159,31.279,14229,0
20160629,31.409,31.518,31.339,31.369,60940,0
20160630,31.329,31.446,31.315,31.379,29935,0
20160701,31.668,31.941,31.47,31.608,30396,0
20160705,31.658,31.658,31.361,31.514,24617,0
20160706,31.538,31.568,31.439,31.464,9692,0
20160707,31.479,31.588,31.359,31.548,48984,0
20160708,31.568,31.568,31.479,31.479,6331,0
20160711,31.379,31.427,31.259,31.306,15535,0
20160712,31.309,31.369,31.209,31.259,13601,0
20160713,31.296,31.415,31.296,31.409,71536,0
20160714,31.399,31.488,31.3,31.439,21742,0
20160715,31.329,31.348,31.169,31.329,22530,0
20160718,31.309,31.309,31.191,31.289,22514,0
20160719,31.053,31.159,31.015,31.159,40638,0
20160720,31.059,31.059,30.946,30.96,9468,0
20160721,31.089,31.099,30.951,31.057,20860,0
20160722,31.019,31.119,30.899,31.029,20990,0
20160725,30.999,31.079,30.959,31.009,29312,0
20160726,31.079,31.179,31.011,31.139,6883,0
20160727,31.148,31.249,30.954,31.157,29393,0
20160728,31.229,31.357,31.08,31.189,8250,0
20160729,31.488,31.708,31.479,31.698,29686,0
20160801,31.449,31.657,31.449,31.552,9409,0
20160802,31.714,31.829,31.698,31.777,7713,0
20160803,31.628,31.739,31.628,31.663,15678,0
20160804,31.658,31.747,31.564,31.569,6404,0
20160805,31.429,31.598,31.409,31.578,20975,0
20160808,31.429,31.598,31.429,31.598,27101,0
20160809,31.665,31.665,31.539,31.619,4412,0
20160810,31.778,31.848,31.728,31.818,17507,0
20160811,31.848,31.848,31.638,31.668,6005,0
20160812,31.843,31.858,31.738,31.828,20488,0
20160815,31.858,31.888,31.748,31.814,6403,0
20160816,31.868,32.103,31.868,32.103,2191,0
20160817,31.888,32.108,31.079,32.048,21396,0
20160818,32.197,32.277,32.084,32.222,7525,0
20160819,32.138,32.138,32.028,32.108,21060,0
20160822,31.958,32.118,31.958,32.018,14095,0
20160823,32.128,32.148,31.958,31.978,32652,0
20160824,31.868,32.038,31.828,32.018,5925,0
20160825,31.928,31.988,31.858,31.868,11137,0
20160826,31.958,32.277,31.608,31.718,4890,0
20160829,31.708,31.838,31.528,31.758,28987,0
20160830,31.449,31.658,31.379,31.399,21310,0
20160831,31.498,31.543,31.37,31.528,51386,0
20160901,31.329,31.643,31.329,31.638,15284,0
20160902,31.568,31.568,31.419,31.532,7064,0
20160906,31.618,31.968,31.618,31.928,23624,0
20160907,31.948,32.018,31.798,31.86,14258,0
20160908,31.998,32.006,31.784,31.863,2964,0
20160909,31.698,31.718,31.578,31.578,3824,0
20160912,31.558,31.827,31.558,31.786,7966,0
20160913,31.618,31.698,31.518,31.638,8212,0
20160914,31.578,31.708,31.479,31.707,10123,0
20160915,31.628,31.728,31.538,31.608,8105,0
20160916,31.608,31.608,31.379,31.379,5948,0
20160919,31.538,31.598,31.469,31.469,11903,0
20160920,31.607,31.643,31.458,31.496,10594,0
20160921,31.548,31.848,31.528,31.848,6314,0
20160922,31.788,31.828,31.728,31.818,5836,0
20160923,31.711,31.818,31.704,31.704,6270,0
20160926,31.778,31.888,31.778,31.778,46436,0
20160927,31.856,31.888,31.776,31.84,5190,0
20160928,31.788,31.881,31.739,31.848,8733,0
20160929,31.731,31.773,31.7,31.772,3503,0
20160930,31.838,31.838,31.768,31.768,5513,0
20161003,31.798,31.832,31.645,31.751,98425,0
20161004,31.559,31.596,31.528,31.558,4598,0
20161005,31.53,31.558,31.496,31.558,2531,0
20161006,31.349,31.367,31.233,31.269,21651,0
20161007,31.429,31.429,31.329,31.364,1799,0
20161010,31.353,31.353,31.174,31.264,3149,0
20161011,31.049,31.199,31.009,31.046,6337,0
20161012,31.149,31.197,31.079,31.095,8261,0
20161013,31.149,31.259,31.099,31.239,10238,0
20161014,31.009,31.148,30.969,30.969,11403,0
20161017,31.109,31.158,30.971,31.127,10112,0
20161018,31.079,31.166,31.051,31.166,5960,0
20161019,31.167,31.179,31.1,31.149,8275,0
20161020,31.054,31.109,31.009,31.059,25035,0
20161021,30.799,30.978,30.799,30.879,22087,0
20161024,30.919,30.939,30.839,30.839,22932,0
20161025,30.849,30.999,30.849,30.969,8176,0
20161026,30.879,30.959,30.86,30.949,3939,0
20161027,30.909,30.909,30.79,30.869,12641,0
20161028,30.839,30.959,30.799,30.889,22445,0
20161031,30.809,30.999,30.809,30.979,164995,0
20161101,30.909,31.169,30.909,31.099,11499,0
20161102,31.259,31.801,31.161,31.229,11832,0
20161103,31.259,31.359,31.119,31.338,11556,0
20161104,31.269,31.379,31.269,31.349,58291,0
20161107,31.189,31.209,31.089,31.089,127839,0
20161108,31.089,31.239,31.059,31.059,6453,0
20161109,31.059,31.059,30.66,30.729,29826,0
20161110,30.873,31.189,30.27,30.47,20430,0
20161111,30.57,31.648,30.05,30.5,15555,0
20161114,30.27,30.27,29.744,30.22,18717,0
20161115,30.05,30.29,29.851,30.046,7752,0
20161116,30.08,30.2,29.891,30.055,13831,0
20161117,29.861,30.045,29.841,29.99,12836,0
20161118,30.101,30.101,29.631,29.786,16309,0
20161121,29.791,29.895,29.632,29.781,31780,0
20161122,29.591,29.941,29.591,29.941,15137,0
20161123,29.601,29.602,29.45,29.571,17703,0
20161125,29.641,29.701,29.521,29.581,3122,0
20161128,29.621,29.781,29.619,29.741,22507,0
20161129,29.711,29.881,29.711,29.881,73280,0
20161130,29.611,29.761,29.431,29.631,135994,0
20161201,29.691,29.761,29.621,29.676,39872,0
20161202,29.961,29.961,29.641,29.841,37891,0
20161205,29.861,29.999,29.801,29.98,12916,0
20161206,29.97,29.97,29.756,29.841,22582,0
20161207,29.941,30.11,29.891,30.002,16458,0
20161208,29.761,29.813,29.656,29.721,15499,0
20161209,29.921,29.921,29.491,29.601,41767,0
20161212,29.651,29.766,29.611,29.711,41123,0
20161213,29.768,29.771,29.671,29.671,42301,0
20161214,29.841,30.12,29.231,29.411,35520,0
20161215,29.411,29.411,29.022,29.271,62922,0
20161216,29.162,29.291,29.112,29.122,27164,0
20161219,29.341,29.341,29.077,29.177,83252,0
20161220,29.122,29.182,28.922,29.142,108810,0
20161221,29.092,29.202,29.092,29.202,14674,0
20161222,29.221,29.221,29.091,29.162,38083,0
20161223,29.182,29.351,29.032,29.192,23432,0
20161227,29.082,29.202,29.082,29.197,22402,0
20161228,29.06,29.21,28.97,29.06,542359,0
20161229,29.14,29.31,29.14,29.21,322805,0
20161230,29.3001,29.39,29.23,29.2707,35427,0
20170103,29.14,29.185,28.93,29.1033,16552,0
20170104,29.12,29.2201,29.11,29.2026,17094,0
20170105,29.43,29.57,29.4,29.5037,14721,0
20170106,29.43,29.43,29.2799,29.333,38030,0
20170109,29.41,29.49,29.308,29.45,35254,0
20170110,29.39,29.49,29.31,29.436,17890,0
20170111,29.37,29.68,29.13,29.5299,78640,0
20170112,29.59,29.76,29.59,29.6526,44520,0
20170113,29.75,29.75,29.5293,29.69,23155,0
20170117,29.82,30.0183,29.75,29.88,21791,0
20170118,29.8902,29.9,29.591,29.591,9384,0
20170119,29.62,29.72,29.54,29.7025,14507,0
20170120,29.58,29.85,29.58,29.6401,88123,0
20170123,29.84,30.0191,29.77,29.9163,7673,0
20170124,29.9,29.9821,29.89,29.9,18502,0
20170125,29.93,30.05,29.87,30.025,28625,0
20170126,29.79,30.08,29.79,29.87,67574,0
20170127,29.75,29.95,29.75,29.84,22817,0
20170130,29.73,29.969,29.6501,29.969,18355,0
20170131,30.1999,30.21,30.08,30.18,18483,0
20170201,30.02,30.17,29.9952,30.1199,84317,0
20170202,30.19,30.29,30.146,30.17,55015,0
20170203,30.18,30.3,30.15,30.24,13112,0
20170206,30.28,30.28,30.15,30.21,23683,0
20170207,30.08,30.13,29.98,30.12,4472,0
20170208,30.11,30.27,29.9905,30.14,38302,0
20170209,30.15,30.15,29.9723,29.99,42305,0
20170210,29.93,30.04,29.9035,30.0099,9535,0
20170213,29.88,29.95,29.861,29.93,11004,0
20170214,29.9472,29.95,29.7924,29.88,14527,0
20170215,29.7256,29.949,29.7101,29.886,8249,0
20170216,30.095,30.095,30.0026,30.04,14891,0
20170217,29.94,30.03,29.93,29.93,56015,0
20170221,29.9,30.02,29.76,29.8514,10406,0
20170222,29.88,29.995,29.8401,29.98,11622,0
20170223,30.06,30.07,30,30.03,48621,0
20170224,30.05,30.09,29.954,30.01,17248,0
20170227,30.05,30.2643,30.01,30.0272,18778,0
20170228,30.08,30.13,30.01,30.02,15621,0
20170301,29.81,29.9299,29.7213,29.85,13483,0
20170302,29.74,29.74,29.58,29.68,34870,0
20170303,29.81,29.95,29.67,29.93,48004,0
20170306,29.93,29.93,29.8014,29.845,62881,0
20170307,29.77,29.935,29.75,29.86,82297,0
20170308,29.76,29.76,29.67,29.705,105448,0
20170309,29.7,29.76,29.615,29.73,63563,0
20170310,29.7,29.9,29.7,29.88,14448,0
20170313,29.795,29.88,29.75,29.87,20664,0
20170314,29.8374,29.86,29.69,29.69,53691,0
20170315,29.76,30.16,29.76,30.05,41162,0
20170316,30.21,30.23,30.09,30.22,39734,0
20170317,30.22,30.28,30.1833,30.27,18091,0
20170320,30.22,30.29,30.191,30.2258,28213,0
20170321,30.29,30.42,30.29,30.34,30000,0
20170322,30.44,30.5,30.401,30.4665,15642,0
20170323,30.47,30.49,30.39,30.46,25799,0
20170324,30.43,30.519,30.381,30.44,7523,0
20170327,30.69,30.69,30.51,30.5489,19272,0
20170328,30.63,30.64,30.35,30.47,47251,0
20170329,30.43,30.505,30.39,30.505,24612,0
20170330,30.5,30.5,30.2503,30.2612,15932,0
20170331,30.1,30.3499,29.8509,30.32,21041,0
20170403,30.28,30.48,30.2437,30.295,121991,0
20170404,30.3,30.3099,30.16,30.29,8906,0
20170405,30.25,30.37,30.2101,30.32,28180,0
20170406,30.31,30.31,30.17,30.26,19227,0
20170407,30.13,30.23,29.96,30.04,31077,0
20170410,30.12,30.21,30.07,30.1332,40643,0
20170411,30.1689,30.269,30.1412,30.258,11420,0
20170412,30.24,30.37,30.192,30.3423,17397,0
20170413,30.41,30.41,30.24,30.32,27327,0
20170417,30.32,30.46,30.32,30.33,21071,0
20170418,30.4705,30.61,30.46,30.59,20491,0
20170419,30.5611,30.5699,30.39,30.45,10955,0
20170420,30.44,30.5357,30.381,30.499,12255,0
20170421,30.42,30.46,30.37,30.42,8706,0
20170424,30.59,30.65,30.569,30.65,5402,0
20170425,30.559,30.67,30.55,30.63,20850,0
20170426,30.51,30.61,30.44,30.521,21446,0
20170427,30.51,30.584,30.44,30.51,25524,0
20170428,30.59,30.59,30.45,30.57,4264,0
20170501,30.61,30.61,30.4968,30.4968,19631,0
20170502,30.57,30.659,30.481,30.58,23287,0
20170503,30.62,30.69,30.3815,30.5141,78321,0
20170504,30.4,30.62,30.4,30.56,26051,0
20170505,30.61,30.65,30.54,30.65,23725,0
20170508,30.65,30.65,30.4001,30.44,34911,0
20170509,30.28,30.33,30.1501,30.28,16702,0
20170510,30.39,30.39,30.21,30.28,21756,0
20170511,30.3,30.381,30.274,30.31,20964,0
20170512,30.4573,30.49,30.3521,30.39,13361,0
20170515,30.63,30.63,30.4856,30.53,14539,0
20170516,30.6,30.8,30.6,30.73,11262,0
20170517,30.88,31.01,30.84,30.98,12336,0
20170518,30.87,30.99,30.758,30.8338,11992,0
20170519,30.99,31.1,30.96,31.09,6206,0
20170522,31.15,31.17,31.011,31.012,33364,0
20170523,31.12,31.16,30.861,30.93,16614,0
20170524,31.17,31.17,30.91,31.06,12713,0
20170525,31.0273,31.12,30.95,31.0188,8853,0
20170526,31.05,31.08,30.941,31.07,43271,0
20170530,31.04,31.119,30.97,30.99,17565,0
20170531,31.33,31.33,31.02,31.02,96009,0
20170601,30.9019,31.09,30.87,30.919,12872,0
20170602,31.24,31.24,31.042,31.096,12597,0
20170605,31.19,31.27,31.07,31.15,23252,0
20170606,31.3125,31.4214,31.23,31.3021,14274,0
20170607,31.25,31.33,31.15,31.23,15429,0
20170608,31.26,31.289,31.09,31.2,17216,0
20170609,31.14,31.21,31.02,31.15,19346,0
20170612,31.16,31.19,31.04,31.1899,8291,0
20170613,31.17,31.295,31.061,31.11,25609,0
20170614,31.2735,31.406,31.1471,31.25,13503,0
20170615,31.15,31.15,30.95,31.05,30232,0
20170616,31.08,31.21,30.98,31.0852,3212,0
20170619,31.06,31.086,30.8801,31,16788,0
20170620,30.874,30.96,30.782,30.955,38948,0
20170621,30.91,31.07,30.8455,30.97,21288,0
20170622,31.04,31.04,30.8997,30.97,53936,0
20170623,31.11,31.149,30.942,31.07,13825,0
20170626,31.09,31.12,30.8719,31.04,7846,0
20170627,31.24,31.26,31.11,31.23,27040,0
20170628,31.19,31.335,31.124,31.124,28039,0
20170629,31.2,31.44,31.2,31.4,28961,0
20170630,31.3338,31.4,31.2112,31.36,3182,0
20170703,31.19,31.23,31,31.2,30652,0
20170705,31.06,31.21,30.94,31.17,38772,0
20170706,31.16,31.29,31.16,31.21,18053,0
20170707,31.19,31.2537,31.06,31.2,8029,0
20170710,31.06,31.19,30.9819,31.15,49556,0
20170711,31.12,31.328,31.11,31.22,20047,0
20170712,31.31,31.33,31.15,31.22,93084,0
20170713,31.335,31.371,31.18,31.37,14947,0
20170714,31.48,31.58,31.402,31.45,14674,0
20170717,31.46,31.58,31.42,31.51,20153,0
20170718,31.82,31.82,31.56,31.63,37710,0
20170719,31.78,31.78,31.5919,31.71,10907,0
20170720,31.7,31.944,31.6,31.71,51571,0
20170721,31.904,31.9185,31.7972,31.859,5764,0
20170724,31.89,31.9419,31.74,31.89,22679,0
20170725,31.86,31.97,31.6901,31.82,13832,0
20170726,31.81,32.087,31.484,32.0359,16743,0
20170727,31.84,32.048,31.8,31.8,28759,0
20170728,32.03,32.17,32.0159,32.17,24555,0
20170731,31.95,32.29,31.95,32.29,12482,0
20170801,32.01,32.22,32.01,32.111,9546,0
