Date,Open,High,Low,Close,Volume,OpenInt
20110325,24.47,24.675,24.452,24.517,155857,0
20110328,24.628,24.703,24.507,24.507,123070,0
20110329,24.544,24.768,24.442,24.75,175383,0
20110330,24.824,24.973,24.777,24.898,160916,0
20110331,24.945,25.084,24.871,25.001,119671,0
20110401,25.149,25.308,25.039,25.168,156008,0
20110404,25.392,25.401,25.178,25.214,297259,0
20110405,25.139,25.252,25.01,25.149,97281,0
20110406,25.271,25.355,25.01,25.188,53592,0
20110407,25.317,25.317,25.084,25.159,77208,0
20110408,25.532,25.541,25.308,25.346,100460,0
20110411,25.346,25.578,25.262,25.346,329917,0
20110412,25.214,25.214,24.898,25.039,108477,0
20110413,25.346,25.346,24.945,25.094,59008,0
20110414,25.084,25.428,25.084,25.411,91989,0
20110415,25.421,25.438,25.233,25.346,74643,0
20110418,25.205,25.205,24.898,25.01,46861,0
20110419,25.001,25.224,25.001,25.197,62788,0
20110420,25.634,25.671,25.494,25.652,144764,0
20110421,25.755,25.755,25.513,25.578,217824,0
20110425,25.476,25.681,25.28,25.494,149936,0
20110426,25.644,25.746,25.486,25.718,92357,0
20110427,25.765,25.765,25.428,25.624,65369,0
20110428,25.726,25.726,25.448,25.644,36458,0
20110429,25.634,25.775,25.522,25.681,52379,0
20110502,25.875,25.875,25.503,25.532,68454,0
20110503,25.438,25.532,25.123,25.252,62029,0
20110504,25.271,25.28,24.861,24.991,52214,0
20110505,24.777,24.945,24.665,24.74,80915,0
20110506,25.178,25.252,24.861,24.945,21781,0
20110509,24.88,25.252,24.88,25.205,56416,0
20110510,25.308,25.411,25.243,25.382,81480,0
20110511,25.513,25.513,24.936,25.066,52902,0
20110512,25.019,25.197,24.75,25.094,29289,0
20110513,25.074,25.149,24.665,24.693,78985,0
20110516,24.647,24.851,24.591,24.656,29979,0
20110517,24.497,24.619,24.367,24.619,59103,0
20110518,24.684,25.066,24.684,25.047,29194,0
20110519,25.074,25.084,24.861,25.039,27217,0
20110520,24.796,24.889,24.582,24.796,14541,0
20110523,24.303,24.377,24.135,24.31,42183,0
20110524,24.32,24.423,24.228,24.386,19117,0
20110525,24.219,24.461,24.107,24.377,27471,0
20110526,24.245,24.619,24.245,24.619,17318,0
20110527,24.665,24.72,24.609,24.665,20283,0
20110531,24.815,24.898,24.758,24.898,13626,0
20110601,24.955,25.01,24.535,24.544,48058,0
20110602,24.72,24.72,24.423,24.647,9635,0
20110603,24.452,24.6,24.359,24.432,36179,0
20110606,24.404,24.404,23.939,23.939,334671,0
20110607,23.967,24.245,23.967,24.116,47997,0
20110608,24.012,24.022,23.818,23.911,27734,0
20110609,23.892,24.107,23.809,24.051,38864,0
20110610,23.948,23.948,23.455,23.455,36961,0
20110613,23.688,23.762,23.51,23.566,89860,0
20110614,23.846,24.2,23.846,24.172,20127,0
20110615,23.892,23.957,23.566,23.632,73934,0
20110616,23.558,23.724,23.297,23.53,64977,0
20110617,23.874,23.92,23.707,23.799,31244,0
20110620,23.715,23.93,23.707,23.855,19892,0
20110621,23.967,24.209,23.948,24.209,39788,0
20110622,23.967,24.303,23.967,24.032,41745,0
20110623,23.613,23.92,23.585,23.911,32435,0
20110624,23.957,24.051,23.809,23.855,23668,0
20110627,23.93,23.939,23.733,23.911,23942,0
20110628,23.957,24.06,23.901,24.032,14472,0
20110629,24.219,24.386,24.2,24.339,24355,0
20110630,24.507,24.591,24.423,24.554,58490,0
20110701,24.479,24.973,24.395,24.955,123885,0
20110705,24.544,24.842,24.544,24.777,33831,0
20110706,24.73,24.777,24.582,24.73,22559,0
20110707,24.824,24.981,24.824,24.981,17198,0
20110708,24.758,24.796,24.517,24.777,50829,0
20110711,24.47,24.47,24.162,24.2,26238,0
20110712,24.143,24.359,24.143,24.219,25708,0
20110713,24.488,24.851,24.452,24.675,23602,0
20110714,24.665,24.665,24.284,24.359,11656,0
20110715,24.414,24.414,24.265,24.339,12895,0
20110718,24.143,24.143,23.874,24.032,32405,0
20110719,24.274,24.33,24.087,24.255,17511,0
20110720,24.386,24.386,24.209,24.303,38087,0
20110721,24.404,24.684,24.404,24.647,17533,0
20110722,24.768,24.861,24.637,24.861,32015,0
20110725,24.684,24.861,24.637,24.713,20127,0
20110726,24.75,24.768,24.628,24.73,29391,0
20110727,24.684,24.684,24.255,24.265,17031,0
20110728,24.294,24.452,24.2,24.209,18995,0
20110729,24.116,24.414,23.985,24.32,33262,0
20110801,24.452,24.452,23.995,24.172,13463,0
20110802,24.042,24.135,23.613,23.623,45185,0
20110803,23.613,23.743,23.277,23.724,30604,0
20110804,23.259,23.259,22.355,22.42,114722,0
20110805,22.541,22.662,21.619,22.346,43655,0
20110808,21.424,21.564,20.568,20.613,93950,0
20110809,21.116,21.88,20.873,21.88,72503,0
20110810,21.712,21.796,21.238,21.238,39477,0
20110811,21.61,22.393,21.582,22.244,55173,0
20110812,22.355,22.355,22.104,22.272,21325,0
20110815,22.513,22.691,22.504,22.662,24426,0
20110816,22.504,22.504,22.113,22.299,35571,0
20110817,22.355,22.541,22.234,22.328,9990,0
20110818,21.722,21.722,21.303,21.405,102185,0
20110819,21.341,21.759,21.219,21.283,42451,0
20110822,21.508,21.526,21.19,21.275,19837,0
20110823,21.508,22.076,21.479,22.076,48984,0
20110824,21.964,22.234,21.926,22.178,53855,0
20110825,22.076,22.132,21.712,21.751,6611,0
20110826,21.685,22.169,21.479,22.066,37895,0
20110829,22.337,22.635,22.337,22.635,10289,0
20110830,22.42,22.719,22.42,22.719,56691,0
20110831,22.933,23.063,22.746,22.952,43717,0
20110901,23.054,23.156,22.829,22.868,16509,0
20110902,22.513,22.681,22.458,22.458,8481,0
20110906,21.816,22.355,21.816,22.355,24936,0
20110907,22.448,22.839,22.448,22.839,28030,0
20110908,22.606,22.774,22.364,22.448,13604,0
20110909,22.272,22.318,21.899,22.01,34621,0
20110912,21.787,22.085,21.638,21.871,85103,0
20110913,22.122,22.393,22.122,22.309,6898,0
20110914,22.02,22.364,22.02,22.244,6898,0
20110915,22.318,22.458,22.225,22.42,8659,0
20110916,22.597,22.597,22.403,22.561,6599,0
20110919,21.909,22.141,21.751,22.141,23444,0
20110920,22.215,22.215,21.816,21.816,17155,0
20110921,21.787,21.806,21.2,21.2,14569,0
20110922,20.493,20.688,20.158,20.371,34402,0
20110923,20.361,20.558,20.296,20.493,25242,0
20110926,20.493,20.529,20.093,20.529,34901,0
20110927,21.19,21.378,20.958,20.987,15362,0
20110928,21.19,21.19,20.688,20.688,34531,0
20110929,21.19,21.238,20.837,20.856,17477,0
20110930,20.585,20.725,20.277,20.361,33461,0
20111003,20.073,21.005,19.709,19.709,59375,0
20111004,19.524,20.073,19.392,20.073,48337,0
20111005,20.045,20.483,20.036,20.474,9630,0
20111006,20.316,20.818,20.316,20.818,10356,0
20111007,20.595,20.679,20.371,20.381,6650,0
20111010,20.763,21.032,20.763,20.939,25156,0
20111011,20.847,21.098,20.847,21.098,11655,0
20111012,21.341,21.638,21.303,21.462,22982,0
20111013,21.321,21.405,21.219,21.405,3617,0
20111014,21.601,21.675,21.573,21.667,3019,0
20111017,21.647,21.647,21.331,21.341,3842,0
20111018,21.331,21.554,21.07,21.554,355845,0
20111019,21.526,21.582,21.313,21.331,23711,0
20111020,21.293,21.442,21.116,21.405,128515,0
20111021,21.647,21.777,21.517,21.777,13417,0
20111024,21.842,22.085,21.796,21.992,41924,0
20111025,22.01,22.01,21.647,21.647,19903,0
20111026,21.88,22.039,21.638,21.974,10913,0
20111027,22.523,22.822,22.383,22.654,30570,0
20111028,22.411,22.597,22.411,22.561,8198,0
20111031,21.955,22.094,21.796,21.796,10024,0
20111101,21.219,21.508,21.164,21.387,20614,0
20111102,21.61,21.796,21.544,21.564,2898,0
20111103,21.899,22.169,21.741,22.057,22404,0
20111104,21.89,21.974,21.702,21.964,7525,0
20111107,21.899,22.057,21.825,22.057,7993,0
20111108,22.076,22.29,21.926,22.281,46785,0
20111109,21.796,21.796,21.442,21.442,20902,0
20111110,21.694,21.777,21.508,21.657,17083,0
20111111,21.89,22.076,21.825,21.984,4507,0
20111114,21.861,21.918,21.741,21.787,9531,0
20111115,21.777,22.02,21.694,21.899,13978,0
20111116,21.796,21.974,21.685,21.685,20965,0
20111117,21.667,21.741,21.238,21.275,16625,0
20111118,21.638,21.638,21.433,21.452,15756,0
20111121,20.977,21.164,20.873,21.106,6768,0
20111122,21.08,21.21,21.032,21.098,6666,0
20111123,20.837,20.837,20.568,20.605,5029,0
20111125,20.493,20.605,20.344,20.39,4333,0
20111128,20.958,20.958,20.771,20.809,7383,0
20111129,20.837,20.987,20.781,20.883,13654,0
20111130,21.629,21.935,21.629,21.935,109431,0
20111201,21.702,21.842,21.702,21.731,9570,0
20111202,21.842,21.89,21.722,21.722,8457,0
20111205,22.039,22.178,21.871,21.871,36756,0
20111206,21.825,21.935,21.741,21.834,10382,0
20111207,21.759,21.909,21.61,21.909,21467,0
20111208,21.508,21.508,21.331,21.331,1605,0
20111209,21.544,21.806,21.544,21.787,7530,0
20111212,21.283,21.313,21.106,21.21,4112,0
20111213,21.405,21.424,21.042,21.106,15130,0
20111214,20.977,21.023,20.847,20.922,10531,0
20111215,20.977,21.08,20.93,21.005,8492,0
20111216,21.164,21.247,21.015,21.089,21268,0
20111219,21.154,21.219,20.791,20.791,7458,0
20111220,21.341,21.47,21.303,21.396,8612,0
20111221,21.164,21.256,21.051,21.256,4261,0
20111222,21.145,21.341,21.145,21.303,32163,0
20111223,21.275,21.405,21.023,21.378,12791,0
20111227,21.442,21.442,21.247,21.247,3650,0
20111228,21.023,21.023,20.613,20.706,13740,0
20111229,20.837,20.902,20.837,20.893,11859,0
20111230,21.005,21.07,20.987,21.015,4407,0
20120103,21.414,21.592,21.414,21.489,8320,0
20120104,21.247,21.433,21.247,21.378,43118,0
20120105,21.181,21.293,21.116,21.293,8342,0
20120106,21.125,21.2,21.07,21.145,8190,0
20120109,21.256,21.293,21.164,21.2,4017,0
20120110,21.499,21.592,21.489,21.526,6903,0
20120111,21.396,21.526,21.396,21.508,7892,0
20120112,21.405,21.554,21.405,21.508,4141,0
20120113,21.256,21.442,21.181,21.348,2594,0
20120117,21.536,21.61,21.378,21.378,7192,0
20120118,21.554,21.712,21.517,21.712,3247,0
20120119,21.834,21.834,21.61,21.667,1989,0
20120120,21.629,21.777,21.629,21.759,1554,0
20120123,21.796,21.88,21.777,21.852,10455,0
20120124,21.592,21.825,21.564,21.806,7884,0
20120125,21.767,22.01,21.647,21.992,2571,0
20120126,22.039,22.076,21.842,21.909,10261,0
20120127,21.992,22.122,21.992,22.076,9609,0
20120130,21.787,21.935,21.751,21.89,6303,0
20120131,22.001,22.001,21.834,21.984,2265,0
20120201,22.215,22.355,22.207,22.207,10190,0
20120202,22.299,22.337,22.272,22.272,1141,0
20120203,22.468,22.579,22.448,22.523,10814,0
20120206,22.448,22.486,22.373,22.486,2714,0
20120207,22.551,22.561,22.513,22.513,2405,0
20120208,22.551,22.662,22.486,22.662,5217,0
20120209,22.635,22.671,22.476,22.476,2898,0
20120210,22.215,22.225,22.141,22.207,2006,0
20120213,22.299,22.458,22.299,22.328,2648,0
20120214,22.318,22.364,22.187,22.309,12220,0
20120215,22.355,22.448,22.225,22.262,2202,0
20120216,22.309,22.616,22.309,22.523,23812,0
20120217,22.496,22.523,22.458,22.458,1597,0
20120221,22.468,22.57,22.43,22.486,3301,0
20120222,22.606,22.654,22.513,22.561,5423,0
20120223,22.504,22.616,22.458,22.606,5174,0
20120224,22.764,22.793,22.654,22.671,5495,0
20120227,22.458,22.737,22.458,22.691,4723,0
20120228,22.756,22.858,22.756,22.803,3611,0
20120229,22.961,22.961,22.764,22.774,5729,0
20120301,22.764,22.942,22.764,22.868,15050,0
20120302,22.784,22.829,22.728,22.774,9038,0
20120305,22.662,22.681,22.597,22.681,8590,0
20120306,22.448,22.448,22.085,22.16,14831,0
20120307,22.411,22.496,22.411,22.448,4708,0
20120308,22.728,22.829,22.728,22.803,1683,0
20120309,22.895,23.52,22.895,23.4,61255,0
20120312,23.408,23.491,23.334,23.465,11706,0
20120313,23.416,23.836,23.416,23.836,11021,0
20120314,23.623,23.658,23.435,23.5,2863,0
20120315,23.566,23.901,23.548,23.884,64336,0
20120316,23.92,24.087,23.92,23.948,17336,0
20120319,23.939,23.939,23.864,23.939,14404,0
20120320,23.65,23.65,23.548,23.613,3925,0
20120321,23.613,23.762,23.585,23.707,126640,0
20120322,23.53,23.585,23.455,23.585,4021,0
20120323,23.575,23.771,23.548,23.753,53165,0
20120326,23.93,23.939,23.855,23.892,10357,0
20120327,23.892,23.892,23.753,23.753,7633,0
20120328,23.65,23.658,23.455,23.53,18510,0
20120329,23.52,23.632,23.465,23.575,15765,0
20120330,23.743,23.781,23.668,23.688,11135,0
20120402,23.65,23.846,23.65,23.818,73229,0
20120403,23.753,23.799,23.5,23.538,22753,0
20120404,23.38,23.38,23.166,23.287,43113,0
20120405,23.232,23.334,23.193,23.193,7312,0
20120409,23.007,23.11,22.923,23.11,7097,0
20120410,23.063,23.073,22.728,22.812,10030,0
20120411,22.97,23.073,22.942,23.054,52010,0
20120412,23.081,23.39,23.081,23.39,8046,0
20120413,23.203,23.203,22.895,22.895,68213,0
20120416,23.184,23.184,22.97,23.026,8242,0
20120417,23.24,23.4,23.232,23.361,62110,0
20120418,23.036,23.119,22.998,23.11,11811,0
20120419,22.989,23.016,22.858,22.98,1761,0
20120420,23.045,23.166,23.026,23.081,4065,0
20120423,22.691,22.756,22.587,22.756,4867,0
20120424,22.645,22.803,22.645,22.746,3503,0
20120425,22.98,22.989,22.923,22.989,1553,0
20120426,23.026,23.176,23.026,23.176,5915,0
20120427,23.063,23.203,23.063,23.203,2150,0
20120430,22.98,23.016,22.914,22.961,29952,0
20120501,23.128,23.249,23.081,23.081,17228,0
20120502,22.998,23.073,22.933,23.073,3434,0
20120503,22.961,22.961,22.719,22.793,58048,0
20120504,22.662,22.681,22.513,22.616,7489,0
20120507,22.662,22.774,22.635,22.737,24866,0
20120508,22.468,22.513,22.337,22.486,7382,0
20120509,22.337,22.42,22.141,22.42,21241,0
20120510,22.448,22.496,22.364,22.364,7075,0
20120511,22.244,22.337,22.104,22.132,51752,0
20120514,21.984,21.984,21.825,21.852,2330,0
20120515,21.834,21.834,21.619,21.675,7768,0
20120516,21.657,21.675,21.433,21.462,13571,0
20120517,21.348,21.433,21.181,21.181,61872,0
20120518,21.247,21.247,21.023,21.023,52563,0
20120521,21.313,21.414,21.303,21.396,3972,0
20120522,21.433,21.536,21.145,21.331,6537,0
20120523,21.145,21.145,20.791,21.07,32509,0
20120524,21.005,21.051,20.883,21.051,22475,0
20120525,21.051,21.098,21.015,21.06,26163,0
20120529,21.275,21.341,21.19,21.313,18599,0
20120530,21.116,21.116,20.995,21.032,7576,0
20120531,21.256,21.283,21.08,21.238,17668,0
20120601,20.865,20.865,20.688,20.799,33274,0
20120604,20.883,20.902,20.66,20.799,25628,0
20120605,20.873,20.902,20.856,20.902,7682,0
20120606,21.051,21.303,21.051,21.303,19120,0
20120607,21.424,21.442,21.219,21.219,21987,0
20120608,21.07,21.228,21.07,21.219,3511,0
20120611,21.2,21.2,20.967,20.987,9186,0
20120612,20.873,21.07,20.873,21.07,4348,0
20120613,20.948,21.125,20.922,20.93,4865,0
20120614,20.799,20.958,20.799,20.893,51562,0
20120615,21.051,21.172,21.023,21.172,5144,0
20120618,21.219,21.433,21.219,21.405,28486,0
20120619,21.387,21.767,21.387,21.712,262112,0
20120620,21.759,21.796,21.582,21.702,73233,0
20120621,21.61,21.712,21.228,21.247,78888,0
20120622,21.442,21.462,21.368,21.442,40971,0
20120625,21.125,21.247,21.125,21.21,3150,0
20120626,21.387,21.433,21.293,21.405,8561,0
20120627,21.489,21.694,21.489,21.657,45976,0
20120628,21.405,21.479,21.405,21.47,13364,0
20120629,22.01,22.15,21.945,22.15,39278,0
20120702,22.057,22.215,22.057,22.215,16088,0
20120703,22.318,22.551,22.234,22.551,16711,0
20120705,22.207,22.383,22.169,22.328,9586,0
20120706,22.225,22.225,22.122,22.178,5015,0
20120709,22.049,22.049,21.935,22.039,2577,0
20120710,22.057,22.076,21.834,21.926,13909,0
20120711,22.076,22.085,21.945,22.001,6481,0
20120712,21.629,21.787,21.629,21.787,902,0
20120713,21.984,22.039,21.974,22.039,1949,0
20120716,21.909,21.909,21.88,21.899,752,0
20120717,21.909,21.992,21.88,21.974,5845,0
20120718,21.871,21.974,21.871,21.945,12088,0
20120719,21.945,21.974,21.899,21.935,125520,0
20120720,21.667,21.702,21.638,21.685,2898,0
20120723,21.341,21.348,21.135,21.293,5257,0
20120724,21.247,21.247,21.042,21.106,2792,0
20120725,21.313,21.321,21.164,21.275,4939,0
20120726,21.536,21.564,21.479,21.526,3125,0
20120727,21.508,21.852,21.499,21.787,14937,0
20120730,21.601,21.741,21.601,21.675,25429,0
20120731,21.694,21.722,21.638,21.638,5878,0
20120801,21.759,21.759,21.647,21.657,1997,0
20120802,21.544,21.619,21.414,21.619,11146,0
20120803,21.796,22.02,21.796,21.935,7305,0
20120806,22.029,22.076,22.01,22.049,3381,0
20120807,22.039,22.122,22.02,22.02,5794,0
20120808,22.057,22.234,22.057,22.178,14536,0
20120809,22.225,22.234,22.169,22.207,4162,0
20120810,22.001,22.197,21.964,22.141,9791,0
20120813,22.057,22.132,22.02,22.066,16837,0
20120814,22.132,22.169,22.085,22.085,5742,0
20120815,22.039,22.197,22.039,22.169,9383,0
20120816,22.02,22.328,22.02,22.252,9268,0
20120817,22.197,22.299,22.187,22.299,8067,0
20120820,22.29,22.29,21.685,22.252,11352,0
20120821,22.197,22.309,22.15,22.197,9166,0
20120822,22.094,22.187,22.02,22.187,7052,0
20120823,22.113,22.122,22.049,22.113,8245,0
20120824,22.085,22.262,22.085,22.197,10551,0
20120827,22.178,22.178,22.066,22.066,5628,0
20120828,22.178,22.178,22.085,22.16,3591,0
20120829,22.122,22.207,22.122,22.132,6100,0
20120830,22.187,22.187,22.01,22.02,4638,0
20120831,22.066,22.15,22.01,22.076,2347,0
20120904,21.926,22.001,21.816,21.964,9111,0
20120905,21.918,21.964,21.89,21.964,5105,0
20120906,22.169,22.373,22.15,22.337,6418,0
20120907,22.468,22.504,22.43,22.448,10676,0
20120910,22.281,22.42,22.281,22.29,14140,0
20120911,22.448,22.541,22.448,22.476,2180,0
20120912,22.691,22.691,22.626,22.645,4853,0
20120913,22.681,22.961,22.626,22.961,5065,0
20120914,23.026,23.073,22.942,22.942,5771,0
20120917,22.923,22.952,22.793,22.812,2147,0
20120918,22.728,22.756,22.691,22.728,5229,0
20120919,22.822,22.895,22.822,22.822,5513,0
20120920,22.662,22.709,22.579,22.671,3642,0
20120921,22.803,22.849,22.719,22.719,1016,0
20120924,22.746,22.812,22.737,22.737,1074,0
20120925,22.829,22.942,22.7,22.7,5069,0
20120926,22.551,22.635,22.523,22.606,5354,0
20120927,22.868,23.016,22.868,22.923,3291,0
20120928,22.812,23.007,22.812,22.878,4106,0
20121001,23.007,23.007,22.878,22.887,920,0
20121002,22.868,22.905,22.774,22.829,3972,0
20121003,22.764,22.764,22.645,22.654,3957,0
20121004,22.793,22.933,22.793,22.914,5312,0
20121005,23.138,23.212,23.026,23.036,2919,0
20121008,22.942,23.063,22.942,23.045,1280,0
20121009,22.812,22.812,22.746,22.746,7863,0
20121010,22.681,22.691,22.635,22.691,5259,0
20121011,22.774,22.812,22.737,22.737,4958,0
20121012,22.97,22.989,22.895,22.933,2453,0
20121015,23.007,23.016,22.887,23.016,3601,0
20121016,23.166,23.203,23.147,23.203,11346,0
20121017,23.24,23.334,23.24,23.334,6698,0
20121018,23.334,23.426,23.315,23.4,9601,0
20121019,23.4,23.5,23.352,23.455,65393,0
20121022,23.641,23.678,23.585,23.613,19851,0
20121023,23.38,23.4,23.259,23.361,7644,0
20121024,23.753,23.753,23.483,23.483,8780,0
20121025,23.566,23.613,23.538,23.575,2898,0
20121026,23.623,23.623,23.435,23.465,6496,0
20121031,23.491,23.623,23.342,23.575,54784,0
20121101,23.724,23.92,23.724,23.92,12211,0
20121102,23.724,23.733,23.558,23.593,7490,0
20121105,23.724,23.724,23.585,23.603,6456,0
20121106,23.688,23.846,23.688,23.771,9579,0
20121107,23.558,23.558,23.305,23.342,94266,0
20121108,23.426,23.445,23.249,23.287,7515,0
20121109,23.334,23.491,23.259,23.408,55220,0
20121112,23.342,23.38,23.24,23.287,13164,0
20121113,23.193,23.334,22.868,23.24,2770,0
20121114,23.203,23.212,22.878,22.961,5955,0
20121115,22.998,23.045,22.812,22.895,11590,0
20121116,22.858,23.007,22.858,23.007,1288,0
20121119,23.277,23.352,23.249,23.315,5644,0
20121120,23.342,23.39,23.268,23.39,12654,0
20121121,23.37,23.39,23.315,23.38,4971,0
20121123,23.51,23.613,23.51,23.585,6657,0
20121126,23.593,23.771,23.593,23.771,5480,0
20121127,23.753,23.753,23.566,23.641,15920,0
20121128,23.566,23.641,23.474,23.641,2459,0
20121129,23.855,23.911,23.809,23.855,8402,0
20121130,23.789,23.799,23.707,23.781,78265,0
20121203,23.733,23.753,23.678,23.753,2786,0
20121204,23.799,23.939,23.799,23.874,6489,0
20121205,23.884,23.957,23.809,23.892,5281,0
20121206,23.799,23.836,23.743,23.809,29258,0
20121207,23.753,23.799,23.724,23.789,8300,0
20121210,23.781,23.836,23.781,23.818,2361,0
20121211,23.93,24.005,23.901,23.911,4311,0
20121212,24.078,24.078,23.864,23.864,6433,0
20121213,23.789,23.818,23.678,23.771,8688,0
20121214,23.892,23.892,23.781,23.818,3610,0
20121217,23.846,23.957,23.846,23.884,7403,0
20121218,23.985,24.107,23.985,24.107,11383,0
20121219,24.162,24.219,24.126,24.162,16348,0
20121220,24.255,24.294,24.126,24.209,7283,0
20121221,24.012,24.069,23.985,24.069,4340,0
20121224,23.846,24.078,23.566,23.957,4886,0
20121226,24.078,24.078,23.911,23.911,6916,0
20121227,23.899,24.098,23.814,23.984,3092,0
20121228,23.899,23.909,23.814,23.833,4150,0
20121231,23.853,24.239,23.853,24.163,12889,0
20130102,24.72,24.72,24.58,24.693,9085,0
20130103,24.656,24.826,24.656,24.74,19237,0
20130104,24.57,24.646,24.297,24.636,5150,0
20130107,24.693,24.713,24.617,24.713,17044,0
20130108,24.656,24.656,24.504,24.58,11014,0
20130109,24.599,24.607,24.599,24.607,1121,0
20130110,24.797,24.929,24.73,24.929,27465,0
20130111,24.693,24.703,24.607,24.703,13106,0
20130114,24.703,24.703,24.636,24.664,2805,0
20130115,24.646,24.713,24.636,24.713,6515,0
20130116,24.664,24.693,24.656,24.656,3890,0
20130117,24.74,24.863,24.58,24.844,7095,0
20130118,24.797,24.826,24.769,24.826,2593,0
20130122,24.759,24.787,24.599,24.769,8644,0
20130123,24.73,24.73,24.617,24.703,4128,0
20130124,24.74,24.778,24.636,24.693,3739,0
20130125,24.599,24.75,24.599,24.656,2041,0
20130128,24.674,24.683,24.59,24.664,3937,0
20130129,24.74,24.806,24.74,24.797,7965,0
20130130,24.787,24.806,24.72,24.759,2586,0
20130131,24.703,24.73,24.656,24.674,5578,0
20130201,24.929,25.005,24.75,24.967,11286,0
20130204,24.664,24.664,24.551,24.599,3365,0
20130205,24.607,24.693,24.607,24.636,3750,0
20130206,24.627,24.693,24.627,24.627,4039,0
20130207,24.514,24.514,24.258,24.372,4012,0
20130208,24.514,24.514,24.484,24.504,5756,0
20130211,24.484,24.656,24.484,24.524,5599,0
20130212,24.504,24.59,24.504,24.533,2625,0
20130213,24.713,24.713,24.617,24.646,11671,0
20130214,24.57,24.607,24.56,24.56,4137,0
20130215,24.599,24.646,24.599,24.627,3071,0
20130219,24.693,24.995,24.693,24.967,13504,0
20130220,24.919,24.958,24.627,24.627,16246,0
20130221,24.56,24.56,24.381,24.467,3938,0
20130222,24.627,24.713,24.627,24.713,2422,0
20130225,24.863,24.883,24.484,24.484,10506,0
20130226,24.541,24.599,24.514,24.551,5585,0
20130227,24.683,24.949,24.683,24.929,8209,0
20130228,24.853,24.958,24.787,24.901,5938,0
20130301,24.759,24.919,24.73,24.883,12915,0
20130304,24.693,24.826,24.693,24.826,2820,0
20130305,24.909,25.061,24.909,24.985,5695,0
20130306,25.043,25.109,25.014,25.09,16710,0
20130307,25.119,25.326,25.08,25.316,5134,0
20130308,25.382,25.401,25.221,25.345,4167,0
20130311,25.165,25.221,25.128,25.203,3466,0
20130312,25.08,25.099,24.939,24.958,6713,0
20130313,24.853,24.967,24.835,24.939,1799,0
20130314,24.995,25.146,24.995,25.119,6591,0
20130315,25.099,25.26,25.099,25.194,5961,0
20130318,25.099,25.212,25.09,25.165,16775,0
20130319,25.136,25.136,24.985,25.09,4990,0
20130320,25.203,25.278,25.165,25.165,2049,0
20130321,25.109,25.203,25.09,25.099,3443,0
20130322,25.175,25.241,25.175,25.241,3791,0
20130325,25.25,25.297,25.099,25.109,2915,0
20130326,25.288,25.326,25.221,25.221,1534,0
20130327,25.033,25.099,24.958,25.099,5042,0
20130328,25.071,25.099,25.043,25.043,1671,0
20130401,24.939,24.939,24.59,24.646,21367,0
20130402,24.683,24.683,24.457,24.514,22646,0
20130403,24.664,24.664,24.344,24.381,25062,0
20130404,24.457,24.72,24.457,24.599,2807,0
20130405,24.334,24.599,24.183,24.494,7151,0
20130408,24.344,24.39,24.268,24.39,4595,0
20130409,24.288,24.419,24.288,24.419,4555,0
20130410,24.504,24.551,24.457,24.514,3357,0
20130411,24.438,24.674,24.438,24.599,2334,0
20130412,24.419,24.524,24.419,24.524,18621,0
20130415,24.212,24.222,23.994,23.994,8892,0
20130416,24.248,24.344,24.248,24.334,1184,0
20130417,23.899,23.947,23.881,23.937,6701,0
20130418,23.861,23.871,23.805,23.814,2363,0
20130419,23.994,24.145,23.994,24.107,2610,0
20130422,24.098,24.163,23.966,24.163,748,0
20130423,24.268,24.381,24.222,24.381,3937,0
20130424,24.419,24.683,24.419,24.683,3633,0
20130425,24.674,24.778,24.674,24.713,5350,0
20130426,24.674,24.693,24.627,24.683,1705,0
20130429,24.759,24.909,24.759,24.892,2346,0
20130430,24.853,24.919,24.844,24.901,2467,0
20130501,24.759,24.816,24.674,24.674,2446,0
20130502,24.759,24.797,24.759,24.797,1372,0
20130503,24.919,25.194,24.919,25.071,19856,0
20130506,25.128,25.185,25.128,25.185,370,0
20130507,25.08,25.194,25.08,25.194,2467,0
20130508,25.128,25.297,25.128,25.297,4375,0
20130509,25.26,25.27,25.231,25.231,4445,0
20130510,25.185,25.326,25.185,25.316,3816,0
20130513,25.185,25.221,25.155,25.221,2162,0
20130514,25.307,25.364,25.307,25.354,3123,0
20130515,25.326,25.411,25.326,25.364,4445,0
20130516,25.08,25.212,25.043,25.08,3378,0
20130517,25.185,25.221,25.175,25.221,4025,0
20130520,25.25,25.25,25.212,25.212,1083,0
20130521,25.128,25.316,25.128,25.288,6252,0
20130522,25.307,25.477,24.929,24.958,17676,0
20130524,24.607,24.797,24.607,24.778,3326,0
20130528,24.883,24.883,24.72,24.73,2063,0
20130529,25.146,25.25,25.146,25.221,1914,0
20130530,25.09,25.119,25.071,25.099,1016,0
20130531,24.844,24.844,24.769,24.787,2469,0
20130603,24.74,24.816,24.59,24.806,6120,0
20130604,24.703,24.703,24.703,24.703,720,0
20130605,24.56,24.56,24.428,24.438,27249,0
20130606,24.344,24.504,24.297,24.504,6341,0
20130607,24.674,24.73,24.674,24.73,3285,0
20130610,24.693,24.693,24.56,24.656,1489,0
20130611,24.514,24.524,24.363,24.448,5280,0
20130612,24.617,24.617,24.504,24.504,1799,0
20130613,24.646,24.919,24.636,24.892,4266,0
20130614,24.74,24.74,24.514,24.533,2743,0
20130617,24.901,24.909,24.826,24.863,2932,0
20130618,24.949,24.995,24.949,24.958,645,0
20130619,24.883,24.883,24.617,24.617,1139,0
20130620,24.222,24.222,23.814,23.861,16621,0
20130621,24.268,24.268,24.041,24.202,4869,0
20130624,23.672,23.861,23.532,23.824,10167,0
20130625,23.918,23.976,23.861,23.976,3935,0
20130626,23.984,24.06,23.928,24.06,12575,0
20130627,24.192,24.288,24.173,24.239,4432,0
20130628,24.222,24.419,24.222,24.314,6055,0
20130701,24.484,24.484,24.457,24.457,1557,0
20130702,24.448,24.448,24.173,24.268,3964,0
20130703,24.126,24.268,24.069,24.222,6531,0
20130705,23.994,24.163,23.994,24.163,433,0
20130708,24.173,24.288,24.173,24.222,5441,0
20130709,24.268,24.381,24.248,24.344,2895,0
20130710,24.39,24.56,24.372,24.372,1731,0
20130711,24.73,25.014,24.73,24.995,3239,0
20130712,24.909,24.909,24.75,24.816,1472,0
20130715,24.909,24.958,24.853,24.929,3107,0
20130716,24.883,24.909,24.853,24.901,7124,0
20130717,25.014,25.043,25.014,25.043,795,0
20130718,25.005,25.09,24.985,25.043,2178,0
20130719,24.892,24.995,24.892,24.985,1229,0
20130722,25.014,25.146,25.014,25.099,3170,0
20130723,25.278,25.278,25.221,25.27,2228,0
20130724,24.995,24.995,24.844,24.939,2278,0
20130725,24.985,25.155,24.929,25.155,5219,0
20130726,24.939,24.985,24.816,24.985,13425,0
20130729,24.806,24.806,24.674,24.703,2224,0
20130730,24.713,24.713,24.599,24.646,10481,0
20130731,24.494,24.674,24.494,24.551,2407,0
20130801,24.599,24.72,24.599,24.72,1185,0
20130802,24.883,24.929,24.883,24.909,3831,0
20130805,24.816,24.919,24.806,24.919,7244,0
20130806,25.024,25.024,24.949,24.985,742,0
20130807,24.863,24.909,24.826,24.826,3948,0
20130808,24.949,25.099,24.863,25.061,2942,0
20130809,25.194,25.194,25.119,25.165,2985,0
20130812,25.165,25.27,25.165,25.231,1748,0
20130813,25.27,25.411,25.27,25.373,4293,0
20130814,25.307,25.373,25.307,25.345,1126,0
20130815,24.901,25.071,24.901,25.071,12343,0
20130816,25.203,25.203,25.203,25.203,212,0
20130819,24.995,24.995,24.844,24.863,1593,0
20130820,24.683,24.939,24.683,24.939,2275,0
20130821,24.693,24.787,24.57,24.713,6092,0
20130822,24.967,25.449,24.967,24.995,9052,0
20130823,25.08,25.175,25.071,25.146,3529,0
20130826,24.939,25.08,24.939,25.033,1701,0
20130827,24.664,24.664,24.494,24.617,14836,0
20130828,24.636,24.674,24.551,24.551,1799,0
20130829,24.627,24.674,24.627,24.674,879,0
20130830,24.419,24.428,24.419,24.419,529,0
20130903,24.939,25.043,24.863,24.939,2093,0
20130904,25.005,25.099,25.005,25.08,2855,0
20130905,24.958,24.958,24.958,24.958,1060,0
20130906,24.939,25.033,24.939,25.024,4553,0
20130909,25.051,25.392,25.051,25.345,17938,0
20130910,25.364,25.449,25.364,25.449,2546,0
20130911,25.288,25.477,25.288,25.458,6805,0
20130912,25.336,25.354,25.26,25.26,4604,0
20130913,25.336,25.401,25.316,25.401,795,0
20130916,25.552,25.648,25.543,25.581,7508,0
20130917,25.648,25.685,25.6,25.638,21029,0
20130918,25.638,26.346,25.619,26.243,10858,0
20130919,26.186,26.186,25.911,25.977,4343,0
20130920,25.921,25.921,25.827,25.827,17467,0
20130923,25.845,25.873,25.798,25.873,7611,0
20130924,25.931,25.977,25.865,25.865,3221,0
20130925,25.788,25.817,25.731,25.731,2080,0
20130926,25.78,25.845,25.713,25.713,611,0
20130927,25.665,25.713,25.665,25.705,1882,0
20130930,25.59,25.656,25.572,25.628,3752,0
20131001,25.761,25.788,25.723,25.788,1380,0
20131002,25.648,25.648,25.648,25.648,205,0
20131003,25.487,25.505,25.487,25.505,821,0
20131004,25.496,25.741,25.496,25.741,2218,0
20131007,25.543,25.543,25.429,25.439,1354,0
20131008,25.345,25.345,25.297,25.297,2991,0
20131009,25.392,25.581,25.392,25.572,6095,0
20131010,25.751,25.941,25.751,25.941,7945,0
20131011,25.893,25.958,25.855,25.921,1973,0
20131014,26.073,26.073,26.053,26.053,1314,0
20131015,26.082,26.082,25.788,25.817,18310,0
20131016,25.921,25.958,25.921,25.958,334,0
20131017,25.967,26.129,25.967,26.129,1916,0
20131018,26.261,26.384,26.261,26.384,2323,0
20131021,26.507,26.507,26.336,26.356,8936,0
20131022,26.459,26.573,26.459,26.507,4569,0
20131023,26.309,26.309,26.157,26.27,2349,0
20131024,26.356,26.384,26.299,26.375,3399,0
20131025,26.186,26.233,26.147,26.233,3335,0
20131028,26.261,26.261,26.204,26.233,2212,0
20131029,26.356,26.356,26.289,26.346,963,0
20131030,26.356,26.356,26.243,26.299,1456,0
20131031,26.204,26.384,26.186,26.261,10267,0
20131101,26.261,26.27,26.167,26.223,5707,0
20131104,26.356,26.45,26.356,26.375,1365,0
20131105,26.28,26.318,26.252,26.252,2717,0
20131106,26.299,26.356,26.223,26.243,2886,0
20131107,26.091,26.091,25.845,25.845,2180,0
20131108,25.921,25.987,25.883,25.977,2900,0
20131111,26.024,26.082,26.024,26.043,3297,0
20131112,26.017,26.017,26.017,26.017,466,0
20131113,25.817,26.129,25.817,26.129,12710,0
20131114,26.356,26.459,26.336,26.459,1067,0
20131115,26.412,26.714,26.412,26.658,3183,0
20131118,26.753,26.753,26.507,26.507,5952,0
20131119,26.384,26.592,26.384,26.497,3339,0
20131120,26.432,26.704,26.346,26.365,3933,0
20131121,26.45,26.516,26.356,26.497,4424,0
20131122,26.365,26.422,26.365,26.422,345,0
20131125,26.309,26.327,26.261,26.261,9259,0
20131126,26.138,26.233,26.138,26.233,1622,0
20131127,26.28,26.375,26.28,26.375,635,0
20131129,26.375,26.375,26.375,26.375,4089,0
20131202,26.138,26.157,26.138,26.157,1640,0
20131203,26.1,26.1,25.893,25.893,1130,0
20131204,25.997,25.997,25.997,25.997,1060,0
20131205,25.771,25.788,25.761,25.761,1606,0
20131206,25.836,25.836,25.836,25.836,529,0
20131209,25.931,25.931,25.931,25.931,109,0
20131210,26.007,26.053,26.007,26.053,678,0
20131211,25.798,25.798,25.78,25.78,805,0
20131212,25.619,25.731,25.59,25.619,2838,0
20131213,25.581,25.6,25.515,25.6,3692,0
20131216,25.505,25.665,25.505,25.628,1189,0
20131217,25.505,25.562,25.505,25.562,3359,0
20131218,25.685,25.855,25.6,25.855,2962,0
20131219,25.648,25.705,25.619,25.705,1454,0
20131220,25.638,25.78,25.638,25.761,718,0
20131223,25.798,25.997,25.798,25.931,1559,0
20131224,25.883,25.997,25.883,25.997,3745,0
20131226,26.261,26.261,26.082,26.082,617,0
20131230,26.227,26.256,26.227,26.256,521,0
20131231,26.237,26.486,26.237,26.38,944,0
20140102,26.025,26.207,25.94,25.94,32467,0
20140103,26.16,26.16,25.997,26.054,2179,0
20140106,26.064,26.083,25.997,25.997,620,0
20140107,25.814,26.074,25.814,25.967,5054,0
20140108,26.044,26.044,25.958,25.967,1275,0
20140109,25.795,25.814,25.709,25.767,329721,0
20140110,25.949,25.987,25.94,25.987,7139,0
20140113,25.853,26.017,25.814,25.814,1496,0
20140114,25.661,25.93,25.661,25.93,31193,0
20140115,25.967,26.044,25.967,26.044,760,0
20140116,25.872,25.872,25.863,25.863,2411,0
20140117,25.881,25.93,25.843,25.853,3545,0
20140121,25.949,25.977,25.853,25.967,8705,0
20140122,25.967,26.102,25.967,26.102,6071,0
20140123,25.872,25.872,25.786,25.786,339,0
20140124,25.422,25.422,25.219,25.277,26146,0
20140127,25.142,25.182,24.835,25.028,23061,0
20140128,25.182,25.364,25.182,25.364,15783,0
20140129,25.277,25.277,25.152,25.201,10620,0
20140130,25.095,25.354,25.095,25.354,1441,0
20140131,24.827,25.009,24.827,24.989,4864,0
20140203,24.663,24.702,24.51,24.51,23406,0
20140204,24.644,24.855,24.644,24.835,33947,0
20140205,24.769,24.788,24.644,24.769,14641,0
20140206,24.845,25.009,24.807,25.009,19333,0
20140207,25.142,25.21,25.085,25.21,15603,0
20140210,25.095,25.125,25.047,25.095,14082,0
20140211,25.296,25.44,25.258,25.402,18713,0
20140212,25.364,25.412,25.287,25.354,9376,0
20140213,25.182,25.488,25.172,25.45,12249,0
20140214,25.335,25.507,25.296,25.507,17607,0
20140218,25.345,25.507,25.345,25.469,10518,0
20140219,25.498,25.498,25.364,25.364,7730,0
20140221,25.422,25.537,25.422,25.517,2611,0
20140224,25.517,25.661,25.469,25.517,32830,0
20140225,25.412,25.412,25.373,25.392,1608,0
20140226,25.412,25.498,25.382,25.382,1633,0
20140227,25.422,25.584,25.422,25.537,606,0
20140228,25.661,25.719,25.632,25.709,1603,0
20140303,25.325,25.373,25.21,25.315,1386,0
20140305,25.546,25.651,25.546,25.565,1289,0
20140306,25.901,25.901,25.795,25.853,18292,0
20140307,25.824,25.863,25.804,25.853,4794,0
20140310,25.843,25.901,25.804,25.901,2075,0
20140311,25.977,25.977,25.91,25.91,968,0
20140312,25.517,25.632,25.517,25.632,983,0
20140313,25.632,25.632,25.277,25.277,19866,0
20140314,25.382,25.382,25.382,25.382,500,0
20140317,25.565,25.594,25.507,25.546,3150,0
20140318,25.623,25.623,25.623,25.623,493,0
20140319,25.517,25.651,25.507,25.651,1337,0
20140320,25.047,25.172,25.047,25.142,3767,0
20140321,25.142,25.44,25.142,25.201,28390,0
20140324,25.182,25.345,25.182,25.277,8494,0
20140325,25.229,25.459,25.229,25.392,4612,0
20140326,25.345,25.354,25.201,25.21,5212,0
20140327,24.989,25.182,24.989,25.142,11929,0
20140328,25.527,25.565,25.44,25.479,6373,0
20140331,25.488,25.488,25.412,25.412,1474,0
20140401,25.479,25.604,25.469,25.604,14892,0
20140402,25.45,25.574,25.45,25.574,1743,0
20140403,25.574,25.574,25.44,25.498,1417,0
20140404,25.69,25.777,25.555,25.555,5520,0
20140407,25.412,25.45,25.345,25.354,1989,0
20140408,25.412,25.412,25.412,25.412,471,0
20140409,25.709,26.007,25.709,26.007,4426,0
20140410,25.901,25.901,25.537,25.555,3418,0
20140411,25.345,25.584,25.345,25.479,1475,0
20140414,25.527,25.584,25.488,25.498,2785,0
20140415,25.507,25.537,25.507,25.537,350,0
20140416,25.881,25.987,25.843,25.967,1435,0
20140417,25.824,25.93,25.824,25.843,1857,0
20140421,25.767,25.891,25.767,25.786,1469,0
20140422,25.804,25.804,25.777,25.795,7607,0
20140423,25.814,25.891,25.757,25.891,1220,0
20140424,25.872,25.93,25.824,25.881,3674,0
20140425,25.92,25.92,25.767,25.767,1251,0
20140428,25.661,25.727,25.565,25.719,870,0
20140429,25.795,25.804,25.632,25.69,23310,0
20140430,25.584,25.777,25.584,25.777,10975,0
20140501,25.94,25.958,25.767,25.91,8588,0
20140502,25.68,25.786,25.67,25.68,1272,0
20140505,25.747,25.757,25.651,25.67,1539,0
20140507,25.565,25.565,25.527,25.527,454,0
20140508,25.517,25.517,25.479,25.479,2459,0
20140509,25.584,25.584,25.45,25.45,948,0
20140512,25.479,25.747,25.479,25.747,2553,0
20140513,25.517,25.604,25.517,25.555,1952,0
20140514,25.555,25.632,25.45,25.45,7988,0
20140515,25.382,25.412,25.268,25.402,9828,0
20140516,25.43,25.498,25.43,25.488,1332,0
20140519,25.219,25.459,25.219,25.459,1165,0
20140520,25.296,25.296,25.21,25.219,2291,0
20140521,25.335,25.651,25.335,25.651,23909,0
20140522,25.459,25.498,25.459,25.498,643,0
20140523,25.727,25.727,25.719,25.727,1722,0
20140527,25.891,25.93,25.853,25.853,2524,0
20140528,25.843,25.843,25.843,25.843,522,0
20140529,26.034,26.093,25.987,26.093,5921,0
20140530,26.025,26.025,25.949,25.958,1705,0
20140602,26.14,26.179,26.102,26.121,18976,0
20140603,25.958,26.131,25.949,26.131,2522,0
20140604,25.949,26.054,25.853,25.901,16512,0
20140605,26.083,26.112,26.054,26.083,4729,0
20140606,26.093,26.179,26.093,26.179,1297,0
20140609,26.074,26.093,26.074,26.083,2050,0
20140610,26.064,26.064,25.901,25.92,1460,0
20140611,25.91,25.977,25.901,25.977,3293,0
20140612,26.15,26.15,26.007,26.025,2450,0
20140613,26.074,26.14,26.044,26.14,5978,0
20140616,25.987,26.15,25.987,26.064,2426,0
20140617,25.949,26.044,25.94,25.967,16323,0
20140618,25.958,26.275,25.958,26.275,8139,0
20140619,26.237,26.362,26.189,26.362,1851,0
20140620,26.131,26.284,26.121,26.284,3151,0
20140623,26.332,26.332,26.14,26.284,10549,0
20140624,26.198,26.304,26.189,26.189,3017,0
20140625,25.949,26.083,25.901,26.083,3817,0
20140626,26.102,26.14,26.044,26.112,1318,0
20140627,25.91,26.025,25.91,26.017,1270,0
20140630,26.034,26.284,26.034,26.284,1259,0
20140701,26.314,26.486,26.314,26.39,7764,0
20140702,26.371,26.495,26.352,26.486,6881,0
20140703,26.525,26.629,26.525,26.619,2000,0
20140707,26.572,26.572,26.572,26.572,485,0
20140708,26.362,26.38,26.265,26.265,1117,0
20140709,26.371,26.619,26.371,26.495,2604,0
20140710,26.237,26.409,26.179,26.409,6396,0
20140711,26.332,26.476,26.332,26.476,2077,0
20140714,26.619,26.629,26.515,26.619,2955,0
20140715,26.476,26.476,26.314,26.419,1703,0
20140716,26.505,26.659,26.476,26.582,6814,0
20140717,26.457,26.457,26.39,26.39,1183,0
20140718,26.505,26.649,26.505,26.639,1021,0
20140721,26.429,26.505,26.429,26.505,1078,0
20140722,26.688,26.783,26.688,26.783,1242,0
20140723,26.706,26.802,26.706,26.802,3186,0
20140724,26.85,26.859,26.755,26.755,1907,0
20140725,26.85,26.85,26.85,26.85,209,0
20140728,26.85,26.85,26.85,26.85,221,0
20140729,26.842,26.842,26.611,26.611,1564,0
20140730,26.419,26.457,26.419,26.457,1878,0
20140731,26.15,26.15,25.834,25.863,3342,0
20140801,26.034,26.16,26.017,26.102,1513,0
20140804,26.247,26.438,26.207,26.371,3395,0
20140805,25.987,26.093,25.987,26.093,1662,0
20140806,25.91,25.93,25.91,25.93,1056,0
20140807,25.901,25.93,25.795,25.814,4138,0
20140808,25.804,25.94,25.804,25.94,616,0
20140811,26.16,26.371,26.16,26.362,2805,0
20140812,26.17,26.265,26.17,26.265,4246,0
20140813,26.38,26.38,26.342,26.342,1085,0
20140814,26.592,26.592,26.572,26.592,510,0
20140815,26.399,26.525,26.399,26.399,907,0
20140818,26.552,26.639,26.552,26.602,1611,0
20140819,26.562,26.678,26.562,26.572,1884,0
20140820,26.419,26.419,26.38,26.399,906,0
20140821,26.362,26.362,26.362,26.362,298,0
20140822,26.304,26.304,26.275,26.284,1668,0
20140825,26.237,26.409,26.237,26.294,859,0
20140826,26.15,26.227,26.15,26.16,2174,0
20140827,26.17,26.237,26.16,26.237,9332,0
20140828,26.054,26.054,26.044,26.044,1566,0
20140829,25.94,26.025,25.94,25.958,5498,0
20140902,25.91,25.92,25.91,25.91,2814,0
20140903,25.843,25.997,25.843,25.872,3181,0
20140904,25.967,25.967,25.777,25.863,9173,0
20140905,25.824,25.93,25.824,25.891,21830,0
20140908,25.719,25.824,25.661,25.661,1539,0
20140909,25.527,25.537,25.459,25.498,3149,0
20140910,25.613,25.613,25.613,25.613,207,0
20140911,25.192,25.335,25.192,25.335,2053,0
20140912,25.392,25.402,25.268,25.392,1772,0
20140915,25.364,25.364,25.306,25.306,484,0
20140916,25.277,25.382,25.182,25.382,880,0
20140917,25.219,25.335,25.219,25.219,2555,0
20140918,25.382,25.412,25.315,25.412,20228,0
20140919,25.345,25.345,25.182,25.192,10529,0
20140922,25.115,25.115,25.105,25.105,490,0
20140923,25.162,25.162,25.162,25.162,370,0
20140924,25.354,25.354,25.229,25.354,308,0
20140925,25.105,25.152,25.009,25.009,3787,0
20140926,24.989,25.095,24.989,25.095,942,0
20140929,24.567,24.74,24.567,24.702,4279,0
20140930,24.682,24.682,24.644,24.663,3032,0
20141001,24.567,24.615,24.49,24.49,2270,0
20141002,24.615,24.615,24.29,24.539,2970,0
20141003,24.51,24.529,24.462,24.529,7422,0
20141006,24.539,24.682,24.529,24.682,5909,0
20141008,24.51,24.51,24.433,24.433,474,0
20141009,24.414,24.75,24.376,24.376,5764,0
20141010,24.26,24.26,23.963,24.002,1709,0
20141013,23.925,23.982,23.857,23.877,6549,0
20141014,24.231,24.231,24.231,24.231,443,0
20141015,23.896,23.992,23.589,23.79,12474,0
20141016,23.762,23.857,23.762,23.857,1134,0
20141017,23.848,23.848,23.848,23.848,179,0
20141020,24.835,24.942,24.72,24.942,2276,0
20141021,24.884,25.095,24.884,25.095,11199,0
20141022,25.028,25.056,24.875,24.875,1070,0
20141023,25.028,25.085,24.989,25.056,5172,0
20141024,25.132,25.142,25.132,25.142,2103,0
20141027,25.056,25.056,24.961,24.999,7532,0
20141028,25.296,25.402,25.249,25.354,48079,0
20141029,25.44,25.488,25.335,25.335,1058,0
20141030,25.172,25.45,25.172,25.45,3593,0
20141031,25.594,25.757,25.594,25.727,5664,0
20141103,25.594,25.737,25.594,25.7,17917,0
20141104,25.229,25.249,25.229,25.249,1065,0
20141105,25.182,25.182,25.056,25.075,14845,0
20141106,25.018,25.018,25.018,25.018,417,0
20141107,24.875,24.952,24.865,24.952,1879,0
20141110,25.459,25.565,25.459,25.469,1242,0
20141111,25.623,25.632,25.555,25.623,788,0
20141112,25.594,25.604,25.594,25.604,990,0
20141114,25.604,25.7,25.604,25.7,997,0
20141117,25.604,25.604,25.604,25.604,660,0
20141118,25.565,25.604,25.546,25.584,3073,0
20141119,25.546,25.565,25.546,25.555,1266,0
20141120,25.469,25.546,25.469,25.546,2409,0
20141121,25.757,25.757,25.757,25.757,281,0
20141124,25.584,25.594,25.584,25.594,4082,0
20141125,25.459,25.459,25.459,25.459,304,0
20141128,25.287,25.306,25.268,25.287,3089,0
20141201,24.979,24.979,24.979,24.979,317,0
20141202,25.115,25.115,25.066,25.066,258,0
20141203,25.009,25.056,24.989,25.056,2129,0
20141204,24.952,24.979,24.912,24.912,1307,0
20141205,24.875,24.894,24.807,24.835,2106,0
20141208,24.577,24.577,24.557,24.557,1815,0
20141209,24.5,24.577,24.5,24.577,1968,0
20141210,24.557,24.557,24.529,24.539,3167,0
20141211,24.798,24.922,24.798,24.922,2085,0
20141212,24.605,24.682,24.5,24.577,4497,0
20141215,24.52,24.587,24.26,24.28,14689,0
20141216,24.26,24.26,24.087,24.087,4077,0
20141217,24.223,24.307,24.145,24.25,11192,0
20141218,24.347,24.471,24.347,24.471,13684,0
20141219,24.49,24.605,24.49,24.548,3845,0
20141222,24.5,24.539,24.49,24.539,6143,0
20141223,24.203,24.203,24.174,24.174,6485,0
20141224,24.155,24.414,24.155,24.414,2203,0
20141226,24.376,24.587,24.376,24.404,49597,0
20141229,24.553,24.553,24.368,24.465,10876,0
20141230,24.474,24.514,24.446,24.484,8200,0
20141231,24.65,24.65,24.455,24.455,1216,0
20150102,24.378,24.387,24.29,24.29,4552,0
20150105,24.572,24.572,24.26,24.308,6355,0
20150106,24.406,24.416,24.153,24.23,3733,0
20150107,24.378,24.533,24.378,24.514,5282,0
20150108,24.504,24.787,24.504,24.777,16851,0
20150109,24.602,24.64,24.553,24.572,6243,0
20150112,24.524,24.524,24.524,24.524,440,0
20150113,24.835,24.855,24.592,24.592,1749,0
20150114,24.611,24.611,24.426,24.426,5669,0
20150115,24.718,24.728,24.474,24.592,12949,0
20150116,24.338,24.446,24.27,24.446,2240,0
20150120,24.494,24.592,24.474,24.592,5014,0
20150121,24.709,24.757,24.679,24.689,11979,0
20150122,24.738,25.059,24.738,25.05,5874,0
20150123,24.679,24.689,24.611,24.611,4308,0
20150126,24.777,24.875,24.777,24.875,637,0
20150127,24.894,25.157,24.884,25.137,6974,0
20150128,25.284,25.43,25.206,25.352,29537,0
20150129,25.069,25.401,25.069,25.401,1436,0
20150130,25.303,25.303,25.215,25.215,5438,0
20150202,25.215,25.391,25.187,25.391,2481,0
20150203,25.362,25.518,25.362,25.518,1667,0
20150204,25.616,25.616,25.576,25.616,1149,0
20150205,25.606,25.694,25.596,25.606,1954,0
20150206,25.459,25.538,25.381,25.421,4624,0
20150209,25.313,25.352,25.187,25.206,8460,0
20150210,25.343,25.343,25.343,25.343,353,0
20150212,25.343,25.616,25.333,25.528,2494,0
20150213,25.625,25.84,25.625,25.81,5403,0
20150217,25.86,25.956,25.84,25.84,2574,0
20150218,25.86,26.172,25.86,26.172,2413,0
20150219,25.956,26.21,25.956,26.084,1507,0
20150220,26.025,26.308,26.025,26.2,2648,0
20150223,26.034,26.22,26.025,26.22,1101,0
20150224,25.938,26.337,25.938,26.259,3876,0
20150225,26.249,26.396,26.249,26.288,1145,0
20150226,26.259,26.396,26.24,26.396,1592,0
20150227,26.288,26.445,26.288,26.298,5966,0
20150302,26.279,26.279,26.132,26.269,11589,0
20150303,26.259,26.298,26.181,26.298,11794,0
20150304,26.181,26.181,26.074,26.084,3487,0
20150305,26.162,26.21,26.113,26.21,5128,0
20150306,26.006,26.034,25.84,25.84,2256,0
20150309,25.918,26.064,25.918,26.064,1436,0
20150310,25.616,25.616,25.547,25.557,3692,0
20150311,25.508,25.567,25.411,25.518,6461,0
20150312,25.518,25.518,25.518,25.518,102,0
20150313,25.411,25.752,25.411,25.596,4615,0
20150316,25.713,25.791,25.713,25.791,1231,0
20150317,25.606,25.684,25.586,25.684,821,0
20150318,25.528,26.016,25.528,26.016,3692,0
20150319,25.742,25.772,25.694,25.772,1129,0
20150320,25.976,26.132,25.976,26.074,2462,0
20150323,26.074,26.074,26.074,26.074,205,0
20150324,26.074,26.094,26.034,26.074,5128,0
20150325,25.86,26.044,25.86,25.938,4205,0
20150326,25.938,25.938,25.938,25.938,102,0
20150327,25.684,25.84,25.606,25.84,3692,0
20150330,25.888,25.918,25.888,25.888,1948,0
20150331,25.596,25.645,25.596,25.635,1539,0
20150401,25.547,25.567,25.547,25.567,1333,0
20150402,26.034,26.122,25.976,26.122,4000,0
20150406,26.405,26.532,26.386,26.386,6358,0
20150407,26.415,26.415,26.357,26.366,6566,0
20150408,26.629,26.825,26.629,26.825,2564,0
20150409,26.981,27.117,26.913,27.107,7090,0
20150410,27.029,27.029,26.971,27.01,1333,0
20150413,26.815,26.815,26.717,26.737,1641,0
20150414,26.639,26.747,26.639,26.747,1948,0
20150415,26.483,26.483,26.483,26.483,823,0
20150416,26.854,26.932,26.854,26.922,3419,0
20150417,26.357,26.445,26.318,26.435,13640,0
20150420,26.464,26.464,26.337,26.445,4325,0
20150421,26.669,26.669,26.571,26.571,1896,0
20150422,26.727,26.747,26.727,26.747,10359,0
20150423,26.863,26.913,26.815,26.854,5025,0
20150424,26.815,26.883,26.815,26.825,513,0
20150427,26.913,27.068,26.913,26.961,6358,0
20150428,26.795,26.854,26.795,26.854,1231,0
20150429,26.639,27,26.639,26.941,7897,0
20150430,26.689,26.689,26.591,26.591,9640,0
20150501,26.649,26.649,26.649,26.649,205,0
20150504,26.825,27.029,26.815,27.029,3487,0
20150505,27.029,27.029,27.029,27.029,102,0
20150506,26.571,26.571,26.425,26.445,4950,0
20150507,26.327,26.327,26.298,26.327,1646,0
20150508,26.757,26.863,26.757,26.854,5538,0
20150511,26.854,26.854,26.854,26.854,205,0
20150512,27.039,27.068,27.01,27.01,685,0
20150513,27.322,27.508,27.254,27.351,923,0
20150514,27.342,27.516,27.342,27.39,1641,0
20150515,27.673,27.722,27.576,27.692,6051,0
20150518,27.458,27.468,27.458,27.468,951,0
20150519,27.586,27.712,27.586,27.664,1743,0
20150520,27.888,27.946,27.692,27.81,1641,0
20150521,27.692,27.692,27.526,27.556,3897,0
20150522,27.546,27.692,27.546,27.692,3795,0
20150526,27.692,27.692,27.692,27.692,6,0
20150527,27.498,27.624,27.498,27.624,3589,0
20150528,27.624,27.624,27.624,27.624,140,0
20150529,27.302,27.37,27.205,27.37,1231,0
20150601,27.4,27.4,27.312,27.312,2428,0
20150602,27.595,27.595,27.508,27.508,867,0
20150603,27.741,27.741,27.722,27.722,2051,0
20150604,27.468,27.468,27.312,27.312,821,0
20150605,27.351,27.351,27.244,27.292,1129,0
20150608,27.302,27.302,27.088,27.098,14871,0
20150609,27.059,27.078,26.932,27.078,3391,0
20150610,27.468,27.508,27.4,27.4,24525,0
20150611,27.692,27.712,27.526,27.712,34165,0
20150612,27.516,27.516,27.176,27.351,1641,0
20150615,27.4,27.4,27.4,27.4,205,0
20150616,27.361,27.38,27.312,27.312,513,0
20150617,27.322,27.351,27.224,27.283,4410,0
20150618,27.595,27.595,27.508,27.508,2256,0
20150619,27.761,27.8,27.614,27.712,5435,0
20150622,27.79,28.053,27.79,28.053,1948,0
20150623,28.171,28.18,27.936,27.946,4295,0
20150624,27.946,27.946,27.946,27.946,102,0
20150625,28.102,28.189,27.936,27.936,1641,0
20150626,27.936,27.936,27.936,27.936,102,0
20150629,27.156,27.488,27.156,27.342,13845,0
20150630,27.566,27.566,27.205,27.536,1442,0
20150701,27.79,27.79,27.526,27.673,2051,0
20150702,27.4,27.508,27.4,27.508,308,0
20150706,26.893,26.893,26.775,26.775,718,0
20150707,26.629,26.767,26.473,26.767,1129,0
20150708,25.752,26.094,25.625,25.82,10974,0
20150709,26.473,26.473,26.249,26.308,2769,0
20150710,26.767,26.873,26.727,26.737,10461,0
20150713,27.761,27.761,26.971,27.439,3077,0
20150714,27.332,27.332,27.332,27.332,387,0
20150715,27.312,27.488,27.264,27.273,2169,0
20150716,27.273,27.273,27.273,27.273,205,0
20150717,27.448,27.644,27.439,27.644,513,0
20150720,27.556,27.556,27.37,27.37,5845,0
20150721,27.4,27.478,27.361,27.458,9947,0
20150722,27.302,27.302,27.195,27.254,1743,0
20150723,27.566,27.566,27.566,27.566,1231,0
20150724,27.302,27.508,27.215,27.215,2358,0
20150727,26.805,26.825,26.2,26.629,3385,0
20150728,26.747,26.991,26.747,26.991,410,0
20150729,27.156,27.156,27.156,27.156,205,0
20150730,27.039,27.039,26.932,26.932,2256,0
20150731,27.01,27.01,26.854,26.854,1129,0
20150803,26.815,26.815,26.61,26.737,6313,0
20150804,26.775,26.903,26.669,26.737,26562,0
20150805,26.795,27.078,26.795,26.991,8820,0
20150806,26.795,27.01,26.747,26.747,5109,0
20150807,26.679,26.863,26.679,26.805,718,0
20150810,26.835,27.088,26.825,27.039,9128,0
20150811,26.483,26.493,26.445,26.445,5742,0
20150812,26.298,26.337,26.094,26.337,5538,0
20150813,26.396,26.405,26.396,26.405,1025,0
20150814,26.405,26.405,26.405,26.405,205,0
20150817,26.298,26.629,26.298,26.619,1948,0
20150818,26.376,26.376,26.376,26.376,308,0
20150819,25.86,26.094,25.86,26.094,821,0
20150820,25.664,25.694,25.167,25.499,9024,0
20150821,24.943,25.119,24.797,24.923,5743,0
20150824,23.627,24.446,22.992,24.27,8462,0
20150825,24.182,24.787,24.172,24.396,7281,0
20150826,24.28,24.455,23.88,24.455,7487,0
20150827,25.235,25.284,25.099,25.137,18460,0
20150828,25.031,25.187,24.981,25.041,23793,0
20150831,25.041,25.109,24.797,24.816,44406,0
20150901,24.26,24.338,24.26,24.328,410,0
20150902,24.27,24.338,24.124,24.308,1436,0
20150903,24.202,24.611,24.202,24.611,4308,0
20150904,23.802,23.802,23.753,23.753,1641,0
20150908,24.192,24.436,24.192,24.436,821,0
20150909,24.378,24.378,24.222,24.222,52098,0
20150910,23.919,24.124,23.919,24.124,992,0
20150911,24.222,24.23,24.143,24.153,1025,0
20150914,24.153,24.153,24.153,24.153,102,0
20150915,24.514,24.65,24.514,24.65,3281,0
20150916,24.748,24.748,24.748,24.748,615,0
20150917,24.748,24.748,24.748,24.748,94,0
20150918,24.514,24.514,24.378,24.378,1333,0
20150921,24.553,24.621,24.514,24.582,821,0
20150922,24.582,24.582,24.582,24.582,102,0
20150923,24.582,24.582,24.582,24.582,102,0
20150925,24.718,24.943,24.543,24.543,3179,0
20150928,24.543,24.543,24.543,24.543,81,0
20150929,24.474,24.572,24.318,24.455,21639,0
20150930,24.875,25.031,24.757,24.757,1538,0
20151001,24.991,24.991,24.767,24.953,37740,0
20151002,25.119,25.119,25.119,25.119,513,0
20151005,26.113,26.23,26.016,26.2,2926,0
20151006,26.025,26.269,26.025,26.21,6153,0
20151007,26.21,26.21,26.054,26.054,1436,0
20151008,25.694,25.928,25.684,25.928,1436,0
20151009,25.928,25.928,25.928,25.928,102,0
20151012,25.956,26.327,25.956,26.22,1593,0
20151013,26.22,26.22,26.22,26.22,102,0
20151014,25.928,25.928,25.928,25.928,308,0
20151015,26.269,26.288,26.269,26.279,615,0
20151016,26.181,26.181,26.181,26.181,205,0
20151019,26.181,26.181,26.181,26.181,102,0
20151021,26.142,26.142,26.103,26.103,205,0
20151022,26.327,26.669,26.327,26.669,308,0
20151023,26.932,27.068,26.737,26.981,16409,0
20151026,26.903,26.922,26.863,26.922,1231,0
20151027,26.815,26.815,26.503,26.639,4205,0
20151028,26.639,26.639,26.639,26.639,102,0
20151029,26.669,26.669,26.347,26.415,923,0
20151030,26.757,26.757,26.757,26.757,102,0
20151102,26.689,26.689,26.689,26.689,312,0
20151103,26.689,26.689,26.689,26.689,102,0
20151104,26.689,26.689,26.689,26.689,63,0
20151105,26.785,26.785,26.785,26.785,308,0
20151106,26.259,26.405,26.259,26.405,410,0
20151109,26.288,26.288,26.24,26.24,513,0
20151110,26.24,26.24,26.24,26.24,102,0
20151111,26.561,26.581,26.561,26.581,615,0
20151112,25.938,26.279,25.938,26.162,4308,0
20151113,26.288,26.386,26.288,26.386,615,0
20151116,26.386,26.591,26.386,26.581,615,0
20151117,26.542,26.679,26.542,26.679,615,0
20151118,26.767,26.893,26.757,26.893,1025,0
20151119,26.971,27.127,26.971,27.029,718,0
20151120,27.098,27.098,27.098,27.098,615,0
20151123,27.166,27.302,27.166,27.302,410,0
20151124,26.883,27.292,26.883,27.254,1436,0
20151125,27.254,27.254,27.254,27.254,102,0
20151130,26.835,26.913,26.835,26.893,2051,0
20151201,27.292,27.292,27.292,27.292,322,0
20151202,27.302,27.302,26.873,26.873,3747,0
20151203,26.913,26.913,26.913,26.913,144,0
20151204,26.854,26.854,26.854,26.854,205,0
20151207,26.835,26.835,26.835,26.835,410,0
20151208,26.697,26.697,26.697,26.697,203,0
20151209,26.415,26.415,26.415,26.415,205,0
20151210,26.415,26.415,26.415,26.415,102,0
20151211,26.064,26.064,26.064,26.064,308,0
20151214,26.094,26.094,25.986,25.986,735,0
20151215,26.2,26.298,26.2,26.298,1129,0
20151216,26.523,26.785,26.523,26.785,1436,0
20151217,26.961,26.961,26.825,26.825,410,0
20151218,26.639,26.727,26.551,26.727,2256,0
20151221,27.604,27.604,26.835,26.835,1538,0
20151222,27.156,27.156,27.137,27.137,292,0
20151223,27.42,27.556,27.42,27.508,1538,0
20151224,27.586,27.586,27.586,27.586,202,0
20151228,27.712,27.712,27.448,27.604,3629,0
20151229,27.911,28.052,27.911,28.052,1238,0
20151230,27.812,27.812,27.654,27.664,1059,0
20151231,27.614,27.614,27.517,27.517,540,0
20160104,27.051,27.051,27.051,27.051,223,0
20160105,27.614,27.614,27.614,27.614,172,0
20160107,26.597,26.597,26.577,26.577,1563,0
20160108,26.429,26.666,26.421,26.508,2381,0
20160111,26.775,26.775,26.508,26.508,1208,0
20160112,26.626,26.761,26.537,26.547,3929,0
20160113,26.676,26.784,26.152,26.162,4761,0
20160114,26.014,26.152,25.836,26.152,2448,0
20160115,25.515,25.53,25.352,25.41,13092,0
20160119,26.024,26.024,25.075,25.362,1417,0
20160120,24.808,25.085,24.68,25.085,2361,0
20160121,25.097,25.097,25.055,25.055,476,0
20160122,25.623,25.846,25.623,25.846,422,0
20160125,25.925,25.925,25.925,25.925,121,0
20160126,25.628,25.984,25.628,25.984,1979,0
20160127,25.767,26.152,25.737,26.063,2331,0
20160128,26.182,26.182,26.182,26.182,1037,0
20160129,26.686,26.686,26.686,26.686,137,0
20160201,26.913,27.259,26.913,27.259,14264,0
20160202,27.12,27.12,26.837,27.002,1160,0
20160203,26.854,27.101,26.834,26.834,588,0
20160204,27.437,27.437,27.437,27.437,162,0
20160205,27.417,27.417,27.119,27.119,1664,0
20160208,27.15,27.16,26.825,27.16,1970,0
20160209,27.259,27.259,27.154,27.154,1418,0
20160210,27.17,27.17,26.923,27.138,6407,0
20160211,26.933,26.933,26.565,26.565,3476,0
20160212,26.765,27.101,26.636,27.101,7179,0
20160216,27.11,27.11,26.863,27.038,13000,0
20160217,27.417,27.619,27.417,27.434,6454,0
20160218,27.674,27.674,27.081,27.259,799,0
20160219,27.061,27.235,27.061,27.219,1375,0
20160222,27.688,27.688,27.688,27.688,1422,0
20160223,27.318,27.318,27.233,27.233,571,0
20160224,26.982,27.056,26.913,27.056,4890,0
20160225,27.535,27.604,27.525,27.604,9272,0
20160229,27.298,27.298,27.298,27.298,1215,0
20160301,27.446,27.861,27.446,27.851,14880,0
20160302,27.832,28.086,27.832,28.086,4620,0
20160303,28.197,28.434,28.197,28.337,5117,0
20160304,28.805,28.805,28.681,28.76,536,0
20160307,28.612,28.612,28.612,28.612,315,0
20160308,28.268,28.268,28.266,28.267,543,0
20160309,28.375,28.395,28.375,28.395,751,0
20160310,28.405,28.59,28.336,28.59,1215,0
20160311,29.027,29.264,29.027,29.146,813,0
20160314,28.385,28.4,28.385,28.4,471,0
20160315,28.503,28.503,28.503,28.503,380,0
20160317,29.243,29.62,29.243,29.534,3385,0
20160318,29.343,29.669,29.343,29.669,1049,0
20160321,29.491,29.501,29.491,29.501,1142,0
20160323,29.215,29.472,29.136,29.348,922,0
20160324,29.137,29.137,29.137,29.137,134,0
20160329,28.75,29.635,28.602,29.432,18444,0
20160330,29.77,29.778,29.679,29.709,542,0
20160401,29.259,29.283,29.259,29.283,299,0
20160404,29.6,29.6,29.326,29.326,693,0
20160405,28.731,28.731,28.731,28.731,202,0
20160406,29.03,29.205,29.03,29.205,817,0
20160407,29.057,29.057,29.057,29.057,881,0
20160408,29.305,29.305,29.305,29.305,123,0
20160411,29.373,29.571,29.373,29.393,2179,0
20160413,29.459,29.541,29.333,29.541,829,0
20160414,29.551,29.551,29.483,29.483,1440,0
20160418,29.63,29.64,29.63,29.64,450,0
20160419,29.909,29.909,29.909,29.909,167,0
20160420,29.778,30.073,29.778,30.073,3124,0
20160421,29.778,29.778,29.778,29.778,1316,0
20160422,29.64,29.64,29.64,29.64,118,0
20160425,29.225,29.288,29.166,29.166,765,0
20160426,30.4,30.4,29.412,29.412,1417,0
20160427,29.422,29.432,29.412,29.412,764,0
20160428,29.521,29.541,29.304,29.324,6647,0
20160429,29.353,29.353,28.978,29.168,8296,0
20160502,29.748,29.748,29.423,29.423,945,0
20160503,29.106,29.363,29.106,29.363,2801,0
20160509,29.393,29.422,29.393,29.412,7986,0
20160510,29.526,29.607,29.521,29.607,1732,0
20160511,29.422,29.6,29.422,29.494,1514,0
20160512,29.615,29.615,29.615,29.615,244,0
20160513,29.304,29.304,29.057,29.057,12367,0
20160516,29.244,29.361,29.244,29.361,607,0
20160517,29.353,29.41,29.353,29.41,1036,0
20160518,29.138,29.138,29.014,29.014,777,0
20160519,29.017,29.017,28.78,28.78,1140,0
20160520,29.366,29.366,29.279,29.279,1002,0
20160523,29.491,29.491,29.422,29.422,2418,0
20160525,29.693,29.837,29.693,29.762,425,0
20160526,29.932,29.932,29.932,29.932,234,0
20160527,29.989,29.989,29.989,29.989,305,0
20160531,29.969,29.969,29.808,29.837,23087,0
20160601,29.818,29.818,29.63,29.729,4857,0
20160602,29.867,29.995,29.867,29.887,2721,0
20160603,30.232,30.361,30.232,30.361,1179,0
20160606,30.628,30.7,30.558,30.7,3792,0
20160607,30.825,31.003,30.776,30.776,16875,0
20160608,30.875,31.093,30.875,30.991,2864,0
20160610,30.291,30.291,30.291,30.291,365,0
20160613,29.916,29.956,29.874,29.874,1279,0
20160614,29.778,29.778,29.442,29.511,1024,0
20160616,29.393,29.531,29.393,29.531,1425,0
20160617,29.412,29.499,29.412,29.499,3230,0
20160620,30.015,30.124,29.887,29.887,4825,0
20160622,30.065,30.065,29.936,29.936,3985,0
20160624,29.234,29.234,28.684,28.684,3856,0
20160627,28.59,28.844,28.59,28.741,1340,0
20160628,29.6,29.738,29.555,29.738,2980,0
20160629,29.946,30.005,29.946,30.005,1614,0
20160630,29.877,29.889,29.877,29.889,1012,0
20160701,30.262,30.37,30.262,30.37,380,0
20160705,30.628,30.628,30.479,30.479,1443,0
20160707,30.588,30.588,30.588,30.588,275,0
20160708,30.841,30.841,30.841,30.841,177,0
20160711,30.717,31.043,30.717,31.043,393,0
20160713,30.885,30.885,30.647,30.647,1168,0
20160715,30.281,30.281,30.281,30.281,247,0
20160718,30.346,30.346,30.346,30.346,403,0
20160720,30.41,30.41,30.41,30.41,1620,0
20160721,30.4,30.47,30.371,30.381,8628,0
20160722,30.47,30.479,30.47,30.479,209,0
20160725,30.558,30.558,30.282,30.282,370,0
20160726,30.499,30.525,30.43,30.45,1546,0
20160728,30.726,30.729,30.677,30.677,557,0
20160729,30.965,30.965,30.847,30.847,323,0
20160801,30.875,30.914,30.865,30.875,512,0
20160802,30.934,30.934,30.934,30.934,2844,0
20160803,30.835,30.885,30.736,30.885,894,0
20160804,30.341,30.507,30.341,30.475,1314,0
20160808,30.499,30.499,30.254,30.254,2492,0
20160809,30.618,30.618,30.618,30.618,248,0
20160810,31.02,31.02,30.771,30.854,935,0
20160812,30.954,30.954,30.877,30.877,851,0
20160815,31.26,31.26,31.098,31.154,1306,0
20160817,31.023,31.023,30.8,30.898,2636,0
20160819,30.667,30.863,30.667,30.776,3847,0
20160824,31.211,31.319,31.211,31.27,1067,0
20160826,31.092,31.092,30.815,30.815,1267,0
20160829,30.855,30.855,30.707,30.823,557,0
20160830,30.602,30.602,30.602,30.602,221,0
20160902,30.646,30.855,30.646,30.855,57352,0
20160907,31.299,31.398,31.24,31.359,4614,0
20160908,31.416,31.477,31.416,31.438,2555,0
20160909,30.726,30.726,30.371,30.371,1485,0
20160912,30.124,30.776,30.124,30.756,4965,0
20160913,30.341,30.361,30.163,30.173,3309,0
20160914,30.183,30.29,30.183,30.29,301,0
20160919,30.543,30.543,30.543,30.543,152,0
20160920,30.648,30.648,30.648,30.648,175,0
20160921,30.985,31.467,30.964,31.467,6281,0
20160922,31.458,31.556,31.458,31.556,962,0
20160923,31.556,31.556,31.407,31.407,1791,0
20160927,31.774,31.774,31.547,31.556,2762,0
20160928,31.586,32.06,31.586,32.06,1046,0
20160929,31.655,31.655,31.465,31.529,656,0
20160930,31.586,31.586,31.586,31.586,288,0
20161003,31.655,31.655,31.645,31.645,422,0
20161004,31.616,31.616,31.211,31.281,1546,0
20161005,31.28,31.28,31.28,31.28,106,0
20161007,31.043,31.043,31.043,31.043,217,0
20161010,31.181,31.408,31.181,31.349,955,0
20161011,31.339,31.339,30.877,30.877,998,0
20161012,30.999,31.062,30.999,31.057,906,0
20161013,30.885,30.934,30.568,30.887,2703,0
20161017,31.082,31.082,31.082,31.082,137,0
20161018,31.382,31.388,31.369,31.388,4818,0
20161019,31.566,31.566,31.566,31.566,101,0
20161020,31.497,31.497,31.268,31.359,753,0
20161021,31.26,31.26,31.052,31.187,1274,0
20161024,31.665,31.665,31.626,31.626,310,0
20161026,31.388,31.388,31.388,31.388,267,0
20161027,31.149,31.149,31.092,31.092,301,0
20161028,31.091,31.091,31.035,31.035,395,0
20161031,31.052,31.052,31.052,31.052,198,0
20161101,31.052,31.052,30.805,30.815,4014,0
20161102,31.428,31.428,31.299,31.319,1113,0
20161103,31.448,31.448,31.181,31.181,2322,0
20161104,31.062,31.166,31.013,31.013,2487,0
20161107,31.349,31.379,31.319,31.379,5763,0
20161108,31.211,31.339,31.211,31.329,543,0
20161109,30.954,31.26,30.875,31.102,25032,0
20161110,30.46,30.588,30.352,30.352,2887,0
20161111,30.117,30.168,30.117,30.132,926,0
20161114,30.134,30.153,30.045,30.051,783,0
20161115,30.104,30.315,30.104,30.315,1858,0
20161116,30.183,30.183,30.094,30.094,5966,0
20161117,30.36,30.36,30.272,30.323,2626,0
20161118,30.183,30.183,30.163,30.164,12189,0
20161121,30.144,30.144,30.144,30.144,281,0
20161122,30.541,30.541,30.519,30.519,456,0
20161123,30.43,30.509,30.415,30.509,22410,0
20161125,30.262,30.42,30.262,30.4,3542,0
20161128,30.677,30.726,30.657,30.719,2613,0
20161129,30.717,30.766,30.638,30.687,4808,0
20161130,30.756,30.776,30.677,30.686,18744,0
20161201,30.746,30.746,30.499,30.499,1224,0
20161202,30.554,30.554,30.554,30.554,1018,0
20161206,30.707,30.776,30.687,30.766,32419,0
20161207,30.775,30.996,30.775,30.996,984,0
20161208,31.053,31.141,31.053,31.124,1800,0
20161209,30.776,30.941,30.776,30.941,262,0
20161212,31.062,31.309,31.062,31.309,801,0
20161213,31.539,31.576,31.493,31.493,10887,0
20161214,31.408,31.408,30.825,30.825,1116,0
20161215,30.717,30.845,30.717,30.717,2094,0
20161216,30.904,30.904,30.904,30.904,2973,0
20161219,31.127,31.127,31.075,31.122,1454,0
20161220,31.23,31.319,31.23,31.266,10327,0
20161221,31.184,31.184,31.184,31.184,314,0
20161222,31.04,31.048,31.04,31.048,608,0
20161223,31.101,31.101,31.1,31.1,958,0
20161227,31.339,31.339,31.329,31.329,857,0
20161228,31.345,31.345,31.275,31.34,2830,0
20161230,31.46,31.6,31.42,31.44,4693,0
20170103,31.55,31.61,31.53,31.56,12405,0
20170104,31.96,32.0099,31.88,31.9493,6395,0
20170105,32.19,32.34,32.19,32.3,7979,0
20170106,32.1988,32.3022,32.1722,32.2499,2325,0
20170109,32.33,32.33,32.18,32.25,700,0
20170110,32.227,32.227,32.01,32.03,4221,0
20170111,32.15,32.27,32.02,32.2599,12179,0
20170112,32.0878,32.0878,32.0878,32.0878,542,0
20170117,32.0401,32.05,32.03,32.05,677,0
20170120,31.999,31.999,31.8701,31.8701,702,0
20170123,31.95,32.13,31.95,32.13,1725,0
20170124,32.23,32.38,32.22,32.345,1601,0
20170125,32.16,32.4041,32.16,32.4041,1227,0
20170126,32.2565,32.2565,32.242,32.242,1620,0
20170130,32.22,32.22,32.17,32.17,319,0
20170131,32.35,32.35,32.34,32.34,413,0
20170201,32.6224,32.6399,32.6224,32.6399,764,0
20170202,32.4595,32.58,32.4595,32.58,280,0
20170203,32.6,32.78,32.6,32.78,441,0
20170206,32.52,32.59,32.4324,32.59,1288,0
20170207,32.59,32.67,32.5235,32.66,2196,0
20170208,32.65,32.65,32.51,32.59,22787,0
20170209,32.73,32.95,32.71,32.92,37767,0
20170210,32.92,33.03,32.905,33.01,11634,0
20170213,33.02,33.17,33.02,33.17,3607,0
20170214,32.92,32.9494,32.91,32.91,821,0
20170215,33.0555,33.17,33.0555,33.17,203,0
20170216,33.0791,33.0791,33.0791,33.0791,389,0
20170217,33.0663,33.18,33.0663,33.18,1677,0
20170221,33.05,33.09,33.05,33.09,255,0
20170222,33.007,33.007,32.98,32.98,941,0
20170224,33.1073,33.1073,33,33.04,5075,0
20170228,32.98,33.033,32.941,32.9484,10766,0
20170301,33.17,33.27,33.1619,33.27,2677,0
20170302,32.91,32.952,32.91,32.952,252,0
20170303,32.87,32.94,32.87,32.94,1505,0
20170306,32.85,32.92,32.8282,32.8282,605,0
20170307,32.8,32.8645,32.76,32.77,18901,0
20170308,32.6541,32.6698,32.6541,32.6698,542,0
20170310,32.7101,32.76,32.7,32.76,1962,0
20170313,32.89,33,32.89,32.91,1216,0
20170315,32.909,33.2352,32.909,33.22,2025,0
20170316,33.17,33.25,33.17,33.25,576,0
20170317,33.331,33.3332,33.331,33.3332,370,0
20170320,33.28,33.28,33.28,33.28,201,0
20170321,33.29,33.29,33.16,33.197,694,0
20170322,33.2998,33.305,33.2998,33.305,1887,0
20170324,32.92,32.92,32.755,32.755,1202,0
20170327,32.8393,32.8393,32.8393,32.8393,155,0
20170328,32.9,33.05,32.9,33.05,593,0
20170329,33.0149,33.0302,33.0149,33.0299,1033,0
20170330,32.78,32.82,32.75,32.771,21881,0
20170331,32.28,32.4086,32.28,32.3916,1423,0
20170403,32.52,32.52,32.428,32.5,1186,0
20170404,32.46,32.5,32.46,32.5,764,0
20170405,32.5305,32.5679,32.53,32.5679,2510,0
20170406,32.25,32.39,32.25,32.38,14760,0
20170407,32.385,32.39,32.38,32.38,1105,0
20170410,32.23,32.32,32.23,32.31,2867,0
20170411,32.26,32.39,32.23,32.385,6010,0
20170412,32.38,32.4,32.32,32.32,4708,0
20170413,32.31,32.361,32.26,32.32,21616,0
20170418,32.24,32.3,32.2,32.26,2200,0
20170419,32.38,32.38,32.27,32.27,1545,0
20170424,32.62,32.8119,32.62,32.745,6108,0
20170425,32.99,33.038,32.94,32.975,7688,0
20170426,32.85,33.0699,32.85,33.0599,3565,0
20170427,32.91,32.92,32.91,32.92,292,0
20170501,33.07,33.07,33.07,33.07,246,0
20170502,33.02,33.02,33.0001,33.0003,1669,0
20170503,32.94,32.94,32.82,32.86,1855,0
20170504,32.82,32.9,32.8,32.9,2056,0
20170505,32.87,33.07,32.87,33.07,2140,0
20170509,33.081,33.081,33.05,33.05,1203,0
20170510,33.07,33.07,33.07,33.07,568,0
20170511,32.9301,32.9301,32.9301,32.9301,103,0
20170512,32.8568,32.857,32.8568,32.857,674,0
20170515,33.26,33.42,33.26,33.42,1300,0
20170516,33.36,33.4,33.33,33.4,1252,0
20170517,33.51,33.51,33.38,33.38,1252,0
20170518,33.47,33.57,33.46,33.57,1248,0
20170519,33.67,33.96,33.67,33.96,833,0
20170522,34.01,34.06,33.983,34.06,1367,0
20170523,34.17,34.19,34.17,34.19,472,0
20170524,34.2915,34.39,34.29,34.39,633,0
20170525,34.42,34.42,34.32,34.32,379,0
20170526,34.26,34.29,34.26,34.29,210,0
20170530,34.27,34.27,34.18,34.18,362,0
20170531,34.19,34.19,34.12,34.13,1819,0
20170601,34.3,34.3,34.3,34.3,121,0
20170602,34.405,34.405,34.405,34.405,424,0
20170605,34.62,34.65,34.62,34.65,298,0
20170606,34.64,34.6846,34.5301,34.67,4591,0
20170608,34.59,34.6903,34.59,34.6903,1576,0
20170609,34.7571,34.7571,34.7571,34.7571,150,0
20170612,34.76,34.76,34.7,34.7,2543,0
20170613,34.89,35.01,34.89,35.01,3188,0
20170614,35.3,35.305,35.09,35.17,1917,0
20170615,34.9,34.95,34.86,34.95,2999,0
20170616,34.73,34.73,34.55,34.64,571,0
20170619,34.7,34.78,34.7,34.7629,511,0
20170620,34.58,34.58,34.5,34.5,742,0
20170621,34.54,34.5508,34.505,34.52,4520,0
20170622,34.61,34.62,34.605,34.605,404,0
20170623,34.35,34.39,34.25,34.39,855,0
20170626,34.51,34.51,34.43,34.43,443,0
20170627,34.31,34.31,34.23,34.2837,665,0
20170628,34.14,34.255,34.14,34.255,302,0
20170629,33.97,33.98,33.84,33.97,1252,0
20170703,33.85,33.97,33.85,33.97,657,0
20170705,33.63,33.7553,33.63,33.7128,387,0
20170706,33.63,33.63,33.47,33.47,1821,0
20170707,33.56,33.56,33.56,33.56,100,0
20170710,33.4,33.702,33.4,33.68,1591,0
20170711,33.59,33.68,33.59,33.68,645,0
20170712,33.87,33.9114,33.87,33.9,784,0
20170714,34.28,34.28,34.28,34.28,137,0
20170717,34.2,34.2457,34.2,34.2457,667,0
20170718,34.09,34.19,34.09,34.15,1432,0
20170719,34.4,34.4,34.4,34.4,204,0
20170724,34.45,34.52,34.4475,34.4475,567,0
20170728,34.47,34.4975,34.47,34.4975,628,0
20170731,34.38,34.471,34.38,34.471,1012,0
20170801,34.74,34.74,34.6402,34.6402,958,0
