Date,Open,High,Low,Close,Volume,OpenInt
20131004,20.148,20.148,20.148,20.148,869,0
20131008,20.953,20.953,20.148,20.148,2108,0
20131009,20.148,20.953,20.148,20.953,3598,0
20131010,20.439,20.439,20.439,20.439,248,0
20131014,20.953,20.953,20.148,20.148,3603,0
20131015,20.953,20.953,20.953,20.953,1365,0
20131016,20.953,20.953,20.953,20.953,7371,0
20131017,20.953,20.953,20.953,20.953,5459,0
20131018,21.074,21.244,21.042,21.244,13990,0
20131021,20.953,20.953,20.953,20.953,4670,0
20131022,20.953,20.953,20.953,20.953,683,0
20131023,20.986,21.083,20.986,21.05,5336,0
20131024,21.292,21.292,21.107,21.132,18461,0
20131025,21.203,21.203,21.083,21.107,4012,0
20131028,21.115,21.178,21.115,21.178,7411,0
20131029,21.292,21.301,21.276,21.292,6105,0
20131030,21.203,21.284,21.115,21.14,5168,0
20131031,21.124,21.14,21.115,21.14,6213,0
20131101,21.09,21.09,21.034,21.034,7075,0
20131105,21.074,21.172,21.034,21.09,8551,0
20131106,21.244,21.244,21.244,21.244,1954,0
20131107,21.389,21.389,21.083,21.115,17359,0
20131108,20.961,21.155,20.961,21.099,26685,0
20131111,21.148,21.357,21.148,21.332,6640,0
20131112,21.332,21.332,21.124,21.23,12574,0
20131113,21.107,21.14,21.107,21.115,6351,0
20131114,21.22,21.332,21.22,21.323,3690,0
20131115,21.124,21.213,21.05,21.213,11702,0
20131118,21.155,21.178,21.155,21.172,4840,0
20131119,21.14,21.244,21.132,21.132,16326,0
20131120,21.099,21.14,21.058,21.067,3647,0
20131121,21.099,21.172,21.09,21.172,1020,0
20131122,21.172,21.213,21.172,21.213,1462,0
20131125,21.26,21.301,21.26,21.269,9091,0
20131126,21.244,21.244,21.178,21.178,4829,0
20131127,21.332,21.332,21.213,21.253,5118,0
20131129,21.301,21.301,21.301,21.301,1737,0
20131202,21.23,21.23,21.196,21.203,2781,0
20131203,20.961,21.034,20.825,20.842,25650,0
20131204,20.656,20.736,20.632,20.736,5180,0
20131205,20.639,20.647,20.59,20.59,3728,0
20131206,20.704,20.807,20.704,20.807,4529,0
20131209,20.762,20.817,20.752,20.817,9934,0
20131210,20.752,20.752,20.72,20.72,2066,0
20131211,20.72,20.72,20.566,20.566,5002,0
20131212,20.439,20.486,20.365,20.423,10791,0
20131213,20.414,20.462,20.398,20.462,51712,0
20131216,20.632,20.639,20.614,20.632,3598,0
20131217,20.566,20.672,20.543,20.656,36273,0
20131218,20.664,20.995,20.608,20.938,34036,0
20131219,21.124,21.124,20.953,21.011,4658,0
20131220,21.11,21.117,21.052,21.11,15783,0
20131223,21.256,21.319,21.239,21.256,4623,0
20131224,21.362,21.467,21.362,21.458,2453,0
20131226,21.54,21.557,21.5,21.509,9467,0
20131227,21.418,21.435,21.386,21.386,6269,0
20131230,21.394,21.394,21.354,21.354,13533,0
20131231,21.54,21.662,21.54,21.614,16607,0
20140102,21.354,21.386,21.248,21.386,35633,0
20140103,21.476,21.476,21.435,21.435,246,0
20140106,21.484,21.509,21.336,21.435,162843,0
20140107,21.565,21.656,21.565,21.646,34571,0
20140108,21.606,21.695,21.606,21.606,20812,0
20140109,21.767,21.767,21.492,21.516,71251,0
20140110,21.606,21.686,21.599,21.686,5407,0
20140113,21.711,21.728,21.509,21.525,5432,0
20140114,21.646,21.776,21.646,21.767,8533,0
20140115,21.906,21.947,21.656,21.874,39995,0
20140116,21.703,21.947,21.703,21.947,251527,0
20140117,21.923,21.947,21.866,21.899,26751,0
20140121,22.125,22.125,21.899,22.005,33066,0
20140122,22.241,22.241,21.899,21.932,54725,0
20140123,21.915,21.915,21.484,21.752,38615,0
20140124,21.549,21.59,21.02,21.152,65494,0
20140127,21.166,21.264,20.768,20.946,73529,0
20140128,21.117,21.216,20.953,21.173,54122,0
20140129,20.882,20.929,20.67,20.842,35082,0
20140130,20.939,21.134,20.891,21.126,22748,0
20140131,20.638,21.02,20.638,20.953,82170,0
20140203,20.777,20.817,20.515,20.532,14259,0
20140204,20.693,20.768,20.621,20.768,24147,0
20140205,20.777,20.777,20.647,20.726,194308,0
20140206,21.012,21.126,21.012,21.126,2050,0
20140207,21.248,21.256,21.225,21.233,7804,0
20140210,21.225,21.225,21.166,21.166,1974,0
20140211,21.233,21.582,21.233,21.582,29801,0
20140212,21.614,21.639,21.557,21.573,1119,0
20140213,21.427,21.639,21.427,21.639,45969,0
20140214,21.573,21.686,21.549,21.686,11308,0
20140218,21.776,21.809,21.711,21.767,12788,0
20140219,21.792,21.874,21.719,21.719,34025,0
20140220,21.662,21.915,21.662,21.906,7457,0
20140221,21.859,21.923,21.785,21.843,14771,0
20140224,21.996,22.125,21.956,22.086,52062,0
20140225,22.061,22.095,21.923,22.013,51555,0
20140226,21.923,22.038,21.891,21.947,46192,0
20140227,21.76,22.023,21.76,22.005,10044,0
20140228,21.973,22.028,21.866,21.891,7483,0
20140303,21.525,21.573,21.5,21.525,3330,0
20140304,21.956,21.979,21.833,21.947,24955,0
20140305,22.013,22.013,21.874,21.947,14709,0
20140306,22.005,22.023,21.979,22.013,3580,0
20140307,21.973,21.973,21.737,21.833,4593,0
20140310,21.752,21.76,21.614,21.76,30547,0
20140311,21.728,21.752,21.671,21.671,4923,0
20140312,21.394,21.557,21.394,21.484,5292,0
20140313,21.525,21.525,21.028,21.028,29547,0
20140314,21.11,21.207,20.997,21.117,9050,0
20140317,21.296,21.378,21.239,21.345,7252,0
20140318,21.427,21.557,21.427,21.5,10043,0
20140319,21.476,21.476,21.336,21.336,44862,0
20140320,21.273,21.362,21.264,21.319,41274,0
20140321,21.435,21.484,21.435,21.435,1639,0
20140324,21.435,21.435,21.319,21.319,1846,0
20140325,21.614,21.614,21.492,21.492,768,0
20140326,21.623,21.623,21.614,21.614,1598,0
20140327,21.606,21.606,21.509,21.533,18528,0
20140328,21.639,21.809,21.639,21.792,4453,0
20140331,21.737,21.899,21.737,21.866,15657,0
20140401,22.095,22.102,21.899,21.979,4858,0
20140402,21.996,22.051,21.996,22.046,6857,0
20140403,22.038,22.069,21.932,21.932,11536,0
20140404,22.023,22.215,22.005,22.005,7006,0
20140407,21.801,21.85,21.76,21.85,14185,0
20140408,21.743,21.843,21.743,21.843,7625,0
20140409,21.94,21.94,21.809,21.915,1050,0
20140410,21.923,21.94,21.639,21.646,12713,0
20140411,21.452,21.458,21.394,21.427,4208,0
20140414,21.606,21.606,21.582,21.599,2890,0
20140415,21.509,21.516,21.345,21.345,11001,0
20140416,21.656,21.752,21.646,21.752,14163,0
20140417,21.818,21.923,21.76,21.882,11204,0
20140421,21.662,21.956,21.662,21.956,5190,0
20140422,21.923,22.142,21.923,22.118,4670,0
20140423,22.023,22.051,22.023,22.023,2945,0
20140424,22.134,22.134,22.005,22.061,89883,0
20140425,22.051,22.051,21.899,21.947,4238,0
20140428,21.973,22.078,21.801,22.069,49815,0
20140429,22.224,22.265,22.142,22.184,30127,0
20140430,22.118,22.265,22.118,22.265,29899,0
20140501,22.192,22.354,22.192,22.231,8518,0
20140502,22.142,22.184,22.102,22.134,14869,0
20140505,21.965,22.142,21.923,22.142,5811,0
20140506,22.151,22.151,22.005,22.061,487818,0
20140507,22.078,22.199,22.023,22.199,35161,0
20140508,22.168,22.338,22.168,22.289,947333,0
20140509,22.323,22.371,22.199,22.354,2192593,0
20140512,22.451,22.55,22.395,22.55,171890,0
20140513,22.388,22.492,22.354,22.444,18474,0
20140514,22.451,22.485,22.428,22.444,48615,0
20140515,22.354,22.362,22.208,22.314,63832,0
20140516,22.28,22.362,22.224,22.338,69953,0
20140519,22.323,22.354,22.298,22.354,33306,0
20140520,22.208,22.314,22.176,22.208,26719,0
20140521,22.272,22.395,22.272,22.379,17146,0
20140522,22.332,22.413,22.332,22.379,56932,0
20140523,22.434,22.476,22.428,22.434,1353970,0
20140527,22.647,22.647,22.581,22.638,752961,0
20140528,22.632,22.647,22.597,22.632,700954,0
20140529,22.672,22.704,22.615,22.68,34129,0
20140530,22.688,22.688,22.623,22.672,57368,0
20140602,22.589,22.72,22.589,22.72,49350,0
20140603,22.638,22.647,22.574,22.647,29563,0
20140604,22.565,22.647,22.565,22.647,1680,0
20140605,22.779,22.802,22.655,22.712,70402,0
20140606,22.858,22.9,22.761,22.9,178875,0
20140609,22.891,22.923,22.858,22.923,580758,0
20140610,22.867,22.964,22.867,22.964,24339,0
20140611,22.85,22.858,22.737,22.825,33555,0
20140612,22.802,22.817,22.704,22.761,11217,0
20140613,22.688,22.712,22.647,22.655,6898,0
20140616,22.581,22.688,22.581,22.664,24010,0
20140617,22.647,22.72,22.615,22.712,36215,0
20140618,22.754,22.842,22.704,22.842,23704,0
20140619,22.9,22.916,22.802,22.858,20396,0
20140620,22.964,22.964,22.754,22.779,17912,0
20140623,22.779,22.794,22.696,22.769,32180,0
20140624,22.696,22.704,22.597,22.597,12250,0
20140625,22.451,22.541,22.418,22.541,22499,0
20140626,22.413,22.516,22.28,22.516,162964,0
20140627,22.474,22.522,22.432,22.522,18820,0
20140630,22.432,22.456,22.4,22.432,12886,0
20140701,22.579,22.63,22.489,22.605,208567,0
20140702,22.621,22.645,22.595,22.605,13869,0
20140703,22.835,22.859,22.794,22.851,81736,0
20140707,22.679,22.679,22.563,22.614,69135,0
20140708,22.424,22.424,22.21,22.301,106498,0
20140709,22.218,22.341,22.218,22.341,39709,0
20140710,21.922,22.095,21.922,22.079,34219,0
20140711,22.029,22.12,22.029,22.12,37089,0
20140714,22.35,22.35,22.218,22.259,76071,0
20140715,22.243,22.259,22.152,22.193,55788,0
20140716,22.448,22.464,22.4,22.432,18413,0
20140717,22.327,22.366,22.11,22.11,150141,0
20140718,22.169,22.301,22.152,22.284,400323,0
20140721,22.12,22.186,22.11,22.178,41993,0
20140722,22.341,22.374,22.301,22.309,13455,0
20140723,22.391,22.4,22.341,22.358,221750,0
20140724,22.432,22.497,22.424,22.448,175904,0
20140725,22.432,22.432,22.292,22.4,623679,0
20140728,22.35,22.366,22.259,22.358,61286,0
20140729,22.4,22.448,22.341,22.341,2840,0
20140730,22.358,22.366,22.234,22.333,10834,0
20140731,22.046,22.103,21.898,21.922,65307,0
20140801,21.825,21.89,21.7,21.742,53194,0
20140804,21.864,21.898,21.749,21.881,24536,0
20140805,21.841,21.841,21.635,21.66,38652,0
20140806,21.495,21.683,21.495,21.602,118000,0
20140807,21.676,21.676,21.372,21.421,36866,0
20140808,21.396,21.569,21.305,21.569,366141,0
20140811,21.642,21.691,21.586,21.627,30143,0
20140812,21.586,21.627,21.543,21.627,92888,0
20140813,21.716,21.766,21.683,21.749,68803,0
20140814,21.873,21.873,21.783,21.799,154101,0
20140815,21.996,22.052,21.561,21.791,230877,0
20140818,21.947,22.005,21.947,21.979,41969,0
20140819,22.046,22.079,21.996,22.079,22434,0
20140820,21.939,22.095,21.939,22.095,238546,0
20140821,22.127,22.21,22.127,22.186,73796,0
20140822,22.169,22.169,22.11,22.127,121211,0
20140825,22.276,22.44,22.276,22.383,1642930,0
20140826,22.464,22.489,22.409,22.464,83167,0
20140827,22.481,22.505,22.464,22.505,6029,0
20140828,22.358,22.4,22.317,22.366,541015,0
20140829,22.358,22.424,22.268,22.424,563580,0
20140902,22.464,22.522,22.409,22.481,123104,0
20140903,22.719,22.719,22.605,22.645,41827,0
20140904,22.769,22.851,22.728,22.769,309216,0
20140905,22.761,22.859,22.719,22.851,92234,0
20140908,22.737,22.754,22.645,22.703,49366,0
20140909,22.754,22.754,22.595,22.637,147437,0
20140910,22.645,22.744,22.614,22.737,588580,0
20140911,22.563,22.645,22.538,22.645,15987,0
20140912,22.637,22.637,22.548,22.605,25576,0
20140915,22.637,22.645,22.556,22.605,66147,0
20140916,22.514,22.645,22.474,22.645,300856,0
20140917,22.679,22.696,22.588,22.621,186359,0
20140918,22.728,22.744,22.711,22.719,67522,0
20140919,22.868,22.868,22.744,22.744,368251,0
20140922,22.696,22.779,22.579,22.605,567681,0
20140923,22.35,22.409,22.309,22.333,183024,0
20140924,22.409,22.532,22.358,22.522,185220,0
20140925,22.456,22.474,22.202,22.227,831776,0
20140926,22.35,22.474,22.292,22.409,1142671,0
20140929,22.193,22.284,22.144,22.259,282775,0
20140930,22.341,22.391,22.21,22.301,133085,0
20141001,22.234,22.268,22.029,22.062,109044,0
20141002,21.979,22.013,21.627,21.791,693609,0
20141003,21.857,21.973,21.857,21.931,755399,0
20141006,22.038,22.087,21.857,21.931,538336,0
20141007,21.716,21.725,21.461,21.47,566567,0
20141008,21.47,21.742,21.429,21.709,668691,0
20141009,21.578,21.578,21.134,21.173,131957,0
20141010,21.143,21.2,20.969,20.985,173364,0
20141013,21.059,21.126,20.879,20.879,500242,0
20141014,21.134,21.173,20.976,21.034,283981,0
20141015,20.589,20.739,20.228,20.607,228565,0
20141016,20.016,20.459,19.998,20.311,998262,0
20141017,20.837,20.895,20.673,20.812,438146,0
20141020,20.739,20.829,20.715,20.821,855104,0
20141021,21.042,21.28,21.042,21.274,161985,0
20141022,21.338,21.364,21.151,21.151,499824,0
20141023,21.412,21.519,21.331,21.404,344456,0
20141024,21.461,21.479,21.321,21.479,258515,0
20141027,21.257,21.356,21.166,21.314,164844,0
20141028,21.504,21.586,21.446,21.586,118698,0
20141029,21.595,21.642,21.461,21.561,334242,0
20141030,21.511,21.742,21.38,21.691,509958,0
20141031,22.013,22.052,21.922,22.046,192672,0
20141103,21.931,21.931,21.766,21.791,396264,0
20141104,21.7,21.817,21.561,21.716,239188,0
20141105,21.947,21.979,21.825,21.914,478123,0
20141106,22.062,22.087,21.881,22.023,289518,0
20141107,21.965,21.965,21.791,21.922,853447,0
20141110,22.013,22.07,21.931,22.07,177984,0
20141111,22.087,22.12,22.046,22.11,1276035,0
20141112,21.931,21.988,21.881,21.973,315877,0
20141113,21.947,22.07,21.939,22.052,215350,0
20141114,21.956,22.052,21.956,22.013,248895,0
20141117,21.996,22.178,21.996,22.161,653567,0
20141118,22.301,22.4,22.259,22.358,395682,0
20141119,22.341,22.416,22.251,22.341,275012,0
20141120,22.169,22.259,22.144,22.234,1014730,0
20141121,22.679,22.679,22.532,22.588,490400,0
20141124,22.761,22.761,22.605,22.719,226409,0
20141125,22.811,22.811,22.663,22.744,648791,0
20141126,22.737,22.786,22.703,22.786,725000,0
20141128,22.728,22.811,22.711,22.769,144133,0
20141201,22.711,22.744,22.637,22.687,2179719,0
20141202,22.826,22.835,22.737,22.835,370241,0
20141203,22.875,22.875,22.769,22.868,454040,0
20141204,22.744,22.779,22.548,22.671,347271,0
20141205,22.909,22.974,22.875,22.949,184477,0
20141208,22.851,22.859,22.621,22.728,191291,0
20141209,22.383,22.44,22.243,22.432,1148356,0
20141210,22.391,22.391,22.046,22.087,285824,0
20141211,22.169,22.276,22.023,22.046,632550,0
20141212,21.825,21.922,21.455,21.47,628307,0
20141215,21.652,21.709,21.075,21.173,445434,0
20141216,21.018,21.602,21.018,21.274,937162,0
20141217,21.437,21.817,21.38,21.766,868848,0
20141218,22.095,22.301,22.087,22.259,2639131,0
20141219,22.182,22.386,22.07,22.334,772260,0
20141222,22.435,22.477,22.317,22.47,876724,0
20141223,22.52,22.547,22.412,22.477,457483,0
20141224,22.571,22.648,22.435,22.623,267950,0
20141226,22.699,22.741,22.648,22.666,203831,0
20141229,22.412,22.556,22.359,22.487,569953,0
20141230,22.342,22.368,22.223,22.257,680309,0
20141231,22.334,22.386,22.121,22.121,851411,0
20150102,22.412,22.461,22.214,22.283,192888,0
20150105,22.028,22.079,21.687,21.747,226688,0
20150106,21.866,21.926,21.477,21.579,385866,0
20150107,21.901,21.969,21.68,21.918,415387,0
20150108,22.172,22.376,22.121,22.257,392374,0
20150109,22.342,22.342,21.926,22.088,719158,0
20150112,22.155,22.241,21.962,22.079,358428,0
20150113,22.412,22.503,22.105,22.267,1120759,0
20150114,22.105,22.207,22.011,22.172,428647,0
20150115,22.038,22.182,21.909,21.994,697694,0
20150116,22.052,22.291,21.994,22.197,486326,0
20150120,22.461,22.556,22.376,22.512,1545456,0
20150121,22.368,22.615,22.283,22.579,1974621,0
20150122,22.674,23.047,22.579,22.997,2509631,0
20150123,23.081,23.133,23.013,23.013,3093781,0
20150126,23.208,23.412,23.15,23.387,3695955,0
20150127,23.142,23.276,23.056,23.217,2156652,0
20150128,23.251,23.455,22.885,22.928,4945918,0
20150129,23.2,23.395,23.098,23.37,2757103,0
20150130,23.208,23.276,23.013,23.013,1642969,0
20150202,23.165,23.319,23.022,23.301,1766091,0
20150203,23.412,23.557,23.404,23.549,1553403,0
20150204,23.37,23.498,23.31,23.336,1702802,0
20150205,23.379,23.515,23.37,23.481,550593,0
20150206,23.49,23.515,23.31,23.362,653107,0
20150209,23.183,23.336,23.165,23.285,949168,0
20150210,23.438,23.515,23.31,23.464,597885,0
20150211,23.336,23.429,23.267,23.37,1008891,0
20150212,23.625,23.691,23.522,23.691,818423,0
20150213,23.659,23.786,23.659,23.786,797740,0
20150217,23.735,23.88,23.582,23.812,1092307,0
20150218,23.88,23.973,23.855,23.931,769669,0
20150219,23.981,24.058,23.931,23.998,778614,0
20150220,23.973,24.314,23.931,24.254,829008,0
20150223,24.194,24.236,24.143,24.202,620067,0
20150224,24.16,24.38,24.16,24.346,1012625,0
20150225,24.287,24.338,24.228,24.287,562573,0
20150226,24.33,24.465,24.33,24.431,861762,0
20150227,24.431,24.534,24.405,24.465,1348487,0
20150302,24.508,24.559,24.405,24.559,928877,0
20150303,24.449,24.456,24.245,24.346,1698544,0
20150304,24.27,24.456,24.194,24.423,1005066,0
20150305,24.61,24.661,24.559,24.619,1729750,0
20150306,24.601,24.67,24.482,24.516,1478807,0
20150309,24.534,24.568,24.465,24.542,1672284,0
20150310,24.371,24.389,24.194,24.236,872823,0
20150311,24.44,24.575,24.363,24.542,3410631,0
20150312,24.644,24.644,24.534,24.635,1583376,0
20150313,24.559,24.737,24.525,24.737,1732105,0
20150316,24.788,24.916,24.754,24.899,1768964,0
20150317,24.754,24.881,24.679,24.855,1609638,0
20150318,24.847,25.085,24.796,24.932,2038747,0
20150319,24.899,25,24.839,24.95,1135660,0
20150320,25.178,25.264,25.095,25.213,1137073,0
20150323,25.128,25.187,25.077,25.085,2588207,0
20150324,25.204,25.28,25.119,25.119,1033445,0
20150325,25.128,25.154,24.932,24.94,1697838,0
20150326,24.679,24.881,24.575,24.805,953607,0
20150327,24.805,24.864,24.763,24.847,595740,0
20150330,24.984,25.111,24.975,25.085,2547464,0
20150331,24.779,24.899,24.711,24.763,1101510,0
20150401,25.026,25.026,24.839,24.95,3025797,0
20150402,24.916,25.009,24.916,25.009,1152618,0
20150406,24.993,25.187,24.745,25.111,951722,0
20150407,25.264,25.399,25.264,25.288,992733,0
20150408,25.365,25.383,25.238,25.34,1211614,0
20150409,25.485,25.662,25.477,25.629,1769125,0
20150410,25.705,25.807,25.671,25.79,1108811,0
20150413,25.764,25.807,25.653,25.68,1398496,0
20150414,25.68,25.74,25.603,25.74,1217384,0
20150415,25.825,25.833,25.74,25.756,1553108,0
20150416,25.662,25.68,25.526,25.579,958803,0
20150417,25.28,25.323,25.068,25.136,1739406,0
20150420,25.323,25.399,25.305,25.323,1189822,0
20150421,25.586,25.612,25.442,25.502,1626721,0
20150422,25.468,25.535,25.332,25.535,2117916,0
20150423,25.391,25.526,25.323,25.485,1622001,0
20150424,25.408,25.535,25.399,25.468,1276617,0
20150427,25.74,25.764,25.612,25.638,1951370,0
20150428,25.425,25.46,25.247,25.442,1454196,0
20150429,25.136,25.144,24.737,24.94,1569952,0
20150430,24.881,24.966,24.695,24.77,6076559,0
20150501,24.847,25.06,24.805,25.06,914864,0
20150504,25.187,25.187,25.068,25.136,2969626,0
20150505,25.052,25.06,24.593,24.635,1663805,0
20150506,24.703,24.711,24.389,24.516,1775709,0
20150507,24.55,24.568,24.389,24.474,1563845,0
20150508,24.916,25.128,24.847,25.095,1371646,0
20150511,25.052,25.144,24.993,25.035,871059,0
20150512,24.813,24.873,24.687,24.839,1182825,0
20150513,24.916,24.95,24.695,24.703,907445,0
20150514,24.923,25.06,24.891,25.043,929818,0
20150515,24.993,25.043,24.754,24.958,428509,0
20150518,24.958,25.095,24.891,25.085,1111517,0
20150519,25.323,25.383,25.264,25.315,973860,0
20150520,25.365,25.442,25.297,25.391,1740937,0
20150521,25.399,25.509,25.34,25.468,724330,0
20150522,25.518,25.535,25.442,25.494,704312,0
20150526,25.349,25.383,25.085,25.195,906393,0
20150527,25.288,25.552,25.28,25.518,1264133,0
20150528,25.485,25.509,25.315,25.485,714504,0
20150529,25.34,25.349,25.018,25.119,1251417,0
20150601,25.119,25.169,25.035,25.144,663921,0
20150602,24.993,25.026,24.899,24.94,904207,0
20150603,25.136,25.136,24.932,24.993,1198190,0
20150604,24.855,25.009,24.584,24.687,1009306,0
20150605,24.635,24.67,24.482,24.559,1108695,0
20150608,24.456,24.456,24.202,24.261,754241,0
20150609,24.228,24.279,24.116,24.177,2106916,0
20150610,24.346,24.687,24.346,24.619,1168156,0
20150611,24.864,24.923,24.67,24.745,603454,0
20150612,24.499,24.516,24.314,24.474,479511,0
20150615,24.116,24.202,24.066,24.143,749532,0
20150616,24.125,24.261,24.075,24.228,1150616,0
20150617,24.092,24.16,23.855,23.888,1305231,0
20150618,23.888,24.363,23.871,24.151,570303,0
20150619,24.194,24.211,24.066,24.075,664745,0
20150622,24.72,24.805,24.55,24.711,2079492,0
20150623,25.043,25.06,24.932,24.958,2119991,0
20150624,24.913,24.938,24.727,24.762,3472938,0
20150625,24.859,24.859,24.683,24.735,778898,0
20150626,24.868,24.921,24.727,24.805,735795,0
20150629,24.115,24.399,23.778,23.796,1602590,0
20150630,24.106,24.115,23.68,23.805,1279866,0
20150701,24.275,24.336,24.061,24.16,1193904,0
20150702,24.177,24.239,24.034,24.115,1788203,0
20150706,23.645,23.796,23.486,23.583,2060813,0
20150707,23.557,23.725,23.228,23.69,1532409,0
20150708,23.442,23.504,23.308,23.325,867473,0
20150709,23.92,23.981,23.787,23.805,882255,0
20150710,24.549,24.584,24.275,24.558,1042930,0
20150713,24.788,24.797,24.683,24.77,1312830,0
20150714,24.7,24.895,24.691,24.886,889870,0
20150715,24.905,24.93,24.762,24.842,754707,0
20150716,25.213,25.213,25.142,25.187,1012465,0
20150717,25.169,25.196,25.108,25.169,490042,0
20150720,25.293,25.302,25.205,25.285,2668878,0
20150721,25.169,25.187,25.001,25.046,927502,0
20150722,24.842,24.938,24.815,24.886,1071478,0
20150723,24.895,24.921,24.727,24.77,1207105,0
20150724,24.797,24.815,24.505,24.505,444795,0
20150727,24.336,24.336,24.15,24.186,1499911,0
20150728,24.38,24.54,24.292,24.513,1541772,0
20150729,24.523,24.735,24.46,24.7,1078585,0
20150730,24.691,24.735,24.549,24.735,526939,0
20150731,24.7,24.859,24.638,24.797,1631138,0
20150803,24.921,24.948,24.779,24.886,1005435,0
20150804,24.921,24.957,24.859,24.957,1184652,0
20150805,25.099,25.187,25.064,25.081,2987637,0
20150806,25.142,25.187,24.984,25.072,640791,0
20150807,25.001,25.038,24.913,24.993,689984,0
20150810,25.001,25.142,25.001,25.142,372806,0
20150811,24.833,24.859,24.744,24.815,1000622,0
20150812,24.32,24.434,24.071,24.407,1081633,0
20150813,24.478,24.478,24.336,24.353,1173933,0
20150814,24.336,24.452,24.284,24.452,702170,0
20150817,24.203,24.443,24.16,24.425,614724,0
20150818,24.353,24.39,24.284,24.302,530097,0
20150819,24.088,24.123,23.859,23.929,1436385,0
20150820,23.725,23.725,23.265,23.265,1405808,0
20150821,23.132,23.22,22.52,22.52,2608625,0
20150824,21.163,22.21,18.656,21.571,6907092,0
20150825,22.617,22.759,21.873,21.873,7565338,0
20150826,22.617,22.68,22.042,22.662,7275917,0
20150827,22.962,23.114,22.812,23.077,3021713,0
20150828,22.935,23.114,22.865,23.051,2325863,0
20150831,22.865,23.07,22.856,22.972,1634411,0
20150901,22.52,22.52,22.138,22.2,1928232,0
20150902,22.644,22.662,22.36,22.644,1210716,0
20150903,22.883,23.042,22.724,22.795,1702561,0
20150904,22.378,22.484,22.218,22.342,954130,0
20150908,22.839,22.944,22.714,22.873,872211,0
20150909,23.255,23.255,22.688,22.706,463638,0
20150910,22.812,22.892,22.706,22.82,827193,0
20150911,22.59,22.714,22.556,22.706,562707,0
20150914,22.484,22.572,22.388,22.466,4063402,0
20150915,22.502,22.778,22.484,22.769,1023524,0
20150916,22.91,23.016,22.82,23.007,466570,0
20150917,22.847,23.123,22.732,22.803,1309675,0
20150918,22.351,22.572,22.316,22.484,1775904,0
20150921,22.59,22.671,22.414,22.547,705781,0
20150922,22.042,22.103,21.873,22.006,978502,0
20150923,22.103,22.147,21.891,21.971,1035484,0
20150924,21.678,21.899,21.492,21.828,1672973,0
20150925,22.193,22.245,21.935,22.042,1141887,0
20150928,21.935,21.935,21.554,21.599,944684,0
20150929,21.625,21.704,21.492,21.642,1157797,0
20150930,22.111,22.147,21.935,22.147,1680898,0
20151001,22.271,22.378,21.908,22.147,2748991,0
20151002,21.978,22.51,21.863,22.502,1311365,0
20151005,22.769,22.972,22.741,22.954,1064767,0
20151006,22.928,23.051,22.865,22.91,995652,0
20151007,23.114,23.21,22.892,23.141,1488176,0
20151008,23.007,23.273,22.989,23.273,1288910,0
20151009,23.246,23.371,23.114,23.228,1014496,0
20151012,23.105,23.157,23.07,23.132,861959,0
20151013,22.847,23.025,22.82,22.856,1089193,0
20151014,22.82,22.935,22.706,22.751,7833435,0
20151015,22.981,23.202,22.935,23.184,1779291,0
20151016,23.114,23.21,23.061,23.21,1948430,0
20151019,23.15,23.184,23.07,23.166,1505327,0
20151020,23.016,23.141,23.003,23.096,1103420,0
20151021,23.15,23.166,22.981,23.007,1413479,0
20151022,23.281,23.592,23.281,23.548,2097483,0
20151023,23.832,23.939,23.778,23.893,1757174,0
20151026,23.867,23.876,23.725,23.75,929193,0
20151027,23.566,23.663,23.513,23.548,1368910,0
20151028,23.671,23.929,23.618,23.92,1188713,0
20151029,23.645,23.743,23.583,23.725,1537033,0
20151030,23.635,23.75,23.583,23.628,1084228,0
20151102,23.787,23.885,23.735,23.859,2921367,0
20151103,23.735,23.939,23.735,23.876,1363495,0
20151104,24.017,24.043,23.832,23.893,2006083,0
20151105,23.956,23.99,23.813,23.885,1521802,0
20151106,23.956,24.027,23.805,24.017,2381714,0
20151109,23.84,23.876,23.583,23.707,1560905,0
20151110,23.592,23.69,23.548,23.663,1432096,0
20151111,23.796,23.822,23.663,23.68,975004,0
20151112,23.433,23.53,23.237,23.237,2144760,0
20151113,23.157,23.291,23.077,23.157,1995368,0
20151116,23.176,23.53,23.166,23.53,1910516,0
20151117,23.69,23.805,23.592,23.654,1980812,0
20151118,23.735,23.902,23.707,23.867,1011111,0
20151119,23.902,23.956,23.832,23.876,1116048,0
20151120,23.939,24.017,23.85,23.867,853481,0
20151123,23.822,23.893,23.69,23.743,968234,0
20151124,23.486,23.707,23.486,23.698,1876780,0
20151125,23.893,23.947,23.859,23.885,1186570,0
20151127,24.106,24.123,24.043,24.061,541606,0
20151130,24.132,24.195,23.805,24.098,722480,0
20151201,24.15,24.195,24.017,24.16,1792124,0
20151202,24.115,24.221,23.902,23.939,1040025,0
20151203,23.85,23.85,23.15,23.237,1596620,0
20151204,23.246,23.635,23.237,23.628,2489020,0
20151207,23.609,23.645,23.424,23.557,3602021,0
20151208,23.077,23.202,22.999,23.096,2067968,0
20151209,22.91,23.157,22.652,22.778,2249698,0
20151210,22.9,22.972,22.795,22.82,1744198,0
20151211,22.457,22.502,22.245,22.307,2407891,0
20151214,22.396,22.422,21.996,22.316,3441510,0
20151215,22.537,22.732,22.537,22.644,4145207,0
20151216,22.851,23.128,22.726,23.11,4019518,0
20151217,23.191,23.191,22.976,22.985,2150804,0
20151218,22.851,22.914,22.592,22.61,3010523,0
20151221,22.896,22.94,22.53,22.664,2972895,0
20151222,22.673,22.833,22.583,22.814,3564713,0
20151223,23.03,23.235,23.03,23.217,11330193,0
20151224,23.147,23.575,22.958,23.199,2116826,0
20151228,23.147,23.147,23.003,23.092,3370719,0
20151229,23.289,23.449,23.289,23.423,2924432,0
20151230,23.324,23.34,23.191,23.225,2660226,0
20151231,23.147,23.243,22.958,23.083,3077850,0
20160104,22.7,22.769,22.511,22.754,1977579,0
20160105,22.744,22.788,22.635,22.754,1704955,0
20160106,22.351,22.476,22.235,22.36,1731056,0
20160107,21.913,22.134,21.708,21.735,1934965,0
20160108,22.03,22.092,21.574,21.601,3588942,0
20160111,21.896,21.896,21.53,21.761,2452257,0
20160112,22.047,22.101,21.793,21.985,2243523,0
20160113,22.172,22.187,21.539,21.584,1722956,0
20160114,21.656,21.994,21.476,21.878,3001173,0
20160115,21.146,21.306,20.948,21.137,8579818,0
20160119,21.512,21.539,21.163,21.323,2294596,0
20160120,20.967,21.083,20.495,20.931,4393954,0
20160121,21.084,21.315,20.861,21.118,2724680,0
20160122,21.744,21.832,21.632,21.797,2484259,0
20160125,21.593,21.689,21.44,21.44,1741066,0
20160126,21.656,21.878,21.619,21.851,3876240,0
20160127,21.779,22.047,21.61,21.699,2181574,0
20160128,21.832,21.832,21.423,21.61,2243442,0
20160129,21.842,22.182,21.842,22.172,2697028,0
20160201,21.896,22.065,21.761,21.985,2147467,0
20160202,21.593,21.614,21.342,21.378,2779480,0
20160203,21.494,21.494,21.02,21.369,1864442,0
20160204,21.11,21.382,21.02,21.253,4921583,0
20160205,21.315,21.346,20.958,21.02,2815065,0
20160208,20.609,20.609,20.266,20.458,2384332,0
20160209,19.958,20.225,19.896,20.092,3384692,0
20160210,20.333,20.58,20.145,20.163,2593149,0
20160211,19.859,19.983,19.659,19.859,3252299,0
20160212,20.092,20.32,19.985,20.315,5607658,0
20160216,20.868,20.94,20.681,20.922,1008118,0
20160217,21.2,21.44,21.2,21.386,1442504,0
20160218,21.457,21.457,21.235,21.261,1271270,0
20160219,21.128,21.218,21.038,21.181,1528312,0
20160222,21.494,21.601,21.466,21.584,1746771,0
20160223,21.466,21.502,21.218,21.235,1756112,0
20160224,20.878,21.181,20.725,21.137,1666047,0
20160225,21.315,21.431,21.208,21.413,3525266,0
20160226,21.593,21.677,21.503,21.512,2036531,0
20160229,21.566,21.694,21.466,21.476,2469282,0
20160301,21.825,22.101,21.774,22.082,2539923,0
20160302,21.913,22.082,21.878,22.065,2170553,0
20160303,22.03,22.127,21.95,22.11,1181964,0
20160304,22.191,22.288,22.065,22.145,1453078,0
20160307,22.012,22.208,21.993,22.136,1471909,0
20160308,22.039,22.082,21.9,21.959,1302392,0
20160309,22.101,22.172,21.976,22.03,1641354,0
20160310,22.208,22.342,21.547,21.77,2380020,0
20160311,22.226,22.351,22.145,22.342,1086498,0
20160314,22.378,22.448,22.306,22.396,1532102,0
20160315,22.182,22.249,22.164,22.226,1122748,0
20160316,22.136,22.298,22.136,22.262,1039332,0
20160317,22.065,22.257,22.003,22.208,1525023,0
20160318,22.235,22.306,22.182,22.244,1351479,0
20160321,22.198,22.279,22.11,22.253,1741223,0
20160322,22.047,22.288,22.047,22.226,687271,0
20160323,22.279,22.288,22.12,22.154,916792,0
20160324,21.878,22,21.854,21.985,1325418,0
20160328,21.985,22.191,21.896,21.994,992442,0
20160329,21.851,22.092,21.828,22.074,1416041,0
20160330,22.298,22.378,22.253,22.271,1452284,0
20160331,22.145,22.191,22.022,22.022,1732935,0
20160401,21.672,21.92,21.663,21.887,1161579,0
20160404,21.94,21.985,21.851,21.896,1442785,0
20160405,21.574,21.646,21.494,21.503,1985489,0
20160406,21.619,21.869,21.593,21.86,1386679,0
20160407,21.708,21.744,21.494,21.539,1486391,0
20160408,21.86,21.922,21.797,21.86,1126675,0
20160411,21.976,22.03,21.832,21.832,1431004,0
20160412,21.913,22.11,21.851,22.101,1895673,0
20160413,22.44,22.588,22.431,22.548,898658,0
20160414,22.645,22.681,22.564,22.628,1107942,0
20160415,22.583,22.606,22.538,22.548,942249,0
20160418,22.503,22.681,22.503,22.681,898224,0
20160419,22.904,22.994,22.877,22.994,724101,0
20160420,22.967,23.159,22.94,23.092,3603210,0
20160421,22.914,23.039,22.851,22.923,1222707,0
20160422,22.859,22.945,22.814,22.923,1471957,0
20160425,22.754,22.781,22.664,22.781,865064,0
20160426,22.754,22.807,22.709,22.798,1044763,0
20160427,22.798,22.954,22.798,22.914,1063401,0
20160428,22.7,22.896,22.654,22.691,800569,0
20160429,22.583,22.619,22.414,22.485,983178,0
20160502,22.557,22.564,22.449,22.557,1013154,0
20160503,22.226,22.253,22.145,22.191,1485504,0
20160504,21.994,22.092,21.906,21.95,1311225,0
20160505,21.959,22.065,21.932,22.003,1779058,0
20160506,21.86,22.11,21.86,22.101,2815255,0
20160509,22.136,22.198,22.055,22.106,2229741,0
20160510,22.182,22.342,22.182,22.342,902797,0
20160511,22.164,22.235,22.119,22.127,1278491,0
20160512,22.279,22.306,22.022,22.136,1457880,0
20160513,22.074,22.226,22.002,22.022,1001841,0
20160516,22.047,22.279,22.047,22.271,1321723,0
20160517,22.182,22.217,22.044,22.065,1725937,0
20160518,22.082,22.306,22.074,22.235,1797148,0
20160519,22.119,22.145,22.012,22.11,2007918,0
20160520,22.262,22.351,22.244,22.306,1345894,0
20160523,22.279,22.325,22.235,22.253,1109045,0
20160524,22.467,22.735,22.467,22.691,1701784,0
20160525,22.807,22.914,22.807,22.886,1292750,0
20160526,22.94,22.966,22.877,22.94,885003,0
20160527,22.967,23.012,22.914,23.003,1610674,0
20160531,22.985,23.02,22.807,22.877,1201008,0
20160601,22.7,22.807,22.664,22.798,1837583,0
20160602,22.726,22.886,22.709,22.877,1711482,0
20160603,22.664,22.717,22.525,22.691,2254411,0
20160606,22.762,22.833,22.7,22.754,1522404,0
20160607,22.896,22.958,22.859,22.877,2184735,0
20160608,22.851,22.886,22.788,22.859,1834443,0
20160609,22.637,22.735,22.606,22.654,1833187,0
20160610,22.172,22.217,22.012,22.074,1231440,0
20160613,21.806,21.929,21.646,21.708,4634255,0
20160614,21.547,21.61,21.342,21.45,4497873,0
20160615,21.627,21.651,21.462,21.494,1845878,0
20160616,21.342,21.656,21.266,21.656,6770338,0
20160617,21.708,21.851,21.614,21.825,6030348,0
20160620,22.36,22.378,22.217,22.217,1407437,0
20160621,22.407,22.674,22.342,22.554,1955582,0
20160622,22.563,22.71,22.489,22.489,4853958,0
20160623,22.812,23.047,22.674,23.005,1875563,0
20160624,21.558,22.024,21.383,21.42,5449572,0
20160627,21.336,21.336,20.996,21.218,4295818,0
20160628,21.651,21.76,21.522,21.752,2578626,0
20160629,22.038,22.176,21.973,22.12,2345325,0
20160630,22.212,22.729,22.185,22.646,5989368,0
20160701,22.6,22.707,22.591,22.628,1779631,0
20160705,22.286,22.324,22.139,22.222,1769305,0
20160706,21.927,22.148,21.825,22.148,2753556,0
20160707,22.176,22.277,22.029,22.102,1724624,0
20160708,22.389,22.498,22.36,22.471,1674015,0
20160711,22.702,22.844,22.702,22.748,748018,0
20160712,22.988,23.033,22.941,22.941,1464983,0
20160713,22.997,23.062,22.904,22.978,4706969,0
20160714,23.135,23.191,23.071,23.079,5701744,0
20160715,23.062,23.117,23.033,23.071,5734236,0
20160718,23.098,23.172,23.024,23.089,944005,0
20160719,23.005,23.071,22.988,23.071,1288207,0
20160720,23.163,23.264,23.149,23.191,1217973,0
20160721,23.163,23.282,23.089,23.126,2150376,0
20160722,23.236,23.287,23.208,23.282,644533,0
20160725,23.292,23.328,23.191,23.218,1316735,0
20160726,23.282,23.347,23.24,23.328,952098,0
20160727,23.476,23.491,23.296,23.347,809544,0
20160728,23.338,23.347,23.213,23.31,1137530,0
20160729,23.282,23.383,23.24,23.356,1043123,0
20160801,23.226,23.268,23.121,23.163,3734709,0
20160802,23.015,23.024,22.843,22.931,2161604,0
20160803,22.83,22.969,22.83,22.959,1241774,0
20160804,23.089,23.181,23.062,23.163,1224372,0
20160805,23.3,23.393,23.3,23.347,848967,0
20160808,23.412,23.457,23.366,23.421,546222,0
20160809,23.531,23.678,23.531,23.604,896170,0
20160810,23.651,23.665,23.587,23.604,445402,0
20160811,23.771,23.886,23.735,23.864,3960852,0
20160812,23.826,23.882,23.799,23.845,685781,0
20160815,23.9,23.938,23.882,23.891,723346,0
20160816,23.752,23.785,23.674,23.678,779798,0
20160817,23.56,23.661,23.496,23.651,778103,0
20160818,23.578,23.642,23.555,23.623,1903412,0
20160819,23.504,23.541,23.412,23.541,3537345,0
20160822,23.421,23.55,23.402,23.522,7829493,0
20160823,23.651,23.716,23.623,23.632,1500433,0
20160824,23.661,23.725,23.579,23.604,415146,0
20160825,23.504,23.574,23.486,23.514,761607,0
20160826,23.587,23.711,23.412,23.569,1599036,0
20160829,23.55,23.669,23.55,23.661,792901,0
20160830,23.725,23.787,23.678,23.735,1222087,0
20160831,23.752,23.752,23.541,23.623,476898,0
20160901,23.697,23.72,23.504,23.642,602456,0
20160902,23.854,24.061,23.845,24.038,504719,0
20160906,24.011,24.029,23.886,23.933,596453,0
20160907,23.973,24.038,23.947,23.964,949689,0
20160908,23.864,24.016,23.864,23.983,1195822,0
20160909,23.826,23.836,23.522,23.522,1397789,0
20160912,23.328,23.706,23.31,23.702,1254795,0
20160913,23.476,23.511,23.254,23.347,1027043,0
20160914,23.31,23.412,23.218,23.264,754471,0
20160915,23.292,23.486,23.245,23.44,1153471,0
20160916,23.264,23.324,23.218,23.3,941508,0
20160919,23.476,23.541,23.393,23.43,1041679,0
20160920,23.595,23.651,23.517,23.531,1190463,0
20160921,23.632,23.771,23.541,23.762,997759,0
20160922,24.011,24.047,23.942,23.973,1276180,0
20160923,23.882,23.91,23.822,23.836,960208,0
20160926,23.587,23.595,23.522,23.55,1135331,0
20160927,23.383,23.595,23.347,23.587,605000,0
20160928,23.688,23.836,23.62,23.826,799297,0
20160929,23.79,23.854,23.44,23.495,905218,0
20160930,23.595,23.815,23.578,23.78,1392837,0
20161003,23.79,23.836,23.739,23.809,977913,0
20161004,24.056,24.149,23.854,23.947,1070615,0
20161005,24.011,24.029,23.973,24.011,536570,0
20161006,23.956,24.029,23.919,24.001,1104359,0
20161007,23.928,23.928,23.752,23.836,901843,0
20161010,23.947,24.075,23.947,24.02,632426,0
20161011,24.047,24.075,23.864,23.928,732490,0
20161012,23.864,23.882,23.799,23.873,1172930,0
20161013,23.514,23.735,23.49,23.706,2445666,0
20161014,23.9,23.979,23.845,23.882,670282,0
20161017,23.762,23.826,23.692,23.743,588963,0
20161018,23.992,24.02,23.938,24.001,550894,0
20161019,23.973,24.075,23.973,24.029,2866187,0
20161020,24.011,24.159,24.011,24.13,1138561,0
20161021,24.038,24.14,23.999,24.14,1909320,0
20161024,24.149,24.174,24.066,24.121,812313,0
20161025,24.112,24.175,24.011,24.056,922764,0
20161026,23.845,23.964,23.836,23.891,1255149,0
20161027,24.02,24.094,23.938,24.011,1224609,0
20161028,23.91,23.992,23.817,23.854,429931,0
20161031,23.836,23.873,23.793,23.799,690999,0
20161101,23.799,23.809,23.495,23.595,1005347,0
20161102,23.495,23.495,23.218,23.328,720051,0
20161103,23.347,23.356,23.126,23.163,1309513,0
20161104,23.024,23.043,22.867,22.876,561573,0
20161107,23.328,23.44,23.3,23.44,613288,0
20161108,23.374,23.609,23.362,23.578,516957,0
20161109,23.486,23.873,23.486,23.817,751705,0
20161110,23.725,23.873,23.504,23.678,1191136,0
20161111,23.476,23.495,23.374,23.486,888215,0
20161114,23.44,23.531,23.412,23.522,817064,0
20161115,23.486,23.697,23.486,23.697,1088773,0
20161116,23.421,23.55,23.421,23.486,688467,0
20161117,23.495,23.688,23.495,23.688,672310,0
20161118,23.541,23.623,23.504,23.541,758301,0
20161121,23.522,23.623,23.504,23.623,437464,0
20161122,23.743,23.743,23.582,23.697,534027,0
20161123,23.56,23.642,23.47,23.623,535374,0
20161125,23.678,23.743,23.678,23.743,513723,0
20161128,23.614,23.678,23.486,23.504,669682,0
20161129,23.476,23.642,23.448,23.604,669670,0
20161130,23.771,23.771,23.642,23.661,685779,0
20161201,23.651,23.651,22.904,23.457,752199,0
20161202,23.366,23.517,23.347,23.448,1656674,0
20161205,23.595,23.675,23.565,23.669,2761123,0
20161206,23.725,24.02,23.716,23.973,1216805,0
20161207,24.094,24.343,24.071,24.269,1597234,0
20161208,24.343,24.444,24.283,24.389,1933514,0
20161209,24.493,24.622,24.464,24.622,711277,0
20161212,24.444,24.528,24.375,24.424,1022369,0
20161213,24.582,24.759,24.552,24.72,1240412,0
20161214,24.622,24.729,24.528,24.552,1020392,0
20161215,24.661,24.814,24.622,24.778,1485012,0
20161216,24.828,24.882,24.773,24.798,1088596,0
20161219,24.818,24.917,24.788,24.798,728438,0
20161220,24.926,24.953,24.897,24.936,650056,0
20161221,24.872,24.931,24.803,24.902,631576,0
20161222,24.912,24.941,24.865,24.892,974280,0
20161223,24.941,24.991,24.902,24.971,688631,0
20161227,25.01,25.089,25.01,25.02,774724,0
20161228,25.04,25.094,24.912,24.941,736374,0
20161229,24.971,25.035,24.926,24.981,942645,0
20161230,25.069,25.109,24.971,25.03,926732,0
20170103,25.326,25.415,25.257,25.365,943831,0
20170104,25.296,25.395,25.247,25.395,600774,0
20170105,25.346,25.405,25.296,25.375,417895,0
20170106,25.375,25.474,25.331,25.425,977115,0
20170109,25.346,25.395,25.311,25.375,488370,0
20170110,25.395,25.444,25.356,25.385,839359,0
20170111,25.464,25.553,25.346,25.494,1005024,0
20170112,25.444,25.474,25.296,25.464,835447,0
20170113,25.553,25.573,25.485,25.533,1137566,0
20170117,25.346,25.346,25.257,25.286,948211,0
20170118,25.267,25.375,25.247,25.365,832684,0
20170119,25.326,25.37,25.217,25.267,942483,0
20170120,25.336,25.356,25.237,25.296,700052,0
20170123,25.296,25.296,25.079,25.257,8649295,0
20170124,25.217,25.375,25.208,25.336,663343,0
20170125,25.494,25.553,25.458,25.523,711331,0
20170126,25.533,25.553,25.454,25.474,420546,0
20170127,25.444,25.504,25.4,25.464,500845,0
20170130,25.286,25.286,25.158,25.247,2404911,0
20170131,25.198,25.237,25.03,25.109,2195964,0
20170201,25.277,25.286,25.143,25.178,1474954,0
20170202,25.227,25.257,25.148,25.247,889786,0
20170203,25.375,25.434,25.326,25.365,805453,0
20170206,25.198,25.257,25.119,25.178,746817,0
20170207,25.267,25.322,25.168,25.247,921556,0
20170208,25.148,25.277,25.089,25.257,695972,0
20170209,25.336,25.484,25.326,25.444,1104816,0
20170210,25.464,25.533,25.444,25.504,2290915,0
20170213,25.661,25.691,25.592,25.632,2140813,0
20170214,25.612,25.711,25.597,25.701,1044300,0
20170215,25.701,25.78,25.681,25.75,1216417,0
20170216,25.681,25.74,25.652,25.73,644037,0
20170217,25.642,25.796,25.622,25.79,573288,0
20170221,25.79,25.878,25.79,25.869,679375,0
20170222,25.809,25.888,25.77,25.878,868831,0
20170223,25.908,25.938,25.8,25.839,1090161,0
20170224,25.563,25.735,25.543,25.73,1423318,0
20170227,25.622,25.75,25.622,25.74,1046186,0
20170228,25.701,25.765,25.681,25.721,590412,0
20170301,26.086,26.204,26.066,26.145,693262,0
20170302,26.125,26.184,26.125,26.145,671473,0
20170303,26.155,26.253,26.135,26.184,1198632,0
20170306,26.115,26.174,26.065,26.165,550208,0
20170307,26.046,26.105,26.026,26.056,1287666,0
20170308,26.095,26.135,26.026,26.026,952446,0
20170309,26.105,26.174,26.071,26.155,722048,0
20170310,26.263,26.322,26.174,26.273,1046017,0
20170313,26.303,26.352,26.283,26.342,531916,0
20170314,26.243,26.273,26.178,26.263,1003966,0
20170315,26.253,26.391,26.253,26.362,910246,0
20170316,26.47,26.52,26.441,26.49,1257867,0
20170317,26.589,26.609,26.51,26.569,823247,0
20170320,26.559,26.584,26.51,26.52,499478,0
20170321,26.658,26.668,26.263,26.273,1128323,0
20170322,26.214,26.332,26.184,26.313,1083663,0
20170323,26.293,26.446,26.253,26.391,1032173,0
20170324,26.411,26.461,26.357,26.441,965596,0
20170327,26.253,26.421,26.214,26.391,905777,0
20170328,26.362,26.599,26.362,26.569,1651952,0
20170329,26.52,26.623,26.5,26.599,4820896,0
20170330,26.609,26.674,26.566,26.638,715557,0
20170331,26.628,26.757,26.599,26.697,1172537,0
20170403,26.687,26.692,26.441,26.628,1113142,0
20170404,26.569,26.707,26.569,26.707,1234262,0
20170405,26.687,26.757,26.521,26.569,6708565,0
20170406,26.678,26.704,26.618,26.678,1163387,0
20170407,26.678,26.816,26.668,26.776,902486,0
20170410,26.697,26.747,26.668,26.697,785402,0
20170411,26.776,26.811,26.579,26.796,975444,0
20170412,26.757,26.776,26.678,26.687,973049,0
20170413,26.569,26.668,26.549,26.579,740062,0
20170417,26.638,26.678,26.579,26.658,1019097,0
20170418,26.293,26.362,26.16,26.214,1270277,0
20170419,26.283,26.349,26.194,26.224,1406008,0
20170420,26.391,26.461,26.362,26.401,1036300,0
20170421,26.421,26.431,26.362,26.411,1634438,0
20170424,27.043,27.181,27.013,27.141,846766,0
20170425,27.25,27.269,27.21,27.25,585445,0
20170426,27.23,27.304,27.151,27.151,631408,0
20170427,27.23,27.23,27.171,27.21,8930190,0
20170428,27.2,27.21,27.126,27.141,457561,0
20170501,27.22,27.309,27.176,27.27,574767,0
20170502,27.319,27.403,27.299,27.388,1022205,0
20170503,27.348,27.427,27.316,27.418,759417,0
20170504,27.566,27.654,27.516,27.644,979827,0
20170505,27.723,27.96,27.714,27.95,1042965,0
20170508,27.792,27.822,27.763,27.812,896900,0
20170509,27.911,27.95,27.842,27.901,1005921,0
20170510,27.931,27.98,27.91,27.98,1250303,0
20170511,27.901,27.931,27.792,27.931,1651877,0
20170512,27.94,28.039,27.911,28.039,1510500,0
20170515,28.009,28.098,27.98,28.079,639588,0
20170516,28.197,28.207,28.118,28.177,642231,0
20170517,27.96,27.98,27.635,27.635,1917796,0
20170518,27.595,27.807,27.526,27.763,1847118,0
20170519,27.822,27.921,27.822,27.911,1366709,0
20170522,27.98,28,27.931,27.95,867769,0
20170523,28.019,28.039,27.97,28.039,1194555,0
20170524,27.97,28.029,27.96,28.029,813267,0
20170525,27.98,28.049,27.935,28.009,665585,0
20170526,27.96,28.019,27.96,28.009,816933,0
20170530,27.94,27.96,27.901,27.921,630666,0
20170531,28.098,28.113,27.881,27.931,888917,0
20170601,28.019,28.138,28,28.128,530880,0
20170602,28.177,28.214,28.098,28.207,839163,0
20170605,28.039,28.088,27.99,28.049,452375,0
20170606,27.891,27.96,27.861,27.891,552515,0
20170607,28.019,28.029,27.812,27.911,464531,0
20170608,27.861,27.911,27.832,27.911,419272,0
20170609,28.009,28.069,27.881,27.98,1085310,0
20170612,27.891,27.921,27.812,27.861,907227,0
20170613,28,28.019,27.931,28.019,437204,0
20170614,28.059,28.069,27.861,27.97,1025693,0
20170615,27.605,27.783,27.58,27.763,2825917,0
20170616,27.911,28.019,27.852,28.019,437355,0
20170619,28.177,28.261,28.118,28.227,961762,0
20170620,28.177,28.197,27.97,28.029,494522,0
20170621,27.96,28.03,27.92,27.95,793067,0
20170622,27.94,28,27.9,27.93,517463,0
20170623,27.88,27.95,27.82,27.92,437533,0
20170626,28.12,28.18,28.01,28.04,3322308,0
20170627,27.9,27.91,27.74,27.76,1769626,0
20170628,27.83,27.885,27.73,27.85,1058781,0
20170629,27.64,27.73,27.27,27.37,2853810,0
20170630,27.45,27.53,27.24,27.38,1744807,0
20170703,27.53,27.62,27.51,27.53,546699,0
20170705,27.57,27.59,27.49,27.58,1646256,0
20170706,27.36,27.45,27.295,27.35,2048556,0
20170707,27.37,27.49,27.355,27.47,1225297,0
20170710,27.48,27.5799,27.48,27.55,796056,0
20170711,27.48,27.525,27.38,27.51,1281007,0
20170712,27.74,27.8532,27.74,27.81,909869,0
20170713,27.82,27.91,27.8,27.88,833628,0
20170714,27.8,27.9136,27.79,27.88,1100667,0
20170717,27.83,27.88,27.82,27.83,456213,0
20170718,27.65,27.7,27.6,27.69,901001,0
20170719,27.72,27.85,27.72,27.83,634491,0
20170720,27.9,27.93,27.75,27.85,1109863,0
20170721,27.64,27.65,27.48,27.61,1734058,0
20170724,27.46,27.53,27.39,27.52,1167991,0
20170725,27.64,27.68,27.555,27.61,1027846,0
20170726,27.76,27.76,27.635,27.67,1158186,0
20170727,27.76,27.76,27.58,27.67,758656,0
20170728,27.54,27.58,27.4401,27.55,512215,0
20170731,27.64,27.64,27.4464,27.47,569040,0
20170801,27.67,27.7328,27.65,27.66,700012,0
