Date,Open,High,Low,Close,Volume,OpenInt
20091029,25.53,25.62,25.53,25.62,300,0
20091030,25.43,25.8,25.02,25.32,5700,0
20091102,25.35,25.35,25.35,25.35,100,0
20091103,25.2,25.37,25.2,25.37,5190,0
20091104,25.65,25.65,25.64,25.64,400,0
20091105,25.5,25.56,25.44,25.44,8190,0
20091106,25.04,25.05,25.04,25.05,2000,0
20091109,25.36,25.36,25.36,25.36,750,0
20091110,25.31,25.34,25.23,25.23,2200,0
20091111,25.5,25.5,25.35,25.35,1940,0
20091112,25,25,25,25,2600,0
20091113,24.98,24.98,24.98,24.98,1000,0
20091118,26.08,26.08,26.08,26.08,1000,0
20091119,25.54,25.57,25.54,25.55,1400,0
20091120,25.53,25.53,25.53,25.53,627,0
20091124,25.47,25.49,25.47,25.49,950,0
20091125,25.68,26.06,25.68,26.06,1306,0
20091127,25.34,25.8,25.34,25.8,1400,0
20091130,25.73,25.93,25.63,25.87,5170,0
20091201,26.24,26.24,26.1,26.1,1100,0
20091202,25.98,25.99,25.93,25.99,1505,0
20091203,25.84,25.89,25.84,25.87,1466,0
20091208,25.4,25.4,25.4,25.4,1000,0
20091209,25.5,25.5,24.99,24.99,3000,0
20091210,25.2,25.2,25.2,25.2,1000,0
20091211,25.46,25.46,25.35,25.35,1975,0
20091214,25.6,25.6,25.55,25.55,1350,0
20091215,25.55,25.7,25.55,25.7,2950,0
20091216,25.94,26.18,25.92,26.07,4678,0
20091217,25.6,25.72,25.55,25.69,3000,0
20091218,25.85,25.95,25.75,25.89,2545,0
20091221,25.85,25.95,25.85,25.95,1000,0
20091222,25.58,25.6,25.58,25.6,500,0
20091223,25.65,26.1,25.65,26.1,3400,0
20091228,26.48,26.58,26.37,26.5,4745,0
20091229,26.58,26.6,26.58,26.59,1800,0
20091230,26.35,26.6,26.28,26.6,3280,0
20091231,26.6,26.7,26.5,26.64,2646,0
20100104,26.82,27,26.82,27,1100,0
20100105,26.9,27,26.7,26.9,37350,0
20100106,27.2,27.65,27.2,27.6,11677,0
20100107,27.4,29.15,27.15,27.18,89095,0
20100108,27.5,27.53,27,27.19,8550,0
20100111,27.17,27.2,27.02,27.2,5200,0
20100112,26.7,26.7,26.25,26.32,6550,0
20100113,26.18,26.62,26.18,26.61,1350,0
20100114,26.63,27.43,26.45,26.5,4776,0
20100115,26.35,26.35,26.23,26.23,1860,0
20100119,26.08,26.29,26.08,26.29,2000,0
20100120,25.8,26.04,25.8,26.04,2955,0
20100121,25.95,25.95,25.5,25.5,1400,0
20100122,25.23,25.68,25.23,25.68,420,0
20100125,25.68,25.89,25.63,25.63,4840,0
20100126,25.42,25.92,25.34,25.34,1572,0
20100127,25,25.6,24.75,24.75,7138,0
20100128,24.9,25,24.77,24.82,2925,0
20100129,24.77,24.79,24.15,24.15,3650,0
20100201,24.7,24.75,24.7,24.72,1491,0
20100202,25.05,25.05,25.05,25.05,3000,0
20100203,25.05,25.05,25.05,25.05,100,0
20100204,24.22,24.35,24.22,24.35,1320,0
20100205,24.5,24.5,23.76,24.1,5389,0
20100208,24.5,24.5,24.4,24.4,690,0
20100209,24.59,24.59,24.59,24.59,1000,0
20100211,25.02,25.02,25.02,25.02,100,0
20100212,24.68,24.85,24.63,24.81,6459,0
20100216,29.77,29.77,25.28,25.6,12341,0
20100217,25.36,25.36,24.58,25.25,3566,0
20100219,25.55,25.55,24.58,25.5,3572,0
20100222,25.45,25.53,24.72,25.53,4120,0
20100223,25.22,25.25,25.15,25.2,4000,0
20100224,25.2,25.2,25.2,25.2,700,0
20100226,25.31,25.35,25.31,25.35,555,0
20100301,25.75,25.75,25.3,25.3,1500,0
20100302,25.45,25.55,25.45,25.55,1100,0
20100303,25.85,25.85,25.85,25.85,300,0
20100304,25.5,25.5,24.93,24.93,3680,0
20100305,25.6,25.6,25.5,25.5,730,0
20100308,25.59,25.59,25.59,25.59,100,0
20100309,25.38,25.38,25.38,25.38,998,0
20100310,25.65,25.65,25.65,25.65,200,0
20100311,25.35,25.35,25.35,25.35,100,0
20100312,25.35,25.35,25.21,25.21,1400,0
20100315,25,25,24.8,24.91,415,0
20100317,25.5,25.5,25.4,25.4,1100,0
20100319,26,26,26,26,400,0
20100322,28.3,28.3,25.5,25.5,1060,0
20100323,27.7,27.7,25.25,25.25,3000,0
20100324,28,28,24.66,24.75,3900,0
20100325,24.65,24.74,24.65,24.73,1800,0
20100326,24.09,24.6,24.09,24.58,11492,0
20100329,25,25.25,25,25.25,2750,0
20100330,25.15,25.15,25.1,25.1,2200,0
20100331,25.15,25.15,25.1,25.14,1708,0
20100401,25.25,25.25,25.25,25.25,3300,0
20100405,25.45,25.75,24.41,25.75,7474,0
20100406,25.7,26.27,25.59,25.78,21276,0
20100407,25.7,26.86,25.54,25.7,3650,0
20100408,25.5,25.5,25.5,25.5,254,0
20100409,25.5,25.6,25.5,25.59,828,0
20100412,25.59,25.61,25.59,25.61,3270,0
20100413,25.6,25.8,25.57,25.8,2798,0
20100414,25.67,25.85,25.67,25.8,790,0
20100415,25.93,25.93,25.9,25.93,6230,0
20100416,25.62,25.65,25.62,25.65,384,0
20100419,25.4,25.4,25.4,25.4,235,0
20100420,25.48,25.48,25.38,25.38,1600,0
20100421,25.75,25.75,25.55,25.75,1007,0
20100422,25.68,26.86,25.68,25.91,6700,0
20100423,25.8,25.8,25.8,25.8,214,0
20100426,25.65,25.65,25.65,25.65,2000,0
20100427,25.59,25.59,25.4,25.4,3347,0
20100428,25.5,25.5,25.29,25.29,510,0
20100430,25.45,25.55,25.45,25.55,201,0
20100504,25.65,25.65,25.1,25.1,890,0
20100505,24.83,24.83,24.5,24.5,2700,0
20100506,24.51,24.65,24.51,24.51,363,0
20100507,24.48,24.5,24.3,24.5,473,0
20100510,24.77,25.02,24.75,24.75,3256,0
20100511,24.61,24.61,24.61,24.61,400,0
20100512,24.94,25,24.79,24.96,2710,0
20100513,24.75,24.95,24.75,24.95,76180,0
20100514,24.69,24.85,24.25,24.25,3200,0
20100517,24.23,24.23,23.8,23.8,2500,0
20100518,24.11,24.11,23.7,23.73,1289,0
20100519,23.5,23.5,22.83,23.49,3700,0
20100520,23.23,23.25,23.08,23.16,3900,0
20100521,23,23.42,23,23.42,2007,0
20100524,23.42,23.42,23.42,23.42,700,0
20100525,23.4,23.4,23.4,23.4,640,0
20100526,23.4,23.66,23.4,23.66,618,0
20100602,23.55,23.62,23.55,23.62,740,0
20100604,23.02,23.02,23.02,23.02,100,0
20100607,23.01,23.01,21.53,23,8345,0
20100609,23.35,23.36,22.62,23.28,2500,0
20100610,23.69,23.69,23.69,23.69,136,0
20100611,23.41,23.53,22.83,23.53,2400,0
20100615,24.26,24.26,24.21,24.21,300,0
20100616,24.42,24.42,24.42,24.42,100,0
20100617,24.31,24.31,24.31,24.31,200,0
20100618,24.18,24.18,24.18,24.18,100,0
20100623,24.13,24.13,23.9,23.9,1030,0
20100624,24.25,24.25,24.25,24.25,203,0
20100625,24.5,24.5,24.5,24.5,255,0
20100630,23.64,23.68,23.64,23.68,500,0
20100701,23.6,23.7,23.41,23.7,3700,0
20100702,23.5,23.5,23.5,23.5,100,0
20100706,23.5,23.5,23.5,23.5,1000,0
20100708,24.25,24.25,23.8,23.95,8440,0
20100712,24,24.3,24,24.3,1050,0
20100715,24.5,24.5,24.5,24.5,150,0
20100719,25.19,25.19,24.28,24.28,2600,0
20100722,24.1,24.1,24.1,24.1,600,0
20100723,24.36,24.83,24.35,24.35,300,0
20100726,24.25,24.8,24.25,24.8,562,0
20100727,24.35,24.35,24.25,24.25,946,0
20100730,25,25.46,25,25.4,8200,0
20100802,25.27,25.75,25.27,25.75,3250,0
20100803,25.15,25.7,25.15,25.35,1650,0
20100804,25.6,25.9,25.6,25.9,1100,0
20100805,25.75,25.75,25.75,25.75,9900,0
20100809,26,26,25.35,25.35,650,0
20100813,23.83,24.86,23.83,24.86,2194,0
20100816,25.44,25.44,24.79,24.79,9440,0
20100817,25,25,25,25,200,0
20100818,24.75,25,24.75,25,1700,0
20100820,25.04,25.04,24.71,24.71,3000,0
20100823,24.97,24.98,24.65,24.66,2289,0
20100824,24.3,24.3,24.3,24.3,700,0
20100826,24.5,24.5,24.47,24.49,1300,0
20100827,24.53,24.95,24.53,24.95,775,0
20100830,25.25,25.25,25,25,7200,0
20100901,24.86,25.01,24.86,25.01,680,0
20100903,25.5,25.73,25.5,25.73,1109,0
20100907,25.65,25.65,25.41,25.5,1294,0
20100909,25.25,25.25,25.25,25.25,250,0
20100910,25.82,25.85,25.82,25.85,600,0
20100913,26.19,26.2,26.16,26.16,600,0
20100915,26.15,26.15,26.15,26.15,200,0
20100917,26.15,26.15,26.15,26.15,1000,0
20100920,26.5,26.5,26.1,26.45,1060,0
20100921,26.36,26.36,26.19,26.19,1000,0
20100922,26.25,26.25,26.25,26.25,1400,0
20100923,26.35,26.35,25.85,26.29,1600,0
20100927,26.6,26.6,26.6,26.6,185,0
20100928,26.6,26.6,26.6,26.6,100,0
20100929,26.58,26.58,26.58,26.58,200,0
20100930,27.16,27.16,26.45,27,975,0
20101001,26.8,26.8,26.51,26.51,400,0
20101004,26.24,26.24,26.12,26.12,382,0
20101005,26.31,26.75,26.31,26.75,300,0
20101006,26.89,26.95,26.86,26.86,1227,0
20101007,27,27,26.45,26.57,3009,0
20101008,25.86,28,25.83,27.56,3762,0
20101011,27.71,28.49,27.55,27.65,4985,0
20101013,28,28.4,28,28.02,6581,0
20101014,27.6,28,27.6,28,3878,0
20101015,27.96,27.96,27.82,27.82,800,0
20101018,27.69,27.8,27.6,27.8,3296,0
20101019,27.03,27.21,27.02,27.02,4828,0
20101020,27.18,27.79,27.18,27.74,1183,0
20101021,27.99,27.99,27.42,27.42,14144,0
20101022,27.57,27.57,27.4,27.51,6717,0
20101025,27.93,27.93,27.66,27.73,3538,0
20101026,27.72,27.9,27.68,27.9,1506,0
20101027,27.5,27.6,27.5,27.6,1970,0
20101028,27.84,27.86,27.75,27.75,1400,0
20101029,27.75,27.9,27.7,27.9,2969,0
20101101,28.07,28.25,27.98,27.98,5276,0
20101102,28.07,28.21,28.03,28.19,6621,0
20101103,28.05,28.21,27.99,28.21,1950,0
20101104,28.64,28.93,28.64,28.93,10933,0
20101105,29.01,29.08,28.78,29.07,6321,0
20101108,29.07,29.25,28.83,29.25,6240,0
20101109,29.74,30.05,29.3,29.3,20365,0
20101110,30.15,30.15,29.15,29.34,15694,0
20101111,29.54,29.54,29.13,29.16,23818,0
20101112,28.72,29.79,27.52,28.14,19847,0
20101115,28.25,29.22,27.24,27.8,19333,0
20101116,27.46,28.29,26.75,26.75,8024,0
20101117,27.21,27.37,26.93,27.1,23399,0
20101118,27.67,27.86,27.5,27.86,2028,0
20101119,27.6,27.69,27.01,27.69,1730,0
20101122,28.34,28.34,27.26,27.62,8894,0
20101124,27.5,27.99,27.5,27.93,791,0
20101126,27.74,27.99,27.74,27.8,2190,0
20101129,27.81,27.96,27.64,27.86,819,0
20101130,28,28,27.51,27.83,19891,0
20101201,27.05,28.62,27.05,28.62,855,0
20101202,28.67,28.88,28.6,28.66,5290,0
20101203,28.98,29.26,28.88,29.1,5268,0
20101206,29.29,29.29,29.29,29.29,100,0
20101207,29.67,29.7,29.3,29.3,1910,0
20101208,29.28,29.34,29.03,29.22,4200,0
20101209,29.25,29.25,29.08,29.08,17449,0
20101210,29.12,29.3,28.93,29.04,48821,0
20101213,29.44,29.6,29.41,29.45,9400,0
20101214,29.59,29.59,29.4,29.54,24327,0
20101215,29.6,30,29.2,29.23,90700,0
20101216,29.18,29.18,29.02,29.07,3900,0
20101217,29.23,29.23,29.23,29.23,1000,0
20101220,29.47,29.83,29.47,29.83,3780,0
20101221,29.98,29.98,29.7,29.89,5547,0
20101222,29.83,29.98,29.83,29.98,1911,0
20101223,30,30.08,29.9,30.08,2037,0
20101227,30.45,30.85,30.07,30.45,2950,0
20101228,30.55,30.55,30.27,30.4,6885,0
20101229,30.54,30.54,30.42,30.42,200,0
20101230,30.38,30.38,30.07,30.21,3798,0
20101231,30.59,30.77,30.38,30.6,15400,0
20110103,31.62,31.62,30.75,30.78,4040,0
20110104,31,31,30.14,30.2,4928,0
20110105,29.95,30.42,28.8,30.42,8668,0
20110106,30.73,30.73,30.02,30.02,5119,0
20110107,30.25,30.25,29.82,29.82,1000,0
20110110,30.02,30.06,29.92,30.06,3042,0
20110111,30.3,30.39,30.2,30.38,2828,0
20110112,30.83,30.83,30.64,30.8,8268,0
20110113,30.7,30.8,30.52,30.52,15077,0
20110114,30.48,30.63,30.43,30.63,7603,0
20110118,30.72,30.77,30.55,30.7,6571,0
20110119,30.72,30.74,30.51,30.51,4545,0
20110120,30.25,30.41,30.07,30.41,5420,0
20110121,30.49,30.63,30.49,30.55,1250,0
20110124,31.06,31.06,30.4,30.46,10635,0
20110125,30.95,30.95,29.85,29.94,5699,0
20110126,29.85,30.42,29.85,30.42,7486,0
20110127,30.95,31.12,30.2,30.24,4330,0
20110128,30.44,30.58,30.44,30.54,1156,0
20110131,30.88,31.04,30.58,31.03,5380,0
20110201,31.1,31.8,31.02,31.11,1890,0
20110202,31.28,31.34,31.18,31.34,3143,0
20110203,31.79,31.79,31.13,31.13,2668,0
20110204,31.85,31.85,31.03,31.08,5690,0
20110207,31.68,31.68,30.95,30.99,2492,0
20110208,31.61,31.61,30.87,30.87,6767,0
20110209,31.12,31.26,30.24,31,10962,0
20110210,31,31.65,30.79,30.79,6507,0
20110211,30.79,30.83,30.68,30.79,3462,0
20110214,30.95,31,30.75,30.75,6826,0
20110215,30.79,30.79,30.39,30.63,3220,0
20110216,30.57,30.66,30.49,30.49,1808,0
20110217,30.56,31.19,30.56,30.9,11000,0
20110218,31.08,31.08,30.84,30.86,16389,0
20110222,31,31.45,30.52,30.67,12635,0
20110223,30.5,30.93,30.5,30.93,2225,0
20110224,30.89,31,30.89,31,7000,0
20110225,30.88,31.34,30.88,31.26,5775,0
20110228,31.43,31.53,31.34,31.45,3127,0
20110301,31.5,31.61,31.39,31.61,2646,0
20110302,31.77,31.81,31.59,31.81,6774,0
20110303,31.78,31.88,31.7,31.88,4032,0
20110304,32.01,32.03,31.85,31.85,13823,0
20110307,32.45,32.45,31.85,31.92,12044,0
20110308,32.09,32.09,31.64,31.64,4560,0
20110309,31.6,31.6,31.41,31.53,6544,0
20110310,31.11,31.11,30.99,31.11,5240,0
20110311,30.9,30.93,30.53,30.9,6700,0
20110314,30.2,30.8,30.2,30.78,4570,0
20110315,29.94,30.02,29.8,29.85,2882,0
20110316,30.34,30.34,29.72,29.84,2963,0
20110317,29.51,30.85,29.51,30.82,34535,0
20110318,31.06,31.14,31.06,31.14,500,0
20110321,31.31,31.42,31.24,31.3,5914,0
20110322,31.44,31.44,31.44,31.44,100,0
20110323,31.68,31.7,31.6,31.6,2600,0
20110324,31.63,31.83,31.63,31.83,2246,0
20110325,31.97,32.03,31.97,32.03,850,0
20110328,31.99,31.99,31.68,31.68,3103,0
20110329,31.57,31.57,31.5,31.5,300,0
20110330,31.51,31.56,31.41,31.56,2932,0
20110331,31.89,32.12,31.86,32.11,6920,0
20110401,32.07,32.22,31.97,32.22,3050,0
20110404,32.22,32.32,32.22,32.3,995,0
20110405,32.21,32.4,32.21,32.4,365,0
20110406,32.67,32.85,32.43,32.5,10298,0
20110407,32.68,32.68,32.25,32.53,4102,0
20110408,32.66,32.83,32.49,32.78,10299,0
20110411,33.07,33.07,32.68,32.75,14104,0
20110412,32.49,32.49,31.93,32.06,6672,0
20110413,32.16,32.16,31.92,31.92,1220,0
20110414,32.06,32.21,32.06,32.18,5148,0
20110415,32.44,32.44,31.98,32.22,1931,0
20110418,32.15,32.22,31.9,32.16,30946,0
20110419,32.1,32.37,32.06,32.35,1309,0
20110420,32.88,32.88,32.59,32.68,7985,0
20110421,32.95,32.95,32.68,32.68,1104,0
20110425,33.66,33.66,32.49,33,7747,0
20110426,33,33,32.81,32.9,3672,0
20110427,32.6,32.84,32.6,32.78,4024,0
20110428,32.69,33.05,32.69,32.76,6785,0
20110429,32.98,33.23,32.74,33.21,4743,0
20110502,33.21,33.65,32.78,32.82,11447,0
20110503,32.67,32.69,32.4,32.47,5603,0
20110504,32,32,31.84,31.98,2526,0
20110505,31.16,31.37,30,30.32,31864,0
20110506,30.08,30.85,30.08,30.14,4963,0
20110509,30.64,31.03,30.49,30.99,3812,0
20110510,30.85,31.36,30.85,31.05,900,0
20110511,30.85,31.15,30.49,30.53,2820,0
20110512,29.74,30.2,29.66,30.14,4423,0
20110513,31.01,31.11,29.96,30.26,2498,0
20110516,30.56,30.97,30.21,30.21,3170,0
20110517,29.75,30.41,29.75,29.96,1963,0
20110518,30.36,31.17,30.22,31.17,10952,0
20110519,30.98,31.42,30.38,30.49,3893,0
20110520,30.41,30.41,30.37,30.37,284,0
20110523,30.37,30.99,30.3,30.47,7550,0
20110524,30.64,30.94,30.64,30.65,3700,0
20110525,30.8,30.97,30.79,30.91,1524,0
20110526,30.78,31.02,30.78,30.91,884,0
20110527,31.34,31.34,31.16,31.16,5100,0
20110531,31.56,31.57,31.44,31.49,3401,0
20110601,31.18,31.35,31.07,31.21,1845,0
20110602,31.2,31.31,31.2,31.31,4815,0
20110603,31.36,31.38,31.18,31.38,625,0
20110606,31.48,31.48,31.4,31.4,600,0
20110607,31.23,31.28,31.01,31.28,800,0
20110608,31.22,31.43,31.15,31.3,2171,0
20110609,31.75,31.8,31.48,31.55,4343,0
20110610,31.2,31.5,31.05,31.24,5650,0
20110613,31.3,31.3,30.76,30.97,2775,0
20110614,30.82,30.9,30.82,30.9,2660,0
20110615,30.85,30.9,30.23,30.5,4059,0
20110616,30.32,30.32,30.2,30.22,2380,0
20110617,30.23,30.23,30,30,4758,0
20110620,30,30,29.95,29.97,1163,0
20110621,30.26,30.26,30.19,30.19,460,0
20110622,30.09,30.21,30.09,30.13,2400,0
20110623,29.67,29.67,29.21,29.51,7303,0
20110624,29.26,29.5,29.26,29.42,1373,0
20110627,29.48,29.48,29.09,29.25,2685,0
20110628,29.29,29.67,29.29,29.6,3988,0
20110629,29.91,30.14,29.82,30,9800,0
20110630,29.67,29.84,29.63,29.72,13497,0
20110701,29.67,29.67,29.67,29.67,100,0
20110705,30.07,30.15,30.05,30.05,3300,0
20110706,30.19,30.19,30.05,30.05,870,0
20110707,30.39,30.42,30.18,30.42,1300,0
20110708,30.36,30.36,30.14,30.36,300,0
20110711,30.2,30.2,30,30,500,0
20110712,30.3,30.64,30.3,30.64,4465,0
20110713,30.83,31.16,30.83,31.12,1228,0
20110714,31.26,31.31,30.64,30.75,5637,0
20110715,30.91,31.07,30.91,31.07,2068,0
20110718,30.75,30.97,30.75,30.97,846,0
20110719,31.17,31.17,31.05,31.11,700,0
20110720,31.09,31.15,30.98,31.1,1400,0
20110722,31.19,31.2,31.09,31.13,1830,0
20110725,31.24,31.24,30.98,31,1311,0
20110726,30.98,31.36,30.95,31.36,780,0
20110727,31.2,31.34,31.2,31.22,772,0
20110728,31.05,31.05,31,31,745,0
20110729,30.92,30.92,30.72,30.72,201,0
20110801,31.17,31.17,30.6,30.6,816,0
20110802,30.72,30.91,30.65,30.91,4784,0
20110803,30.56,30.67,30.45,30.6,11964,0
20110804,30.36,30.46,29.61,29.7,5986,0
20110805,29.48,29.74,29.08,29.34,2979,0
20110808,29.17,29.17,28.77,28.77,2424,0
20110809,28.81,29.25,28.72,29.21,19160,0
20110810,29.21,29.21,29.1,29.14,3770,0
20110812,29.61,29.71,29.61,29.66,300,0
20110815,29.73,29.85,29.73,29.85,2127,0
20110816,29.65,29.98,29.42,29.89,2638,0
20110817,30.19,30.23,30.08,30.15,1731,0
20110818,29.53,29.7,29.53,29.65,2685,0
20110819,30,30.06,30,30.06,310,0
20110822,30.01,30.09,30.01,30.09,2450,0
20110823,30.25,30.35,30.22,30.22,462,0
20110824,30.01,30.01,29.86,29.86,920,0
20110825,29.85,29.99,29.85,29.99,1337,0
20110826,29.92,29.98,29.92,29.98,2251,0
20110829,30.93,30.93,30.48,30.52,4000,0
20110830,30.67,30.85,30.67,30.85,2400,0
20110831,30.87,30.97,30.87,30.97,2250,0
20110901,30.81,30.81,30.72,30.77,3465,0
20110902,30.59,30.64,30.5,30.64,3500,0
20110906,30.54,30.54,30.05,30.05,1583,0
20110907,30.58,30.64,30.51,30.51,735,0
20110908,30.62,30.62,30.62,30.62,200,0
20110909,30.15,30.35,30.15,30.35,800,0
20110912,30.08,30.15,30.08,30.11,4665,0
20110913,30.1,30.22,30.09,30.09,500,0
20110915,29.78,29.82,29.78,29.82,200,0
20110916,29.86,29.87,29.57,29.59,10080,0
20110919,29.59,29.59,29.09,29.23,5512,0
20110920,29.3,29.3,29.16,29.17,9412,0
20110921,29.07,29.2,28.48,28.88,9514,0
20110922,28,28.02,27.56,27.59,8249,0
20110923,27.5,27.5,26.81,26.81,6098,0
20110926,27.06,27.06,26.6,26.94,9366,0
20110927,27.79,27.9,27.47,27.74,9259,0
20110928,27.47,27.47,26.62,26.87,29300,0
20110929,27.3,27.3,27.3,27.3,575,0
20110930,26.43,26.43,26.31,26.31,400,0
20111003,26.18,26.32,26.16,26.32,2200,0
20111004,26.04,26.15,25.95,26.15,5743,0
20111005,26.13,26.41,26.13,26.41,1329,0
20111007,26.48,26.86,26.48,26.53,6944,0
20111010,26.83,27.2,26.83,27.2,1537,0
20111011,27.16,27.55,27.16,27.4,1474,0
20111013,27.16,27.58,27.16,27.53,5534,0
20111014,27.9,27.9,27.8,27.9,5340,0
20111017,27.4,27.75,27.4,27.72,960,0
20111018,27.26,27.71,27.26,27.71,860,0
20111019,27.55,27.68,27.24,27.24,1777,0
20111021,27.4,27.47,27.21,27.4,858,0
20111024,27.71,27.89,27.71,27.77,1529,0
20111025,28.09,28.1,27.9,28.08,2340,0
20111026,27.64,27.64,27.64,27.64,1570,0
20111027,28.4,28.43,28.35,28.35,2200,0
20111028,28.4,28.55,28.4,28.55,1473,0
20111101,27.97,27.97,27.97,27.97,845,0
20111102,28.01,28.01,27.72,27.72,560,0
20111103,28,28.1,28,28.1,800,0
20111104,28.15,28.15,28.15,28.15,1200,0
20111107,28.5,28.5,28.5,28.5,3500,0
20111108,28.35,28.54,28.32,28.54,15300,0
20111110,27.94,27.97,27.84,27.9,3220,0
20111111,28.05,28.05,28.04,28.04,3900,0
20111114,27.89,27.89,27.89,27.89,130,0
20111115,27.94,28.05,27.88,27.88,997,0
20111116,28.09,28.16,28.08,28.09,3500,0
20111117,27.87,27.87,27.35,27.39,1800,0
20111118,27.41,27.42,27.28,27.28,3100,0
20111121,26.94,26.94,26.92,26.93,6470,0
20111122,27.06,27.16,27.05,27.16,5600,0
20111123,26.75,26.89,26.65,26.81,14615,0
20111125,26.75,26.75,26.71,26.71,200,0
20111128,28.33,28.33,25.5,26.92,16209,0
20111129,27.03,27.14,27.03,27.11,550,0
20111130,28.15,28.15,27.51,27.52,750,0
20111201,27.56,28,27.34,27.34,1672,0
20111202,27.55,27.56,26.07,27.54,16989,0
20111205,27.36,27.36,27.32,27.33,4000,0
20111207,27.24,27.24,27.09,27.16,3006,0
20111208,27.69,27.69,26.87,26.95,4500,0
20111209,26.67,26.87,26.67,26.8,650,0
20111212,26.4,26.48,26.28,26.48,1779,0
20111213,26.63,26.63,26.56,26.56,17800,0
20111214,25.98,25.98,25.62,25.62,1504,0
20111216,25.75,25.77,25.6,25.77,1595,0
20111219,25.78,25.82,25.7,25.82,1000,0
20111220,26.15,26.26,26.15,26.26,530,0
20111221,26.23,26.34,26.07,26.34,1700,0
20111223,26.52,26.53,26.41,26.51,5128,0
20111227,26.53,26.71,26.53,26.71,3455,0
20111228,26.54,26.54,26.46,26.46,1004,0
20111229,26.31,26.31,26.21,26.21,1962,0
20111230,26.36,26.55,26.21,26.45,2006,0
20120103,27.77,27.77,26.9,27.03,1545,0
20120104,27.07,27.12,26.77,27.12,4705,0
20120105,26.8,26.8,26.71,26.72,2950,0
20120106,26.92,26.92,26.77,26.88,1768,0
20120109,27,27.05,26.8,26.92,7800,0
20120110,27.24,27.28,27.18,27.21,5300,0
20120111,26.97,27.09,26.97,27.02,1700,0
20120112,26.89,27.04,26.45,26.8,19075,0
20120113,26.61,26.7,26.51,26.6,18362,0
20120117,26.5,26.75,26.5,26.74,6900,0
20120118,26.55,27.49,26.49,26.62,18252,0
20120119,26.75,27.13,26.53,26.53,16850,0
20120120,26.6,26.6,26.58,26.58,1220,0
20120123,26.62,27.53,26.62,27.53,1807,0
20120124,27.9,27.9,26.84,27.16,4024,0
20120125,27.3,27.4,27.29,27.35,10990,0
20120126,27.6,27.74,27.44,27.44,465,0
20120127,27.4,27.44,27.4,27.42,841,0
20120130,27.26,27.32,27.19,27.19,2017,0
20120131,26.99,26.99,26.33,26.96,7519,0
20120202,26.92,27,26.5,27,800,0
20120203,26.95,27.26,26.95,27.26,1040,0
20120206,27.24,27.32,27.18,27.18,660,0
20120208,27.57,28.06,27.37,27.37,1160,0
20120209,27.54,27.6,27.54,27.6,400,0
20120210,27.25,27.25,27.25,27.25,1605,0
20120213,27.83,27.83,26.78,27.25,2100,0
20120214,27.4,27.4,27.15,27.23,1148,0
20120215,27.25,27.25,27.16,27.16,1405,0
20120216,27.16,27.24,27.16,27.24,835,0
20120217,27.26,27.42,27.26,27.4,2233,0
20120221,27.56,27.75,27.47,27.74,1587,0
20120222,27.75,27.89,27.75,27.89,830,0
20120223,27.82,27.87,27.82,27.85,1750,0
20120224,27.93,28.08,27.91,28.08,3512,0
20120227,27.97,28.04,27.84,28,8100,0
20120228,28.02,28.03,27.94,27.96,962,0
20120229,27.76,27.89,27.76,27.76,740,0
20120301,27.81,27.94,27.77,27.94,3513,0
20120302,27.69,27.78,27.57,27.78,32800,0
20120306,27.09,27.16,27.08,27.08,750,0
20120307,26.95,27.09,26.95,27.09,2388,0
20120308,27.13,27.55,27.06,27.11,2908,0
20120309,27.11,27.36,27.11,27.32,3915,0
20120312,27.09,27.3,27.07,27.25,8095,0
20120313,27.25,27.46,27.21,27.41,11752,0
20120314,27.33,27.35,27.03,27.16,5950,0
20120315,27.37,27.44,27.37,27.44,1462,0
20120316,27.43,27.6,27.4,27.51,9908,0
20120319,27.67,27.67,27.49,27.51,2028,0
20120320,27.5,27.93,27.11,27.24,36157,0
20120321,27.17,27.32,27.12,27.14,7120,0
20120322,26.83,26.94,26.78,26.87,8691,0
20120323,26.9,27.17,26.9,27.13,4762,0
20120326,27.14,27.4,27.14,27.22,2632,0
20120327,27.1,27.31,27.09,27.09,8100,0
20120328,26.81,26.93,26.73,26.78,8001,0
20120329,26.61,26.62,26.3,26.31,20556,0
20120330,26.35,27.14,26.35,26.68,35580,0
20120402,26.85,27,26.64,27,4154,0
20120403,27.03,27.06,26.96,26.98,25605,0
20120404,26.67,26.93,26.46,26.46,42740,0
20120405,26.62,26.62,26.56,26.61,9029,0
20120409,26.47,26.47,26.36,26.47,8407,0
20120410,26.17,26.17,26.17,26.17,100,0
20120411,26.19,26.22,26.19,26.22,1103,0
20120412,26.35,26.55,26.33,26.54,6672,0
20120413,26.22,26.22,26.19,26.19,975,0
20120416,25.99,25.99,25.94,25.94,1092,0
20120417,26.02,26.02,25.96,25.96,3314,0
20120418,25.76,25.94,25.72,25.75,14190,0
20120419,25.79,25.79,25.79,25.79,500,0
20120420,25.94,25.94,25.94,25.94,775,0
20120423,25.74,25.89,25.74,25.87,7192,0
20120424,26.06,26.07,25.93,25.93,3920,0
20120425,26.13,26.28,25.94,26.04,9865,0
20120426,26.27,26.3,26.21,26.21,7910,0
20120427,26.37,26.41,26.37,26.41,1280,0
20120430,26.05,26.4,26.05,26.4,3729,0
20120501,26.55,26.6,26.55,26.6,2992,0
20120502,26.4,26.4,26.13,26.13,7405,0
20120503,26.08,26.08,25.97,26,7295,0
20120504,25.84,25.84,25.74,25.74,3177,0
20120507,25.55,25.71,25.55,25.66,2622,0
20120508,25.58,25.58,25.01,25.51,17584,0
20120509,25.39,25.55,25.38,25.54,7778,0
20120510,25.57,25.61,25.3,25.5,26574,0
20120511,25.3,25.5,25.25,25.26,7650,0
20120514,24.9,24.95,24.9,24.93,4253,0
20120515,25.02,25.1,24.95,25.06,10819,0
20120516,24.95,25.16,24.95,25.13,9413,0
20120517,25.35,25.6,24.71,24.72,1800,0
20120518,25.49,25.5,25.45,25.5,27525,0
20120521,25.47,25.53,25.47,25.53,700,0
20120522,25.52,25.52,25.12,25.19,42500,0
20120523,24.85,24.91,24.77,24.89,25400,0
20120524,24.82,25.12,24.74,24.82,64149,0
20120525,24.89,24.9,24.68,24.86,11152,0
20120529,24.8,24.97,24.57,24.57,6587,0
20120530,24.31,24.31,24.17,24.26,2462,0
20120531,24.19,24.19,24.07,24.07,6800,0
20120601,23.84,23.9,23.62,23.75,7130,0
20120604,23.85,24.05,23.85,23.91,7200,0
20120605,23.96,23.99,23.91,23.91,3881,0
20120606,24.35,24.35,24.04,24.04,3787,0
20120607,24.58,24.58,24.19,24.21,15920,0
20120608,24.03,24.15,24.03,24.15,2624,0
20120611,24.15,24.21,24.02,24.04,25648,0
20120612,24.07,24.11,23.99,24.04,14284,0
20120613,23.88,23.91,23.86,23.87,7001,0
20120614,24.08,24.13,24.08,24.13,1530,0
20120615,24.14,24.23,24.14,24.23,3332,0
20120618,24.12,24.41,24.12,24.41,1540,0
20120619,24.69,24.69,24.65,24.65,919,0
20120620,24.42,24.56,24.42,24.43,8400,0
20120621,24.23,24.3,23.92,23.94,11760,0
20120622,23.8,24.1,23.8,24.05,5120,0
20120625,24.25,24.41,24.25,24.41,323,0
20120626,24.46,24.46,24.46,24.46,115,0
20120627,24.85,24.85,24.76,24.76,2481,0
20120628,24.62,24.62,24.46,24.47,23554,0
20120702,25.36,25.39,25.3,25.3,1175,0
20120703,25.74,25.97,25.74,25.96,2500,0
20120705,26.04,26.21,25.14,26.21,1444,0
20120706,25.76,25.76,25.67,25.67,558,0
20120709,26.22,26.22,26.21,26.21,4348,0
20120710,26.02,26.02,25.78,25.8,12261,0
20120711,26.1,26.1,25.8,25.97,13056,0
20120712,25.82,26.09,25.76,26.04,7443,0
20120713,26.25,26.34,26.25,26.34,5654,0
20120716,26.49,26.49,26.49,26.49,100,0
20120717,26.5,26.58,26.45,26.55,2062,0
20120718,26.65,26.65,26.65,26.65,750,0
20120719,27.16,27.37,27.16,27.36,3123,0
20120720,27.38,27.45,27.38,27.45,851,0
20120723,27.03,27.04,26.93,26.98,6442,0
20120724,26.65,26.65,26.49,26.58,16300,0
20120725,26.84,26.87,26.69,26.82,2390,0
20120726,26.82,26.82,26.77,26.77,778,0
20120727,26.92,26.95,26.92,26.94,7366,0
20120730,27.25,27.27,27.25,27.27,1150,0
20120731,27.31,27.31,27.1,27.1,1140,0
20120801,26.82,26.82,26.82,26.82,694,0
20120802,26.52,26.64,26.1,26.55,4154,0
20120803,26.82,26.83,26.82,26.83,678,0
20120806,26.82,26.82,26.82,26.82,520,0
20120807,26.94,26.99,26.94,26.99,4199,0
20120808,26.91,27.01,26.88,26.99,6417,0
20120809,27.05,27.29,27.05,27.29,2716,0
20120810,26.94,27,26.88,26.88,3624,0
20120813,26.6,26.66,26.6,26.61,778,0
20120814,26.61,26.63,26.61,26.61,1366,0
20120815,26.61,26.7,26.61,26.7,1983,0
20120817,26.85,26.88,26.8,26.86,4694,0
20120820,26.95,26.95,26.85,26.85,5500,0
20120821,27.38,27.4,27.38,27.4,2212,0
20120822,27.35,27.35,27.35,27.35,999,0
20120823,27.57,27.58,27.45,27.45,700,0
20120824,27.34,27.34,27.27,27.27,539,0
20120827,27.16,27.16,27.16,27.16,200,0
20120828,26.99,27.13,26.99,27.1,13700,0
20120829,27.1,27.26,27.1,27.26,1741,0
20120830,27.26,27.26,27.22,27.22,1017,0
20120831,27.39,27.42,27.39,27.42,700,0
20120904,27.62,27.62,27.46,27.51,7129,0
20120905,27.39,27.45,27.32,27.32,8637,0
20120906,27.42,27.47,27.4,27.4,6183,0
20120907,27.1,27.67,27.1,27.65,10545,0
20120910,28.46,28.46,27.67,27.75,9377,0
20120911,27.96,28.36,27.89,27.91,12399,0
20120912,27.93,28.04,27.93,28.04,868,0
20120913,28.01,28.25,27.96,28.24,15445,0
20120914,28.57,28.61,28.53,28.53,3079,0
20120917,28.27,28.3,27.89,27.92,31100,0
20120918,27.91,27.91,27.7,27.7,734,0
20120919,27.63,27.63,27.58,27.61,12502,0
20120920,27.51,27.59,27.46,27.46,3531,0
20120921,27.67,27.8,27.67,27.76,2308,0
20120924,27.45,27.49,27.34,27.49,2490,0
20120925,27.33,27.64,27.33,27.62,1388,0
20120926,27.25,27.37,27.2,27.25,17824,0
20120928,27.84,27.84,27.84,27.84,100,0
20121002,28,28,27.91,27.91,1670,0
20121003,27.66,27.66,27.62,27.62,625,0
20121004,27.8,27.83,27.8,27.83,655,0
20121005,27.75,27.75,27.69,27.69,1845,0
20121008,27.7,27.7,27.64,27.64,561,0
20121009,27.75,27.75,27.72,27.72,300,0
20121010,27.66,27.71,27.57,27.57,19101,0
20121012,27.5,27.5,27.5,27.5,100,0
20121015,27.4,27.4,27.2,27.2,450,0
20121016,27.35,27.35,27.31,27.31,758,0
20121017,27.45,27.51,27.45,27.51,2342,0
20121018,27.55,27.7,27.55,27.7,3761,0
20121019,27.68,27.68,27.47,27.47,3799,0
20121022,27.47,27.47,27.23,27.23,4283,0
20121023,27,27.05,26.93,27.05,2607,0
20121024,27.02,27.02,27.02,27.02,200,0
20121025,26.91,27.05,26.23,26.92,62420,0
20121026,26.82,26.9,26.79,26.79,1451,0
20121031,26.73,26.86,26.73,26.76,2562,0
20121101,26.88,26.88,26.86,26.86,1095,0
20121102,26.49,26.49,26.3,26.3,600,0
20121105,26.33,26.33,26.11,26.27,8493,0
20121107,26.42,26.42,26.42,26.42,212,0
20121108,26.65,26.65,26.4,26.48,3773,0
20121109,26.37,26.65,26.37,26.37,968,0
20121112,26.35,26.35,26.31,26.31,2000,0
20121113,26.43,26.43,26.32,26.41,3447,0
20121114,26.48,26.57,26.45,26.45,12914,0
20121115,26.49,26.49,26.34,26.34,6480,0
20121116,26.2,26.42,26.2,26.42,2200,0
20121119,27.2,27.2,26.63,26.63,300,0
20121120,26.67,26.79,25.9,26.78,22307,0
20121121,26.79,26.79,26.79,26.79,535,0
20121123,27.04,27.04,27.02,27.02,635,0
20121126,26.86,26.86,26.86,26.86,870,0
20121127,26.96,27.46,26.94,27.01,800,0
20121128,26.8,26.83,26.72,26.82,1666,0
20121129,26.95,26.95,26.88,26.88,343,0
20121130,26.82,26.85,26.74,26.76,2172,0
20121203,26.94,26.94,26.83,26.83,1145,0
20121204,26.66,26.67,26.62,26.62,4660,0
20121205,26.65,26.82,26.65,26.82,707,0
20121206,26.67,26.67,26.67,26.67,1548,0
20121207,26.65,26.67,26.51,26.51,3936,0
20121210,26.44,26.45,26.42,26.45,805,0
20121211,26.38,26.38,26.34,26.34,778,0
20121213,26.15,26.15,26.15,26.15,1862,0
20121214,26.29,26.36,26.28,26.29,15606,0
20121217,26.3,26.32,26.27,26.29,15751,0
20121218,26.3,26.31,26.26,26.26,10020,0
20121219,26.1,26.18,26.1,26.14,5812,0
20121220,25.94,26,25.89,25.99,19349,0
20121221,25.98,26.08,25.98,26.08,11920,0
20121224,25.88,25.97,25.88,25.94,2291,0
20121226,26.17,26.17,26.04,26.07,2500,0
20121227,26,26.27,26,26.03,8970,0
20121228,26.04,26.04,26.04,26.04,217,0
20121231,25.91,26.05,25.89,26.03,746,0
20130102,26.24,26.41,26.1,26.15,11340,0
20130103,26.03,26.03,25.85,25.92,10789,0
20130104,25.81,25.81,25.78,25.78,535,0
20130107,25.91,25.91,25.8,25.84,2198,0
20130108,25.81,25.87,25.81,25.83,1193,0
20130109,25.8,25.8,25.71,25.71,1995,0
20130110,25.97,25.97,25.94,25.94,2616,0
20130111,25.8,25.97,25.75,25.94,9767,0
20130114,26.1,26.14,26.08,26.08,2528,0
20130115,26.16,26.27,26.16,26.23,2911,0
20130116,26.2,26.24,26.13,26.24,2520,0
20130117,26.36,26.39,26.32,26.39,1487,0
20130118,26.42,26.5,26.41,26.5,2396,0
20130122,26.61,26.64,26.53,26.58,4524,0
20130123,26.56,26.57,26.54,26.54,3221,0
20130124,26.44,26.47,26.39,26.42,2799,0
20130125,26.37,26.37,26.33,26.33,1387,0
20130128,26.29,26.32,26.25,26.32,5624,0
20130129,26.35,26.44,26.35,26.39,1890,0
20130130,26.5,26.67,26.03,26.66,3300,0
20130131,26.62,26.63,26.62,26.63,1430,0
20130201,26.79,26.79,26.79,26.79,150,0
20130204,26.69,26.77,26.69,26.77,540,0
20130205,26.69,26.69,26.68,26.68,600,0
20130206,26.63,26.79,26.63,26.68,400,0
20130207,26.27,26.64,26.27,26.48,3770,0
20130208,26.3,26.56,26.3,26.43,1481,0
20130211,26.29,26.3,26.25,26.3,1828,0
20130212,26.3,26.3,26.22,26.25,5463,0
20130213,26.28,26.31,26.27,26.29,6947,0
20130214,26.13,26.13,26.09,26.12,2739,0
20130219,25.95,26.06,25.95,26.06,3208,0
20130220,26.12,26.12,25.88,25.9,10157,0
20130222,25.63,25.63,25.56,25.56,2617,0
20130225,25.7,25.7,25.62,25.65,5838,0
20130226,25.61,25.66,25.6,25.65,789,0
20130227,25.69,25.72,25.68,25.7,1000,0
20130228,25.61,25.63,25.53,25.53,760,0
20130301,25.44,25.44,25.39,25.4,8853,0
20130304,25.44,25.6,25.36,25.44,6193,0
20130305,25.61,25.63,25.55,25.56,4700,0
20130306,25.55,25.55,25.33,25.34,13297,0
20130307,25.54,25.54,25.5,25.5,1687,0
20130308,25.63,25.69,25.6,25.69,2807,0
20130311,25.5,25.7,25.5,25.7,2002,0
20130312,25.78,25.78,25.76,25.76,310,0
20130313,25.65,25.67,25.65,25.67,900,0
20130314,25.75,25.86,25.75,25.86,1670,0
20130315,25.12,25.97,25.12,25.87,526,0
20130318,25.71,25.72,25.71,25.72,5300,0
20130319,25.65,25.7,25.65,25.7,515,0
20130320,25.79,25.79,25.79,25.79,190,0
20130321,25.8,25.87,25.8,25.87,270,0
20130322,25.95,25.95,25.78,25.83,1386,0
20130325,25.85,25.99,25.8,25.8,3268,0
20130326,25.9,25.91,25.9,25.91,899,0
20130327,25.89,26.1,25.89,26.07,4269,0
20130328,26.04,26.05,25.67,25.67,6334,0
20130401,25.5,25.8,25.46,25.47,22690,0
20130402,25.36,25.36,25.27,25.3,12255,0
20130403,25.02,25.31,25.01,25.01,9000,0
20130404,24.99,24.99,24.87,24.95,4100,0
20130405,25.01,25.02,25.01,25.02,757,0
20130408,25.18,25.2,24.92,25.15,3841,0
20130409,25.18,25.46,25.15,25.29,13680,0
20130410,25.31,25.79,25.14,25.14,14167,0
20130411,25.2,25.29,25.16,25.2,2991,0
20130412,25.12,25.19,24.92,25.01,2043,0
20130415,24.88,24.88,24.26,24.26,8343,0
20130416,24.29,24.43,24.29,24.42,2628,0
20130417,24.42,24.42,24.28,24.31,9371,0
20130418,24.31,24.58,24.31,24.58,4365,0
20130419,24.55,24.56,24.55,24.55,423,0
20130422,24.54,24.54,24.4,24.44,1586,0
20130423,24.3,24.38,24.28,24.29,2712,0
20130424,24.42,24.42,24.38,24.38,405,0
20130425,24.5,24.74,24.5,24.74,3274,0
20130426,24.65,24.65,24.52,24.52,465,0
20130429,24.8,25.11,24.62,25.09,8752,0
20130430,24.96,25,24.93,24.93,13729,0
20130501,24.57,24.6,24.51,24.51,5758,0
20130502,23.85,24.65,23.85,24.55,8200,0
20130503,24.88,24.88,24.86,24.86,400,0
20130506,24.7,24.82,24.7,24.77,5023,0
20130507,24.69,24.69,24.63,24.69,1378,0
20130508,24.8,24.85,24.74,24.8,2190,0
20130509,24.81,24.92,24.75,24.91,3892,0
20130510,24.67,25.17,24.28,24.28,2518,0
20130513,24.66,24.84,24.63,24.71,11600,0
20130514,24.62,24.64,24.59,24.6,3466,0
20130515,24.5,24.54,24.5,24.53,17127,0
20130516,24.38,24.43,24.38,24.42,2615,0
20130520,24.68,24.73,24.68,24.72,1562,0
20130521,24.68,24.68,24.68,24.68,400,0
20130522,24.68,24.71,24.66,24.68,5816,0
20130523,24.52,24.52,24.52,24.52,100,0
20130524,24.8,24.8,24.63,24.63,362,0
20130528,24.86,24.86,24.7,24.7,11569,0
20130529,24.78,24.78,24.54,24.61,2528,0
20130530,24.56,24.58,24.47,24.49,7856,0
20130531,24.48,24.48,24.36,24.37,6573,0
20130603,24.61,24.61,24.61,24.61,620,0
20130604,24.55,24.67,24.55,24.67,2310,0
20130605,24.79,24.79,24.64,24.64,2140,0
20130606,24.57,24.59,24.57,24.59,424,0
20130607,24.49,24.49,24.49,24.49,244,0
20130610,24.38,24.38,24.14,24.34,4738,0
20130611,24,24.25,24,24.25,3755,0
20130612,24.31,24.31,24.31,24.31,572,0
20130613,24.25,24.28,24.25,24.28,6853,0
20130614,24.29,24.29,24.29,24.29,245,0
20130617,24.73,24.73,24.32,24.44,5614,0
20130618,24.4,24.42,24.38,24.38,4289,0
20130619,24.51,24.63,24.51,24.59,24115,0
20130620,24.37,24.82,23.81,23.88,5721,0
20130621,23.8,23.82,23.74,23.75,10736,0
20130624,23.48,23.59,23.47,23.47,7400,0
20130625,23.66,23.66,23.58,23.59,3100,0
20130626,23.44,23.46,23.36,23.46,805,0
20130627,23.48,23.49,23.31,23.38,1100,0
20130628,23.37,23.37,23.21,23.21,1943,0
20130701,23.4,23.4,23.34,23.36,3990,0
20130702,23.45,23.48,23.43,23.48,2348,0
20130703,23.58,23.58,23.57,23.57,760,0
20130705,23.41,23.41,23.38,23.39,3351,0
20130708,23.58,23.68,23.58,23.67,2881,0
20130709,23.69,23.69,23.64,23.68,4508,0
20130710,23.91,23.93,23.89,23.93,1233,0
20130711,23.94,23.97,23.94,23.97,1291,0
20130712,23.98,23.98,23.98,23.98,620,0
20130715,24.2,24.2,23.84,23.92,3054,0
20130716,24.13,24.13,24.03,24.11,6493,0
20130717,24.05,24.05,23.93,23.93,2045,0
20130718,24.01,24.01,24.01,24.01,6000,0
20130719,24.18,24.18,24.18,24.18,100,0
20130723,24.19,24.2,24.17,24.2,2941,0
20130724,24.2,24.23,23.97,23.97,4964,0
20130725,23.88,23.88,23.88,23.88,166,0
20130726,23.63,23.63,23.59,23.59,3838,0
20130729,23.6,23.6,23.5,23.53,3875,0
20130730,23.35,23.35,23.32,23.35,1254,0
20130731,23.32,23.53,23.29,23.53,4071,0
20130801,23.61,23.61,23.52,23.54,6387,0
20130802,23.55,23.55,23.42,23.42,976,0
20130805,23.19,23.3,23.19,23.29,452,0
20130806,23.24,23.24,23.19,23.19,1200,0
20130807,23.11,23.11,23.1,23.1,391,0
20130808,23.23,23.25,23.14,23.17,12222,0
20130809,23.45,23.46,23.39,23.39,1300,0
20130812,23.63,23.72,23.63,23.71,4098,0
20130813,23.68,23.7,23.67,23.68,1758,0
20130814,23.77,23.83,23.77,23.82,4618,0
20130815,24.02,24.02,24.02,24.02,100,0
20130816,24.18,24.21,24.14,24.2,9061,0
20130819,24.25,24.28,24.24,24.28,3512,0
20130820,24.16,24.24,24.16,24.24,965,0
20130821,24.15,24.15,24.07,24.07,4440,0
20130822,24.11,24.11,24.08,24.09,2041,0
20130823,24.19,24.28,24.1,24.27,6490,0
20130826,24.39,24.57,24.39,24.52,6709,0
20130827,24.67,24.69,24.65,24.68,2395,0
20130828,24.68,24.68,24.65,24.67,385,0
20130829,24.59,24.59,24.36,24.51,8000,0
20130830,24.38,24.42,24.2,24.33,7688,0
20130903,24.67,24.67,24.49,24.55,6602,0
20130904,24.57,24.57,24.23,24.23,2900,0
20130905,24.31,24.31,24.13,24.19,1600,0
20130906,24.33,24.4,24.33,24.4,1400,0
20130909,24.5,24.5,24.27,24.3,5258,0
20130910,24.06,24.1,24.03,24.1,3620,0
20130911,23.06,23.06,23.06,23.06,200,0
20130912,24.04,24.14,24.04,24.13,10492,0
20130913,24.08,24.11,24.08,24.11,9797,0
20130916,24.07,24.07,24.01,24.01,12444,0
20130917,23.94,23.94,23.94,23.94,2100,0
20130918,23.84,24.05,23.83,24.05,25085,0
20130919,24.33,24.37,24.2,24.23,27406,0
20130920,23.94,23.95,23.9,23.92,2351,0
20130923,23.9,23.9,23.76,23.78,1176,0
20130924,23.66,23.66,23.66,23.66,100,0
20130925,23.75,23.8,23.69,23.73,6681,0
20130926,23.84,23.84,23.65,23.81,13998,0
20130927,23.85,23.87,23.81,23.85,3679,0
20130930,23.72,23.72,23.66,23.68,1200,0
20131001,23.5,23.5,23.5,23.5,145,0
20131002,23.7,23.7,23.7,23.7,844,0
20131003,23.66,23.66,23.66,23.66,4000,0
20131004,23.79,23.79,23.68,23.71,2364,0
20131007,23.68,23.87,23.68,23.87,1264,0
20131008,23.97,23.97,23.96,23.96,1951,0
20131009,23.73,23.79,23.71,23.73,1929,0
20131010,23.92,23.92,23.92,23.92,600,0
20131011,23.73,23.77,23.73,23.77,3196,0
20131015,23.63,23.85,23.63,23.83,8859,0
20131016,23.86,23.99,23.76,23.88,3651,0
20131017,25.32,26.22,23.27,24.49,7053,0
20131018,24,24.01,24,24,4674,0
20131021,24.17,24.17,24,24,497,0
20131022,24.02,24.02,24,24,1015,0
20131023,23.69,23.78,23.68,23.68,7206,0
20131024,23.67,23.72,23.67,23.71,10106,0
20131025,23.76,23.78,23.62,23.76,5533,0
20131028,23.94,23.94,23.64,23.64,3447,0
20131029,23.56,23.58,23.54,23.54,3220,0
20131030,23.61,23.62,23.61,23.62,1420,0
20131031,23.41,23.64,23.35,23.36,15900,0
20131101,23.15,23.15,23.13,23.13,675,0
20131104,23,23,22.93,22.93,714,0
20131106,22.96,22.96,22.88,22.88,3728,0
20131107,22.97,22.97,22.84,22.85,1300,0
20131108,22.78,22.94,22.78,22.93,2946,0
20131111,22.92,22.99,22.92,22.98,2400,0
20131112,23,23.05,22.86,22.96,25482,0
20131113,22.89,22.89,22.85,22.86,3850,0
20131114,22.86,22.95,22.86,22.95,1028,0
20131118,22.86,22.86,22.66,22.78,3002,0
20131119,22.9,22.9,22.69,22.7,7305,0
20131120,22.66,22.84,22.66,22.83,28657,0
20131121,22.93,22.94,22.79,22.94,11718,0
20131122,23.04,23.04,22.87,22.96,5401,0
20131125,23,23,22.9,22.98,3400,0
20131126,22.91,23.03,22.91,23.03,5216,0
20131127,23,23.02,22.91,22.91,17750,0
20131129,23.1,23.1,23.1,23.1,270,0
20131202,22.95,23.07,22.92,23.06,16150,0
20131203,23.15,23.15,23.01,23.02,1279,0
20131205,23.2,23.23,23.16,23.23,5564,0
20131206,23.16,23.32,23.16,23.25,13202,0
20131209,23.37,23.37,23.37,23.37,150,0
20131210,23.57,23.57,23.56,23.56,600,0
20131211,23.5,23.66,23.5,23.66,14335,0
20131212,23.55,23.55,22.96,23.45,5288,0
20131213,23.46,23.5,23.39,23.48,6453,0
20131216,23.39,23.53,23.39,23.52,26178,0
20131217,23.38,23.46,23.37,23.38,7079,0
20131218,23.47,23.47,23.37,23.37,3155,0
20131219,23.42,23.51,23.36,23.51,7718,0
20131220,23.45,23.95,23.45,23.88,52229,0
20131223,23.76,23.95,23.62,23.72,24595,0
20131224,23.61,23.75,23.6,23.75,12941,0
20131226,23.67,23.77,23.67,23.74,2899,0
20131227,23.8,23.84,23.65,23.77,65379,0
20131230,23.57,23.72,23.57,23.59,15105,0
20131231,23.31,23.31,23.3,23.31,1147,0
20140102,23.34,23.34,23.26,23.26,3290,0
20140103,23.24,23.24,23.16,23.24,5142,0
20140106,23.35,23.35,23.17,23.22,1535,0
20140107,23.25,23.32,23.13,23.13,4288,0
20140108,23.11,23.11,23.02,23.02,492,0
20140109,22.82,22.82,22.74,22.76,2083,0
20140110,22.32,23.86,22.32,23.84,1870,0
20140113,23.16,23.18,22.96,23.13,9911,0
20140114,23.18,23.23,23.13,23.14,8579,0
20140115,23.05,23.31,23,23.15,147015,0
20140116,23.06,23.29,23.06,23.19,4891,0
20140117,23.27,23.31,23.26,23.28,15027,0
20140121,23.14,23.27,23.14,23.22,8076,0
20140122,23.35,23.41,23.3,23.38,3047,0
20140123,23.39,23.56,23.36,23.41,9230,0
20140124,23.51,23.56,23.48,23.56,5864,0
20140127,23.53,23.53,23.34,23.38,8985,0
20140128,23.43,23.51,23.24,23.49,14446,0
20140129,23.5,23.73,23.5,23.7,10316,0
20140130,23.9,23.9,23.49,23.49,6376,0
20140131,23.42,23.44,23.33,23.44,4780,0
20140203,23.46,23.53,23.36,23.5,5061,0
20140204,23.75,23.88,23.68,23.88,102484,0
20140205,23.95,24,23.81,23.85,2559,0
20140206,24,24,23.82,23.84,2669,0
20140207,23.84,23.9,23.52,23.84,1998,0
20140210,23.92,23.93,23.78,23.78,1814,0
20140211,23.87,23.99,23.84,23.98,50709,0
20140212,24.02,24.15,24,24.06,9916,0
20140213,24.05,24.2,24.05,24.2,6341,0
20140214,24.29,24.33,24.27,24.31,23566,0
20140218,24.64,24.73,24.64,24.73,6474,0
20140219,24.8,24.9,24.7,24.89,21377,0
20140220,24.78,24.84,24.69,24.82,16894,0
20140221,24.84,24.87,24.84,24.87,1426,0
20140224,25.01,25.01,24.92,24.96,5383,0
20140225,24.95,24.95,24.87,24.93,3370,0
20140226,24.83,24.87,24.82,24.84,6483,0
20140227,24.21,25.17,24.21,24.36,8567,0
20140228,24.83,24.95,24.82,24.92,11006,0
20140303,25.07,25.3,24.46,24.46,1407,0
20140304,25.1,25.33,25.1,25.31,11642,0
20140305,26.77,26.77,25.25,25.25,3181,0
20140306,25.34,25.47,25.34,25.47,3125,0
20140307,25.81,25.81,25.32,25.36,7012,0
20140310,25.21,25.21,25.18,25.18,595,0
20140311,25.27,25.27,25.15,25.18,3820,0
20140312,25.2,25.2,24.99,25.13,7012,0
20140313,25.13,25.13,25.01,25.06,5356,0
20140314,24.26,25.11,24.26,25.1,1688,0
20140317,25.06,25.08,24.95,24.98,8700,0
20140318,24.95,25.1,24.95,25.08,1460,0
20140319,25.11,25.11,25.07,25.08,955,0
20140320,24.98,24.98,24.79,24.81,4354,0
20140321,24.82,24.82,24.76,24.76,1681,0
20140324,24.8,24.89,24.75,24.75,4831,0
20140325,24.9,24.9,24.86,24.87,2555,0
20140326,24.87,24.89,24.81,24.82,4400,0
20140327,24.91,25.05,24.79,25.05,1780,0
20140328,25.11,25.12,25.09,25.09,3423,0
20140331,25.2,25.2,24.83,25.03,6021,0
20140401,25.02,25.02,24.87,24.87,1214,0
20140402,24.94,24.95,24.8,24.81,5262,0
20140403,24.84,24.98,24.8,24.98,8417,0
20140404,25.06,25.07,24.92,24.92,3020,0
20140407,25.07,25.13,25,25.06,116989,0
20140408,25.19,25.32,25.19,25.32,8014,0
20140409,25.3,25.41,25.29,25.4,4565,0
20140410,25.45,25.51,25.45,25.51,9990,0
20140411,25.45,25.45,25.38,25.38,1478,0
20140414,25.55,25.56,25.55,25.55,13729,0
20140415,25.39,25.49,25.39,25.47,760,0
20140416,25.65,25.65,25.5,25.52,2120,0
20140417,25.5,25.62,25.5,25.62,18362,0
20140421,25.53,25.54,25.46,25.48,1445,0
20140422,25.57,25.59,25.57,25.59,790,0
20140423,25.6,25.7,25.53,25.63,14404,0
20140424,25.68,25.74,25.67,25.71,1060,0
20140425,25.74,25.74,25.7,25.7,4532,0
20140428,25.75,25.75,25.61,25.63,4165,0
20140429,25.69,25.81,25.69,25.78,4558,0
20140430,25.76,25.82,25.56,25.63,6739,0
20140501,25.5,25.5,25.36,25.36,6227,0
20140502,24.87,25.43,24.87,25.43,17069,0
20140505,25.49,25.5,25.31,25.45,3302,0
20140506,25.5,25.55,25.46,25.55,8969,0
20140507,25.47,25.47,25.38,25.42,8887,0
20140508,25.47,25.47,25.36,25.36,5663,0
20140509,25.36,25.36,25.26,25.27,7173,0
20140512,25.35,25.35,25.31,25.33,6235,0
20140513,25.34,25.39,25.15,25.34,7518,0
20140514,25.45,25.45,25.39,25.41,6390,0
20140515,25.3,25.33,25.25,25.25,1594,0
20140516,25.2,25.21,25.15,25.15,598,0
20140519,25.21,25.3,25.21,25.3,825,0
20140520,25.24,25.25,25.17,25.17,63413,0
20140521,25.15,25.91,25.14,25.26,51969,0
20140522,25.32,25.32,25.21,25.23,44748,0
20140523,25.29,25.32,25.22,25.23,3943,0
20140527,25.2,25.2,25,25,148642,0
20140528,25.01,25.05,24.99,25.04,8692,0
20140529,25.1,25.1,25.01,25.04,7370,0
20140530,25,25,24.87,24.87,10195,0
20140602,24.92,24.92,24.84,24.91,8539,0
20140603,24.85,24.91,24.78,24.87,123224,0
20140604,24.8,24.83,24.78,24.78,5157,0
20140605,24.78,24.78,24.74,24.78,42798,0
20140606,24.73,24.87,24.73,24.87,16785,0
20140609,24.85,24.86,24.85,24.85,243,0
20140610,24.89,24.89,24.78,24.79,3498,0
20140611,24.87,24.87,24.67,24.7,2884,0
20140612,24.8,24.9,24.79,24.9,7224,0
20140613,25.04,25.07,25.04,25.05,1507,0
20140616,25.07,25.1,25.03,25.05,15670,0
20140617,25,25.05,25,25.05,840,0
20140618,25.05,25.08,25.05,25.08,655,0
20140619,25.16,25.37,25.16,25.37,86252,0
20140620,25.38,25.41,25.31,25.38,44752,0
20140623,25.34,25.34,25.3,25.3,985,0
20140624,25.33,25.33,25.33,25.33,820,0
20140625,25.34,25.41,25.33,25.39,8988,0
20140626,25.32,25.38,25.27,25.34,790,0
20140627,25.29,25.29,25.23,25.23,45464,0
20140630,25.17,25.22,25.05,25.07,4495,0
20140701,25,25,24.91,24.99,7904,0
20140702,24.93,24.96,24.92,24.92,800,0
20140703,24.89,24.9,24.89,24.9,2694,0
20140707,24.66,24.91,24.52,24.62,7833,0
20140708,24.69,24.69,24.49,24.49,3361,0
20140709,24.57,24.6,24.5,24.5,1874,0
20140710,24.35,24.35,24.32,24.32,544,0
20140711,24.18,24.21,24.13,24.13,7708,0
20140714,24.13,24.15,24.02,24.09,23661,0
20140715,24.09,24.13,23.94,23.94,2336,0
20140716,24.02,24.02,23.99,24,2691,0
20140717,24.04,24.15,24.02,24.15,3424,0
20140718,24.02,24.03,23.91,24,5873,0
20140721,23.98,23.98,23.87,23.94,607,0
20140722,24.08,24.08,23.81,23.94,3445,0
20140723,23.83,24,23.83,24,1387,0
20140724,23.91,23.97,23.86,23.97,1991,0
20140725,23.93,24.01,23.93,24.01,4884,0
20140728,24.06,24.13,23.93,23.93,2900,0
20140729,23.88,23.9,23.88,23.9,1372,0
20140801,23.74,23.74,23.55,23.55,2515,0
20140804,23.67,23.67,23.66,23.66,1263,0
20140806,23.7,23.77,23.7,23.77,2346,0
20140807,23.67,23.67,23.67,23.67,206,0
20140808,23.69,23.92,23.51,23.52,1816,0
20140811,23.58,23.6,23.58,23.59,2901,0
20140812,23.25,23.59,23.25,23.59,258,0
20140813,23.25,23.36,23.25,23.34,5064,0
20140814,23.22,23.23,23.2,23.21,2176,0
20140815,23.22,23.34,23.21,23.32,11852,0
20140818,23.35,23.35,23.23,23.24,5595,0
20140819,23.06,23.16,23.06,23.16,2387,0
20140820,23.16,23.22,23.13,23.22,1962,0
20140821,23.21,23.25,23.21,23.21,1600,0
20140822,23.25,23.25,23.17,23.17,6122,0
20140825,23.2,23.28,23.15,23.28,18431,0
20140826,23.3,23.38,23.2,23.32,68753,0
20140827,23.3,23.42,23.27,23.33,26050,0
20140828,23.4,23.45,23.31,23.34,70104,0
20140829,23.43,23.49,23.32,23.47,132486,0
20140902,23.36,23.49,23.14,23.22,73431,0
20140903,23.19,23.24,23.04,23.1,42908,0
20140904,23.16,23.21,23.05,23.15,15556,0
20140905,23.04,23.12,22.99,23.12,17798,0
20140908,23.14,23.14,22.93,22.94,6251,0
20140909,22.9,22.92,22.78,22.78,18230,0
20140910,22.84,22.84,22.64,22.64,2822,0
20140911,22.5,22.59,22.43,22.54,5275,0
20140915,22.66,22.66,22.38,22.38,1156,0
20140916,22.55,22.65,22.55,22.65,4465,0
20140917,22.51,22.57,22.5,22.55,3659,0
20140918,22.3,22.3,22.26,22.26,665711,0
20140919,22.13,22.15,22.05,22.05,683,0
20140922,22.06,22.06,21.83,21.86,688725,0
20140923,22.04,22.04,21.93,21.96,7031,0
20140924,21.9,22.14,21.9,22.14,4778,0
20140925,21.93,22.02,21.9,22.02,3709,0
20140926,22.02,22.07,21.95,21.95,3461,0
20140929,22.09,22.2,22.09,22.2,6400,0
20140930,22.2,22.2,21.98,21.98,3471,0
20141001,22.01,22.06,21.83,21.83,2536,0
20141002,21.96,21.99,21.73,21.8,19470,0
20141003,21.7,21.86,21.7,21.86,2759,0
20141006,22.09,22.15,21.87,22.15,16589,0
20141007,22.12,22.22,22.12,22.12,4951,0
20141008,21.89,22.06,21.86,22.06,66180,0
20141009,22.11,22.11,21.94,21.94,1901,0
20141010,21.83,21.93,21.83,21.93,2088,0
20141013,21.65,22.09,21.64,21.98,102553,0
20141014,22.04,22.09,21.86,21.86,18781,0
20141015,21.82,21.87,21.59,21.67,25904,0
20141016,21.69,21.82,21.56,21.73,40656,0
20141017,21.72,21.9,21.59,21.72,77404,0
20141020,21.67,22.41,21.42,21.57,142717,0
20141021,21.61,22,21.57,21.69,36527,0
20141022,21.74,21.84,21.5,21.54,14535,0
20141023,21.56,21.71,21.55,21.69,25977,0
20141024,21.68,21.68,21.5,21.53,17917,0
20141027,21.38,21.58,21.37,21.57,13586,0
20141028,21.7,21.81,21.55,21.77,29239,0
20141029,21.93,22.04,21.81,22.01,49214,0
20141030,21.89,21.96,21.6,21.79,48679,0
20141031,22,22,21.51,21.74,50466,0
20141103,21.73,21.91,21.63,21.74,64186,0
20141104,21.54,21.64,21.44,21.52,85603,0
20141105,21.39,21.58,21.28,21.47,74108,0
20141106,21.42,21.65,21.42,21.64,44974,0
20141107,21.7,21.92,21.57,21.73,123012,0
20141110,21.79,21.91,21.44,21.55,280245,0
20141111,21.65,21.95,21.48,21.74,11437,0
20141112,21.8,21.8,21.69,21.71,9596,0
20141113,21.7,21.7,21.44,21.49,4806,0
20141114,21.42,21.68,21.41,21.67,24604,0
20141117,21.61,21.75,21.61,21.73,77598,0
20141118,21.62,21.62,21.59,21.61,3961,0
20141119,21.68,21.68,21.66,21.66,1545,0
20141120,21.73,21.82,21.7,21.82,3695,0
20141121,21.96,21.96,21.76,21.84,19185,0
20141124,21.75,21.79,21.6,21.6,15635,0
20141125,21.68,21.8,21.68,21.75,18775,0
20141126,21.78,21.79,21.74,21.75,1351,0
20141128,21.5,21.5,20.96,21,72466,0
20141201,20.99,21.25,20.88,21.24,81991,0
20141202,20.94,21.01,20.81,20.81,27944,0
20141203,20.69,20.8,20.69,20.74,12601,0
20141204,20.64,20.77,20.64,20.71,69046,0
20141205,20.63,20.75,20.63,20.7,87912,0
20141208,20.64,20.64,20.41,20.41,52225,0
20141209,20.44,20.71,20.44,20.66,105160,0
20141210,20.48,20.53,20.45,20.46,7324,0
20141211,20.57,20.57,20.42,20.46,66829,0
20141212,20.44,20.5,20.42,20.44,7229,0
20141215,20.4,20.45,20.12,20.15,193977,0
20141216,20.29,21.38,19.96,20,841268,0
20141217,19.97,20.53,19.73,19.99,81708,0
20141218,20.23,20.23,19.89,20.08,45452,0
20141219,20.04,20.08,19.97,20.08,92053,0
20141222,20.07,20.07,19.67,19.75,73986,0
20141223,19.72,19.87,19.72,19.85,26706,0
20141224,19.62,19.65,19.54,19.6,35723,0
20141226,19.83,19.83,19.54,19.65,168449,0
20141229,19.74,19.76,19.54,19.59,38308,0
20141230,19.64,19.65,19.51,19.57,67570,0
20141231,19.46,19.46,19.09,19.25,346479,0
20150102,19.16,19.19,19.1,19.11,37667,0
20150105,19.12,19.24,19.12,19.16,33250,0
20150106,19.2,19.21,19.12,19.16,3272,0
20150107,19.11,19.15,19.02,19.11,10721,0
20150108,19.1,19.12,19.06,19.08,4034,0
20150109,19.07,19.15,19.01,19.09,5233,0
20150112,18.93,18.96,18.72,18.74,27949,0
20150113,18.76,18.76,18.52,18.54,32235,0
20150114,18.63,18.88,18.63,18.88,13427,0
20150115,18.88,19.07,18.69,18.71,10510,0
20150116,18.77,19.01,18.77,19,18419,0
20150120,18.71,18.79,18.68,18.74,7587,0
20150121,18.74,18.86,18.74,18.84,7836,0
20150122,18.84,18.84,18.65,18.72,15226,0
20150123,18.65,18.7,18.58,18.6,6618,0
20150126,18.78,18.78,18.54,18.54,35122,0
20150127,18.54,18.65,18.53,18.61,336666,0
20150128,18.5,18.53,18.4,18.4,28194,0
20150129,15.05,18.6,15.05,18.16,1108238,0
20150130,17.8,18.52,17.8,18.51,57715,0
20150202,18.67,18.75,18.51,18.64,12195,0
20150203,18.76,19.21,18.75,19.11,93258,0
20150204,18.9,18.98,18.74,18.75,30977,0
20150205,18.75,18.94,18.74,18.83,21954,0
20150206,18.85,18.92,18.82,18.84,1971,0
20150209,19.03,19.08,18.92,19.03,3360,0
20150210,18.91,18.95,18.79,18.84,106680,0
20150211,18.71,18.75,18.63,18.69,8157,0
20150212,18.81,18.95,18.79,18.94,11270,0
20150213,19.14,19.22,19.14,19.22,14361,0
20150217,19.04,19.28,18.93,19.11,16276,0
20150218,19.06,19.09,18.94,19,30321,0
20150219,18.9,19,18.82,18.98,9454,0
20150220,19.05,19.05,18.87,18.9,24493,0
20150223,18.78,18.82,18.7,18.7,6669,0
20150224,18.8,18.87,18.72,18.72,1194,0
20150225,18.8,18.92,18.77,18.92,4569,0
20150226,18.85,18.85,18.73,18.79,5012,0
20150227,18.87,19.02,18.87,18.95,15779,0
20150302,18.94,18.97,18.72,18.75,12700,0
20150303,18.72,18.77,18.69,18.71,4100,0
20150304,18.75,18.78,18.6,18.78,7900,0
20150305,18.72,18.81,18.65,18.71,37900,0
20150306,18.52,18.6,18.42,18.48,45600,0
20150309,18.5,18.5,18.43,18.45,20100,0
20150310,18.24,18.29,18.24,18.25,700,0
20150311,18.21,18.28,18.19,18.27,5900,0
20150312,18.36,18.37,18.15,18.2,16600,0
20150313,18.09,18.09,17.92,17.93,21400,0
20150316,17.8,17.88,17.7,17.88,5500,0
20150317,17.8,17.8,17.72,17.79,85800,0
20150318,17.72,18.12,17.63,18.12,83900,0
20150319,17.97,18.01,17.88,17.99,15600,0
20150320,18.18,18.28,18.1,18.23,53300,0
20150323,18.34,18.41,18.29,18.41,30900,0
20150324,18.31,18.43,18.31,18.37,8100,0
20150325,18.38,18.39,18.34,18.39,32400,0
20150326,18.55,18.56,18.4,18.52,658100,0
20150327,18.36,18.4,18.21,18.21,12100,0
20150330,18.24,18.24,18.12,18.19,8400,0
20150331,18.14,18.19,18.06,18.06,8886,0
20150401,18.04,18.35,18.02,18.29,15200,0
20150402,18.26,18.31,18.24,18.31,19700,0
20150406,18.45,18.5,18.4,18.48,14400,0
20150407,18.48,18.62,18.48,18.61,6692,0
20150408,18.44,18.53,18.21,18.22,10600,0
20150409,18.19,18.23,18.12,18.12,21843,0
20150410,18.26,18.3,18.17,18.25,20900,0
20150413,16.79,18.33,16.79,18.15,1700,0
20150414,18.29,18.34,18.26,18.3,6100,0
20150415,18.52,18.62,18.52,18.62,14755,0
20150416,18.61,18.81,18.6,18.76,6114,0
20150417,18.71,18.77,18.69,18.7,12400,0
20150420,18.57,18.68,18.56,18.59,10784,0
20150421,18.53,18.56,18.45,18.5,5119,0
20150422,18.54,18.54,18.44,18.5,13806,0
20150423,18.69,18.73,18.64,18.64,30600,0
20150424,18.62,18.68,18.61,18.67,6123,0
20150427,18.72,18.74,18.64,18.7,8700,0
20150428,18.72,18.79,18.7,18.79,6550,0
20150429,18.77,18.94,18.77,18.93,20000,0
20150430,18.93,19.09,18.9,19.07,23200,0
20150501,18.99,19,18.99,19,4600,0
20150504,19.01,19.08,19,19.08,33200,0
20150505,19.3,19.3,19.24,19.24,700,0
20150506,19.34,19.38,19.21,19.25,1765,0
20150507,19.01,19.01,18.96,18.96,882,0
20150508,19.08,19.16,19.03,19.11,23500,0
20150511,19.1,19.1,19.01,19.04,6000,0
20150512,19.12,19.27,19.07,19.25,9519,0
20150513,19.33,19.39,19.27,19.3,8380,0
20150514,19.34,19.42,19.34,19.41,43600,0
20150515,19.25,19.39,19.25,19.39,4009,0
20150518,19.34,19.35,19.31,19.31,2560,0
20150519,19.13,19.17,18.9,18.92,14304,0
20150520,18.97,18.97,18.88,18.93,15197,0
20150521,19.06,19.08,19.06,19.08,1800,0
20150522,18.88,18.92,18.82,18.85,13800,0
20150526,18.82,18.82,18.47,18.48,6637,0
20150527,18.42,18.46,18.35,18.39,2500,0
20150528,18.35,18.41,18.29,18.41,6192,0
20150529,18.54,18.54,18.41,18.54,700,0
20150601,18.54,18.59,18.53,18.57,16980,0
20150602,18.61,18.65,18.6,18.65,1614,0
20150603,18.62,18.68,18.52,18.52,600,0
20150604,18.42,18.42,18.35,18.39,3000,0
20150605,18.21,18.42,18.17,18.41,3800,0
20150608,18.45,18.49,18.45,18.49,2700,0
20150609,18.73,18.78,18.67,18.76,4385,0
20150610,18.95,18.95,18.87,18.87,2551,0
20150611,18.68,18.77,18.6,18.61,85504,0
20150612,18.52,18.52,18.51,18.52,8400,0
20150615,18.39,18.39,18.36,18.36,9900,0
20150616,18.53,18.53,18.33,18.4,13500,0
20150617,18.61,18.61,18.32,18.46,11200,0
20150618,18.47,18.5,18.45,18.45,2000,0
20150619,18.32,18.32,18.25,18.29,278500,0
20150622,18.19,18.29,18.16,18.29,7300,0
20150623,18.29,18.49,18.29,18.49,20446,0
20150624,18.49,18.49,18.49,18.49,100,0
20150625,18.47,18.51,18.42,18.5,18600,0
20150626,18.56,18.56,18.52,18.52,600,0
20150629,18.48,18.53,18.45,18.47,6900,0
20150630,18.49,18.64,18.45,18.64,1681,0
20150701,18.68,18.68,18.67,18.68,3700,0
20150702,18.79,18.79,18.64,18.67,19900,0
20150706,18.67,18.67,18.67,18.67,100,0
20150707,18.05,18.75,17.72,17.92,41300,0
20150708,18.02,18.05,17.92,17.92,1300,0
20150709,18.19,18.19,18.14,18.14,8100,0
20150710,18.21,18.22,18.21,18.22,5500,0
20150713,18.22,18.26,18.18,18.26,1900,0
20150714,18.21,18.24,18.21,18.24,3457,0
20150715,18.08,18.11,18.02,18.03,8455,0
20150716,18.07,18.07,17.96,17.96,12300,0
20150717,17.8,17.87,17.8,17.87,8600,0
20150720,17.69,17.69,17.6,17.62,35600,0
20150721,17.65,17.66,17.63,17.63,3600,0
20150722,17.46,17.57,17.45,17.45,1500,0
20150723,17.43,17.44,17.25,17.25,130700,0
20150724,17.06,17.19,17.06,17.09,2000,0
20150727,16.95,16.95,16.82,16.82,1900,0
20150728,16.9,16.98,16.9,16.96,26400,0
20150729,16.98,17.04,16.98,17.02,9400,0
20150730,17.01,17.05,16.96,16.97,2200,0
20150731,16.92,16.93,16.71,16.71,31800,0
20150803,16.54,16.54,16.53,16.54,2347,0
20150804,16.69,16.69,16.58,16.62,38100,0
20150805,16.58,16.58,16.55,16.57,1400,0
20150806,16.52,16.52,16.48,16.52,5710,0
20150807,16.88,16.88,16.51,16.51,35900,0
20150810,16.7,16.92,16.7,16.88,74400,0
20150811,16.7,16.7,16.61,16.69,3050,0
20150812,16.75,16.76,16.51,16.63,20400,0
20150813,16.58,16.58,16.51,16.53,700,0
20150814,16.54,16.54,16.48,16.48,91900,0
20150817,16.44,16.44,16.39,16.39,7200,0
20150818,16.25,16.29,16.22,16.27,5700,0
20150819,16.31,16.31,16.11,16.14,10500,0
20150820,16.18,16.31,16.18,16.21,9800,0
20150821,16,16.04,15.99,15.99,10200,0
20150824,15.67,15.77,15.61,15.64,20695,0
20150825,15.81,15.81,15.68,15.73,23200,0
20150826,15.64,15.64,15.46,15.46,12800,0
20150827,15.75,15.96,15.75,15.93,12900,0
20150828,16.08,16.32,16.08,16.3,16200,0
20150831,16.02,16.56,16.01,16.56,6200,0
20150901,16.35,16.35,16.14,16.18,6000,0
20150902,16,16.2,16,16.2,1800,0
20150903,16.28,16.41,16.23,16.23,2800,0
20150904,16.18,16.2,16.13,16.13,405400,0
20150908,16.26,16.26,16.26,16.26,300,0
20150909,16.21,16.21,16.07,16.08,14900,0
20150910,16.14,16.27,16.14,16.24,3762,0
20150911,16.12,16.27,16.12,16.2,2700,0
20150914,16.15,16.15,16.07,16.12,6000,0
20150915,16.12,16.13,16.09,16.13,4300,0
20150916,16.26,16.26,16.24,16.26,5700,0
20150917,16.29,16.33,16.21,16.31,2470,0
20150918,16.06,16.06,15.98,15.98,400,0
20150921,15.98,16.1,15.98,16.08,56400,0
20150922,16.1,16.1,15.9,15.94,800,0
20150923,15.92,15.92,15.92,15.92,2517,0
20150924,15.97,16.03,15.96,16.03,10779,0
20150925,16.04,16.13,16.04,16.06,600,0
20150928,16.02,16.02,15.89,15.93,4257,0
20150929,15.88,16,15.88,15.95,2300,0
20150930,16.03,16.03,16.03,16.03,900,0
20151001,16.15,16.15,15.9,15.91,5500,0
20151002,16,16,16,16,100,0
20151006,16.3,16.47,16.3,16.47,1000,0
20151007,16.62,16.62,16.42,16.46,4004,0
20151008,16.42,16.52,16.39,16.52,3200,0
20151009,16.65,16.7,16.58,16.58,6400,0
20151012,16.6,16.68,16.42,16.44,6034,0
20151013,16.5,16.5,16.36,16.41,12200,0
20151014,16.49,16.49,16.49,16.49,500,0
20151015,16.42,16.42,16.34,16.42,2200,0
20151016,16.3,16.36,16.3,16.3,1500,0
20151019,16.17,16.17,16.17,16.17,418,0
20151020,16.17,16.17,16.12,16.16,500,0
20151021,16.04,16.09,16.04,16.09,700,0
20151022,16.19,16.19,16.03,16.03,1900,0
20151023,16,16,15.91,15.91,1200,0
20151026,15.89,15.9,15.81,15.81,15200,0
20151027,15.79,15.86,15.75,15.75,4200,0
20151028,15.8,15.93,15.8,15.93,2400,0
20151029,15.9,15.94,15.8,15.81,2900,0
20151030,15.84,15.92,15.84,15.87,5400,0
20151102,15.83,15.85,15.8,15.85,6086,0
20151103,15.93,16,15.93,15.98,10714,0
20151104,16.47,16.47,15.92,15.92,429,0
20151105,15.92,15.92,15.92,15.92,100,0
20151106,15.46,15.53,15.45,15.53,15200,0
20151109,15.48,15.48,15.31,15.34,7246,0
20151110,15.32,15.32,15.25,15.26,2600,0
20151111,15.24,15.26,15.19,15.23,2900,0
20151112,15.09,15.11,15.06,15.07,4100,0
20151113,15,15.01,14.96,14.96,2200,0
20151116,14.91,15,14.85,15,7800,0
20151117,14.85,14.86,14.81,14.86,5800,0
20151118,14.82,14.83,14.75,14.83,11400,0
20151119,14.78,14.91,14.78,14.83,11300,0
20151120,14.82,14.87,14.72,14.78,6800,0
20151123,14.69,14.8,14.69,14.74,17600,0
20151124,15,15,14.87,14.87,21700,0
20151125,14.96,14.96,14.96,14.96,100,0
20151127,14.76,14.76,14.76,14.76,100,0
20151130,14.75,14.81,14.67,14.73,7400,0
20151201,14.79,14.87,14.77,14.87,6224,0
20151202,14.71,14.71,14.56,14.61,1590,0
20151203,14.68,14.82,14.68,14.77,3520,0
20151204,14.76,14.85,14.76,14.8,30900,0
20151207,14.63,14.63,14.36,14.41,16900,0
20151208,14.34,14.37,14.32,14.34,15253,0
20151209,14.45,14.5,14.28,14.33,37400,0
20151210,14.38,14.39,14.3,14.33,33900,0
20151211,14.26,14.26,14.18,14.18,10000,0
20151214,14.06,14.14,14.01,14.06,31873,0
20151215,14.04,14.08,14,14,15500,0
20151216,14.04,14.04,13.92,13.98,13300,0
20151217,14.65,14.65,13.75,13.83,7500,0
20151218,13.99,14.11,13.97,13.97,7100,0
20151221,13.88,14.09,13.88,14.06,69900,0
20151222,14,14.04,13.93,13.95,237716,0
20151223,14.04,14.17,13.99,14.17,181100,0
20151224,14.158,14.193,14.158,14.184,3645,0
20151228,14.17,14.17,14.05,14.05,108756,0
20151229,14.294,14.294,14.24,14.269,70434,0
20151230,14.26,14.26,14.09,14.15,100009,0
20151231,14.1644,14.24,14.14,14.2197,6630,0
20160104,14.47,14.47,14.06,14.069,7846,0
20160105,14.02,14.02,14.01,14.01,790,0
20160106,13.91,13.94,13.84,13.8599,5154,0
20160107,13.82,13.9,13.8101,13.8101,2053,0
20160108,13.8499,13.8499,13.83,13.83,1652,0
20160111,13.8,13.8,13.52,13.52,23080,0
20160112,13.5499,13.5499,13.408,13.43,2723,0
20160113,13.5125,13.5199,13.44,13.44,1570,0
20160114,13.46,13.47,13.43,13.47,1113,0
20160115,13.33,13.3499,13.22,13.24,25412,0
20160119,13.39,13.39,13.23,13.23,20500,0
20160120,13.18,13.18,13.035,13.18,7704,0
20160121,13.18,13.38,13.18,13.33,9660,0
20160122,13.57,13.62,13.51,13.57,24718,0
20160125,13.52,13.53,13.41,13.41,36020,0
20160126,13.514,13.67,13.5105,13.6143,15160,0
20160127,13.58,13.715,13.58,13.7,1535,0
20160128,13.83,13.83,13.711,13.81,3185,0
20160129,14.09,14.09,13.84,13.9449,7572,0
20160201,13.77,13.78,13.6805,13.74,27409,0
20160202,13.43,13.55,13.43,13.52,6282,0
20160203,13.61,13.81,13.589,13.81,13926,0
20160204,13.9106,13.92,13.736,13.77,2004,0
20160205,13.73,13.74,13.64,13.6711,12467,0
20160208,13.72,13.7313,13.641,13.6491,9941,0
20160209,13.56,13.57,13.36,13.36,8564,0
20160210,13.34,13.4,13.2901,13.36,9208,0
20160211,13.4,13.41,13.36,13.4,7270,0
20160212,13.4875,13.61,13.4875,13.59,7429,0
20160216,13.64,13.64,13.49,13.5036,5711,0
20160217,13.56,13.7406,13.56,13.728,5542,0
20160218,13.79,13.8,13.7,13.7,13464,0
20160219,13.589,13.59,13.56,13.58,6030,0
20160222,13.75,13.75,13.72,13.72,823,0
20160223,13.659,13.659,13.55,13.59,7232,0
20160224,13.5,13.72,13.5,13.72,4865,0
20160225,13.65,13.7,13.52,13.67,6065,0
20160226,13.76,13.76,13.65,13.65,1103,0
20160229,13.67,13.726,13.66,13.69,3167,0
20160301,13.72,13.74,13.7195,13.7195,3238,0
20160302,13.53,13.7935,13.53,13.79,8278,0
20160303,13.8,13.92,13.8,13.92,46170,0
20160304,14.13,14.146,14.123,14.146,732,0
20160307,14.2601,14.3547,14.2601,14.3547,2262,0
20160308,13.47,14.23,13.47,14.2085,676,0
20160309,14.21,14.3647,14.21,14.3613,3638,0
20160310,14.27,14.39,14.27,14.34,3956,0
20160311,14.477,14.54,14.46,14.5,7980,0
20160314,14.4,14.4,14.2935,14.345,2462,0
20160315,14.231,14.28,14.231,14.2501,5119,0
20160316,14.27,14.45,14.27,14.45,41887,0
20160317,14.87,14.87,14.605,14.6401,2372,0
20160318,14.74,14.74,14.59,14.59,2373,0
20160321,14.64,14.69,14.6,14.6,4533,0
20160322,14.59,14.7095,14.59,14.68,1948,0
20160323,14.54,14.54,14.4,14.41,20014,0
20160324,14.26,14.39,14.25,14.3899,6573,0
20160328,14.32,14.3899,14.32,14.35,3041,0
20160329,14.25,14.4,14.224,14.399,84950,0
20160330,14.44,14.48,14.28,14.28,8379,0
20160331,14.28,14.373,14.23,14.275,50844,0
20160401,14.57,14.57,14.041,14.1017,3736,0
20160404,14.09,14.09,13.98,13.98,634,0
20160405,13.884,13.91,13.884,13.91,1005,0
20160406,13.91,14.035,13.64,13.99,4869,0
20160407,13.92,14.02,13.92,14.02,2710,0
20160408,14.24,14.28,14.24,14.28,301,0
20160411,14.3383,14.3383,14.3383,14.3383,817,0
20160412,14.44,14.67,14.43,14.62,8624,0
20160413,14.71,14.72,14.66,14.6895,2178,0
20160414,14.7,14.7099,14.6199,14.6199,3973,0
20160415,14.51,14.51,14.51,14.51,1550,0
20160418,14.47,14.66,14.47,14.62,4434,0
20160419,14.8,14.99,14.8,14.99,4261,0
20160420,14.9699,15.26,14.9699,15.26,3550,0
20160421,15.28,15.28,15.22,15.22,5000,0
20160422,15.21,15.29,15.0687,15.096,9519,0
20160425,15.1,15.1,15,15.045,10211,0
20160426,15.11,15.2073,15.07,15.2073,10870,0
20160427,15.239,15.31,15.18,15.31,793475,0
20160428,15.34,15.49,15.34,15.3691,17595,0
20160429,15.58,15.58,15.4719,15.5455,7551,0
20160502,15.4,15.43,15.3301,15.3752,4671,0
20160503,15.38,15.38,15.14,15.18,12830,0
20160504,15.23,15.32,15.1,15.18,4103,0
20160505,15.25,15.25,14.95,15.028,5742,0
20160506,15.14,15.2299,15.12,15.12,5209,0
20160509,15,15,14.8,14.8,7933,0
20160510,14.9632,15.1047,14.9632,15.072,3798,0
20160511,15.118,15.3424,15.11,15.3424,2215,0
20160512,15.34,15.4099,15.33,15.3549,2836,0
20160513,15.34,15.3501,15.32,15.35,1064,0
20160516,15.45,15.504,15.3801,15.4335,3576,0
20160517,15.579,15.59,15.579,15.59,410,0
20160518,15.65,15.65,15.42,15.45,23543,0
20160519,15.2124,15.3741,15.19,15.3678,3388,0
20160523,15.3,15.33,15.3,15.33,5125,0
20160524,15.26,15.3599,15.26,15.3083,7225,0
20160525,15.3744,15.4794,15.3744,15.4794,4455,0
20160526,15.59,15.59,15.45,15.5,4759,0
20160527,15.47,15.55,15.47,15.523,2744,0
20160531,15.58,15.5866,15.498,15.498,3536,0
20160601,15.41,15.64,15.41,15.64,4280,0
20160602,15.6326,15.8,15.5987,15.7554,2698,0
20160606,15.9776,15.9776,15.9776,15.9776,267,0
20160607,16.03,16.1,16.01,16.1,3272,0
20160608,16.34,16.389,16.34,16.36,860,0
20160609,16.28,16.4,16.27,16.4,9437,0
20160613,16.22,16.275,16.18,16.18,4267,0
20160614,16.1651,16.1651,16.1201,16.1201,759,0
20160615,16.15,16.1799,16.0725,16.0725,2028,0
20160616,15.8881,15.97,15.85,15.86,3153,0
20160617,16.08,16.1,16.04,16.1,3188,0
20160620,16.18,16.3,16.18,16.3,2887,0
20160621,16.13,16.13,16.0669,16.0669,4054,0
20160622,16.15,16.16,15.96,15.96,9133,0
20160623,15.98,16.07,15.98,16.04,1927,0
20160624,15.68,15.8592,15.68,15.8,5979,0
20160627,15.8,15.8,15.76,15.76,1088,0
20160628,16.02,16.078,15.98,16.0748,3754,0
20160629,16.16,16.26,16.11,16.2104,1860,0
20160630,16.19,16.2599,16.165,16.2199,1391,0
20160701,16.272,16.3025,16.2323,16.2801,2973,0
20160705,16.12,16.12,15.898,15.932,7319,0
20160706,15.75,15.93,15.75,15.93,2298,0
20160707,15.6,15.6,15.49,15.49,799909,0
20160708,15.77,15.77,15.6585,15.701,4024,0
20160711,15.8,15.87,15.726,15.726,1008,0
20160712,15.8,15.92,15.7899,15.9,6550,0
20160713,16.01,16.01,15.8066,15.8066,3732,0
20160715,15.8408,15.8408,15.79,15.79,1187,0
20160718,15.66,15.77,15.6,15.7566,5560,0
20160719,15.56,15.56,15.55,15.55,12000,0
20160720,15.45,15.5428,15.45,15.475,5001,0
20160721,15.4228,15.4228,15.4228,15.4228,1000,0
20160722,15.38,15.39,15.2911,15.35,3329,0
20160725,15.2306,15.26,15.2,15.2,2192,0
20160726,15.184,15.184,15.15,15.15,1004,0
20160728,15.15,15.15,15.14,15.145,5755,0
20160729,15.16,15.29,15.1369,15.2836,2235,0
20160801,15.61,15.61,15.011,15.011,1540,0
20160802,15.18,15.25,14.941,15.05,4037,0
20160803,15.06,15.165,15.06,15.11,1128,0
20160804,15.13,15.26,15.1,15.2599,1981,0
20160805,15.16,15.2499,15.16,15.2185,1870,0
20160808,14.61,15.31,14.61,15.299,2324,0
20160809,15.31,15.31,15.1795,15.1795,2139,0
20160810,15.26,15.2609,15.1041,15.1219,3745,0
20160811,15.09,15.26,15.08,15.17,5775,0
20160812,15.282,15.282,15.2123,15.2123,1570,0
20160815,15.38,15.5,15.38,15.5,2002,0
20160816,15.81,15.81,15.4316,15.57,3103,0
20160817,15.5499,15.63,15.53,15.6299,2769,0
20160818,15.64,15.735,15.64,15.735,1720,0
20160819,15.6384,15.669,15.635,15.669,2908,0
20160822,15.39,15.61,15.39,15.5784,15126,0
20160823,15.64,15.66,15.61,15.61,5965,0
20160824,15.54,15.54,15.418,15.418,2628,0
20160825,15.4382,15.47,15.411,15.45,14140,0
20160826,15.5,15.61,15.42,15.47,18265,0
20160829,15.36,15.37,15.32,15.32,11065,0
20160830,15.35,15.35,15.18,15.18,33598,0
20160831,15.21,15.21,14.96,15,2494,0
20160901,14.9404,14.95,14.89,14.9299,22728,0
20160902,15.06,15.09,15.02,15.07,8028,0
20160906,15.04,15.15,15.04,15.15,2899,0
20160907,15.24,15.24,15.18,15.2,900,0
20160908,15.34,15.5,15.34,15.41,4455,0
20160909,15.37,15.37,15.2724,15.2724,4597,0
20160912,15.18,15.28,15.18,15.27,1802,0
20160913,15.07,15.12,15.07,15.08,1922,0
20160914,15.025,15.09,15.025,15.033,1080,0
20160915,15.1,15.1034,15.01,15.01,3192,0
20160916,14.97,15.16,14.97,15.148,9172,0
20160919,15.225,15.25,15.1899,15.1899,4199,0
20160920,15.13,15.14,15.13,15.13,792,0
20160921,15.4021,15.43,15.4021,15.43,3393,0
20160922,15.62,15.62,15.4978,15.51,16252,0
20160923,15.51,15.51,15.3,15.33,4170,0
20160926,15.44,15.44,15.387,15.4,9379,0
20160927,15.2994,15.3,15.2775,15.2775,4948,0
20160928,15.23,15.49,15.23,15.49,4169,0
20160929,15.52,15.56,15.431,15.431,6745,0
20160930,15.444,15.4552,15.444,15.4552,230,0
20161003,15.46,15.55,15.38,15.55,7848,0
20161004,15.52,15.52,15.451,15.49,4293,0
20161005,15.5,15.59,15.5,15.565,24770,0
20161006,15.55,15.57,15.49,15.553,14950,0
20161007,15.561,15.6088,15.561,15.6088,4518,0
20161010,15.61,15.7462,15.61,15.7462,820,0
20161011,15.6672,15.698,15.6516,15.6516,2304,0
20161012,15.6,15.62,15.58,15.59,7033,0
20161013,15.54,15.69,15.54,15.6735,2856,0
20161014,15.67,15.7,15.6665,15.69,5625,0
20161017,15.66,15.685,15.66,15.6635,835,0
20161018,15.74,15.75,15.68,15.68,5751,0
20161019,15.75,15.83,15.75,15.79,11881,0
20161020,15.5766,15.66,15.5766,15.6335,2879,0
20161021,15.62,15.6699,15.6,15.655,6827,0
20161024,15.71,15.72,15.6135,15.6394,7385,0
20161025,15.67,15.69,15.6397,15.64,8510,0
20161026,15.5985,15.5985,15.505,15.5547,2691,0
20161027,15.67,15.67,15.649,15.6535,1485,0
20161028,15.64,15.69,15.6125,15.6699,2463,0
20161031,15.5,15.5004,15.4,15.43,3801,0
20161101,15.41,15.41,15.3599,15.36,1000,0
20161102,15.27,15.27,15.1889,15.1889,1639,0
20161103,15.23,15.23,15.13,15.13,1603,0
20161104,15.16,15.16,15.16,15.16,368,0
20161107,15.24,15.24,15.1094,15.22,5726,0
20161108,15.06,15.25,15.06,15.208,3089,0
20161109,15.214,15.25,15.214,15.25,691,0
20161110,15.217,15.217,15.1768,15.19,9740,0
20161111,15.66,15.66,14.89,14.89,2695,0
20161114,14.8405,14.905,14.8405,14.905,1254,0
20161115,15.01,15.11,15.01,15.11,3662,0
20161116,15.09,15.09,15.0014,15.0014,4363,0
20161117,15.1,15.1,14.9398,14.9496,14331,0
20161118,15.42,15.42,14.9654,15.08,7619,0
20161121,15.32,15.4258,15.29,15.4258,4290,0
20161122,15.43,15.4456,15.42,15.4456,13584,0
20161123,15.37,15.54,15.37,15.502,3193,0
20161125,15.42,16.2,15.42,15.49,11619,0
20161128,15.92,15.92,15.5944,15.6,30212,0
20161129,15.45,15.45,15.28,15.28,24657,0
20161130,15.93,15.93,15.53,15.5656,16992,0
20161201,15.77,15.8399,15.75,15.808,4650,0
20161202,15.81,15.84,15.7948,15.84,5238,0
20161205,16.01,16.08,15.9567,15.99,8135,0
20161206,16.04,16.0799,15.975,16.01,11741,0
20161207,16.04,16.04,15.8901,15.8908,4884,0
20161208,15.86,15.92,15.8355,15.9048,5255,0
20161209,16.99,16.99,15.9132,15.972,3806,0
20161212,16.13,16.13,15.985,16,6325,0
20161213,16,16.04,15.9738,15.9738,7918,0
20161214,15.97,16.01,15.97,15.99,6251,0
20161215,15.75,15.816,15.75,15.77,8409,0
20161216,15.72,15.83,15.29,15.83,11056,0
20161219,16.05,16.05,15.706,15.71,1978,0
20161220,15.69,15.73,15.6244,15.7,8332,0
20161221,15.73,15.75,15.6726,15.6936,8459,0
20161222,15.72,15.7575,15.66,15.6802,7734,0
20161223,15.71,15.71,15.63,15.7,6596,0
20161227,15.82,15.926,15.781,15.9197,6921,0
20161228,16.02,16.02,15.8701,15.9599,1833,0
20161229,16.03,16.03,15.901,15.901,2371,0
20161230,15.934,15.9697,15.8769,15.8769,5816,0
20170103,15.81,15.91,15.6443,15.68,17928,0
20170104,15.725,15.84,15.725,15.82,4811,0
20170105,15.9671,15.9671,15.86,15.86,1111,0
20170106,15.86,15.91,15.84,15.895,7333,0
20170109,15.82,15.82,15.6805,15.7,2843,0
20170110,15.85,15.85,15.7915,15.81,2410,0
20170111,15.7887,15.88,15.7887,15.8185,4391,0
20170112,16.0323,16.085,15.997,16.085,2003,0
20170113,16.1061,16.1299,16.0925,16.1299,1981,0
20170117,16.15,16.23,16.14,16.14,9815,0
20170118,16.1,16.16,16.0405,16.0561,4028,0
20170119,16.03,16.0517,16.03,16.04,1745,0
20170120,16.12,16.12,16.0695,16.0695,2146,0
20170123,16.01,16.1,16.01,16.0913,2497,0
20170124,16.18,16.22,16.09,16.09,8648,0
20170125,16.06,16.13,16.06,16.1029,3253,0
20170126,16.11,16.16,16.0201,16.08,9228,0
20170127,15.975,16.0135,15.9418,16.0135,3113,0
20170130,15.83,15.87,15.8101,15.87,1584,0
20170131,15.94,15.96,15.93,15.9516,8772,0
20170201,15.994,16.09,15.97,16.0705,6109,0
20170202,16.43,16.43,16.068,16.08,14267,0
20170203,16.012,16.012,15.985,15.985,756,0
20170206,15.99,16.048,15.96,15.96,4053,0
20170207,15.933,15.933,15.933,15.933,393,0
20170208,16.1,16.1,16.0895,16.09,1427,0
20170209,16.18,16.19,16.0839,16.1,7112,0
20170210,16.25,16.25,16.2302,16.24,2306,0
20170213,16.17,16.18,16.111,16.119,2953,0
20170214,16.12,16.15,16.12,16.15,15278,0
20170215,16.17,16.17,16.17,16.17,260,0
20170216,16.1358,16.16,16.1358,16.16,3765,0
20170217,15.98,16.05,15.98,16.03,7385,0
20170221,16.53,16.53,15.9684,15.989,3166,0
20170222,15.91,15.96,15.91,15.95,10083,0
20170223,15.95,15.95,15.8674,15.8674,6519,0
20170224,15.87,15.91,15.87,15.91,4201,0
20170227,15.8367,15.8367,15.8367,15.8367,100,0
20170228,15.95,15.95,15.9134,15.9148,12597,0
20170301,16,16.0144,16,16.01,2125,0
20170302,15.9,15.9,15.8142,15.8142,3356,0
20170303,15.8,15.83,15.8,15.83,1706,0
20170306,15.8714,15.8714,15.8409,15.869,961,0
20170307,15.81,15.81,15.6903,15.6903,34799,0
20170308,15.5696,15.5699,15.45,15.45,1667,0
20170309,15.74,15.74,15.2928,15.3374,3274,0
20170310,15.43,15.43,15.2701,15.32,8724,0
20170313,15.4,15.4,15.3011,15.3264,7355,0
20170314,15.23,15.24,15.186,15.2014,1706,0
20170315,15.31,15.39,15.31,15.3891,7988,0
20170316,15.38,15.423,15.38,15.42,7471,0
20170317,15.49,15.49,15.4085,15.47,2397,0
20170320,15.4664,15.4664,15.4359,15.4359,2940,0
20170321,15.44,15.4432,15.3797,15.403,3014,0
20170322,15.36,15.3902,15.344,15.39,119972,0
20170323,15.34,15.379,15.333,15.3575,11115,0
20170324,15.3004,15.36,15.3004,15.36,2068,0
20170327,15.21,15.32,15.21,15.31,4243,0
20170328,15.33,15.44,15.33,15.36,38250,0
20170329,15.46,15.5,15.46,15.4663,15417,0
20170330,15.53,15.53,15.45,15.45,1072,0
20170331,15.46,15.5064,15.4308,15.5064,5388,0
20170403,15.53,15.5399,15.3797,15.4,5009,0
20170404,15.4401,15.49,15.4401,15.49,10865,0
20170405,15.58,15.6,15.51,15.568,1859,0
20170407,15.6061,15.62,15.56,15.56,2340,0
20170410,15.5604,15.6,15.55,15.56,6574,0
20170411,15.63,15.6337,15.6169,15.6337,2143,0
20170412,15.6,15.6146,15.6,15.6049,1091,0
20170413,15.68,15.6899,15.63,15.64,3804,0
20170417,15.83,15.83,15.64,15.64,2071,0
20170418,15.52,15.52,15.46,15.49,9119,0
20170419,15.56,15.56,15.3301,15.3301,1400,0
20170420,15.37,15.37,15.28,15.29,31275,0
20170421,15.34,15.34,15.21,15.21,2031,0
20170424,15.14,15.176,15.14,15.176,2324,0
20170425,15.2009,15.2634,15.1504,15.2634,3721,0
20170426,15.2796,15.2796,15.19,15.238,131226,0
20170427,15.15,15.209,15.1,15.1938,2313,0
20170428,15.2239,15.2477,15.2239,15.2477,1299,0
20170501,15.3202,15.3202,15.285,15.293,941,0
20170502,15.23,15.2526,15.18,15.18,1906,0
20170503,15.1764,15.193,15.1501,15.1631,1175,0
20170504,15.16,15.16,14.8701,14.9042,6136,0
20170505,14.98,15.004,14.9373,14.9864,4342,0
20170508,14.87,14.95,14.863,14.92,6960,0
20170509,14.9136,14.915,14.8696,14.8836,3246,0
20170510,14.9343,15.03,14.9343,15.002,4231,0
20170511,15.09,15.11,15.063,15.08,8098,0
20170512,15.15,15.15,15.1247,15.1265,1650,0
20170515,15.22,15.2321,15.22,15.2321,1328,0
20170516,15.172,15.1772,15.1203,15.1638,5738,0
20170517,15.23,15.23,15.21,15.21,797,0
20170518,15.1,15.145,15.1,15.145,1699,0
20170519,15.28,15.37,15.28,15.3304,27294,0
20170522,15.51,15.51,15.4808,15.4808,4491,0
20170523,15.4055,15.4199,15.3802,15.405,3117,0
20170524,15.43,15.43,15.36,15.36,615,0
20170525,15.34,15.34,15.15,15.1899,4620,0
20170526,15.2,15.2194,15.1701,15.2,2915,0
20170530,15.0948,15.0948,15.0948,15.0948,222739,0
20170531,15.04,15.04,15,15.02,3679,0
20170601,15,15,14.921,14.921,1547,0
20170602,14.93,14.94,14.9004,14.94,2685,0
20170605,14.88,14.88,14.8522,14.87,2324,0
20170606,14.96,14.97,14.9456,14.97,2597,0
20170607,14.97,14.9858,14.8776,14.88,1608,0
20170608,14.89,14.96,14.89,14.92,3428,0
20170609,14.89,14.9689,14.89,14.96,3213,0
20170612,14.8224,14.8224,14.78,14.8,1045,0
20170613,14.77,14.7896,14.7,14.77,2486,0
20170614,14.83,14.83,14.62,14.62,5904,0
20170615,14.6096,14.68,14.6036,14.664,3855,0
20170616,14.688,14.7156,14.688,14.7156,3661,0
20170619,14.7,14.7,14.63,14.63,5912,0
20170620,14.5304,14.5304,14.5208,14.5208,573,0
20170621,14.47,14.54,14.38,14.4,15194,0
20170622,14.45,14.45,14.33,14.345,2561,0
20170623,14.39,14.44,14.39,14.43,4094,0
20170626,14.44,14.48,14.435,14.48,1179,0
20170627,14.42,14.5964,14.42,14.58,10958,0
20170628,14.5501,14.6699,14.5501,14.6699,3731,0
20170629,14.7,14.7764,14.7,14.7664,9406,0
20170630,14.83,14.98,14.825,14.98,1442,0
20170703,15,15.1175,15,15.0858,9614,0
20170705,14.97,14.97,14.9204,14.9204,369095,0
20170706,14.87,14.9599,14.87,14.9599,2010,0
20170707,14.86,14.86,14.83,14.848,6228,0
20170710,14.93,14.9496,14.925,14.932,1790,0
20170711,14.93,15.045,14.93,15.025,2295,0
20170712,14.97,15.0131,14.97,15.0131,461,0
20170713,14.9051,14.91,14.8583,14.8583,24468,0
20170714,14.94,14.99,14.94,14.99,963,0
20170717,15.0001,15.0296,15.0001,15.0064,2186,0
20170718,15.16,15.19,15.09,15.09,3295,0
20170719,15.15,15.2,15.13,15.2,10497,0
20170720,15.25,15.2599,15.1801,15.184,9576,0
20170721,15.085,15.14,15.0676,15.0676,9131,0
20170724,15,15.01,14.96,14.96,7411,0
20170726,15.1164,15.1875,15.1164,15.1875,4310,0
20170727,15.315,15.32,15.26,15.3,12511,0
20170728,15.3638,15.4,15.342,15.365,15134,0
20170731,15.29,15.3599,15.29,15.3599,2634,0
20170801,15.208,15.24,15.1435,15.1534,3696,0
