Date,Open,High,Low,Close,Volume,OpenInt
20101213,990.5,1009.75,978.25,1004,3550,0
20101214,999.75,1014.25,985,1003.75,3346,0
20101215,1027.5,1044.75,1006,1041,2895,0
20101216,1048,1093.5,1048,1072.75,2921,0
20101217,1069.25,1094.25,1060.75,1071.75,661,0
20101220,1055.5,1077.25,1047.5,1055,1975,0
20101221,1048.5,1072.25,1048,1058.5,520,0
20101222,1057.25,1081.75,1057.25,1081,500,0
20101223,1080.75,1088.25,1050.75,1064.75,337,0
20101227,1064,1098,1064,1078.25,1020,0
20101228,1036.5,1055.75,1018,1020.75,1415,0
20101229,1014.25,1023,1005,1014.25,349,0
20101230,1011.25,1035.5,1005.25,1029.75,307,0
20101231,1023.25,1023.25,1001,1009.5,1010,0
20110103,994,1043.5,992.25,1032.5,1355,0
20110104,1054.5,1124.5,1051,1090.5,2245,0
20110105,1115.75,1144,1106.75,1118.5,1291,0
20110106,1117.25,1182.75,1117.25,1176,2198,0
20110107,1190.75,1190.75,1137.75,1176.5,2115,0
20110110,1170.25,1194.25,1164.5,1168.75,666,0
20110111,1134.5,1151.5,1121,1122.5,837,0
20110112,1116.75,1151.25,1116.75,1125.75,979,0
20110113,1118.75,1214,1118.5,1201.25,1723,0
20110114,1223,1261.75,1223,1249.75,3324,0
20110118,1218,1223.75,1196.5,1208.5,2549,0
20110119,1182.5,1244.75,1182.25,1230.75,2006,0
20110120,1280.75,1314.5,1258,1263,6144,0
20110121,1269.25,1292,1250,1290,2132,0
20110124,1291,1329.75,1265.5,1316.5,4476,0
20110125,1348.25,1361.5,1321.75,1334.25,5094,0
20110126,1336,1338.5,1226.75,1228.25,6934,0
20110127,1234.25,1309.75,1234,1292.5,7270,0
20110128,1311.25,1313.5,1217.5,1264.25,5675,0
20110131,1270.5,1304,1255.75,1282.25,2922,0
20110201,1249,1275.25,1197,1208.75,4052,0
20110202,1203.75,1248.25,1203,1230.75,2751,0
20110203,1218.5,1245.75,1153.75,1159.25,4249,0
20110204,1144.25,1183.25,1140.75,1176,2543,0
20110207,1157,1180,1151.75,1178,1466,0
20110208,1141.25,1148.75,1122,1124.75,2188,0
20110209,1127,1171,1113.75,1159.25,1769,0
20110210,1186.25,1210,1169.25,1180.5,1694,0
20110211,1175.75,1199.25,1150.75,1195.75,836,0
20110214,1172,1173.75,1152.25,1160.75,2959,0
20110215,1132.5,1134.75,1108.25,1118,3645,0
20110216,1109.5,1137,1100.5,1104.75,4363,0
20110218,1066.5,1071.5,1036.25,1059.5,3191,0
20110222,1014,1079,1012,1076.75,3004,0
20110223,1065.5,1069,1019.75,1036.75,4980,0
20110224,1027.25,1104.75,1026.75,1102.25,6503,0
20110225,1079.5,1083,1055.5,1055.5,1650,0
20110228,1043.25,1055,1022.75,1022.75,1251,0
20110301,1005.25,1008.25,980.5,991.5,1622,0
20110302,977.25,1002.25,977.25,987,614,0
20110303,1013.25,1040.75,1011,1016,1436,0
20110304,1010.75,1010.75,988.25,1001.75,1347,0
20110307,975.25,1021.75,938.25,1015.25,596,0
20110308,1022.5,1060,1021,1033.5,1602,0
20110309,1021.25,1062,1020,1052.25,1170,0
20110310,1100.75,1134.25,1094.5,1126,2837,0
20110311,1147.5,1153,1070.5,1085.25,2152,0
20110314,1087,1112.5,1079.75,1090.25,785,0
20110315,1197.5,1199.25,1131,1138,3301,0
20110316,1140.75,1207.75,1118.75,1188.25,3921,0
20110317,1165.25,1190.25,1156.75,1168.5,1063,0
20110318,1137.25,1149,1112,1130,1849,0
20110321,1084,1103.75,1073,1073,1242,0
20110322,1082.25,1093,1053.25,1064.75,1226,0
20110323,1055.5,1059.5,984.75,991,2513,0
20110324,998.75,1005.25,954.75,998,2204,0
20110325,991,1023.5,979.5,1015,1690,0
20110328,1035.5,1051.75,1016.25,1050.25,1837,0
20110329,1051.5,1064,1021.25,1047.75,948,0
20110330,1015.75,1042.25,1005.25,1007,1633,0
20110331,984.5,995.25,976.75,992.75,812,0
20110401,997.25,1014.75,988.75,1003.5,2173,0
20110404,988.25,1003.75,973.5,1001,716,0
20110405,1001,1005.5,904.25,905.25,2155,0
20110406,887.5,913.75,880,901.25,2465,0
20110407,906.5,913.75,883.25,908,1337,0
20110408,876.25,886,863.75,870,1285,0
20110411,873.5,933.5,873.25,918,2191,0
20110412,932.5,962.5,918.75,948,2851,0
20110413,929.75,964,926.25,954.5,1345,0
20110414,948.5,956.75,921.5,931.25,2117,0
20110415,932.25,947.75,924,937,1338,0
20110418,938,993.25,938,955.25,1885,0
20110419,953.75,962.75,928,929.5,1962,0
20110420,905.75,916.25,885.5,915.75,2762,0
20110421,897.25,911.25,890.5,899.5,1410,0
20110425,894,949,893.5,944,2606,0
20110426,953.75,983,953.75,972.25,2453,0
20110427,958.25,992.5,921.25,925.5,2014,0
20110428,915.5,940,898,935.5,1821,0
20110429,932.75,937.25,900,908.25,1200,0
20110502,930,983.75,910.25,968,3405,0
20110503,981.5,1050.75,974,1029.25,4955,0
20110504,1025,1070.5,1007.25,1026.75,5460,0
20110505,1061,1133.25,1039,1104.75,8556,0
20110506,1072.25,1109.25,1043.5,1099.5,5726,0
20110509,1073.75,1095,1057.25,1059.25,3145,0
20110510,1055.75,1076.75,1049.75,1073.5,1793,0
20110511,1082,1160.75,1070.75,1142.75,4019,0
20110512,1172,1201.25,1132,1158.5,4244,0
20110513,1151.25,1212,1130,1177,2619,0
20110516,1174.25,1191.25,1122.75,1165.25,4019,0
20110517,1193.75,1201,1137.5,1142.75,2748,0
20110518,1126.25,1139,1104.25,1127.5,5046,0
20110519,1126.25,1140,1108.75,1117.25,5954,0
20110520,1128.75,1158.75,1081.5,1109.75,2601,0
20110523,1125.75,1142.25,1090.5,1128.25,2774,0
20110524,1105.5,1106,1064.5,1076.25,2715,0
20110525,1070,1081.5,1041.75,1060.75,1615,0
20110526,1058.75,1084.25,1055.25,1058.75,2979,0
20110527,1044.5,1044.5,1020.5,1026.5,5003,0
20110531,1009,1043.25,1006.75,1018.5,4568,0
20110601,1022.5,1057.75,1010.5,1056.5,1574,0
20110602,1053.25,1100.25,1033.5,1072.25,3454,0
20110603,1086.5,1095.5,1060,1077.5,3774,0
20110606,1088.5,1147.75,1073,1141.75,3841,0
20110607,1122.25,1156.75,1113,1148.75,2385,0
20110608,1173.75,1223.75,1159,1198.75,6153,0
20110609,1187.5,1204.25,1140.5,1156.5,2551,0
20110610,1182.5,1217.5,1180,1198.25,3521,0
20110613,1209.75,1253,1188.5,1237,6055,0
20110614,1223.25,1223.5,1180.75,1197.75,5492,0
20110615,1213.75,1235.25,1167.5,1212,5214,0
20110616,1218.5,1299.75,1214,1269.5,8385,0
20110617,1268.75,1277.5,1225,1259.75,3471,0
20110620,1259.5,1259.5,1226.5,1247,3744,0
20110621,1224,1249,1156,1162.25,2870,0
20110622,1160.25,1161.75,1103.5,1134,5326,0
20110623,1190.75,1220.5,1162.5,1163.25,5290,0
20110624,1167.75,1228.5,1167.5,1223,4887,0
20110627,1240.5,1258,1211.25,1225.5,3854,0
20110628,1212,1233.5,1182.25,1190,4921,0
20110629,1171.75,1175.5,1112.25,1139.25,3199,0
20110630,1128.25,1153.75,1121.75,1130.5,4383,0
20110701,1148,1194,1148,1167,5948,0
20110705,1110.25,1129.75,1079.75,1092.5,3363,0
20110706,1075.25,1082,1052.5,1064,2126,0
20110707,1049.75,1059.75,1034.25,1059.5,3279,0
20110708,1047,1070.75,1035.25,1059.75,2431,0
20110711,1054,1095,1039.25,1082.75,3770,0
20110712,1085,1085,1001.25,1016.25,4212,0
20110713,985.75,987.5,924.25,947.75,7905,0
20110714,923.75,965.25,922,959.75,6832,0
20110715,954,957.5,932.75,934.25,2828,0
20110718,914,915.25,893.5,904.25,4376,0
20110719,898.25,942.75,896,932.75,7563,0
20110720,944.25,951.5,906.5,912.75,4578,0
20110721,907.75,930,899.5,921.25,3513,0
20110722,910.5,917,892.5,899.25,2082,0
20110725,877.75,917.5,872.25,914.25,3285,0
20110726,916.25,926.5,905,913.75,4627,0
20110727,901.25,970.5,893.75,968.75,5937,0
20110728,980,1010.75,974.25,980,7382,0
20110729,988.5,1024.75,987.5,1020.75,6188,0
20110801,1020.75,1026,973.5,1002.25,8131,0
20110802,976.75,992.5,946,967.25,7612,0
20110803,945.5,950.25,922.75,940.75,2286,0
20110804,926.75,1077,926.25,1046.75,8785,0
20110805,1037,1123.25,1000,1063.75,13986,0
20110808,1027.5,1067.75,965,1066.5,11813,0
20110809,1024.75,1083.75,976.25,976.25,11127,0
20110810,976.5,1006.75,883.5,912.5,5703,0
20110811,934,966.5,892.5,903.25,6738,0
20110812,924.75,951,916,922.25,3330,0
20110815,926.5,939.5,867.75,870.5,6415,0
20110816,870.75,895.25,861.5,888.25,2625,0
20110817,885,886.25,850.5,873.75,2391,0
20110818,863.5,916,863.5,903.75,6147,0
20110819,880.25,880.25,842.5,858,5680,0
20110822,832.25,838.75,779.75,790,4322,0
20110823,821.25,863.25,804.75,844.75,7336,0
20110824,862.5,917.5,852.75,886.25,17114,0
20110825,913,927,841.5,854.5,7214,0
20110826,844,892.75,811,812.5,3360,0
20110829,805,844.25,804.75,827,8986,0
20110830,807.75,822.75,792.25,799.75,5437,0
20110831,800,825.75,787.5,803.25,2395,0
20110901,804.75,815,776,789,3608,0
20110902,766.75,767.5,741,749.75,7500,0
20110906,743,762.75,709.75,742.5,22495,0
20110907,783.25,791,738,738.25,10056,0
20110908,711.75,724,704.5,711.25,7171,0
20110909,723.5,738.5,705.25,728.75,8016,0
20110912,752.75,805.25,733.25,770.25,18373,0
20110913,782.25,795.25,751.25,758.75,6520,0
20110914,763.75,791,761.5,789,7444,0
20110915,800.5,832,794.5,796.75,10912,0
20110916,796.25,796.25,760.75,768.5,9120,0
20110919,767,784,748.75,778,10303,0
20110920,775.5,783.75,707.25,725.75,18769,0
20110921,730.25,755,697.75,755,20811,0
20110922,833.5,887.25,832,870,14759,0
20110923,930.25,1000,916,958.25,10379,0
20110926,978.75,1005,919.25,925.5,10695,0
20110927,856.75,943.5,849.25,933.75,11528,0
20110928,926,1017,907,1014.75,15519,0
20110929,978.25,1032.75,967,1003,16343,0
20110930,1019.5,1026,942.5,993,8007,0
20111003,952,1020,936,1019,16365,0
20111004,1047.5,1168.25,1046.5,1089,19238,0
20111005,1089.25,1104,986.25,991.5,12322,0
20111006,990,1017.75,942,943,8500,0
20111007,925,1009.25,923.5,988.5,8487,0
20111010,941.5,958.75,918,918.25,5091,0
20111011,934.5,952,910,915,4866,0
20111012,892,916,884.75,899.75,11618,0
20111013,915.75,953.25,915,933.5,10529,0
20111014,912.75,919.25,878.25,878.25,8218,0
20111017,880.5,923.75,877.75,919,7963,0
20111018,948,994,900.75,910,13011,0
20111019,924.25,1019.25,923.5,1016.25,8340,0
20111020,1036.25,1073.25,1008.25,1032.5,13504,0
20111021,990.5,1018.75,976.5,1000.75,6068,0
20111024,978.5,979.75,916,921.5,5855,0
20111025,918,957,850.75,875.5,6096,0
20111026,853,898,839.5,859,11720,0
20111027,834.5,852.75,810,825.75,5245,0
20111028,836.75,840.25,778.5,785.75,5609,0
20111031,816.75,832,810.25,831.25,1650,0
20111101,893.75,909.25,817.5,836.25,7569,0
20111102,810.75,826,775.25,798.75,7830,0
20111103,769.25,793.25,749,749.25,6921,0
20111104,765.75,792.5,756.25,759.75,4792,0
20111107,746,746,711.25,711.75,6021,0
20111108,715.5,728.25,702.5,728,7749,0
20111109,744.75,771,717,770,12814,0
20111110,762.5,805.75,758,782.75,15557,0
20111111,765.5,768.5,721.25,727.5,6098,0
20111114,733,762.25,726.75,753.25,5066,0
20111115,756.5,772.5,743.5,750.25,7593,0
20111116,769.5,777.5,746.75,775.25,6015,0
20111117,793.5,844.25,787,837,10762,0
20111118,829,869.5,818.5,860,9638,0
20111121,889.5,925.5,887,891.5,12695,0
20111122,873.25,884.25,843,860.5,9124,0
20111123,883.75,917.75,877.75,906.75,6320,0
20111125,923.75,930.75,897,930.75,6027,0
20111128,870.25,895.5,858.75,882.75,8029,0
20111129,881.25,884.5,854.75,874,7216,0
20111130,806.25,807.5,750.25,753.75,12744,0
20111201,753,781.25,731.75,755.5,11380,0
20111202,739.25,833.5,735.25,829.75,5674,0
20111205,832.5,863,778.75,849,7290,0
20111206,869.5,881.5,778.25,802.25,18078,0
20111207,797,828.25,787.5,798.75,6283,0
20111208,832.5,879.5,829.25,869,10893,0
20111209,860.5,877,832.5,843.5,10070,0
20111212,908.75,957,908.75,934.25,9173,0
20111213,878,979.75,842.25,970,8928,0
20111214,1023.75,1098.5,1011.25,1050.25,17304,0
20111215,1016.25,1102.25,1009,1095,10308,0
20111216,1046.5,1071.25,1000,1033.75,8027,0
20111219,1043.25,1128,1040.25,1120.5,10504,0
20111220,1039.75,1041.5,985,1000.25,19116,0
20111221,989,1030,977.5,1004.5,6405,0
20111222,1025.75,1066.25,1020.75,1029.25,9217,0
20111223,1016,1025.25,1004.5,1006.25,2430,0
20111227,1025,1063.25,1018,1050.25,2346,0
20111228,1057.75,1165.25,1053,1160,7980,0
20111229,1201.25,1222,1091.25,1091.75,10966,0
20111230,1054.25,1088.75,1027.5,1065,3974,0
20120103,983,984,908.5,919.75,5459,0
20120104,929.75,944,886.5,921.25,5839,0
20120105,949.75,973.5,895.75,919.5,6295,0
20120106,904,950,896,942.5,4106,0
20120109,931.5,950.5,911.5,930.75,3085,0
20120110,867.25,888,854.75,884.75,4108,0
20120111,886.5,923,884.75,892.25,2821,0
20120112,870.25,891.5,837.5,871,5751,0
20120113,904.25,941.75,901.5,903.75,5284,0
20120117,879,962.5,878.5,945,4396,0
20120118,954,958.75,926.25,941.75,4796,0
20120119,947,1031.25,936.25,999.5,6797,0
20120120,1007,1025.25,967.25,997,7120,0
20120123,980.75,983.5,938.75,952,6971,0
20120124,978,1021.75,977,1014.5,4085,0
20120125,1032.5,1048.5,803.75,817.75,13994,0
20120126,777.5,801.75,745.75,789.5,11410,0
20120127,790,790.5,723.25,736,12629,0
20120130,761.75,782.5,741.25,759,7824,0
20120131,716.5,785,707.75,758,12052,0
20120201,733,759,730.5,753.75,4161,0
20120202,733.5,748.75,699.75,717.25,12303,0
20120203,742.75,773,736.75,756,11157,0
20120206,773.25,778,742.5,763.5,8505,0
20120207,770.5,802.5,747,776.5,11696,0
20120208,766.75,798.75,752.5,794.75,8001,0
20120209,765.75,803.5,754.5,799.5,5748,0
20120210,837,856.25,822.5,836.5,7225,0
20120213,825.25,853.5,818.5,843.75,6261,0
20120214,847,898.25,835,870.25,10563,0
20120215,839,882.25,838,880,10532,0
20120216,910.75,923.5,802.5,811,12840,0
20120217,795.5,852,795.25,846,5071,0
20120221,807,821.75,769.5,770.5,13574,0
20120222,777,789.25,721,731.5,10316,0
20120223,719,729.5,695,716.5,11947,0
20120224,716.5,750.5,710.5,739.25,10993,0
20120227,748.75,769.5,734.25,755.25,8382,0
20120228,736,747.5,701.25,705.25,10126,0
20120229,700.25,793.75,684.25,776.25,14940,0
20120301,769.75,783.25,734,757.5,8772,0
20120302,776.75,810,771.5,798.5,12158,0
20120305,820.75,867.5,815,849,15135,0
20120306,902.25,943.75,899.5,903.75,16184,0
20120307,898.75,930,884.5,894.25,4049,0
20120308,866.25,898,841.75,864,12896,0
20120309,878.75,894.5,833,861.75,13510,0
20120312,879.75,914.25,867.75,905.25,6789,0
20120313,915.5,937.5,882.75,922.25,8899,0
20120314,963.25,1049.25,962,1026.25,18586,0
20120315,1018.5,1036,976,1025.5,8108,0
20120316,1036,1045.5,1015.5,1038.75,4968,0
20120319,1029,1059,1001,1056.25,9595,0
20120320,1100.75,1133,1033.75,1041.25,19979,0
20120321,1015.5,1050,1002.25,1049.25,7584,0
20120322,1110.25,1130.75,1087.75,1108.5,9648,0
20120323,1086,1103.5,1021.75,1043.25,10322,0
20120326,977.25,1013.25,968,987.25,4352,0
20120327,975.75,1035,973.25,1029.5,8239,0
20120328,1048.5,1108,1041.5,1089,8612,0
20120329,1097.25,1148.5,1078.5,1082,3973,0
20120330,1044.75,1095.75,1043.5,1049.25,5331,0
20120402,1052,1055.75,971.5,996.25,14747,0
20120403,994,1115,992.75,1091.75,11397,0
20120404,1160.5,1275.25,1159.25,1230.25,15334,0
20120405,1210,1284.5,1200.75,1270.5,7375,0
20120409,1236.25,1252.25,1193.5,1248.5,4817,0
20120410,1249,1285.25,1190.5,1202,10546,0
20120411,1191.75,1252.5,1187,1244,5137,0
20120412,1242.5,1242.5,1096.5,1110.25,12223,0
20120413,1126.5,1171.25,1116.75,1154.25,6837,0
20120416,1163.25,1235,1137.5,1215,8512,0
20120417,1201.5,1227.5,1134.25,1179.75,7116,0
20120418,1213.25,1233.25,1169.5,1216,7053,0
20120419,1192.25,1230,1167.25,1217.5,7717,0
20120420,1208,1256.5,1182.5,1256.25,6231,0
20120423,1315.5,1413.25,1315.5,1340.5,18051,0
20120424,1316.25,1362.25,1304.5,1336.75,4930,0
20120425,1306,1337.75,1225,1233.25,9374,0
20120426,1231,1264,1219.75,1233.5,6010,0
20120427,1187,1211.5,1166.75,1191.25,3742,0
20120430,1227,1272,1209.5,1223.25,5259,0
20120501,1217,1240.25,1181,1216.5,4916,0
20120502,1248.25,1307.25,1246.25,1280,5769,0
20120503,1329.25,1467.5,1325.25,1425.25,7858,0
20120504,1426.5,1437.25,1347.25,1413.75,4573,0
20120507,1411,1502.75,1380,1449,6359,0
20120508,1538,1640,1530,1595,11168,0
20120509,1687,1718.5,1432.5,1504,20842,0
20120510,1444.75,1529.75,1416.5,1496.25,6446,0
20120511,1544.25,1570.75,1471.25,1567.75,9546,0
20120514,1658.75,1723,1578.75,1721.25,13893,0
20120515,1727.75,1936.5,1677.75,1925.5,12765,0
20120516,1917,1966.5,1731.25,1901,18452,0
20120517,1809,1812,1550,1641.5,13535,0
20120518,1536.25,1625.25,1466.5,1607.5,12524,0
20120521,1601,1603,1431.25,1440.25,9289,0
20120522,1450,1525,1369.75,1488,16782,0
20120523,1534.5,1621,1294.25,1296,27246,0
20120524,1260,1354.25,1220,1274.5,13026,0
20120525,1266.5,1292.5,1231,1247.75,7962,0
20120529,1205,1352,1202.25,1313.25,13803,0
20120530,1376.75,1436.25,1251.5,1304.25,17221,0
20120531,1300,1401.5,1253.75,1345.5,10804,0
20120601,1247.5,1250,1061.5,1087.25,25654,0
20120604,1061.75,1134,1031,1034,12246,0
20120605,1046,1064,1015.75,1019.5,14496,0
20120606,964.75,1060.25,943.75,1016.25,27773,0
20120607,1011.5,1153.25,1010,1115,28829,0
20120608,1165.25,1184.25,1070.5,1092.25,21835,0
20120611,1072.5,1150,1067.75,1137.75,16793,0
20120612,1106,1114.5,1044.75,1055.25,17591,0
20120613,1035,1067.25,1009,1054.75,20956,0
20120614,1034.5,1094.5,1030.5,1044.5,29836,0
20120615,1036.5,1070.75,1032.5,1046.75,23297,0
20120618,1084.25,1098.5,980,991,24573,0
20120619,989.25,1022.75,982.75,996,16734,0
20120620,1030.75,1068,954.5,1022.25,41175,0
20120621,1086,1182,1078,1179.75,27442,0
20120622,1186,1241.75,1139.25,1225,25283,0
20120625,1236.75,1256.25,1127,1151,13117,0
20120626,1179.25,1247.25,1148.25,1203.75,13547,0
20120627,1189.25,1268.5,1182,1220.25,15184,0
20120628,1267.25,1357.5,1243,1296.5,17463,0
20120629,1156,1222.75,1132.5,1169.75,17923,0
20120702,1187.25,1199,1146.25,1167.5,8612,0
20120703,1110.75,1112.75,1034,1034,15314,0
20120705,1067.25,1087.5,1038,1080.75,13387,0
20120706,1132,1188.25,1110,1173.5,13918,0
20120709,1185.5,1225.75,1170.5,1191.75,10070,0
20120710,1157.25,1318,1144.25,1308,19830,0
20120711,1332.75,1426.75,1332.25,1385.5,20531,0
20120712,1463.5,1533,1374,1410.5,26597,0
20120713,1370.5,1405.5,1329,1349.25,17619,0
20120716,1340.5,1387,1335.5,1360.25,10688,0
20120717,1370.75,1473.75,1360,1405.75,13938,0
20120718,1449,1478.25,1419,1458.5,10083,0
20120719,1417,1438.25,1383.75,1416.75,6855,0
20120720,1440.75,1443.25,1387.5,1403.25,15344,0
20120723,1477,1521.75,1469,1502.25,16746,0
20120724,1462.5,1536,1454.5,1503,11300,0
20120725,1412.5,1453,1290.25,1362.75,12664,0
20120726,1353,1379.5,1268,1281,11805,0
20120727,1261.75,1317.75,1241.5,1251,13956,0
20120730,1263,1270.25,1197.75,1204.75,13137,0
20120731,1200.25,1276,1181.25,1270.25,10381,0
20120801,1295.25,1429.25,1254,1322.75,24074,0
20120802,1353.25,1398.75,1266.75,1350,14087,0
20120803,1294,1317.5,1253.75,1279,10695,0
20120806,1260,1267.75,1152,1195,13831,0
20120807,1167.75,1184,1147.5,1147.75,8912,0
20120808,1161.25,1172,1096,1166.75,11320,0
20120809,1165.75,1187.75,1108.75,1126.75,10876,0
20120810,1126.5,1135.75,1094.75,1102,9811,0
20120813,1089.75,1156.25,1066.5,1143.75,10657,0
20120814,1156.75,1172.5,1120.25,1165,8552,0
20120815,1162.25,1185,1146.5,1153.5,7770,0
20120816,1136.5,1142,1032.75,1035.75,17830,0
20120817,1028.75,1073,1016.25,1054.75,10736,0
20120820,1059,1087.5,1024,1034.5,8752,0
20120821,983,1000.75,925.5,982,25825,0
20120822,975.75,1008.75,912.75,915,17743,0
20120823,887,920.5,875,914.75,26270,0
20120824,925,936.5,896.25,909,16222,0
20120827,909,951,900.5,938.75,16147,0
20120828,933.5,950.75,915.75,944.75,19639,0
20120829,940.25,983.5,939.75,977.25,14204,0
20120830,973.75,1009.5,963.5,997.5,16581,0
20120831,974.25,1002.25,866,871.75,33691,0
20120904,867.75,906.5,864.25,882.5,17010,0
20120905,884,908.5,871,875.75,12044,0
20120906,844.25,859,807.5,810.5,23905,0
20120907,753.25,761.75,730.5,741.75,36373,0
20120910,747.5,789.5,745,782.75,23478,0
20120911,766.25,781,745,770.25,25536,0
20120912,754.25,820.25,749.75,761,31522,0
20120913,772.5,795.75,647.75,648,72838,0
20120914,631.5,631.5,589,597,61535,0
20120917,591,621,586,592.5,47220,0
20120918,599.5,613,582.5,582.5,40163,0
20120919,576,595,561.5,566.25,48590,0
20120920,584.25,600.5,577.5,578.5,37376,0
20120921,557,580.75,551,565.25,53593,0
20120924,590,621.75,582.5,615.25,55203,0
20120925,595.25,649.5,586.25,649.25,51702,0
20120926,674,696.5,627,640.25,59956,0
20120927,616,632.75,583.25,585.5,43119,0
20120928,593.75,607.75,579,592.75,34462,0
20121001,576,592,562.5,585,36896,0
20121002,581.25,607.5,576.25,592,54391,0
20121003,593,627.75,592.75,623,34036,0
20121004,597.75,602.75,570.5,571.75,49740,0
20121005,578.75,596.25,558,588.25,40550,0
20121008,605,613.75,592.75,600.5,33905,0
20121009,597.5,643.75,589.25,643.75,59463,0
20121010,645.5,652.75,607,630,56538,0
20121011,615,627.25,603,624.25,30899,0
20121012,622,659.75,618.25,656,45595,0
20121015,670,687.5,654.5,656,43592,0
20121016,643.5,643.75,617.75,618.5,51144,0
20121017,618.25,632.25,591.5,601.25,51922,0
20121018,620.5,655.25,614.75,655.25,63878,0
20121019,660.75,684,637.25,647,67717,0
20121022,651.25,653.25,619.25,619.25,40408,0
20121023,663.5,674,654.25,673.25,50739,0
20121024,658,711.75,651.75,708.75,40239,0
20121025,657,668,638,643.75,57420,0
20121026,640.25,665.75,633.25,657.75,63136,0
20121031,626.75,630.75,590,593.5,61241,0
20121101,606.25,623,605.25,620.5,38392,0
20121102,646.25,703.75,644.75,697.5,75418,0
20121105,691.5,717,682.5,715.5,28702,0
20121106,695.25,718.5,671,676,35331,0
20121107,664,706,640.5,649.75,32594,0
20121108,660.25,680.75,619.75,633.75,38944,0
20121109,631.25,662.5,627.5,661.25,34191,0
20121112,661.5,690,651.75,685.5,38680,0
20121113,712.5,719.5,683.5,708.25,42891,0
20121114,712.75,809.5,712.25,807,46514,0
20121115,810.5,895.75,808.75,872.5,84257,0
20121116,872.75,906.75,826.5,843.5,59140,0
20121119,784,802.75,768,771.75,28719,0
20121120,783.5,805,773.5,792.5,34079,0
20121121,793.25,809.5,752.5,757.25,21664,0
20121123,744.25,764.5,712.75,724.75,17358,0
20121126,730.75,764.25,724,725.25,33077,0
20121127,745.75,781,736.5,780.25,33879,0
20121128,827.25,839.75,758.75,759.5,45096,0
20121129,748.25,775.5,732.25,752.75,26996,0
20121130,765.5,799,742,775.75,33579,0
20121203,776.75,829,770.25,828.75,23740,0
20121204,859.25,867.5,800.5,818.25,40952,0
20121205,816.5,893,816.25,886.5,38395,0
20121206,888,892.5,840,874.25,24316,0
20121207,853.75,867.75,837.25,853.25,17544,0
20121210,831.25,842.75,811,819.5,18089,0
20121211,826.75,835,809,831,19727,0
20121212,808.75,814.5,743.25,762,49749,0
20121213,810,838.5,795.75,819.75,29695,0
20121214,830,841,799.5,814.75,24194,0
20121217,820.75,834,801.75,812,21016,0
20121218,810,870.25,807.5,850,35975,0
20121219,862.75,877.75,849.5,873.5,32293,0
20121220,901.75,942.25,882.5,887.75,39722,0
20121221,914.25,914.25,861.25,885.25,32922,0
20121224,871.5,913.5,871.5,875,7198,0
20121226,864.5,884.75,853,862.75,16078,0
20121227,879.5,885.25,815,846.75,36232,0
20121228,847,871.25,827.75,870,17158,0
20121231,867.5,868,774,787.75,25480,0
20130102,741.5,757.75,726.75,746.75,18327,0
20130103,764.25,844.75,750.5,840.25,49718,0
20130104,860.75,876.25,832.25,832.5,34472,0
20130107,852.25,879.25,846.5,876,27035,0
20130108,875,906.5,864.25,869.25,27298,0
20130109,866.25,896.75,862.5,883.5,16511,0
20130110,852.5,853.5,810.5,820.75,25364,0
20130111,827.5,849.5,817.25,824.25,23022,0
20130114,806.25,832.25,802.5,830.75,18522,0
20130115,814.75,840.75,790.75,814.25,20431,0
20130116,826,836.25,819.75,830,17993,0
20130117,846,867.25,818.25,840.75,25425,0
20130118,828.5,847.25,828.25,837.25,13162,0
20130122,838.75,849,791.75,798.25,16722,0
20130123,805,862.5,802.25,861,20108,0
20130124,878,945.75,870.75,942,34443,0
20130125,957.25,1025.5,950.5,1022,33594,0
20130128,1016.25,1062.5,1011.75,1055.75,20262,0
20130129,1008.75,1028.75,985.5,1000.5,18856,0
20130130,950.5,1022.25,934.75,1017.5,29713,0
20130131,1026,1058.75,1021.25,1046.75,15970,0
20130201,994.75,1048.75,985.75,997,19260,0
20130204,1011,1014.75,951,988.75,17373,0
20130205,971.75,1007.5,965.25,993.75,18888,0
20130206,996.75,997.25,969.5,975.75,16498,0
20130207,1002.5,1011.5,947.5,969,19411,0
20130208,969,990,958.75,986.5,15304,0
20130211,1017.75,1056.75,1017.5,1046.5,23425,0
20130212,1052.75,1073.5,1011,1017.75,19317,0
20130213,1024.25,1069.25,1003.5,1065.25,20528,0
20130214,1052.25,1054.75,1005.25,1052.25,27502,0
20130215,1096.75,1171.25,1096,1161.5,45855,0
20130219,1178,1231,1177.75,1209,28871,0
20130220,1272.25,1394.75,1259.25,1386.75,45348,0
20130221,1372.25,1384.25,1248.75,1319,41192,0
20130222,1308,1354.75,1279.5,1334.25,22325,0
20130225,1276.5,1295,1221.5,1272.75,23060,0
20130226,1247.25,1307.5,1197,1222.25,30272,0
20130227,1254,1303.5,1250.75,1292.25,17365,0
20130228,1310.25,1396.25,1310.25,1383.75,18982,0
20130301,1365.5,1420.5,1336,1415,20971,0
20130304,1417.25,1550.75,1408,1545.25,26287,0
20130305,1486.5,1550,1452.5,1550,22990,0
20130306,1549.25,1593.25,1351,1355,34677,0
20130307,1340.25,1411.75,1283.75,1401,20003,0
20130308,1445.75,1476.25,1330.5,1390,29618,0
20130311,1378,1422.25,1360,1397.5,10761,0
20130312,1331.5,1346,1260.75,1292,25646,0
20130313,1292,1413.25,1281.75,1401.75,25172,0
20130314,1419.5,1434.5,1334.25,1359.5,21254,0
20130315,1356.25,1374.5,1324.5,1349,14991,0
20130318,1299.5,1343.75,1267,1334.75,14994,0
20130319,1335.5,1357.25,1291,1325.25,16436,0
20130320,1323.25,1349.5,1308.25,1334,8878,0
20130321,1302.5,1314,1215.5,1226.25,32545,0
20130322,1252.75,1271.25,1218.25,1252.25,21516,0
20130325,1284.25,1330.5,1257.5,1298.5,20038,0
20130326,1319,1369.5,1305.5,1331.75,16210,0
20130327,1350,1360,1260.25,1265,23433,0
20130328,1288.75,1312,1275,1279.75,11686,0
20130401,1281.25,1346.5,1279,1323.25,13639,0
20130402,1373.25,1496.25,1370.75,1491.5,25337,0
20130403,1507.5,1720.5,1444.5,1692,51422,0
20130404,1717.25,1773,1521.5,1546.75,46662,0
20130405,1489.25,1598,1447,1566.25,23261,0
20130408,1567.25,1641.25,1536.25,1621.75,22909,0
20130409,1596.5,1620,1394,1430.75,35590,0
20130410,1484.25,1595,1459.75,1594.75,36687,0
20130411,1589.25,1658.5,1548.5,1655,23378,0
20130412,1774.75,1952,1763.75,1951.75,67362,0
20130415,2299.5,2526,2298.5,2518.25,112414,0
20130416,2219.75,2624,2197,2570.75,56779,0
20130417,2561,2990.75,2467.75,2954.75,56390,0
20130418,2870,2933.25,2577.75,2683.25,47178,0
20130419,2544.5,2783.75,2469.5,2573.25,28730,0
20130422,2407.5,2600,2375.75,2468.75,24879,0
20130423,2566.75,2721,2545.5,2628.75,25652,0
20130424,2481.25,2491,2053.75,2136.75,38778,0
20130425,1985.75,2080.75,1889,2022.25,36896,0
20130426,2026.75,2307,2000.5,2250.25,37436,0
20130429,2138.25,2205,2083.25,2154,18435,0
20130430,2206.25,2352,2057.25,2057.25,26991,0
20130501,2238,2311,2113.5,2194.5,33722,0
20130502,2153.75,2260.5,2125,2214.75,16139,0
20130503,2206.75,2242,2059.25,2200.75,19886,0
20130506,2177.25,2223.75,2162.75,2192.25,11041,0
20130507,2317.5,2423,2289,2375,28642,0
20130508,2277.75,2296.5,1975,2000,42955,0
20130509,2106.5,2118.5,1883.5,2092,39642,0
20130510,2250.25,2312.5,2103.75,2105.75,39482,0
20130513,2203,2271.25,2172.5,2263.5,19639,0
20130514,2307.25,2364,2167.5,2347,24764,0
20130515,2462.5,2677.5,2413.25,2666.75,39047,0
20130516,2772.5,2875,2516.5,2639.75,31533,0
20130517,2744,2968,2732.75,2968,37409,0
20130520,2982,3002.25,2357.25,2443.5,43062,0
20130521,2617.75,2707.25,2472.5,2597.25,30207,0
20130522,2462,2601.5,2211.75,2491.5,48516,0
20130523,2339.25,2482,2326.75,2437.5,22592,0
20130524,2469,2576,2350,2557.5,27328,0
20130528,2545.25,2660.5,2387.5,2601,26958,0
20130529,2530.75,2565.5,2247.5,2247.5,33004,0
20130530,2084.5,2110,1868.75,1875,55957,0
20130531,1956,2041,1912.5,1978,36184,0
20130603,1913,1943.75,1760.25,1806,31166,0
20130604,1892.5,1971.5,1872.25,1907.25,27533,0
20130605,1886.25,1955,1793.75,1876.5,27581,0
20130606,1874.25,1919.5,1775,1805.25,34790,0
20130607,1946.25,2081,1925.5,2028.75,38599,0
20130610,2040.5,2107.25,1952.5,2032.25,24422,0
20130611,2167,2230.75,2100,2218.75,29134,0
20130612,2212.5,2234,2050,2171.75,23566,0
20130613,2213.25,2256.75,2100,2105,19806,0
20130614,2064.75,2222.5,2062.25,2212.25,18241,0
20130617,2225,2250.25,2150,2200.5,9986,0
20130618,2250,2409.25,2212.5,2382.75,26032,0
20130619,2370.5,2635.75,2305,2608.5,29240,0
20130620,3000.75,3309.5,2932.5,3173.75,50203,0
20130621,3073.25,3431.5,3018.75,3076.25,47068,0
20130624,3265.5,3570.25,3238.5,3482,39487,0
20130625,3450,3642,3350,3530,26669,0
20130626,3920.75,4162.5,3866.5,4142.5,36716,0
20130627,3971.75,4055,3705,3845.75,40560,0
20130628,3988.25,4007,2898.25,3053.75,49636,0
20130701,2844,3053.75,2726.75,2837.5,35100,0
20130702,2932.5,3331.25,2875,3207.75,34842,0
20130703,3102.25,3225,2978.5,3037,22014,0
20130705,3361.25,3575,3329.25,3347.75,30283,0
20130708,3234,3547.5,3201.25,3541.75,21778,0
20130709,3371.75,3500,3206,3412.5,24300,0
20130710,3357,3544.75,3229,3400,32315,0
20130711,2841.75,2968.75,2638,2638,29781,0
20130712,2763.25,2921,2717.25,2785,26034,0
20130715,2817.5,2898.75,2750,2835.5,17953,0
20130716,2772,2772,2375.25,2375.25,38164,0
20130717,2368,2587.5,2277,2577.5,46668,0
20130718,2499.5,2640,2465,2604.75,29493,0
20130719,2506,2552,2270.75,2282.75,30418,0
20130722,1985.75,2029,1775,1851.5,78807,0
20130723,1863.25,1929,1679.75,1679.75,70940,0
20130724,1716,2017,1700,1920,114905,0
20130725,1955,1966.5,1757.25,1850.75,60983,0
20130726,1931,1985,1784.5,1784.75,74122,0
20130729,1773.5,1856,1761,1839.25,43357,0
20130730,1856,1932,1825,1873.5,43533,0
20130731,1885.25,2025,1756.5,1899.75,103708,0
20130801,1876.75,2083.75,1868,2083.75,71686,0
20130802,2082,2227.5,1987.5,2218.75,54834,0
20130805,2199.25,2273,2092.25,2253.25,51681,0
20130806,2366.75,2627.25,2362.5,2617.75,69460,0
20130807,2663.75,2675,2477.75,2654.25,47001,0
20130808,2505.75,2544.25,1944,1962.5,88270,0
20130809,1991.5,2074.25,1752.25,1835.5,83587,0
20130812,1632.75,1632.75,1503.25,1544.25,111864,0
20130813,1581,1698.25,1540,1668,111103,0
20130814,1619.75,1630,1398.25,1398.25,127323,0
20130815,1476.5,1481.75,1146,1148.75,236176,0
20130816,1108,1249.5,1086,1215,194655,0
20130819,1206.25,1293.75,1188.25,1280.75,129833,0
20130820,1272,1282,1115,1140,99497,0
20130821,1185,1296,1171.5,1290,134524,0
20130822,1231.5,1276,1166,1235.5,99046,0
20130823,1244,1244.5,1108,1125.5,127365,0
20130826,1108,1151.5,1057,1103,108181,0
20130827,1014,1254.5,1005,1248,180563,0
20130828,1205.5,1375,1140,1348,186427,0
20130829,1390.5,1464.5,1265,1319,229214,0
20130830,1389.5,1415.5,1303.5,1372,131362,0
20130903,1300,1355,1260,1332.5,103185,0
20130904,1386.5,1409.5,1315,1315,90811,0
20130905,1349,1468,1335,1450,119229,0
20130906,1387,1412,1336,1380,81919,0
20130909,1377,1444,1352.5,1426,61705,0
20130910,1515,1616.5,1512,1593.5,113547,0
20130911,1580.5,1665,1551.5,1562,95495,0
20130912,1715.5,1825.5,1693,1814,127090,0
20130913,1848.5,1862.5,1723,1746.5,105487,0
20130916,1713,1796.5,1662,1788.5,92148,0
20130917,1737.5,1785,1680.5,1688,73031,0
20130918,1735,1768.5,1155,1225,245363,0
20130919,1197.5,1392,1192,1341.5,149220,0
20130920,1408,1610,1407.5,1593,176864,0
20130923,1619,1760,1516.5,1683,118097,0
20130924,1756,1808,1647.5,1697,125585,0
20130925,1671.5,1682.5,1516.5,1619,94116,0
20130926,1613,1747.5,1565,1685,102727,0
20130927,1621,1724,1578,1678,75325,0
20130930,1733.5,1747.5,1638,1703,64318,0
20131001,1828,1852.5,1781.5,1825,86918,0
20131002,1777,1817.5,1684,1809.5,89646,0
20131003,1800,1864,1744,1857.5,58981,0
20131004,1851,1915,1823,1873,52693,0
20131007,1826.5,1846.5,1777.5,1791,37172,0
20131008,1786,2002.5,1775.5,1958.5,73208,0
20131009,1999,2125,1870,1925,94091,0
20131010,1953,2041.5,1886.5,2016,67537,0
20131011,2106,2177,2062.5,2149,73951,0
20131014,2086,2181,2065,2136,45722,0
20131015,2176,2192,1945.5,1953.5,70642,0
20131016,1976,2080,1965,2060.5,62465,0
20131017,1840,1850,1617.5,1732.5,110618,0
20131018,1735.5,1784,1682.5,1763,46632,0
20131021,1749,1754,1638,1644,48485,0
20131022,1535,1548,1418,1434,85422,0
20131023,1466,1584,1435,1569.5,71219,0
20131024,1447,1453,1366.5,1392,81551,0
20131025,1415,1450,1339.5,1357,79780,0
20131028,1347.5,1398.5,1268,1330,79812,0
20131029,1350,1450,1332.5,1441.5,91418,0
20131030,1357,1540,1329.5,1361.5,124779,0
20131031,1487,1539,1450,1536,91796,0
20131101,1621,1736,1609,1722.5,90085,0
20131104,1658.5,1677,1560,1571,63685,0
20131105,1607,1682,1589.5,1627,67494,0
20131106,1578,1595,1546,1571,44396,0
20131107,1637,1696,1547,1682.5,86190,0
20131108,1751,1824,1655.5,1657,85933,0
20131111,1741.5,1772,1650,1652.5,41155,0
20131112,1707,1785.5,1652.5,1767,75500,0
20131113,1721,1768,1693,1741,43680,0
20131114,1659,1687.5,1587,1597,81367,0
20131115,1576.5,1671,1565,1669,49598,0
20131118,1685,1786.5,1678,1765,52407,0
20131119,1757,1800,1720.5,1756,28261,0
20131120,1826,1995.5,1777,1952.5,89476,0
20131121,2003.5,2111,2000,2032.5,72190,0
20131122,2009.5,2109.5,1948,2100,57828,0
20131125,2222.5,2318.5,2065,2113,83487,0
20131126,2182.5,2292.5,2150.5,2276,63091,0
20131127,2211.5,2305,2179,2233,42152,0
20131129,2139.5,2165,2052.5,2093,30659,0
20131202,2224,2472,2202.5,2461,80107,0
20131203,2519,2591,2429.5,2582.5,55675,0
20131204,2500,2575.5,2280,2352.5,71171,0
20131205,2543,2564.5,2411.5,2518,50324,0
20131206,2402,2537.5,2359.5,2519.5,58515,0
20131209,2482,2554.5,2340.5,2342.5,53815,0
20131210,2117,2125,2010,2070.5,67095,0
20131211,2070,2294.5,2065.5,2283,53064,0
20131212,2458,2515,2340,2350,73984,0
20131213,2273.5,2350,2207.5,2322.5,49675,0
20131216,2270,2325,2165,2233,48178,0
20131217,2300,2347.5,2240,2284,42710,0
20131218,2248,2405.5,2133,2397,84998,0
20131219,2536,2563,2471.5,2511,53892,0
20131220,2471,2514,2414,2512,39699,0
20131223,2514,2543.5,2470.5,2497.5,24648,0
20131224,2475.5,2479,2252,2274.5,28056,0
20131226,2185,2298,2137,2240.5,37670,0
20131227,2200,2266.5,2180,2180,23946,0
20131230,2249,2372,2211,2360,30846,0
20131231,2408.5,2412.5,2183,2202.5,51015,0
20140102,2059,2066.5,1906,1929.5,75819,0
20140103,1891.5,1978.5,1875,1971.5,41567,0
20140106,1925.5,1959,1864,1943,43901,0
20140107,2010,2047.5,1929.5,1932,50851,0
20140108,2020,2058.5,1981.5,2026,50512,0
20140109,2043.5,2125,2032.5,2123.5,36712,0
20140110,2002.5,2032,1891.5,1904.5,69277,0
20140113,1889.5,1938,1727.5,1727.5,69337,0
20140114,1778,1872,1706,1853.5,78208,0
20140115,1903.5,1920,1782.5,1792.5,65924,0
20140116,1742.5,1784.5,1717,1732.5,42875,0
20140117,1668.5,1680,1560,1574.5,97263,0
20140121,1633,1650,1474.5,1493,115291,0
20140122,1529.5,1630,1527,1602,85756,0
20140123,1515.5,1520,1425,1476.5,78423,0
20140124,1427.5,1588.5,1397.5,1478,80684,0
20140127,1521.5,1636,1502,1630,81544,0
20140128,1607,1652,1502.5,1537,60178,0
20140129,1459.5,1537,1401.5,1403.5,98331,0
20140130,1532,1538.5,1473.5,1491,79810,0
20140131,1448.5,1557.5,1445,1501,74231,0
20140203,1462,1530,1400.5,1523,65488,0
20140204,1550,1559.5,1475,1475.5,53234,0
20140205,1437.5,1549.5,1431.5,1542,54722,0
20140206,1514.5,1572.5,1495,1548,44765,0
20140207,1535.5,1539,1403,1403.5,90049,0
20140210,1351,1351,1256.5,1270,102884,0
20140211,1224,1231,1106,1125.5,141826,0
20140212,1124.5,1240.5,1122.5,1230,126018,0
20140213,1228,1240,1069,1075,167425,0
20140214,1004,1049.5,971,1011.5,177972,0
20140218,987.5,1042,982.5,993.5,114271,0
20140219,1019.5,1099,987.5,1081.5,152019,0
20140220,1071.5,1079.5,951,967,159678,0
20140221,958.5,1003.5,942,964.5,106931,0
20140224,935,956,928,952,65615,0
20140225,958.5,997.5,947,991,102261,0
20140226,1023,1057,997.5,1023,143215,0
20140227,1014,1042.5,977,1034.5,110276,0
20140228,1022,1062,1011.5,1044,104157,0
20140303,952,1005,943.5,995.5,123049,0
20140304,1034,1047.5,998,1017,80195,0
20140305,1012.5,1028,969.5,975,95110,0
20140306,950,965,931,940,82719,0
20140307,985.5,1016,981.5,1000,132319,0
20140310,1003.5,1038,993,1023.5,67436,0
20140311,993,1029,985.5,1009,64898,0
20140312,959,972.5,916,918,171146,0
20140313,927,934,844,847,165118,0
20140314,812.5,863.5,808,835,132053,0
20140317,852.5,917.5,844,914,144462,0
20140318,960,972.5,911,952.5,126190,0
20140319,979.5,1065,967.5,1061.5,181549,0
20140320,1091.5,1099,1020.5,1059,108797,0
20140321,1009,1083,1001.5,1054.5,82089,0
20140324,1105,1204.5,1090.5,1195.5,148352,0
20140325,1165.5,1196.5,1138,1177,87604,0
20140326,1172.5,1322,1157.5,1319,131272,0
20140327,1326.5,1357.5,1254,1268,107789,0
20140328,1286.5,1315,1182,1222.5,119155,0
20140331,1243,1318,1210,1292,101255,0
20140401,1277,1313,1250.5,1284,67283,0
20140402,1212.5,1217.5,1155,1190,98359,0
20140403,1213.5,1254,1210,1212.5,78109,0
20140404,1128,1205,1125.5,1188,80757,0
20140407,1199,1215,1131,1182,88905,0
20140408,1125,1153.5,1090.5,1097,85232,0
20140409,1130.5,1145.5,1035.5,1072,106294,0
20140410,1048.5,1137.5,1041,1131,102518,0
20140411,1126,1195,1101.5,1179,70130,0
20140414,1131,1160,1094.5,1139,76255,0
20140415,1233,1275,1202,1208,93225,0
20140416,1209.5,1261.5,1200,1240,60180,0
20140417,1246,1282,1215.5,1278,50128,0
20140421,1278,1362.5,1250.5,1288,60542,0
20140422,1281,1317,1235,1235,54390,0
20140423,1239.5,1245,1134.5,1163,70128,0
20140424,1211,1227,1153.5,1212,56943,0
20140425,1185.5,1198,1130,1132,48899,0
20140428,1157.5,1214,1151,1195,54306,0
20140429,1210.5,1210.5,1131,1152.5,49542,0
20140430,1187.5,1205,1145,1178,54910,0
20140501,1216.5,1235,1193.5,1224,45541,0
20140502,1210.5,1222.5,1136,1141.5,64910,0
20140505,1104.5,1148.5,1096,1129.5,38444,0
20140506,1128,1152.5,1126.5,1146,24111,0
20140507,1162.5,1241.5,1160,1222,68263,0
20140508,1216,1228.5,1189,1220,30670,0
20140509,1210.5,1260,1194.5,1226,37646,0
20140512,1182,1209.5,1169,1196,54813,0
20140513,1201,1224.5,1172,1222,55353,0
20140514,1181.5,1192,1165,1187,51216,0
20140515,1216.5,1255,1195,1240.5,67377,0
20140516,1257,1287,1247.5,1274,38611,0
20140519,1241.5,1296.5,1234,1272.5,36175,0
20140520,1296,1299.5,1255,1278.5,28825,0
20140521,1296.5,1306,1261,1261,33905,0
20140522,1239,1276,1237.5,1271.5,29417,0
20140523,1271,1291,1260,1286,30065,0
20140527,1339.5,1439,1337,1431.5,60166,0
20140528,1457,1529.5,1436.5,1502.5,52943,0
20140529,1531.5,1531.5,1425.5,1472,46387,0
20140530,1488.5,1527.5,1417,1417,43404,0
20140602,1454,1483,1410,1458,34383,0
20140603,1456,1512.5,1431.5,1439,31248,0
20140604,1436.5,1467.5,1430,1452,34117,0
20140605,1412,1430.5,1360,1385,34780,0
20140606,1388.5,1441,1379.5,1384,30718,0
20140609,1388,1407.5,1362,1407.5,20382,0
20140610,1378,1384.5,1315,1317.5,37128,0
20140611,1300,1309,1251,1251,44353,0
20140612,1237.5,1241.5,1150,1150,77282,0
20140613,1158,1199,1138,1138.5,56406,0
20140616,1125.5,1164,1116.5,1153,40520,0
20140617,1189,1199,1132,1135,54776,0
20140618,1139,1149,1044,1047,93543,0
20140619,996,997.5,877,877.5,179970,0
20140620,897,923.5,880.5,901,68920,0
20140623,899,915,855,857.5,73755,0
20140624,847,933.5,831.5,931,101530,0
20140625,935,936,880,902,74520,0
20140626,920,937.5,880,881.5,74848,0
20140627,884.5,907,862.5,881.5,59705,0
20140630,903,913,825.5,832,90307,0
20140701,828,860,814.5,850,75482,0
20140702,856.5,856.5,810,829.5,76044,0
20140703,854.5,877.5,826.5,826.5,57956,0
20140707,854,873,848.5,866,63166,0
20140708,841,884,827,827.5,75779,0
20140709,812.5,816,756,763,127052,0
20140710,724,809,710.5,800,148742,0
20140711,795.5,799.5,739,742.5,101783,0
20140714,808.5,815,775.5,801,106575,0
20140715,793.5,877.5,775,874.5,125039,0
20140716,857,857,807,824.5,94418,0
20140717,813.5,819,752.5,757.5,147823,0
20140718,783,802.5,760.5,766.5,80950,0
20140721,751,798.5,751,765,59379,0
20140722,774.5,798.5,766,789.5,60532,0
20140723,795,802,767.5,798,55680,0
20140724,815,849.5,815,837,72953,0
20140725,836.5,841.5,766.5,767.5,87724,0
20140728,782,787.5,753,753,54162,0
20140729,750,780,741.5,770,57047,0
20140730,782.5,818.5,780.5,792.5,83917,0
20140731,818,852,811,846,86656,0
20140801,813.5,843.5,795,817,61775,0
20140804,825,861,812.5,840.5,54715,0
20140805,851.5,875,815,826.5,74809,0
20140806,785,790,762.5,770.5,97224,0
20140807,783,797.5,753.5,767,81102,0
20140808,759.5,775,737.5,764.5,69767,0
20140811,772.5,775.5,747.5,747.5,64832,0
20140812,735.5,738.5,697.5,709,164087,0
20140813,706,720.5,694.5,710,87974,0
20140814,711,742.5,697,730.5,96600,0
20140815,771,774.5,739,753.5,121033,0
20140818,765.5,775,742,742,55335,0
20140819,747,770.5,738.5,764.5,65808,0
20140820,763.5,777.5,742.5,768,77467,0
20140821,799,831,795,817.5,118138,0
20140822,814.5,837.5,805,816.5,70137,0
20140825,825.5,861,824,860.5,59634,0
20140826,824,835,802.5,804.5,82757,0
20140827,805,816.5,792.5,811,50278,0
20140828,785,797.5,777.5,779,48301,0
20140829,789.5,794,755.5,760.5,57871,0
20140902,802.5,836,800.5,834,105869,0
20140903,824,837.5,814.5,835.5,55692,0
20140904,825,929.5,818,922.5,110433,0
20140905,908.5,947.5,900,904,75422,0
20140908,919.5,1000.5,919.5,995,103537,0
20140909,996,1017,942.5,950,76864,0
20140910,983.5,1020.5,963,1004,90023,0
20140911,1026,1045.5,976.5,983,100718,0
20140912,1012.5,1041,992,1028.5,91901,0
20140915,1013.5,1047.5,1010.5,1026,69783,0
20140916,1023.5,1058.5,984.5,1017.5,75535,0
20140917,1010,1093,1005.5,1083,108028,0
20140918,1097,1136.5,1083.5,1126,88733,0
20140919,1130.5,1222,1129,1199.5,100975,0
20140922,1219,1298,1217.5,1266,96510,0
20140923,1218.5,1264,1191.5,1218,94228,0
20140924,1238.5,1269,1205,1266,77884,0
20140925,1300.5,1326,1238,1241.5,85878,0
20140926,1265.5,1311.5,1260,1303,65453,0
20140929,1277.5,1344,1267,1344,48676,0
20140930,1357.5,1428.5,1323,1419,72089,0
20141001,1391.5,1409.5,1320.5,1409,71127,0
20141002,1372.5,1441.5,1350,1365,66109,0
20141003,1433,1547.5,1433,1545,89150,0
20141006,1488,1526,1416.5,1435.5,61116,0
20141007,1414.5,1585.5,1407,1585.5,67763,0
20141008,1519,1651.5,1180,1229,110202,0
20141009,1234,1431,1231,1342.5,93099,0
20141010,1366,1454,1275.5,1431,110938,0
20141013,1358.5,1385,1232,1347.5,71624,0
20141014,1328,1340,1241,1313.5,50488,0
20141015,1285.5,1343,1210.5,1287,77686,0
20141016,1321,1339,1242.5,1308,68697,0
20141017,1304.5,1438,1300,1436.5,74130,0
20141020,1382.5,1414,1328,1337,46388,0
20141021,1289,1364,1260.5,1349,50463,0
20141022,1375,1480,1357.5,1480,82390,0
20141023,1515,1562,1417,1450,83596,0
20141024,1452,1511,1434,1466.5,49248,0
20141027,1493.5,1550,1484,1550,41230,0
20141028,1500.5,1549.5,1450,1455.5,47726,0
20141029,1502.5,1652.5,1451,1637.5,101191,0
20141030,1690.5,2009,1685,2000,116553,0
20141031,2293.5,2400,2134,2362.5,134452,0
20141103,2226,2307.5,2009.5,2046.5,68033,0
20141104,2081.5,2300,2066.5,2270.5,57307,0
20141105,2487.5,2575,2227.5,2516.5,125866,0
20141106,2375,2406.5,2026.5,2238.5,92208,0
20141107,2099,2105.5,1666.5,1695.5,112288,0
20141110,1771.5,2036.5,1770.5,1994,95701,0
20141111,1892,1908,1625,1742,83460,0
20141112,1676.5,1857,1604.5,1730.5,75675,0
20141113,1667.5,1851.5,1648,1811.5,77672,0
20141114,1907.5,1939.5,1445,1489.5,147302,0
20141117,1528,1574,1372,1404.5,82404,0
20141118,1332.5,1362.5,1190,1204.5,114560,0
20141119,1220,1411.5,1211.5,1395,172563,0
20141120,1293,1357.5,1239.5,1287.5,69704,0
20141121,1182.5,1312.5,1171,1251.5,102038,0
20141124,1273,1337,1236,1303.5,80719,0
20141125,1292.5,1301,1142.5,1147.5,101178,0
20141126,1158.5,1204.5,1158.5,1189,56440,0
20141128,1346.5,1548.5,1339.5,1508,92272,0
20141201,1350,1381.5,1135,1165,103268,0
20141202,1274.5,1305,1176.5,1248.5,106966,0
20141203,1199.5,1237.5,1107.5,1215.5,109869,0
20141204,1167.5,1250,1129.5,1236,98266,0
20141205,1318.5,1355.5,1266.5,1326.5,110404,0
20141208,1276,1437,1230.5,1306,102950,0
20141209,1175.5,1193,1042,1121.5,117116,0
20141210,1125,1219,1051.5,1213,129111,0
20141211,1263,1285,1136.5,1257.5,130943,0
20141212,1266.5,1343,1230,1331.5,111486,0
20141215,1387,1611.5,1311.5,1604.5,117380,0
20141216,1442,1678,1423,1675,73667,0
20141217,1626.5,1658,1381,1425,83282,0
20141218,1322,1394,1215.5,1238,82629,0
20141219,1236,1275,1178.5,1275,76503,0
20141222,1276,1492.5,1255,1468.5,118753,0
20141223,1462,1534.5,1319,1509,80286,0
20141224,1500,1550,1341,1386.5,47851,0
20141226,1252,1326.5,1225,1278,62776,0
20141229,1295,1379.5,1292,1360,64955,0
20141230,1285,1290.5,1165,1225,105436,0
20141231,1259.5,1299,1195,1233,83849,0
20150102,1300,1322,1123.5,1128,143391,0
20150105,1100,1155.5,1031,1031.5,122126,0
20150106,1007,1019.5,836.5,873.5,159058,0
20150107,927.5,953,845,918,147834,0
20150108,907,982.5,853,960,155302,0
20150109,911,911,825.5,825.5,150500,0
20150112,803,816.5,702,737,148783,0
20150113,695,852,692,821.5,200273,0
20150114,765.5,908,759,856.5,179260,0
20150115,745,761.5,688.5,717,199993,0
20150116,686.5,689,625.5,638.5,282979,0
20150120,598,604.5,560.5,571.5,199679,0
20150121,554,636.5,553.5,604.5,202151,0
20150122,581.5,622,570,612,219209,0
20150123,629.5,678.5,621.5,664.5,229708,0
20150126,701.5,725,630,632,181317,0
20150127,613.5,617.5,566,572.5,233802,0
20150128,597,653.5,580,637,241268,0
20150129,683.5,712.5,656.5,669,243139,0
20150130,662.5,695.5,601.5,605.5,198582,0
20150202,641,643.5,573.5,591.5,195931,0
20150203,614.5,648.5,592.5,636,232134,0
20150204,612.5,635,583,597,200366,0
20150205,615,623,576,576,189783,0
20150206,641.5,672.5,622.5,672.5,285360,0
20150209,652,654.5,623.5,634.5,140679,0
20150210,658.5,686.5,655,675.5,206583,0
20150211,667.5,716,662.5,709,162462,0
20150212,689,710,671.5,683,137839,0
20150213,668,679,643.5,673,117224,0
20150217,722.5,745.5,705.5,738,182944,0
20150218,733.5,758.5,675.5,690,195908,0
20150219,686.5,747.5,681,735.5,160186,0
20150220,725,747.5,694.5,744.5,169160,0
20150223,759.5,772,715,735.5,147443,0
20150224,761.5,771.5,726,749.5,141000,0
20150225,724,734.5,693,707,161729,0
20150226,676.5,698.5,672.5,691.5,129162,0
20150227,672,677,640.5,660.5,166030,0
20150302,655.5,718,653,708.5,155146,0
20150303,700,754.5,677.5,743.5,131190,0
20150304,739.5,787.5,738.5,781,140060,0
20150305,762.5,796,743.5,775.5,111790,0
20150306,849,960.5,847.5,951.5,203890,0
20150309,929,1056,919.5,1052,165826,0
20150310,1049,1130,997,1101,152030,0
20150311,1093,1169.5,989,998.5,230568,0
20150312,979,1053.5,965,1025.5,162790,0
20150313,1005,1109,1003.5,1018,167558,0
20150316,1015,1075,986,1014.5,149668,0
20150317,1057.5,1074,983.5,1044.5,129194,0
20150318,1053,1082.5,879.5,890.5,181246,0
20150319,905.5,941.5,880,906.5,141356,0
20150320,868.5,878,794,812.5,171822,0
20150323,800,812,761,765.5,141558,0
20150324,754.5,786,751,770.5,161014,0
20150325,749,807.5,741,802.5,118110,0
20150326,764.5,868,742.5,841.5,170584,0
20150327,861,900,831.5,872.5,164250,0
20150330,916.5,937,889.5,925.5,123054,0
20150331,913.5,970.5,897.5,960,98510,0
20150401,912.5,924.5,801.5,805,155966,0
20150402,821,862.5,789.5,831.5,150152,0
20150406,749,769.5,727.5,740.5,136546,0
20150407,757,798,750,796,122282,0
20150408,783.5,833.5,766.5,810.5,154790,0
20150409,836,850,813.5,829.5,100524,0
20150410,783,784.5,757.5,758.5,122268,0
20150413,756.5,790.5,756.5,783,114720,0
20150414,782,786,743,764.5,142580,0
20150415,747.5,764.5,693.5,698,169269,0
20150416,692,733.5,675,725,156381,0
20150417,711.5,732,689,722.5,115688,0
20150420,742.5,754,711,712.5,132863,0
20150421,713,729.5,688,699.5,106878,0
20150422,717.5,766,707,764.5,163345,0
20150423,761,762,699,715,161206,0
20150424,728,755,706.5,755,173556,0
20150427,726.5,733.5,661.5,710.5,249586,0
20150428,693.5,695,623.5,629.5,266470,0
20150429,627.5,638.5,592.5,609.5,237906,0
20150430,657,684,649,662.5,262074,0
20150501,680,684,646,647,194944,0
20150504,617,644.5,609.5,631.5,127782,0
20150505,613.5,662,606,650,185096,0
20150506,641,704,638,700,201330,0
20150507,719,745,686,686.5,154997,0
20150508,675,707.5,663,672,165332,0
20150511,675.5,691,654,666.5,131126,0
20150512,661.5,662.5,636,642.5,160385,0
20150513,612.5,615.5,585,595,285922,0
20150514,576.5,600,555,591,323650,0
20150515,605.5,615,577.5,596.5,208965,0
20150518,586.5,605,581,596.5,166238,0
20150519,621,661,619.5,659,305286,0
20150520,653.5,658,630,653,126986,0
20150521,660.5,671.5,649.5,666,107600,0
20150522,664,678.5,654,675,107016,0
20150526,715,742.5,714,736,149727,0
20150527,729.5,745,713.5,715,91334,0
20150528,728,746,692.5,700,125502,0
20150529,692.5,709,676.5,699,103302,0
20150601,674,712.5,664,706.5,108209,0
20150602,692.5,700,668,678.5,125045,0
20150603,694.5,724,682.5,717,115148,0
20150604,741,755.5,737,750,114752,0
20150605,782,799,760,779.5,148458,0
20150608,773,795,756.5,756.5,87070,0
20150609,747,787.5,732.5,786.5,81847,0
20150610,753.5,772.5,740,763.5,96269,0
20150611,780.5,802.5,775,789.5,92563,0
20150612,797,819.5,786,812.5,89776,0
20150615,817.5,830,777,808,106338,0
20150616,827,844.5,821,840,85284,0
20150617,852,854.5,767,772.5,161600,0
20150618,733,752.5,730,741,136980,0
20150619,747,806,743.5,791,120758,0
20150622,821.5,833,807.5,831.5,92802,0
20150623,842,842.5,806.5,829.5,98714,0
20150624,835,842.5,811.5,826,89266,0
20150625,830.5,852.5,816,850.5,59178,0
20150626,856,868.5,841,861.5,75594,0
20150629,849,893,845,890,88700,0
20150630,901.5,926,870.5,916.5,120553,0
20150701,924.5,989.5,920.5,983.5,104136,0
20150702,968,970,921.5,929,123190,0
20150706,947.5,964,863.5,894.5,130522,0
20150707,951,1027.5,951,1019,165044,0
20150708,988,1046.5,968,1043.5,103748,0
20150709,996,1059.5,982.5,1032,90666,0
20150710,1022.5,1086,1018.5,1060,100306,0
20150713,1104.5,1130,1053.5,1055.5,105396,0
20150714,1054.5,1076,1028.5,1072,87686,0
20150715,1104,1154.5,1096.5,1147.5,112932,0
20150716,1154.5,1191,1154,1181.5,102094,0
20150717,1209,1351.5,1205,1337,151660,0
20150720,1531,1778,1511.5,1771,269272,0
20150721,1660.5,1678.5,1478,1638,158620,0
20150722,1740,1796,1585,1649,131474,0
20150723,1593.5,1850,1573,1824,135432,0
20150724,1900,1991,1610,1630.5,152460,0
20150727,1686,1846.5,1525,1803,101256,0
20150728,1746,1817.5,1698.5,1758.5,58036,0
20150729,1752,1813.5,1610,1655.5,80874,0
20150730,1762,1848.5,1701,1818.5,80082,0
20150731,1682.5,1780.5,1621.5,1716.5,59992,0
20150803,1749.5,1922,1741,1883.5,62811,0
20150804,1802.5,1930,1772,1881,52280,0
20150805,1820,2000,1777.5,1964.5,72706,0
20150806,1912.5,1954.5,1700.5,1844,81568,0
20150807,1839.5,1857.5,1647,1824.5,89910,0
20150810,1753.5,1843,1463,1482,135272,0
20150811,1417.5,1569.5,1391.5,1391.5,88890,0
20150812,1309,1319,1102.5,1119,128928,0
20150813,1203,1312,1170.5,1287,109712,0
20150814,1220.5,1367,1199,1335,98788,0
20150817,1245,1259.5,1164,1189.5,97704,0
20150818,1252.5,1304,1207,1237.5,96402,0
20150819,1212,1214.5,1115,1135.5,134064,0
20150820,1023.5,1053,948.5,992,151040,0
20150821,937.5,1103.5,933.5,1073.5,148526,0
20150824,1124,1353,1030,1331.5,168379,0
20150825,1237.5,1497.5,1225,1461.5,109520,0
20150826,1541.5,1700,1531.5,1666,108528,0
20150827,1660.5,1688.5,1345.5,1394,93036,0
20150828,1386.5,1397,1203.5,1254,103138,0
20150831,1329,1421.5,1277.5,1277.5,82440,0
20150901,1247,1403.5,1211.5,1390.5,76382,0
20150902,1375.5,1507.5,1331.5,1412.5,86528,0
20150903,1494.5,1499.5,1295,1485.5,90170,0
20150904,1523,1600,1477.5,1486,68838,0
20150908,1445,1509.5,1375,1440.5,61080,0
20150909,1500.5,1578,1448.5,1559,77794,0
20150910,1491.5,1586,1465.5,1566,58546,0
20150911,1612.5,1750,1518,1549.5,84934,0
20150914,1591.5,1643.5,1495,1585.5,62266,0
20150915,1592.5,1620.5,1502,1568,49370,0
20150916,1476.5,1478.5,1282,1297.5,110126,0
20150917,1342.5,1360,1142.5,1187.5,102440,0
20150918,1105.5,1210,1077.5,1139,101156,0
20150921,1190,1248.5,1163.5,1244.5,88458,0
20150922,1337.5,1430,1325,1415,101866,0
20150923,1331,1459,1314,1446.5,55996,0
20150924,1332,1352,1124,1145.5,161217,0
20150925,1197,1217.5,1161.5,1188,81928,0
20150928,1284.5,1369,1258.5,1345.5,92885,0
20150929,1313,1370,1251,1339,49302,0
20150930,1392.5,1398,1237.5,1245.5,77642,0
20151001,1223,1340.5,1170,1319.5,74126,0
20151002,1167.5,1186,1005,1010,194178,0
20151005,983,986.5,864,871,232724,0
20151006,804,854,762.5,777,264340,0
20151007,775,822.5,755.5,784.5,216404,0
20151008,824.5,831,705,814.5,251646,0
20151009,730,746,680.5,680.5,282216,0
20151012,638,760.5,637.5,739,217013,0
20151013,741.5,755.5,690,727,210058,0
20151014,680,688,576,590,406674,0
20151015,618.5,631,575,587.5,337232,0
20151016,592.5,640,578,640,333078,0
20151019,648,729.5,634.5,717,382988,0
20151020,691.5,694.5,608.5,634.5,294689,0
20151021,660,703.5,651.5,687.5,263168,0
20151022,697,700,635,653,260930,0
20151023,630.5,677,590,605.5,357542,0
20151026,610,661,610,658,278740,0
20151027,675,688.5,636,654.5,224356,0
20151028,614.5,712.5,565,682,518578,0
20151029,708.5,784.5,689,769,345276,0
20151030,780.5,799.5,732.5,794.5,290832,0
20151102,823,851,764,785,316615,0
20151103,831,838,775,800,325910,0
20151104,783,854.5,755.5,850,292092,0
20151105,850,959,850,942.5,325256,0
20151106,1039,1082,1019,1064,252100,0
20151109,1068.5,1106,983.5,984,234901,0
20151110,1040,1070,1007.5,1054.5,200590,0
20151111,1041.5,1068.5,1018,1018,147140,0
20151112,1087.5,1098.5,987.5,1056.5,216554,0
20151113,1066,1075,1010.5,1022,154474,0
20151116,999.5,1020,970.5,996.5,117990,0
20151117,1023,1145,1012.5,1132,221322,0
20151118,1125.5,1179,1009,1032.5,221120,0
20151119,985,992.5,902.5,925.5,222892,0
20151120,912.5,1045.5,902,1025,212892,0
20151123,1050,1069.5,1015.5,1048.5,139960,0
20151124,985.5,1012.5,925,931,172728,0
20151125,970,985,910,952.5,165758,0
20151127,1018,1026,980,1001.5,109580,0
20151130,987.5,994.5,932.5,942.5,153610,0
20151201,924.5,955.5,851,858.5,191482,0
20151202,920,955.5,884.5,922.5,229553,0
20151203,874.5,911.5,842,867.5,241103,0
20151204,836,838.5,725.5,733,269492,0
20151207,760,840.5,753,818.5,217168,0
20151208,812.5,865.5,799.5,837,191341,0
20151209,776.5,837,761.5,807,194110,0
20151210,825.5,830.5,775,813.5,149814,0
20151211,847.5,848,762.5,788.5,203854,0
20151214,803.5,919,796,918.5,276181,0
20151215,890,931.5,868,906,145534,0
20151216,848.5,899.5,787.5,800,252572,0
20151217,884,946,882,940,185036,0
20151218,895,907,836.5,877,196574,0
20151221,818,849.5,804.5,828,157994,0
20151222,837.5,853,800,841.5,138213,0
20151223,826.5,831.5,788.5,789.5,173648,0
20151224,771.5,775.5,736.5,739,108650,0
20151228,775,830,775,807,154545,0
20151229,781,812.5,768,784,104938,0
20151230,832.5,847.5,819.5,832,121461,0
20151231,835,843,817,826,81562,0
20160104,750,796.5,730.5,757.5,160582,0
20160105,748,782.5,747.5,766.5,103317,0
20160106,731.5,744,713,727.5,169363,0
20160107,692.5,708.5,612.5,633,243074,0
20160108,682.5,709.5,662.5,677.5,162761,0
20160111,670.5,775,664,758.5,210760,0
20160112,785,850,783,807.5,189627,0
20160113,823,856,777,810.5,153612,0
20160114,842,919.5,815,892.5,161422,0
20160115,802.5,910,800,906,97029,0
20160119,881.5,1048,873,1022.5,129292,0
20160120,948.5,1022,930,931,148832,0
20160121,975,1026.5,911.5,929.5,167592,0
20160122,960,973.5,870.5,902.5,130051,0
20160125,858.5,872.5,824,832,131291,0
20160126,802,802.4,715,723.5,202276,0
20160127,737.5,759,681.5,683.5,219748,0
20160128,730.5,750,686,728,202947,0
20160129,740,750,675,679.35,180740,0
20160201,661.5,664,615,617.05,230949,0
20160202,636,680.5,625,655,197530,0
20160203,640,641.5,515,516,503014,0
20160204,469,470.5,411,433,597758,0
20160205,464.5,478.5,358.5,361,577428,0
20160208,331.5,336.5,306,334.5,682308,0
20160209,318.5,373.5,314,372,747179,0
20160210,376,414.5,347.25,349.15,661779,0
20160211,276,310,257.5,273.5,1118262,0
20160212,298.5,300,252,253,798066,0
20160216,290,318,273.5,316.5,898295,0
20160217,300,310.5,278.5,284,657283,0
20160218,298.5,302,233,234,883753,0
20160219,244,255,233,250,689454,0
20160222,274.5,277,239,244.5,820373,0
20160223,232.5,241,225,230.5,594316,0
20160224,211,234,196,223,1235331,0
20160225,227,229,211,213,725379,0
20160226,227.5,238,215,235.5,941679,0
20160229,226.5,227.5,209.5,210,597694,0
20160301,208.5,237.5,206,236,905246,0
20160302,230.5,235.5,213,218,875825,0
20160303,214.5,216,185,192.5,1183532,0
20160304,191.5,199,161,194,1973018,0
20160307,186.5,188.5,164.5,174.5,1408405,0
20160308,168,199.5,166,198.5,1351967,0
20160309,212.5,217.5,189.5,196,1638321,0
20160310,187.5,189.25,169,170.5,1335811,0
20160311,174,183.5,165.5,180,985965,0
20160314,176.5,204,173,202.5,1277045,0
20160315,203,211.5,189.5,190,1136825,0
20160316,199,206.5,150,151.5,1653111,0
20160317,148.5,162,139.5,159,1896540,0
20160318,162,162.5,149,157,1108114,0
20160321,159,163.5,152.5,157,945516,0
20160322,150,162.5,147.5,156.5,881032,0
20160323,175.5,193,173,192,1554084,0
20160324,186,191,175.5,179.5,851957,0
20160328,175,189.5,173.5,180,620336,0
20160329,175,181,148,150.5,1498923,0
20160330,156,164.5,150.5,155.5,1167145,0
20160331,150,162,148,162,806547,0
20160401,174.5,177.5,158,158,1096158,0
20160404,160.5,172.5,160,171,795524,0
20160405,158.5,172,155,156,951284,0
20160406,162.5,164,154,155,846859,0
20160407,146,147.5,140,142,1496729,0
20160408,143,143.5,126,128,1485690,0
20160411,119.5,120.5,104,105.5,1894821,0
20160412,105,110,100.5,103,1637757,0
20160413,108,112.5,104,111,1490101,0
20160414,112.5,125.5,109.5,120.5,1804046,0
20160415,118.5,123.5,109,110.5,1194032,0
20160418,107,115,106.5,110.5,877167,0
20160419,98,100,92,95,1693893,0
20160420,95,101.5,88,99.5,2202326,0
20160421,92,99.5,91,94.5,1952195,0
20160422,98.5,104.5,92.5,102,1812918,0
20160425,100.5,105.5,98.5,104,1037294,0
20160426,100.5,105.5,97,97,1037721,0
20160427,95.5,102.5,93,93.78,1520981,0
20160428,91,92,80,81.25,2094625,0
20160429,76.5,77,65.5,66,2335860,0
20160502,64,71.5,63.5,69,2321090,0
20160503,68,76.5,68,74.5,2045591,0
20160504,79.5,87.5,75,86,2378324,0
20160505,82,83,76,78.5,1751571,0
20160506,73,74.5,66,69,2356419,0
20160509,77.5,82,76.5,81,1892024,0
20160510,80.5,84,71.5,73,1699082,0
20160511,68.25,74.5,64.5,67,2468728,0
20160512,66.5,72,64,70.5,2071106,0
20160513,70.5,72,67,68.5,1545685,0
20160516,64.5,67,62,64.5,1695823,0
20160517,65.5,67.5,60.5,62,2230863,0
20160518,66.3,77.2,63.5,76.9,5326941,0
20160519,82.6,84.8,71.85,73.15,6950653,0
20160520,70.55,78.5,70.35,72.4,4651718,0
20160523,77.4,78.55,70.6,74.7,4161240,0
20160524,79.35,87.25,77.6,87,4799944,0
20160525,88.3,93.35,78.8,80.8,5860100,0
20160526,77.25,83.45,75.1,81.15,4881774,0
20160527,83.65,89.65,81.35,88.4,6164713,0
20160531,88,90.4,79.35,84.9,5024932,0
20160601,83.5,87.65,79.2,83,4939308,0
20160602,84.15,85.95,80.6,82.85,3747699,0
20160603,68.4,68.45,54.65,55.1,9618706,0
20160606,55.3,58,53.5,54.1,5212612,0
20160607,56.25,56.895,54.15,56.15,3970013,0
20160608,48.95,51.312,46.9,50.6,5506176,0
20160609,50.75,51.75,48,48.4,3693518,0
20160610,47.25,51.6,45.25,50.4,7082556,0
20160613,46.8,52.5,46.4,50.7,4524011,0
20160614,49.85,55.3,49.85,54.05,4854400,0
20160615,54.15,54.85,46.5,47.99,5189067,0
20160616,44.05,52.75,44,52.25,6506492,0
20160617,49.5,53.9,49.05,50.35,5324139,0
20160620,55.1,55.7,50.4,51.35,5254605,0
20160621,54.6,55.75,53.098,55.6,4876977,0
20160622,55,56.5,51.9,51.95,4445128,0
20160623,53.4,54.1,50.8,53.25,4228933,0
20160624,37.9,46.25,37.75,43.95,7722963,0
20160627,42.85,45.45,40.675,42.35,6089899,0
20160628,44.5,45.05,42.6,44.4,5756276,0
20160629,42.45,42.7,39.55,41.65,6858902,0
20160630,40.35,41.65,39,39.2,5616756,0
20160701,35.85,36.1,32.8,33.5,7752790,0
20160705,32,34.1,31,31.4,6337044,0
20160706,30,30.395,28.15,28.4,11588228,0
20160707,29.8,31.7,29.6,31.05,9220244,0
20160708,30.95,31.7,27.75,28.2,10242649,0
20160711,29.1,29.3,27.65,27.95,5673914,0
20160712,28.85,31.3,28.35,31.15,7699371,0
20160713,29.1,29.9,27.45,28.15,7103339,0
20160714,30.5,31.05,28.5,28.65,6360495,0
20160715,30.1,30.15,28.8,29.55,4584566,0
20160718,29.35,30.45,29.05,29.1,3989658,0
20160719,29.7,30.25,29.25,30.05,3121868,0
20160720,32.35,35.85,32.3,35.25,7346680,0
20160721,34.05,34.85,31.3,32,6450019,0
20160722,33.25,33.25,31.65,32.15,3538313,0
20160725,33.7,36.7,33.65,35.7,7052265,0
20160726,33.9,34.75,31.9,32.85,4942443,0
20160727,31.2,33.65,27.7,28.4,7576018,0
20160728,27.95,29.9,27.5,28.45,5942865,0
20160729,26.95,27.675,25.55,26.05,8591124,0
20160801,26.3,26.85,24.85,25.05,8469739,0
20160802,24.15,24.518,23.4,24.15,6991813,0
20160803,24.65,25.65,24.65,25,5366551,0
20160804,24.55,24.662,23.8,24.45,6068447,0
20160805,26.45,27.1,26.1,26.65,6939455,0
20160808,26.8,26.9,25.15,26.05,4748246,0
20160809,25.4,25.718,24.85,25.3,3989761,0
20160810,23.45,24.8,23.05,24.05,5834776,0
20160811,23.95,24.75,22.9,24.55,6630247,0
20160812,22.85,24.9,22.8,24.5,9495868,0
20160815,24.45,25.3,24,25,6201818,0
20160816,24.85,25.55,24.45,25.15,6641824,0
20160817,25.85,27.95,25.6,26.2,10253301,0
20160818,25.55,26.35,25.1,25.35,5054176,0
20160819,26.75,27.45,26.25,27.15,6911216,0
20160822,28.4,29,28.17,28.5,5132271,0
20160823,27.75,29.95,27.65,29.704,4996561,0
20160824,31,36.5,30.95,36.05,12538191,0
20160825,36.29,37.44,32.54,34.74,13350407,0
20160826,32.55,36.6,30.5,35.3,17188785,0
20160829,36.42,37.03,34,35.09,6023003,0
20160830,36.05,41.09,35.6,40.07,18665992,0
20160831,41.55,42.83,40.41,42.21,14290597,0
20160901,42.78,43.7,37.24,37.44,13264090,0
20160902,33.99,35.86,33.01,33.55,10631487,0
20160906,31.41,32.34,28.5801,28.75,10751050,0
20160907,28.9,31.3,28.67,29.01,14093101,0
20160908,29.59,31.57,28.79,30.98,16317797,0
20160909,32.38,36.4899,32.31,35.88,19031291,0
20160912,37.82,38.17,32.37,33.25,16944375,0
20160913,34.46,38.31,34.2001,37.16,11070508,0
20160914,35.76,37.775,34.36,37.08,10944539,0
20160915,37.38,38.89,34.45,36.4,16495356,0
20160916,37.9,38.99,35.88,37.33,12013183,0
20160919,35.55,37.135,35.4,36.75,15503928,0
20160920,36.72,37.74,35.92,36.9,12025719,0
20160921,34.58,34.86,28.63,29.31,17291905,0
20160922,28.025,30.49,27.06,29.49,13873971,0
20160923,29.74,32.74,29.46,31.84,14724922,0
20160926,31.3,32.88,30.34,32.67,9828400,0
20160927,33.8,35.54,33.47,34.5,14183838,0
20160928,34.73,36.2,31.33,32.14,16727581,0
20160929,33.29,34.2,32.06,32.86,11356414,0
20160930,31.02,34.18,30.84,33.67,8739255,0
20161003,34.15,36.84,33.3192,35.62,9612558,0
20161004,39.27,46.21,39.19,46.08,16626436,0
20161005,43.57,48.94,42.76,45.27,13397255,0
20161006,49.48,50.82,47.2392,49.01,11972973,0
20161007,44.7,50.98,43.51,48.42,10306076,0
20161010,47.16,48.55,45.85,47.45,4314803,0
20161011,48.98,51.35,47.77,50.89,9529999,0
20161012,50,50.63,45.63,47.51,7499359,0
20161013,46.64,47.86,41.33,45,6261674,0
20161014,47.08,48.2799,44.18,47.64,7618822,0
20161017,46.9,47.75,44.88,45.51,5064493,0
20161018,42.98,44.412,40.24,40.78,8951560,0
20161019,38.4,39.82,36.66,37.3,8285696,0
20161020,37.42,39.4599,36.91,37.5,6816227,0
20161021,38,39.35,37.68,38.19,5542779,0
20161024,37.36,42.25,37.2,40.74,7602103,0
20161025,39.87,40.38,36.6,37.98,7615074,0
20161026,38.2,41.6,37.53,40.33,7593063,0
20161027,39.44,43.63,39.23,42.4,7097795,0
20161028,42.75,44.04,39.43,41.83,9764402,0
20161031,41.22,42.3631,38.1,38.2,7493133,0
20161101,35.66,36.41,33.3,35.3,11226891,0
20161102,33.04,37.79,32,36.83,13067922,0
20161103,36.85,37.06,33.76,34.51,8106665,0
20161104,34.64,37.14,34.42,35.61,7742779,0
20161107,38.96,41,38.46,39.5,8565681,0
20161108,39.17,41.78,36.68,40.13,9647633,0
20161109,31.84,39.99,31.5,37.06,13215912,0
20161110,38.29,46.06,38.22,44.86,9528093,0
20161111,45.73,56.85,45.58,56.27,13956555,0
20161114,59.74,62.71,49.8713,54.48,14085811,0
20161115,54.06,55.76,46.72,47.77,7630313,0
20161116,48.55,51.85,47.8801,48.9,7068451,0
20161117,49.19,55.1399,46.2,52.39,12789808,0
20161118,54.52,56.42,52.66,53.96,7954595,0
20161121,51.4,52.58,48.97,51,7368810,0
20161122,50.53,54.72,50.01,50.4,8505145,0
20161123,56.41,60.41,56.34,57.75,8551456,0
20161125,56.23,58.46,54.83,56.85,3935448,0
20161128,54.5,56.5,50.17,50.49,7152471,0
20161129,54,54.91,50.6,51.57,6947605,0
20161130,53.4,56.7898,52.94,54.54,6992137,0
20161201,56.5,58.93,52.09,55.94,6791413,0
20161202,53.96,53.96,49.26,50.08,7430767,0
20161205,52.86,55.3391,48.641,50.39,9495153,0
20161206,50.62,52.28,48.0596,51.33,5510385,0
20161207,48.53,50.749,47.52,49.35,7937646,0
20161208,50.15,51.32,49.04,49.52,5691231,0
20161209,51.07,55.9342,50.54,54.84,7539429,0
20161212,53.2,55.31,51.5207,54.18,5724060,0
20161213,54.5,55.48,51.57,52.05,5743935,0
20161214,49.94,60.56,48.75,60.26,12998983,0
20161215,66,71.469,65.4,68.01,11778631,0
20161216,66,70.87,63.42,67.83,7169205,0
20161219,66.5,68.95,65.1601,67.07,4890877,0
20161220,71.06,72.47,66.16,66.6,5407286,0
20161221,65.88,68.29,64.95,66.73,3169631,0
20161222,67.64,67.99,63.62,67.03,4024511,0
20161223,66.65,66.92,63.59,64.35,3550866,0
20161227,61.33,62.6093,59.16,59.3,3522300,0
20161228,60.32,61.14,55.25,56,5179581,0
20161229,53.94,54.14,43.02,43.35,9731033,0
20161230,43.2,49,40.5,48.37,9737763,0
20170103,47.24,47.87,42.51,42.6,7099296,0
20170104,41.1,43.6599,41.02,41.69,5679760,0
20170105,39.06,39.16,33.5,34.31,12172163,0
20170106,36.68,39.5,34.8,37.77,12182506,0
20170109,35.17,38.18,35.08,37.39,7430130,0
20170110,36.41,38.44,35.01,36.67,7019448,0
20170111,37.82,40.23,35.6,36.9,10370967,0
20170112,34.54,37.87,33.61,36.59,9543381,0
20170113,37.93,38.99,35.65,36.04,9077799,0
20170117,32.66,34.0899,32.26,33.16,8692800,0
20170118,33.41,35.9,32.36,34.61,8720530,0
20170119,36,36.72,34.4,35.29,8615164,0
20170120,35.08,36,32.61,34.12,7371534,0
20170123,33.12,33.59,31.06,31.22,7472179,0
20170124,31.41,31.9381,29.3767,30.95,11378785,0
20170125,32.88,33.79,32.31,32.36,11000147,0
20170126,34.66,35.26,33.8227,34.82,7141161,0
20170127,34.83,34.87,33.0801,33.23,5087738,0
20170130,32.86,33.83,31.7,33.5,4873377,0
20170131,31.15,31.36,30.24,30.32,7978375,0
20170201,31.6,32.03,30,30.47,9876978,0
20170202,28.4,29.15,27.85,28.5,7301314,0
20170203,28.55,28.88,27.55,28.02,7713349,0
20170206,26.75,27.63,25,25.01,9817163,0
20170207,25.79,26.07,24.5,25.28,8602540,0
20170208,24.49,25.35,24.04,24.4,7876812,0
20170209,24.47,26.5424,24.34,26.25,9587328,0
20170210,27.16,27.3,24.91,25.18,9336367,0
20170213,26.01,26.4,25.57,26.12,6003033,0
20170214,25.11,27.25,24.98,26.19,8980186,0
20170215,27.3,27.6,26.12,26.24,7730871,0
20170216,25.8,26.04,24.96,25.36,6665466,0
20170217,25.16,26.76,25.0101,26.57,6617710,0
20170221,27.59,28.75,26.73,27.12,8124626,0
20170222,27.6,29.8,27.23,28.13,9344490,0
20170223,26.72,28.04,26.3,28.02,7165648,0
20170224,26.82,29.07,26.78,28.76,6883765,0
20170227,28.95,33.8,27.2,33.38,12319090,0
20170228,31.79,34.33,30.92,33.33,12293322,0
20170301,35.15,35.95,31.99,32.6,12120931,0
20170302,34.87,37.75,34.07,37.27,10277589,0
20170303,38.28,39.15,34.6164,35.99,12952256,0
20170306,36.39,40.0678,36.28,38.7,10230462,0
20170307,40.13,40.94,37.81,39.36,8860735,0
20170308,40.84,41.2499,38.6895,40.13,8097938,0
20170309,40.14,41.42,39.14,41.32,7070255,0
20170310,40.39,41.13,37.06,37.95,7053554,0
20170313,37.15,37.95,36.01,36.58,4959428,0
20170314,37,40.27,35.66,39.73,8972429,0
20170315,38.67,39.69,30.3,30.59,13885209,0
20170316,29.13,31.837,28.8101,31.48,7529347,0
20170317,31.12,32.59,30.21,31.93,7011674,0
20170320,31.63,32.3446,30.56,30.99,5594137,0
20170321,30.32,30.41,28.52,29.54,8334232,0
20170322,28.93,29.9799,28.35,29.43,8475059,0
20170323,29.06,31.87,28.741,30.4,9871502,0
20170324,30.69,31.1799,29.77,30.7,6008316,0
20170327,28.69,29.87,28.31,28.75,7134597,0
20170328,29.05,31.86,28.58,30.95,9855615,0
20170329,31.31,31.6299,30.05,30.6,6301696,0
20170330,31.38,32.15,30.69,31.99,6217760,0
20170331,31.64,32.08,29.67,31.06,7492676,0
20170403,30.85,31.08,29.32,29.51,7848490,0
20170404,28.84,29.41,28.41,28.43,7185846,0
20170405,29.47,29.98,27.6704,28.27,11109416,0
20170406,28.7,29.18,28.08,28.35,5867226,0
20170407,26.84,29.24,26.4,28.24,9285299,0
20170410,28.8,29.32,27.5,27.77,6549106,0
20170411,26.5,26.9308,24.95,25.33,12245320,0
20170412,25.28,26.1,24.69,24.7,8310983,0
20170413,24.44,25.139,23.66,24.72,14443044,0
20170417,24.62,25.37,24.02,24.91,8428062,0
20170418,25.16,26.31,24.98,25.4,10927840,0
20170419,26.15,28.6099,26.11,28.18,14568147,0
20170420,27.99,28.37,26.77,27.63,9477077,0
20170421,27.31,27.92,26.72,27.39,8014352,0
20170424,29.06,29.31,28.0807,28.8,10607342,0
20170425,30.01,33.5589,29.95,32.55,17096254,0
20170426,32.68,34.94,31.68,32.36,11881510,0
20170427,32.34,34.79,32.34,34.25,7837348,0
20170428,33.63,34.03,31.45,32.25,7944502,0
20170501,33.29,35.5,32.39,34.75,8919930,0
20170502,35.13,35.43,33.43,34.44,7840393,0
20170503,34.64,35.53,31.93,35.4,10882808,0
20170504,37.16,38.68,36.63,37.6,9639203,0
20170505,37.35,37.55,34.19,35.05,7981416,0
20170508,35.12,36.5,35.08,35.22,5320140,0
20170509,36.3,36.84,35.17,35.36,7262759,0
20170510,33.93,34.27,32.85,33.3,6101498,0
20170511,32.94,33.01,30.78,31.21,6949868,0
20170512,29.9,30.32,29.24,29.82,7347448,0
20170515,28.26,30.8599,28.26,29.56,6425090,0
20170516,29.33,29.44,28.65,28.98,6113218,0
20170517,27.06,28.31,26.31,27.45,10987406,0
20170518,28.32,30.3,28.1,29.87,9366577,0
20170519,28.69,29.31,28.53,29.05,6895176,0
20170522,28.3,28.4499,27.11,27.96,8433271,0
20170523,27.59,30.0752,27.16,29.88,9010703,0
20170524,30.14,31.61,28.56,28.6,11598380,0
20170525,29.52,30.34,29.08,29.48,8385605,0
20170526,28.3,29.07,28.22,28.73,5519568,0
20170530,29.7,29.9,29,29.84,5211247,0
20170531,29.61,30.53,28.7,29.46,7322538,0
20170601,30.26,30.53,29.2,29.88,6485107,0
20170602,28.6,29.64,28.28,29.37,7759948,0
20170605,28.91,30.34,28.7997,29.33,5010299,0
20170606,28.09,28.09,25.093,25.2,14810014,0
20170607,26.02,26.75,25.25,25.77,10077420,0
20170608,26.59,27.96,26.5101,27.11,9818324,0
20170609,28.46,28.6,27.51,28.43,9264809,0
20170612,28.83,29.05,27.94,28.76,5796881,0
20170613,29.34,29.34,27.32,27.91,7709318,0
20170614,26.48,31.15,26.32,30.56,14316939,0
20170615,31.65,31.79,30.21,31.22,6594887,0
20170616,31.33,31.8928,30.9,31.41,4499801,0
20170619,32.05,32.2518,30.78,31.85,5249399,0
20170620,31.8,32.75,31.76,32.52,4153084,0
20170621,32.42,32.6826,31.051,31.15,5368571,0
20170622,30.07,30.49,29.3,30,6538802,0
20170623,28.82,29.3,28.27,28.47,5766656,0
20170626,29.67,29.8,28.4401,29.23,6163849,0
20170627,28.44,30.43,28.32,30.33,4952595,0
20170628,29.9,30.8263,29.55,29.7,4173024,0
20170629,30.85,31.89,30.6194,31.52,4989955,0
20170630,31.92,31.92,30.87,31.08,3309778,0
20170703,32.86,33.68,32.6722,33.54,2911526,0
20170705,33.73,33.979,32,32.27,4177064,0
20170706,32.72,33.7,32.6,33.44,3237342,0
20170707,34.12,35.7873,33.8,34.8,3837780,0
20170710,35.79,35.88,32.6708,33.22,4979275,0
20170711,33.38,34.49,32.2609,32.59,3850425,0
20170712,31.18,32.44,30.831,32.29,5482761,0
20170713,32.23,33.43,31.68,33.31,5583383,0
20170714,31.27,31.9,30.98,31.78,5430706,0
20170717,30.95,31.16,30.35,31.09,4265883,0
20170718,30.13,30.61,29.96,30.36,5138319,0
20170719,30.45,31.06,29.9,30.35,5169287,0
20170720,30.46,30.65,29.36,29.74,6200128,0
20170721,29.07,29.91,28.95,29.46,3798013,0
20170724,29.17,31.14,29.13,30.79,5545079,0
20170725,30.65,30.65,29.41,29.87,6231738,0
20170726,30.39,30.48,26.72,27.52,9610106,0
20170727,27.17,28.9717,27.0901,28.56,6549400,0
20170728,28.19,28.446,27.22,27.31,4675706,0
20170731,27.48,27.9,26.88,27.47,4657331,0
20170801,27.8,28.22,26.66,27.59,5604580,0
