Date,Open,High,Low,Close,Volume,OpenInt
20100809,38.775,38.884,38.703,38.775,3069720,0
20100810,38.798,38.97,38.739,38.751,195303,0
20100811,38.962,38.962,38.687,38.725,281597,0
20100812,38.893,38.893,38.423,38.636,32938,0
20100813,38.739,38.739,38.612,38.62,31229,0
20100816,38.644,38.893,38.644,38.884,36435,0
20100817,38.844,38.984,38.782,38.915,278910,0
20100818,39.044,39.044,38.915,38.923,30548,0
20100819,39.06,39.06,38.798,38.884,63875,0
20100820,38.725,38.893,38.725,38.893,27580,0
20100823,38.915,38.94,38.744,38.767,61150,0
20100824,38.62,38.758,38.62,38.739,426462,0
20100825,38.687,38.703,38.575,38.687,140931,0
20100826,38.679,38.858,38.679,38.775,284028,0
20100827,38.775,38.901,38.725,38.893,211292,0
20100830,38.858,38.875,38.758,38.79,88956,0
20100831,38.782,38.782,38.679,38.711,83356,0
20100901,38.798,39.035,38.798,38.954,81084,0
20100902,39.06,39.06,38.975,39.003,46256,0
20100903,39.035,39.234,39.035,39.142,39757,0
20100907,39.107,39.107,38.962,38.962,100394,0
20100908,39.107,39.116,39.044,39.076,28495,0
20100909,39.265,39.273,39.076,39.142,153084,0
20100910,39.353,39.377,39.184,39.227,59125,0
20100913,39.565,39.565,39.412,39.552,262556,0
20100914,39.59,39.674,39.518,39.612,293631,0
20100915,39.643,39.643,39.438,39.504,200253,0
20100916,39.504,39.504,39.361,39.495,195096,0
20100917,39.527,39.557,39.384,39.527,436261,0
20100920,39.347,39.59,39.32,39.476,178593,0
20100921,39.573,39.573,39.412,39.557,52521,0
20100922,39.659,39.78,39.59,39.761,145937,0
20100923,39.674,39.738,39.476,39.667,265431,0
20100924,39.738,39.963,39.723,39.832,153793,0
20100927,39.998,40.089,39.841,40.026,288101,0
20100928,40.066,40.166,39.954,40.133,143200,0
20100929,40.243,40.281,40.173,40.235,110800,0
20100930,40.334,40.334,40.157,40.334,126013,0
20101001,40.473,40.515,40.402,40.483,414826,0
20101004,40.311,40.388,40.258,40.334,162121,0
20101005,40.564,40.822,40.458,40.785,248527,0
20101006,40.742,41.03,40.742,41.017,390278,0
20101007,41.159,41.159,40.906,41.001,424405,0
20101008,41.01,41.181,40.913,41.125,354153,0
20101011,41.133,41.203,41.01,41.021,126300,0
20101012,41.036,41.117,40.922,41.074,307664,0
20101013,41.19,41.33,41.125,41.316,267644,0
20101014,41.371,41.523,41.309,41.402,358982,0
20101015,41.424,41.438,41.22,41.262,202815,0
20101018,41.181,41.277,41.181,41.233,83046,0
20101019,40.967,41.044,40.87,40.944,287764,0
20101020,41.021,41.73,40.683,41.074,178574,0
20101021,41.125,41.203,40.837,40.937,204061,0
20101022,40.777,40.879,40.742,40.87,138162,0
20101025,40.777,40.897,40.742,40.87,192956,0
20101026,40.777,40.777,40.706,40.754,122907,0
20101027,40.633,40.633,40.293,40.388,269978,0
20101028,40.607,40.683,40.483,40.675,135015,0
20101029,40.648,40.756,40.631,40.736,107072,0
20101101,40.853,41.074,40.777,40.845,344641,0
20101102,40.913,41.021,40.87,40.959,380892,0
20101103,41.021,41.173,40.982,41.141,343579,0
20101104,41.388,41.5,41.33,41.447,412914,0
20101105,41.3,41.371,41.227,41.338,180819,0
20101108,41.141,41.141,40.913,40.967,165108,0
20101109,41.22,41.22,40.951,40.959,200675,0
20101110,40.929,40.982,40.769,40.967,366639,0
20101111,40.793,40.801,40.683,40.728,202696,0
20101112,40.658,40.666,40.418,40.498,133235,0
20101115,40.371,40.409,40.012,40.097,289855,0
20101116,39.92,39.998,39.543,39.691,241123,0
20101117,39.738,39.888,39.707,39.766,346250,0
20101118,40.173,40.272,40.066,40.258,186749,0
20101119,40.302,40.427,40.214,40.427,205051,0
20101122,40.287,40.319,40.166,40.25,112384,0
20101123,39.888,39.888,39.682,39.715,206898,0
20101124,39.832,39.897,39.745,39.809,109844,0
20101126,39.46,39.504,39.338,39.361,54572,0
20101129,39.257,39.298,39.099,39.234,172224,0
20101130,39.29,39.46,39.076,39.25,238387,0
20101201,39.338,39.604,39.338,39.573,130077,0
20101202,39.504,39.809,39.46,39.723,120439,0
20101203,39.766,39.936,39.707,39.873,78389,0
20101206,39.865,40.042,39.78,39.992,877603,0
20101207,40.089,40.119,39.857,39.998,486778,0
20101208,39.731,39.841,39.667,39.78,613549,0
20101209,39.754,39.754,39.535,39.612,384010,0
20101210,39.59,39.723,39.527,39.682,219546,0
20101213,39.723,39.723,39.62,39.652,153886,0
20101214,39.682,39.707,39.565,39.627,111348,0
20101215,39.552,39.699,39.446,39.476,529759,0
20101216,39.377,39.527,39.377,39.481,113926,0
20101217,39.46,39.476,39.377,39.377,61969,0
20101220,39.397,39.46,39.29,39.39,206651,0
20101221,39.397,39.46,39.369,39.438,193011,0
20101222,39.184,39.273,39.125,39.234,572569,0
20101223,39.22,39.329,39.206,39.257,118231,0
20101227,39.257,39.338,39.257,39.298,62239,0
20101228,39.489,39.518,39.32,39.39,111973,0
20101229,39.433,39.57,39.394,39.562,214095,0
20101230,39.68,39.824,39.657,39.808,272545,0
20101231,39.897,39.994,39.8,39.92,84778,0
20110103,39.92,40.073,39.897,40.004,250531,0
20110104,40.042,40.097,39.911,40.004,407645,0
20110105,39.905,39.936,39.802,39.92,236847,0
20110106,39.897,39.897,39.652,39.682,112508,0
20110107,39.682,39.766,39.573,39.745,339631,0
20110110,39.495,39.527,39.347,39.518,228450,0
20110111,39.604,39.652,39.46,39.612,372524,0
20110112,39.674,39.857,39.627,39.738,204646,0
20110113,39.816,39.873,39.723,39.766,111590,0
20110114,39.565,39.682,39.518,39.62,153584,0
20110118,39.557,39.738,39.067,39.597,289208,0
20110119,39.565,39.612,39.29,39.39,217768,0
20110120,39.227,39.227,38.954,39.197,170591,0
20110121,39.099,39.161,39.051,39.153,111361,0
20110124,38.946,38.996,38.775,38.908,243747,0
20110125,38.831,39.06,38.831,38.962,182454,0
20110126,39.003,39.153,38.923,39.116,234011,0
20110127,39.099,39.234,38.932,38.932,224368,0
20110128,38.975,38.975,38.612,38.679,101042,0
20110131,38.661,38.813,38.653,38.77,135870,0
20110201,38.975,38.996,38.844,38.915,720213,0
20110202,38.954,39.107,38.932,38.97,83720,0
20110203,38.954,38.97,38.798,38.908,116420,0
20110204,38.908,38.954,38.653,38.815,380774,0
20110207,38.798,38.901,38.591,38.733,372885,0
20110208,38.923,39.035,38.751,38.984,148528,0
20110209,39.06,39.06,38.831,38.946,177793,0
20110210,38.858,38.975,38.719,38.975,228770,0
20110211,38.815,38.932,38.815,38.915,94932,0
20110214,38.85,38.954,38.79,38.908,94218,0
20110215,38.94,38.94,38.893,38.893,76752,0
20110216,38.984,39.011,38.954,39.003,188819,0
20110218,39.32,39.405,39.257,39.347,214637,0
20110222,39.147,39.147,38.97,38.99,120987,0
20110223,39.027,39.027,38.884,38.923,151271,0
20110224,38.844,38.975,38.844,38.954,118217,0
20110225,39.083,39.083,38.984,39.051,189491,0
20110228,39.147,39.147,39.092,39.143,143950,0
20110301,39.167,39.176,39.02,39.035,305969,0
20110302,39.044,39.161,39.035,39.147,218148,0
20110303,39.281,39.29,39.206,39.29,185964,0
20110304,39.32,39.361,39.257,39.314,190726,0
20110307,39.306,39.353,39.257,39.281,266381,0
20110308,39.234,39.347,39.197,39.32,238437,0
20110309,39.421,39.454,39.384,39.438,114922,0
20110310,39.429,39.429,39.22,39.22,89866,0
20110311,39.338,39.421,39.257,39.405,97900,0
20110314,39.405,39.504,39.39,39.489,154293,0
20110315,39.147,39.29,38.996,39.227,203158,0
20110316,39.273,39.273,39.035,39.044,144212,0
20110317,39.17,39.192,39.095,39.137,103538,0
20110318,39.227,39.273,39.184,39.25,102481,0
20110321,39.273,39.329,39.197,39.329,109414,0
20110322,39.384,39.481,39.353,39.476,88942,0
20110323,39.377,39.543,39.353,39.535,120452,0
20110324,39.527,39.659,39.527,39.659,172574,0
20110325,39.634,39.738,39.612,39.682,253040,0
20110328,39.504,39.682,39.504,39.682,637810,0
20110329,39.634,39.766,39.557,39.766,417715,0
20110330,39.627,39.766,39.627,39.745,258073,0
20110331,39.849,39.888,39.769,39.839,965214,0
20110401,40.066,40.066,39.873,39.998,686953,0
20110404,40.066,40.214,40.049,40.181,255308,0
20110405,40.181,40.302,40.166,40.281,309420,0
20110406,40.534,40.534,40.449,40.466,874920,0
20110407,40.498,40.624,40.483,40.599,322965,0
20110408,40.692,40.828,40.692,40.785,278796,0
20110411,40.742,40.801,40.701,40.754,370264,0
20110412,40.736,40.777,40.542,40.683,485779,0
20110413,40.683,40.701,40.578,40.658,371037,0
20110414,40.607,40.722,40.557,40.715,324485,0
20110415,40.736,40.845,40.675,40.807,375355,0
20110418,40.591,40.615,40.443,40.443,393510,0
20110419,40.591,40.728,40.591,40.722,230221,0
20110420,40.906,40.995,40.837,40.967,491530,0
20110421,41.091,41.1,41.017,41.082,211053,0
20110425,41.044,41.059,40.897,40.913,301090,0
20110426,40.951,41.082,40.944,41.036,323749,0
20110427,41.059,41.059,40.929,40.988,441900,0
20110428,41.109,41.203,41.001,41.197,230541,0
20110429,41.329,41.61,41.329,41.49,243494,0
20110502,41.47,41.53,41.447,41.47,273766,0
20110503,41.342,41.421,41.267,41.342,195115,0
20110504,41.417,41.447,41.1,41.15,418795,0
20110505,41.025,41.056,40.685,40.694,372568,0
20110506,41.021,41.141,40.777,40.837,301493,0
20110509,40.888,40.975,40.828,40.951,139526,0
20110510,40.888,41.059,40.87,41.059,152617,0
20110511,41.019,41.04,40.744,40.771,288442,0
20110512,40.683,40.793,40.599,40.762,174324,0
20110513,40.742,40.762,40.427,40.542,138877,0
20110516,40.534,40.571,40.371,40.483,316323,0
20110517,40.427,40.624,40.311,40.624,355303,0
20110518,40.683,40.822,40.624,40.736,329636,0
20110519,40.879,40.988,40.822,40.982,287081,0
20110520,40.954,40.991,40.831,40.925,153735,0
20110523,40.601,40.643,40.45,40.579,181437,0
20110524,40.685,40.716,40.626,40.702,200758,0
20110525,40.526,40.608,40.474,40.572,188008,0
20110526,40.694,40.796,40.677,40.771,186189,0
20110527,40.873,41.005,40.839,41.005,321846,0
20110531,41.191,41.251,41.036,41.169,3995059,0
20110601,41.237,41.242,40.998,41.056,301800,0
20110602,41.229,41.267,41.095,41.121,415049,0
20110603,41.162,41.32,41.162,41.32,405026,0
20110606,41.25,41.443,41.215,41.242,326576,0
20110607,41.39,41.39,41.22,41.312,539446,0
20110608,41.272,41.319,41.183,41.183,134808,0
20110609,41.229,41.235,41.002,41.183,163984,0
20110610,41.265,41.265,40.975,41.084,114466,0
20110613,41.184,41.206,41.056,41.184,160617,0
20110614,41.28,41.35,41.137,41.305,371075,0
20110615,41.154,41.177,40.9,40.985,231040,0
20110616,40.773,40.834,40.695,40.834,125182,0
20110617,40.967,41.002,40.836,40.836,194404,0
20110620,40.925,40.978,40.839,40.947,151697,0
20110621,41.075,41.183,40.922,41.126,138710,0
20110622,41.205,41.241,41.102,41.199,273560,0
20110623,41.06,41.161,40.861,40.937,136588,0
20110624,40.96,40.975,40.844,40.844,355438,0
20110627,40.861,40.888,40.776,40.8,381508,0
20110628,40.937,41.205,40.836,40.96,178437,0
20110629,41.084,41.279,41.022,41.272,334152,0
20110630,41.317,41.422,41.293,41.407,197662,0
20110701,41.462,41.671,41.437,41.671,1202766,0
20110705,41.563,41.71,41.555,41.572,215207,0
20110706,41.493,41.547,41.423,41.493,114368,0
20110707,41.596,41.741,41.589,41.596,471262,0
20110708,41.671,41.718,41.589,41.702,140456,0
20110711,41.543,41.543,41.319,41.383,201700,0
20110712,41.145,41.298,41.046,41.216,486746,0
20110713,41.304,41.504,41.265,41.491,132676,0
20110714,41.459,41.584,41.427,41.427,217784,0
20110715,41.524,41.547,41.462,41.524,60538,0
20110718,41.312,41.383,41.22,41.383,1103571,0
20110719,41.524,41.672,41.446,41.672,590262,0
20110720,41.683,41.837,41.659,41.784,125396,0
20110721,41.824,42.039,41.824,42.025,316253,0
20110722,41.951,42.05,41.821,41.857,207505,0
20110725,41.821,41.998,41.789,41.958,291353,0
20110726,42.111,42.185,41.995,42.162,591730,0
20110727,42.194,42.275,42.08,42.121,408906,0
20110728,42.132,42.142,42.038,42.076,229532,0
20110729,42.117,42.225,42.111,42.184,209680,0
20110801,42.411,42.442,42.164,42.265,409015,0
20110802,42.111,42.312,42.056,42.118,446525,0
20110803,42.227,42.257,42.022,42.121,381149,0
20110804,42.052,42.189,41.798,41.815,754048,0
20110805,41.798,42.083,41.161,41.68,469413,0
20110808,41.193,41.386,40.923,41.26,513399,0
20110809,40.727,41.251,40.569,41.243,589318,0
20110810,41.243,41.251,40.814,41.061,249688,0
20110811,40.969,41.5,40.814,41.462,5061131,0
20110812,41.486,41.538,41.259,41.486,359353,0
20110815,41.874,41.874,41.656,41.781,594555,0
20110816,41.702,41.755,41.612,41.679,343191,0
20110817,41.916,41.925,41.791,41.891,333195,0
20110818,41.604,41.604,41.386,41.516,247149,0
20110819,41.604,41.686,41.486,41.604,168379,0
20110822,41.851,41.851,41.663,41.672,252158,0
20110823,41.686,41.75,41.62,41.734,318300,0
20110824,41.718,41.734,41.579,41.68,312378,0
20110825,41.656,41.71,41.462,41.507,141533,0
20110826,41.612,41.782,41.43,41.656,425950,0
20110829,41.946,42.052,41.835,41.859,347526,0
20110830,41.898,41.976,41.828,41.96,376962,0
20110831,42.028,42.089,41.928,41.989,475665,0
20110901,42.076,42.158,41.968,41.984,371752,0
20110902,41.936,42.003,41.845,41.92,204662,0
20110906,41.681,41.735,41.58,41.664,393063,0
20110907,41.761,41.841,41.639,41.833,783120,0
20110908,41.72,41.775,41.573,41.649,523015,0
20110909,41.423,41.423,41.191,41.313,499973,0
20110912,41.037,41.068,40.626,40.738,343277,0
20110913,40.592,40.709,40.441,40.505,224427,0
20110914,40.2,40.247,40.058,40.12,381132,0
20110915,40.238,40.315,40.105,40.307,480004,0
20110916,40.211,40.211,40.044,40.044,211868,0
20110919,39.382,39.382,38.96,39.126,948718,0
20110920,39.199,39.244,39.002,39.092,590129,0
20110921,38.662,38.662,38.116,38.233,1121214,0
20110922,37.477,37.515,36.742,36.804,976722,0
20110923,37.014,37.796,36.981,37.773,318480,0
20110926,37.724,37.733,37.122,37.584,932936,0
20110927,38.352,38.512,38.197,38.328,5557286,0
20110928,38.267,38.308,37.717,37.717,610437,0
20110929,38.139,38.139,37.765,37.891,216134,0
20110930,37.683,37.764,37.57,37.677,408139,0
20111003,37.568,37.679,37.172,37.358,210558,0
20111004,37.181,37.261,36.912,37.261,584918,0
20111005,37.424,37.94,37.408,37.91,335412,0
20111006,37.986,38.357,37.91,38.357,352812,0
20111007,38.657,38.657,38.333,38.43,859891,0
20111010,39.024,39.133,38.816,39.065,208829,0
20111011,38.86,39.024,38.799,39,178513,0
20111012,39.275,39.458,39.267,39.395,333998,0
20111013,39.243,39.333,39.106,39.252,240284,0
20111014,39.453,39.559,39.453,39.546,156144,0
20111017,39.527,39.552,39.236,39.236,97590,0
20111018,39.082,39.324,39.049,39.275,146666,0
20111019,39.324,39.435,39.191,39.221,197286,0
20111020,39.089,39.133,38.709,38.831,288270,0
20111021,38.886,39.065,38.886,38.993,208614,0
20111024,39.142,39.42,39.042,39.42,191062,0
20111025,39.324,39.52,39.294,39.294,212270,0
20111026,39.576,39.576,39.215,39.489,277180,0
20111027,40.182,40.527,40.003,40.507,405622,0
20111028,40.512,40.664,40.434,40.512,259590,0
20111031,40.264,40.358,39.972,40.014,214444,0
20111101,39.14,39.505,39.14,39.357,208228,0
20111102,39.468,39.648,39.468,39.576,124525,0
20111103,39.706,39.893,39.631,39.853,150568,0
20111104,39.776,39.839,39.66,39.815,84546,0
20111107,39.802,39.875,39.713,39.795,126752,0
20111108,39.98,40.104,39.875,40.104,154264,0
20111109,39.73,39.761,39.505,39.546,263781,0
20111110,39.555,39.766,39.419,39.496,250724,0
20111111,39.738,39.877,39.697,39.844,221462,0
20111114,39.752,39.76,39.481,39.505,195351,0
20111115,39.366,39.428,39.198,39.198,445959,0
20111116,39.244,39.302,39.082,39.082,261543,0
20111117,39.106,39.106,38.798,38.798,452888,0
20111118,39.096,39.113,38.932,39.014,237781,0
20111121,38.696,38.804,38.522,38.565,149076,0
20111122,38.68,38.705,38.49,38.605,157615,0
20111123,38.337,38.337,37.981,38.099,220482,0
20111125,37.951,37.997,37.7,37.736,104087,0
20111128,38.25,38.258,38.005,38.072,405408,0
20111129,38.181,38.345,38.131,38.328,313615,0
20111130,38.841,39.06,38.802,38.916,460196,0
20111201,39.113,39.228,39.081,39.16,187037,0
20111202,39.445,39.513,39.175,39.221,338539,0
20111205,39.476,39.513,39.275,39.382,190684,0
20111206,39.275,39.343,39.196,39.293,236201,0
20111207,39.124,39.43,39.124,39.43,180474,0
20111208,39.223,39.223,39.031,39.065,134912,0
20111209,39.015,39.229,39.015,39.206,241915,0
20111212,38.848,38.848,38.653,38.747,272093,0
20111213,38.762,38.842,38.49,38.514,309450,0
20111214,38.328,38.375,38.131,38.313,276776,0
20111215,38.407,38.505,38.276,38.321,337112,0
20111216,38.496,38.532,38.283,38.466,275756,0
20111219,38.36,38.467,38.283,38.353,269982,0
20111220,38.582,38.754,38.522,38.72,174485,0
20111221,38.813,38.813,38.54,38.696,229027,0
20111222,38.696,38.874,38.532,38.619,752163,0
20111223,38.653,38.835,38.653,38.804,463723,0
20111227,38.644,38.795,38.612,38.653,333932,0
20111228,38.521,38.653,38.449,38.619,496026,0
20111229,38.483,38.644,38.466,38.548,321985,0
20111230,38.758,38.758,38.492,38.525,436553,0
20120103,38.813,39.065,38.787,38.908,289975,0
20120104,38.754,38.941,38.747,38.893,159608,0
20120105,38.68,38.77,38.529,38.68,170837,0
20120106,38.889,38.889,38.551,38.577,281335,0
20120109,38.661,38.68,38.565,38.636,127282,0
20120110,38.916,39.031,38.857,39.023,227803,0
20120111,38.99,39.037,38.846,38.974,120350,0
20120112,39.13,39.212,39.062,39.165,466412,0
20120113,39.046,39.095,38.904,39.086,677280,0
20120117,39.5,39.532,39.146,39.39,350809,0
20120118,39.659,39.872,39.609,39.863,185454,0
20120119,39.994,40.158,39.946,40.158,355307,0
20120120,40.124,40.174,40.047,40.158,290213,0
20120123,40.325,40.389,40.199,40.27,244695,0
20120124,40.11,40.278,39.994,40.148,237879,0
20120125,40.174,40.478,40.071,40.411,122918,0
20120126,40.882,40.9,40.74,40.838,371320,0
20120127,40.846,40.987,40.793,40.872,419009,0
20120130,40.652,40.733,40.6,40.635,225886,0
20120131,40.979,41.021,40.752,41.008,486490,0
20120201,41.262,41.414,41.238,41.348,243679,0
20120202,41.348,41.5,41.317,41.429,443869,0
20120203,41.46,42.027,41.46,41.675,488171,0
20120206,41.598,41.77,41.469,41.715,239090,0
20120207,41.779,41.875,41.698,41.842,184760,0
20120208,41.857,41.994,41.788,41.826,360802,0
20120209,41.803,41.953,41.803,41.833,298175,0
20120210,41.659,41.659,41.421,41.515,177333,0
20120213,41.651,41.747,41.516,41.683,427284,0
20120214,41.478,41.614,41.469,41.574,323011,0
20120215,41.621,41.683,41.453,41.5,166472,0
20120216,41.293,41.598,41.27,41.574,198799,0
20120217,41.706,41.761,41.621,41.738,289845,0
20120221,41.738,41.821,41.715,41.738,682625,0
20120222,41.706,41.77,41.606,41.606,475987,0
20120223,41.813,41.883,41.738,41.883,585377,0
20120224,41.833,41.916,41.788,41.813,538858,0
20120227,41.666,41.85,41.659,41.77,412848,0
20120228,41.875,41.898,41.77,41.833,567909,0
20120229,42.009,42.139,41.793,41.865,574228,0
20120301,41.891,42.018,41.842,42.009,946740,0
20120302,41.927,41.927,41.78,41.877,973114,0
20120305,41.788,41.833,41.723,41.73,879748,0
20120306,41.365,41.444,41.283,41.324,324441,0
20120307,41.389,41.574,41.283,41.548,154268,0
20120308,41.708,41.918,41.645,41.9,163069,0
20120309,41.835,41.868,41.78,41.828,229402,0
20120312,41.59,41.621,41.492,41.598,133682,0
20120313,41.478,41.659,41.436,41.621,167900,0
20120314,41.406,41.421,41.192,41.192,339629,0
20120315,41.276,41.382,41.252,41.309,464376,0
20120316,41.3,41.5,41.292,41.436,164859,0
20120319,41.428,41.598,41.428,41.573,223653,0
20120320,41.269,41.339,41.184,41.324,383368,0
20120321,41.261,41.331,41.184,41.184,222779,0
20120322,41.091,41.152,41.02,41.101,219197,0
20120323,41.161,41.339,41.126,41.339,211764,0
20120326,41.478,41.53,41.436,41.53,273793,0
20120327,41.469,41.524,41.444,41.5,390735,0
20120328,41.374,41.444,41.276,41.317,285125,0
20120329,41.152,41.347,41.117,41.339,320418,0
20120330,41.415,41.446,41.234,41.422,195958,0
20120402,41.389,41.574,41.317,41.493,248929,0
20120403,41.486,41.668,41.445,41.508,401975,0
20120404,41.252,41.454,41.252,41.414,619737,0
20120405,41.292,41.347,41.252,41.324,150612,0
20120409,41.109,41.261,41.109,41.184,190845,0
20120410,41.057,41.073,40.842,40.913,309542,0
20120411,40.953,41.169,40.929,40.929,673769,0
20120412,41.073,41.292,41.073,41.191,153334,0
20120413,41.2,41.238,40.969,41.026,383113,0
20120416,41.082,41.082,40.953,41.066,279789,0
20120417,41.095,41.249,41.095,41.211,301598,0
20120418,41.034,41.191,41.034,41.09,410410,0
20120419,41.073,41.117,41.02,41.043,221941,0
20120420,41.134,41.276,41.134,41.215,112656,0
20120423,41.082,41.134,41.026,41.1,200175,0
20120424,41.169,41.238,41.126,41.134,239683,0
20120425,41.324,41.347,41.223,41.347,252331,0
20120426,41.317,41.436,41.31,41.429,214598,0
20120427,41.429,41.557,41.414,41.461,267265,0
20120430,41.527,41.552,41.447,41.48,209087,0
20120501,41.499,41.572,41.458,41.546,215373,0
20120502,41.461,41.592,41.34,41.54,314668,0
20120503,41.546,41.613,41.476,41.505,227128,0
20120504,41.522,41.58,41.403,41.458,271808,0
20120507,41.365,41.461,41.317,41.414,215103,0
20120508,41.223,41.31,41.073,41.191,213864,0
20120509,40.909,40.909,40.708,40.783,317313,0
20120510,40.783,40.94,40.783,40.854,240727,0
20120511,40.745,40.837,40.666,40.716,268691,0
20120514,40.429,40.446,40.334,40.349,282168,0
20120515,40.156,40.262,39.976,39.999,626982,0
20120516,39.908,40.004,39.817,39.86,507238,0
20120517,39.78,39.843,39.556,39.695,425327,0
20120518,39.628,39.744,39.351,39.483,639324,0
20120521,39.581,39.803,39.523,39.788,511337,0
20120522,39.695,39.869,39.541,39.59,410455,0
20120523,39.455,39.462,39.1,39.274,376376,0
20120524,39.396,39.447,39.109,39.203,288530,0
20120525,39.266,39.292,39.109,39.18,246763,0
20120529,39.309,39.412,39.203,39.366,419639,0
20120530,39.15,39.15,38.964,38.993,200934,0
20120531,38.856,38.934,38.629,38.856,285002,0
20120601,38.507,38.866,38.507,38.828,226602,0
20120604,38.759,39.084,38.759,39.025,321339,0
20120605,39.057,39.217,39.031,39.192,277528,0
20120606,39.427,39.694,39.419,39.685,222723,0
20120607,39.861,39.963,39.719,39.719,143026,0
20120608,39.498,39.728,39.453,39.676,81205,0
20120611,39.78,39.788,39.396,39.404,247173,0
20120612,39.438,39.541,39.396,39.532,82064,0
20120613,39.572,39.752,39.55,39.677,201373,0
20120614,39.523,39.772,39.508,39.766,1043352,0
20120615,39.802,39.894,39.78,39.861,421710,0
20120618,39.736,39.963,39.736,39.963,364248,0
20120619,40.149,40.311,40.054,40.287,303436,0
20120620,40.234,40.374,40.175,40.271,208341,0
20120621,40.175,40.183,39.834,39.844,169207,0
20120622,40.119,40.119,39.868,39.977,119219,0
20120625,39.736,39.852,39.703,39.826,111035,0
20120626,39.759,40.021,39.759,39.999,132558,0
20120627,39.97,40.095,39.944,40.055,86914,0
20120628,39.909,39.97,39.802,39.963,272271,0
20120629,40.514,40.717,40.436,40.717,155790,0
20120702,40.57,40.802,40.57,40.761,144173,0
20120703,40.949,41.124,40.892,41.072,125503,0
20120705,40.935,41.012,40.829,40.829,155627,0
20120706,40.551,40.693,40.551,40.693,242586,0
20120709,40.553,40.761,40.553,40.724,102397,0
20120710,40.884,40.91,40.74,40.785,63937,0
20120711,40.83,40.996,40.822,40.91,67463,0
20120712,40.598,40.802,40.598,40.768,94718,0
20120713,40.8,41.098,40.8,41.04,315583,0
20120716,41.081,41.175,41.064,41.151,451597,0
20120717,41.331,41.331,41.114,41.309,118062,0
20120718,41.384,41.408,41.3,41.408,159758,0
20120719,41.375,41.568,41.375,41.495,139534,0
20120720,41.325,41.43,41.3,41.348,133953,0
20120723,41.019,41.024,40.838,40.949,230867,0
20120724,40.898,40.898,40.635,40.742,104186,0
20120725,40.882,41.003,40.838,40.935,99561,0
20120726,41.2,41.34,41.175,41.317,90199,0
20120727,41.332,41.542,41.269,41.488,64159,0
20120730,41.471,41.495,41.408,41.43,88611,0
20120731,41.555,41.615,41.417,41.457,155760,0
20120801,41.455,41.625,41.4,41.446,187034,0
20120802,41.43,41.488,41.087,41.213,226301,0
20120803,41.559,41.891,41.559,41.728,61337,0
20120806,41.883,41.917,41.777,41.793,82604,0
20120807,41.778,41.857,41.778,41.812,67168,0
20120808,41.648,41.891,41.648,41.857,69636,0
20120809,41.786,41.857,41.777,41.793,95961,0
20120810,41.695,41.794,41.634,41.778,67106,0
20120813,41.695,41.72,41.585,41.68,50179,0
20120814,41.672,41.687,41.585,41.663,137247,0
20120815,41.568,41.618,41.518,41.559,108555,0
20120816,41.534,41.61,41.48,41.559,72683,0
20120817,41.471,41.501,41.347,41.488,110159,0
20120820,41.495,41.502,41.415,41.502,104356,0
20120821,41.641,41.68,41.534,41.568,91278,0
20120822,41.55,41.687,41.48,41.687,125403,0
20120823,41.745,41.786,41.68,41.745,59578,0
20120824,41.625,41.695,41.51,41.641,105188,0
20120827,41.721,41.721,41.542,41.55,99767,0
20120828,41.51,41.585,41.501,41.533,119384,0
20120829,41.422,41.422,41.309,41.365,213499,0
20120830,41.357,41.357,41.229,41.291,126532,0
20120831,41.449,41.598,41.341,41.555,107157,0
20120904,41.416,41.611,41.416,41.577,89983,0
20120905,41.536,41.651,41.497,41.63,123499,0
20120906,41.611,41.877,41.611,41.836,264004,0
20120907,41.999,42.104,41.929,42.046,180774,0
20120910,41.988,42.108,41.988,42.05,58599,0
20120911,42.05,42.25,42.05,42.24,110410,0
20120912,42.201,42.201,42.066,42.142,91682,0
20120913,42.074,42.357,42.02,42.316,133292,0
20120914,42.471,42.656,42.471,42.606,258467,0
20120917,42.452,42.545,42.402,42.452,94983,0
20120918,42.76,42.76,42.362,42.438,132801,0
20120919,42.352,42.431,42.304,42.407,76407,0
20120920,42.146,42.321,42.128,42.213,102842,0
20120921,42.457,42.457,42.311,42.311,112401,0
20120924,42.33,42.352,42.245,42.338,2227864,0
20120925,42.457,42.543,42.345,42.407,79326,0
20120926,42.304,42.497,42.204,42.338,108392,0
20120927,42.399,42.51,42.321,42.504,141330,0
20120928,42.479,42.503,42.376,42.436,268877,0
20121001,42.516,42.549,42.399,42.438,95975,0
20121002,42.572,42.572,42.462,42.505,84148,0
20121003,42.539,42.539,42.444,42.505,209896,0
20121004,42.572,42.645,42.505,42.645,152175,0
20121005,42.679,42.696,42.485,42.485,152263,0
20121008,42.38,42.38,42.245,42.352,116079,0
20121009,42.399,42.399,42.221,42.235,120312,0
20121010,42.274,42.33,42.235,42.267,64027,0
20121011,42.438,42.488,42.38,42.438,94791,0
20121012,42.462,42.547,42.419,42.485,75239,0
20121015,42.504,42.516,42.448,42.516,88038,0
20121016,42.663,42.691,42.58,42.682,121378,0
20121017,42.736,42.9,42.736,42.843,149767,0
20121018,42.712,42.891,42.712,42.824,175319,0
20121019,42.874,42.874,42.719,42.734,411141,0
20121022,42.841,42.865,42.696,42.785,173929,0
20121023,42.582,42.6,42.489,42.582,98094,0
20121024,42.564,42.654,42.501,42.521,224038,0
20121025,42.645,42.743,42.579,42.612,301011,0
20121026,42.654,42.67,42.564,42.637,216203,0
20121031,42.792,42.799,42.635,42.702,114077,0
20121101,42.727,42.81,42.661,42.8,296752,0
20121102,42.734,42.758,42.612,42.689,254701,0
20121105,42.679,42.696,42.564,42.67,106428,0
20121106,42.772,42.88,42.725,42.815,80761,0
20121107,42.815,42.831,42.701,42.807,71962,0
20121108,42.75,42.791,42.694,42.731,70999,0
20121109,42.569,42.791,42.569,42.676,490615,0
20121112,42.752,42.752,42.629,42.689,109273,0
20121113,42.594,42.637,42.539,42.539,227163,0
20121114,42.67,42.679,42.547,42.547,161662,0
20121115,42.621,42.654,42.505,42.612,160898,0
20121116,42.625,42.658,42.518,42.65,253957,0
20121119,42.818,42.882,42.758,42.841,104084,0
20121120,42.849,42.882,42.775,42.8,127612,0
20121121,42.849,42.858,42.758,42.824,71763,0
20121123,42.944,42.994,42.839,42.951,79560,0
20121126,43.003,43.042,42.951,43.027,231721,0
20121127,43.003,43.036,42.936,42.944,278654,0
20121128,42.936,43.042,42.903,43.036,218308,0
20121129,43.143,43.157,43.042,43.083,232419,0
20121130,43.045,43.161,43.029,43.104,453990,0
20121203,43.165,43.173,43.067,43.143,411010,0
20121204,43.193,43.249,43.167,43.249,308518,0
20121205,43.238,43.385,43.238,43.362,116776,0
20121206,43.393,43.484,43.37,43.468,435754,0
20121207,43.443,43.502,43.385,43.493,125488,0
20121210,43.493,43.533,43.452,43.525,238974,0
20121211,43.575,43.637,43.533,43.597,84766,0
20121212,43.614,43.741,43.614,43.723,325510,0
20121213,43.621,43.637,43.518,43.605,198144,0
20121214,43.597,43.706,43.567,43.706,151323,0
20121217,43.567,43.643,43.55,43.637,100984,0
20121218,43.678,43.758,43.597,43.723,293838,0
20121219,43.765,43.805,43.706,43.772,207940,0
20121220,43.797,43.829,43.706,43.814,157997,0
20121221,43.542,43.651,43.518,43.614,194357,0
20121224,43.307,43.347,43.207,43.279,69305,0
20121226,43.37,43.393,43.245,43.378,226676,0
20121227,43.143,43.567,42.96,43.518,149937,0
20121228,43.378,43.56,43.378,43.443,221749,0
20121231,43.513,43.687,43.453,43.687,210900,0
20130102,43.723,43.915,43.714,43.888,1809041,0
20130103,44.152,44.152,43.621,43.697,719615,0
20130104,43.758,43.758,43.55,43.614,992291,0
20130107,43.906,43.906,43.614,43.63,311173,0
20130108,43.678,43.772,43.533,43.66,595798,0
20130109,43.665,43.711,43.627,43.702,263329,0
20130110,43.77,43.841,43.72,43.834,422343,0
20130111,43.836,43.871,43.651,43.765,536668,0
20130114,43.88,43.888,43.75,43.888,289665,0
20130115,43.78,43.851,43.669,43.741,567245,0
20130116,43.772,43.787,43.723,43.758,340978,0
20130117,43.836,43.986,43.758,43.896,649907,0
20130118,43.855,43.855,43.737,43.754,406689,0
20130122,43.785,43.793,43.665,43.763,295775,0
20130123,43.741,43.764,43.643,43.687,430531,0
20130124,43.674,43.77,43.641,43.711,175044,0
20130125,43.737,43.776,43.684,43.72,215644,0
20130128,43.547,43.555,43.438,43.464,424803,0
20130129,43.555,43.674,43.53,43.674,256073,0
20130130,43.594,43.641,43.547,43.601,357609,0
20130131,43.63,43.66,43.499,43.613,551477,0
20130201,43.78,43.829,43.62,43.705,390910,0
20130204,43.537,43.693,43.53,43.618,448671,0
20130205,43.705,43.858,43.668,43.814,323135,0
20130206,43.732,43.732,43.62,43.705,295244,0
20130207,43.805,43.805,43.636,43.668,293621,0
20130208,43.705,43.741,43.62,43.714,222538,0
20130211,43.659,43.805,43.62,43.805,133405,0
20130212,43.722,43.88,43.705,43.863,226602,0
20130213,43.805,43.88,43.805,43.844,139471,0
20130214,43.897,43.935,43.732,43.897,342426,0
20130215,44.009,44.009,43.787,43.858,156663,0
20130219,43.987,43.987,43.822,43.906,271727,0
20130220,43.863,43.97,43.722,43.732,429018,0
20130221,43.687,43.687,43.566,43.62,228636,0
20130222,43.732,43.741,43.596,43.722,173927,0
20130225,43.871,43.871,43.531,43.558,201922,0
20130226,43.659,43.668,43.5,43.566,243737,0
20130227,43.583,43.732,43.491,43.714,116703,0
20130228,43.602,43.696,43.571,43.571,988941,0
20130301,43.476,43.567,43.416,43.567,547305,0
20130304,43.5,43.573,43.441,43.573,381267,0
20130305,43.651,43.724,43.605,43.707,242027,0
20130306,43.714,43.714,43.523,43.566,378457,0
20130307,43.715,43.715,43.613,43.698,333080,0
20130308,43.715,43.766,43.597,43.742,230347,0
20130311,43.687,43.722,43.604,43.687,193129,0
20130312,43.696,43.78,43.636,43.75,323755,0
20130313,43.732,43.732,43.573,43.643,316678,0
20130314,43.63,43.636,43.516,43.604,336371,0
20130315,43.66,43.66,43.549,43.589,583954,0
20130318,43.516,43.549,43.416,43.491,236942,0
20130319,43.475,43.508,43.311,43.424,496909,0
20130320,43.45,43.492,43.399,43.457,220726,0
20130321,43.408,43.457,43.326,43.335,158440,0
20130322,43.424,43.432,43.303,43.408,268503,0
20130325,43.441,43.441,43.303,43.343,426305,0
20130326,43.285,43.432,43.285,43.382,233024,0
20130327,43.311,43.359,43.234,43.335,383217,0
20130328,43.303,43.424,43.303,43.353,372136,0
20130401,43.39,43.432,43.335,43.39,363334,0
20130402,43.389,43.431,43.301,43.324,339027,0
20130403,43.359,43.39,43.275,43.335,340236,0
20130404,43.351,43.414,43.247,43.381,212201,0
20130405,43.431,43.741,43.423,43.714,298849,0
20130408,43.831,43.945,43.815,43.89,257159,0
20130409,43.962,44.167,43.962,44.142,195279,0
20130410,44.218,44.274,44.175,44.26,277800,0
20130411,44.259,44.3,44.2,44.29,217144,0
20130412,44.235,44.253,44.134,44.218,171969,0
20130415,44.125,44.125,43.865,43.89,147475,0
20130416,44.093,44.192,44.039,44.185,241817,0
20130417,44.055,44.11,43.867,43.946,165726,0
20130418,44.012,44.054,43.881,43.972,457239,0
20130419,44.093,44.1,43.918,43.962,235463,0
20130422,43.918,44.046,43.845,44.012,290865,0
20130423,44.046,44.086,43.972,44.004,202135,0
20130424,43.945,44.158,43.945,44.142,120143,0
20130425,44.218,44.342,44.185,44.274,228591,0
20130426,44.335,44.335,44.21,44.291,446072,0
20130429,44.464,44.481,44.375,44.443,845258,0
20130430,44.456,44.471,44.333,44.434,458594,0
20130501,44.464,44.464,44.301,44.309,465640,0
20130502,44.379,44.445,44.337,44.429,467698,0
20130503,44.492,44.585,44.492,44.57,633802,0
20130506,44.591,44.598,44.515,44.541,317323,0
20130507,44.562,44.686,44.562,44.637,311289,0
20130508,44.686,44.853,44.686,44.818,392961,0
20130509,44.843,44.868,44.62,44.716,423505,0
20130510,44.562,44.593,44.303,44.5,851392,0
20130513,44.457,44.481,44.327,44.443,528370,0
20130514,44.417,44.426,44.218,44.218,682296,0
20130515,44.158,44.218,44.02,44.086,386091,0
20130516,44.054,44.149,44.012,44.063,581655,0
20130517,43.991,43.991,43.838,43.891,557927,0
20130520,43.962,43.962,43.845,43.873,297691,0
20130521,43.758,43.845,43.643,43.807,522340,0
20130522,43.956,43.973,43.481,43.531,372273,0
20130523,43.431,43.455,43.3,43.439,373573,0
20130524,43.256,43.333,43.173,43.247,510469,0
20130528,43.165,43.181,42.85,42.85,1105186,0
20130529,42.589,42.589,42.364,42.453,525191,0
20130530,42.237,42.269,42.126,42.196,821578,0
20130531,41.97,41.97,41.611,41.7,724699,0
20130603,41.615,41.686,41.414,41.678,796946,0
20130604,41.703,41.924,41.598,41.837,439445,0
20130605,41.789,41.789,41.238,41.382,681391,0
20130606,41.271,41.59,41.148,41.572,722162,0
20130607,41.436,41.59,41.215,41.215,494515,0
20130610,40.901,40.95,40.425,40.641,553077,0
20130611,40.28,40.338,39.982,40.046,2186217,0
20130612,40.641,40.658,40.317,40.434,1229578,0
20130613,40.566,41.224,40.514,41.123,1008582,0
20130614,41.313,41.48,41.103,41.23,455379,0
20130617,41.287,41.429,40.935,40.968,466122,0
20130618,40.585,40.664,40.491,40.555,826592,0
20130619,40.909,40.926,39.888,40.004,682623,0
20130620,39.382,39.487,38.732,39.019,956285,0
20130621,39.212,39.456,38.889,38.906,1340158,0
20130624,38.732,39.253,38.164,39.046,996276,0
20130625,39.396,39.596,39.204,39.305,1089131,0
20130626,39.487,39.655,39.278,39.396,577747,0
20130627,39.818,40.127,39.778,40.105,711767,0
20130628,39.622,40.106,39.52,40.03,1250345,0
20130701,39.998,40.163,39.835,40.036,1242898,0
20130702,39.998,40.097,39.688,39.826,1374125,0
20130703,39.539,39.708,39.487,39.664,306667,0
20130705,39.471,39.518,39.061,39.147,483005,0
20130708,39.236,39.44,39.155,39.43,1694827,0
20130709,39.528,39.628,39.438,39.536,861266,0
20130710,39.604,39.604,39.464,39.495,361096,0
20130711,39.765,39.921,39.604,39.81,675250,0
20130712,39.645,39.975,39.635,39.769,625819,0
20130715,39.794,40.153,39.749,40.097,217681,0
20130716,40.171,40.255,40.019,40.127,308844,0
20130717,40.25,40.351,40.138,40.268,315737,0
20130718,40.143,40.321,39.948,40.127,1598873,0
20130719,40.127,40.197,40.019,40.171,661252,0
20130722,40.239,40.346,40.197,40.33,405163,0
20130723,40.355,40.555,40.304,40.513,479915,0
20130724,40.294,40.421,40.121,40.214,268190,0
20130725,39.958,40.207,39.939,40.127,246906,0
20130726,40.054,40.127,39.911,39.975,268097,0
20130729,39.878,39.99,39.777,39.777,149117,0
20130730,39.862,39.862,39.603,39.74,458149,0
20130731,39.581,39.734,39.389,39.708,245487,0
20130801,39.766,39.766,39.389,39.389,289915,0
20130802,39.494,39.764,39.42,39.697,179396,0
20130805,39.697,39.87,39.688,39.802,161981,0
20130806,39.889,39.923,39.78,39.855,119488,0
20130807,39.793,39.793,39.628,39.655,454999,0
20130808,39.826,40.063,39.826,40.036,318207,0
20130809,40.019,40.163,39.99,40.097,275596,0
20130812,40.019,40.063,39.785,39.975,291731,0
20130813,39.766,39.788,39.622,39.672,195091,0
20130814,39.578,39.697,39.518,39.603,161251,0
20130815,39.387,39.438,39.202,39.355,112607,0
20130816,39.314,39.374,39.096,39.162,224419,0
20130819,38.987,38.987,38.706,38.75,316691,0
20130820,38.642,38.803,38.642,38.803,1311932,0
20130821,38.503,38.513,38.099,38.15,714474,0
20130822,37.966,38.277,37.957,38.139,705612,0
20130823,38.332,38.661,38.217,38.642,403202,0
20130826,38.715,38.715,38.35,38.444,360643,0
20130827,37.989,38.159,37.877,38.098,450599,0
20130828,37.923,38.176,37.891,38.034,567325,0
20130829,38.078,38.192,37.989,38.016,218415,0
20130830,38.277,38.277,37.981,38.016,219198,0
20130903,38.017,38.045,37.877,37.95,201905,0
20130904,38.093,38.194,38.026,38.109,70945,0
20130905,38.062,38.062,37.862,37.968,349115,0
20130906,38.161,38.368,38.08,38.287,375029,0
20130909,38.532,38.68,38.486,38.585,292626,0
20130910,38.691,38.754,38.506,38.571,2238370,0
20130911,38.706,38.993,38.642,38.971,232990,0
20130912,38.939,39.104,38.92,38.993,225316,0
20130913,39.031,39.076,38.874,39.006,243967,0
20130916,39.473,39.622,39.473,39.604,406359,0
20130917,39.527,39.588,39.387,39.518,344481,0
20130918,39.596,40.569,39.501,40.452,320257,0
20130919,40.776,40.802,40.56,40.723,1158687,0
20130920,40.59,40.616,40.147,40.21,620624,0
20130923,40.138,40.258,40.13,40.147,536023,0
20130924,40.039,40.166,39.922,40.03,319083,0
20130925,39.941,39.999,39.794,39.819,596118,0
20130926,39.827,39.897,39.655,39.765,473738,0
20130927,39.603,39.646,39.511,39.527,175054,0
20130930,39.518,39.578,39.455,39.501,501676,0
20131001,39.749,39.758,39.568,39.588,962851,0
20131002,39.67,39.846,39.646,39.802,773353,0
20131003,39.802,39.88,39.765,39.836,257349,0
20131004,39.999,40.03,39.827,39.993,674069,0
20131007,39.96,40.013,39.888,39.941,353474,0
20131008,39.951,40.066,39.794,39.827,200591,0
20131009,39.951,39.976,39.811,39.969,226240,0
20131010,39.983,40.147,39.96,40.123,683951,0
20131011,40.106,40.201,40.106,40.138,230693,0
20131014,40.106,40.275,40.066,40.235,314039,0
20131015,40.09,40.285,40.082,40.157,213865,0
20131016,40.275,40.469,40.251,40.399,360702,0
20131017,40.598,40.851,40.598,40.851,419980,0
20131018,40.949,40.949,40.731,40.738,175413,0
20131021,40.672,40.76,40.583,40.589,159768,0
20131022,40.817,40.998,40.794,40.949,119292,0
20131023,40.935,41.053,40.833,41.006,303690,0
20131024,40.976,41.069,40.949,40.984,208749,0
20131025,41.036,41.219,41.029,41.161,198577,0
20131028,41.053,41.202,40.99,41.142,182714,0
20131029,40.949,41.106,40.899,40.935,117369,0
20131030,40.935,41.053,40.76,40.809,149050,0
20131031,40.751,40.777,40.415,40.451,278618,0
20131101,40.189,40.25,39.957,40.079,329759,0
20131104,40.234,40.234,40.063,40.105,167158,0
20131105,39.833,39.887,39.703,39.703,179557,0
20131106,39.878,39.981,39.737,39.981,682520,0
20131107,39.816,39.957,39.632,39.632,131395,0
20131108,39.466,39.522,39.278,39.45,525156,0
20131111,39.297,39.297,39.034,39.113,194437,0
20131112,39.061,39.236,38.97,39.061,216256,0
20131113,39.123,39.253,39.069,39.204,331085,0
20131114,39.236,39.458,39.211,39.422,399469,0
20131115,39.497,39.591,39.48,39.583,119994,0
20131118,39.792,39.792,39.651,39.703,134831,0
20131119,39.721,39.768,39.607,39.684,233537,0
20131120,39.632,39.694,39.314,39.321,190071,0
20131121,39.154,39.288,39.078,39.204,199002,0
20131122,39.211,39.459,39.188,39.39,263528,0
20131125,39.297,39.376,39.22,39.253,608097,0
20131126,39.194,39.288,39.043,39.211,164759,0
20131127,39.078,39.204,39.015,39.043,604149,0
20131129,39.069,39.179,39.015,39.142,181174,0
20131202,38.985,39.051,38.874,38.883,301103,0
20131203,38.865,38.975,38.789,38.975,375054,0
20131204,38.746,38.874,38.734,38.865,333005,0
20131205,38.816,39.069,38.816,38.936,245812,0
20131206,39.133,39.322,39.043,39.17,348580,0
20131209,39.332,39.39,39.194,39.227,329136,0
20131210,39.297,39.414,39.269,39.332,432644,0
20131211,39.278,39.342,39.142,39.22,181889,0
20131212,39.123,39.211,39.033,39.188,367136,0
20131213,39.262,39.262,39.142,39.22,206825,0
20131216,39.244,39.384,39.17,39.211,954206,0
20131217,39.147,39.253,39.133,39.179,367982,0
20131218,39.007,39.443,38.992,39.262,458339,0
20131219,38.96,39.043,38.807,38.943,736093,0
20131220,38.936,39.007,38.78,38.918,415844,0
20131223,38.771,38.96,38.734,38.771,409516,0
20131224,38.964,39.028,38.859,38.888,262754,0
20131226,38.94,39.048,38.766,38.964,462881,0
20131227,38.775,39.028,38.775,38.98,398135,0
20131230,38.784,39.048,38.742,39.048,818275,0
20131231,38.989,39.029,38.859,39.029,518971,0
20140102,38.639,38.742,38.597,38.694,267098,0
20140103,38.613,38.749,38.606,38.694,284537,0
20140106,38.639,38.758,38.589,38.589,429876,0
20140107,38.829,38.843,38.686,38.728,273391,0
20140108,38.649,38.713,38.448,38.49,372567,0
20140109,38.507,38.589,38.421,38.524,212429,0
20140110,38.737,38.85,38.72,38.843,124331,0
20140113,38.85,38.932,38.677,38.704,180219,0
20140114,38.792,38.869,38.694,38.749,244074,0
20140115,38.589,38.677,38.536,38.639,214722,0
20140116,38.49,38.581,38.44,38.474,314700,0
20140117,38.474,38.536,38.376,38.465,155323,0
20140121,38.304,38.385,38.201,38.226,300598,0
20140122,38.259,38.327,38.183,38.183,288579,0
20140123,38.168,38.168,37.872,37.912,404015,0
20140124,37.732,37.732,37.378,37.496,1166848,0
20140127,37.659,37.692,37.448,37.554,491922,0
20140128,37.488,37.856,37.488,37.74,857618,0
20140129,37.598,37.682,37.421,37.538,393961,0
20140130,37.644,37.71,37.546,37.652,363116,0
20140131,37.406,37.546,37.304,37.438,303949,0
20140203,37.34,37.421,37.111,37.159,331821,0
20140204,37.52,37.607,37.421,37.607,675503,0
20140205,37.635,37.71,37.57,37.668,675276,0
20140206,37.811,37.987,37.784,37.92,695870,0
20140207,37.938,38.023,37.881,37.963,330408,0
20140210,37.828,37.888,37.793,37.881,212612,0
20140211,37.865,38.052,37.856,37.971,231024,0
20140212,38.078,38.085,37.92,37.978,454831,0
20140213,37.938,38.123,37.873,38.123,579070,0
20140214,38.22,38.328,38.17,38.312,104688,0
20140218,38.261,38.32,38.212,38.297,207344,0
20140219,38.15,38.288,38.069,38.091,450994,0
20140220,38.123,38.204,38.078,38.14,694217,0
20140221,38.186,38.37,38.17,38.312,262821,0
20140224,38.479,38.549,38.38,38.486,206997,0
20140225,38.486,38.52,38.37,38.415,156795,0
20140226,38.362,38.362,38.203,38.235,353400,0
20140227,38.261,38.486,38.227,38.424,161545,0
20140228,38.549,38.558,38.362,38.511,310544,0
20140303,38.211,38.261,38.097,38.123,358757,0
20140304,38.328,38.443,38.328,38.424,348678,0
20140305,38.424,38.54,38.355,38.493,360196,0
20140306,38.61,38.798,38.61,38.734,256556,0
20140307,38.61,38.61,38.405,38.486,424712,0
20140310,38.528,38.528,38.37,38.451,136057,0
20140311,38.461,38.493,38.235,38.313,160782,0
20140312,38.219,38.313,38.185,38.308,191362,0
20140313,38.478,38.493,38.16,38.177,264858,0
20140314,38.37,38.37,38.185,38.313,138937,0
20140317,38.405,38.493,38.355,38.461,201780,0
20140318,38.478,38.558,38.397,38.52,193181,0
20140319,38.611,38.644,38.298,38.308,178910,0
20140320,38.244,38.424,38.227,38.252,302955,0
20140321,38.32,38.451,38.288,38.337,152462,0
20140324,38.443,38.529,38.362,38.443,130130,0
20140325,38.618,38.71,38.529,38.655,137999,0
20140326,38.71,38.858,38.71,38.725,586142,0
20140327,38.827,38.972,38.756,38.947,260361,0
20140328,39.065,39.202,38.532,39.039,134928,0
20140331,39.235,39.268,39.178,39.252,333091,0
20140401,39.315,39.435,39.226,39.425,444505,0
20140402,39.297,39.376,39.219,39.288,644271,0
20140403,39.297,39.297,39.065,39.168,119664,0
20140404,39.384,39.416,39.278,39.306,245892,0
20140407,39.391,39.493,39.219,39.391,228500,0
20140408,39.709,39.792,39.63,39.719,252013,0
20140409,39.745,39.887,39.657,39.783,114373,0
20140410,39.807,39.912,39.665,39.833,237403,0
20140411,39.767,39.861,39.709,39.8,108893,0
20140414,39.783,40.006,39.579,39.604,208843,0
20140415,39.613,39.665,39.358,39.5,172215,0
20140416,39.493,39.569,39.435,39.536,166544,0
20140417,39.545,39.665,39.493,39.665,70064,0
20140421,39.767,39.767,39.5,39.536,70166,0
20140422,39.424,39.483,39.357,39.415,86649,0
20140423,39.305,39.444,39.287,39.366,81024,0
20140424,39.46,39.492,39.314,39.407,96639,0
20140425,39.331,39.415,39.225,39.242,125930,0
20140428,39.314,39.384,39.296,39.35,168603,0
20140429,39.492,39.527,39.424,39.444,127147,0
20140430,39.477,39.517,39.407,39.483,113805,0
20140501,39.5,39.604,39.5,39.555,178004,0
20140502,39.483,39.728,39.483,39.613,201062,0
20140505,39.719,39.719,39.589,39.622,2201792,0
20140506,39.753,39.87,39.719,39.8,122206,0
20140507,39.888,40.059,39.862,40.059,108426,0
20140508,40.163,40.317,40.153,40.198,133939,0
20140509,40.126,40.226,40.085,40.153,132904,0
20140512,40.153,40.284,40.085,40.216,43876,0
20140513,40.308,40.334,40.216,40.298,133115,0
20140514,40.29,40.455,40.29,40.409,76949,0
20140515,40.343,40.438,40.208,40.267,446349,0
20140516,40.308,40.473,40.216,40.429,129122,0
20140519,40.359,40.574,40.351,40.557,118135,0
20140520,40.274,40.438,40.274,40.367,164156,0
20140521,40.393,40.574,40.393,40.507,62639,0
20140522,40.634,40.661,40.483,40.566,80126,0
20140523,40.588,40.69,40.531,40.624,69444,0
20140527,40.513,40.588,40.446,40.513,98636,0
20140528,40.429,40.513,40.419,40.464,187094,0
20140529,40.574,40.652,40.548,40.634,93014,0
20140530,40.588,40.614,40.473,40.483,148784,0
20140602,40.438,40.438,40.24,40.257,126933,0
20140603,40.334,40.375,40.187,40.24,137004,0
20140604,40.187,40.24,40.118,40.143,149453,0
20140605,40.289,40.409,40.289,40.366,81235,0
20140606,40.643,40.798,40.606,40.732,155993,0
20140609,40.812,40.838,40.74,40.754,155481,0
20140610,40.812,40.812,40.661,40.723,101797,0
20140611,40.652,40.681,40.566,40.566,52102,0
20140612,40.716,40.732,40.671,40.671,114226,0
20140613,40.652,40.763,40.574,40.706,52646,0
20140616,40.614,40.643,40.513,40.513,66956,0
20140617,40.499,40.499,40.283,40.358,107582,0
20140618,40.446,40.716,40.366,40.652,53481,0
20140619,40.706,40.716,40.541,40.541,44721,0
20140620,40.531,40.606,40.513,40.557,57291,0
20140623,40.681,40.724,40.588,40.643,57432,0
20140624,40.716,40.799,40.661,40.706,68895,0
20140625,40.829,40.896,40.771,40.822,45346,0
20140626,40.78,40.948,40.716,40.932,176994,0
20140627,40.906,41.056,40.876,40.966,126817,0
20140630,41.015,41.072,40.939,41.02,203165,0
20140701,41.029,41.081,40.957,41.029,162826,0
20140702,40.886,41.056,40.876,40.939,45771,0
20140703,40.924,41.181,40.876,40.989,99636,0
20140707,41.015,41.11,40.966,41.005,88582,0
20140708,41.255,41.315,41.223,41.289,139112,0
20140709,41.37,41.464,41.331,41.464,126786,0
20140710,41.264,41.351,41.199,41.341,92067,0
20140711,41.191,41.28,41.191,41.223,56103,0
20140714,41.272,41.28,41.199,41.272,143664,0
20140715,41.191,41.23,41.038,41.056,96888,0
20140716,41.199,41.223,41.1,41.146,142115,0
20140717,41.156,41.165,40.813,40.838,518193,0
20140718,41.056,41.165,41.005,41.081,60173,0
20140721,41.029,41.191,41.029,41.137,83849,0
20140722,41.273,41.352,41.199,41.256,94773,0
20140723,41.371,41.483,41.332,41.457,41206,0
20140724,41.332,41.406,41.298,41.332,44806,0
20140725,41.28,41.332,41.199,41.29,98675,0
20140728,41.223,41.23,41.1,41.119,316949,0
20140729,41.1,41.137,40.997,40.997,109176,0
20140730,40.966,40.966,40.715,40.798,106560,0
20140731,40.547,40.68,40.408,40.462,141282,0
20140801,40.408,40.499,40.331,40.398,131679,0
20140804,40.507,40.512,40.445,40.462,56747,0
20140805,40.417,40.445,40.131,40.221,124589,0
20140806,40.139,40.294,40.062,40.287,399020,0
20140807,40.287,40.322,40.053,40.088,59768,0
20140808,40.139,40.363,40.139,40.304,78304,0
20140811,40.363,40.547,40.262,40.529,53155,0
20140812,40.355,40.507,40.355,40.499,49973,0
20140813,40.547,40.66,40.539,40.604,99997,0
20140814,40.66,40.856,40.66,40.789,219687,0
20140815,40.905,40.905,40.715,40.723,131034,0
20140818,40.798,40.847,40.642,40.806,169236,0
20140819,40.812,40.828,40.732,40.812,275189,0
20140820,40.754,40.754,40.555,40.555,104217,0
20140821,40.579,40.715,40.579,40.595,93515,0
20140822,40.623,40.715,40.529,40.547,51894,0
20140825,40.529,40.564,40.445,40.471,105284,0
20140826,40.724,40.733,40.572,40.66,156990,0
20140827,40.822,40.867,40.741,40.867,94306,0
20140828,40.699,40.847,40.642,40.741,41622,0
20140829,40.741,40.822,40.68,40.755,105318,0
20140902,40.595,40.724,40.481,40.604,170991,0
20140903,40.771,40.771,40.699,40.706,52410,0
20140904,40.78,40.806,40.539,40.579,677046,0
20140905,40.78,40.822,40.716,40.764,258062,0
20140908,40.68,40.741,40.507,40.507,166716,0
20140909,40.417,40.417,40.147,40.192,135465,0
20140910,39.853,40.192,39.8,40.183,164943,0
20140911,40.13,40.175,40.087,40.087,54751,0
20140912,39.888,40.008,39.816,39.853,55257,0
20140915,39.782,39.825,39.689,39.782,108873,0
20140916,39.759,40.042,39.742,39.888,108362,0
20140917,39.888,39.931,39.644,39.654,99662,0
20140918,39.68,39.759,39.634,39.67,42166,0
20140919,39.825,39.825,39.654,39.662,135342,0
20140922,39.67,39.698,39.48,39.513,87440,0
20140923,39.68,39.68,39.472,39.472,90999,0
20140924,39.609,39.698,39.513,39.68,72752,0
20140925,39.504,39.513,39.321,39.341,115047,0
20140926,39.251,39.267,39.143,39.225,119115,0
20140929,38.826,38.915,38.826,38.906,96620,0
20140930,38.99,38.99,38.762,38.859,124146,0
20141001,38.869,38.923,38.762,38.817,206222,0
20141002,38.983,39.104,38.933,39.078,79930,0
20141003,38.933,38.933,38.661,38.771,75137,0
20141006,38.99,39.134,38.958,39.023,94038,0
20141007,39.192,39.2,39.078,39.104,283078,0
20141008,39.176,39.445,39.078,39.445,155361,0
20141009,39.321,39.426,39.218,39.225,203272,0
20141010,39.192,39.218,39.023,39.033,177796,0
20141013,39.242,39.417,39.242,39.296,132360,0
20141014,39.267,39.384,39.251,39.251,75737,0
20141015,39.242,39.445,39.043,39.078,175143,0
20141016,39.078,39.234,38.878,39.023,286501,0
20141017,39.242,39.417,39.166,39.218,163824,0
20141020,39.26,39.392,39.234,39.392,265258,0
20141021,39.341,39.445,39.287,39.384,180439,0
20141022,39.445,39.454,39.341,39.399,358052,0
20141023,39.377,39.377,39.234,39.234,86434,0
20141024,39.251,39.399,39.251,39.341,274524,0
20141027,39.234,39.384,39.123,39.175,89107,0
20141028,39.321,39.488,39.321,39.473,158142,0
20141029,39.551,39.551,39.123,39.192,341188,0
20141030,39.384,39.586,39.305,39.558,291526,0
20141031,39.399,39.455,39.104,39.113,245371,0
20141103,39.242,39.242,38.904,38.913,113141,0
20141104,38.848,39.022,38.84,39.004,117959,0
20141105,38.806,38.806,38.612,38.704,144695,0
20141106,38.569,38.638,38.255,38.291,238982,0
20141107,38.376,38.476,38.332,38.449,101673,0
20141110,38.588,38.677,38.449,38.449,111035,0
20141111,38.55,38.55,38.332,38.431,99115,0
20141112,38.431,38.588,38.403,38.412,239062,0
20141113,38.403,38.449,38.247,38.316,85547,0
20141114,38.238,38.35,38.139,38.316,92483,0
20141117,38.31,38.367,38.203,38.238,2050762,0
20141118,38.394,38.509,38.385,38.421,56908,0
20141119,38.403,38.519,38.325,38.485,112469,0
20141120,38.569,38.658,38.509,38.588,213514,0
20141121,38.714,38.887,38.677,38.752,132742,0
20141124,38.887,38.897,38.745,38.778,76289,0
20141125,38.797,38.99,38.797,38.973,178757,0
20141126,38.973,39.07,38.906,38.958,184845,0
20141128,38.877,38.906,38.44,38.484,55967,0
20141201,38.384,38.532,38.245,38.245,222271,0
20141202,38.071,38.176,37.902,37.938,209383,0
20141203,37.938,37.979,37.851,37.938,103334,0
20141204,37.92,37.929,37.787,37.884,222390,0
20141205,37.666,37.666,37.463,37.498,117133,0
20141208,37.412,37.456,37.253,37.376,149184,0
20141209,37.337,37.456,37.262,37.289,413544,0
20141210,37.28,37.28,37.024,37.033,96065,0
20141211,37.302,37.302,36.858,36.93,250345,0
20141212,36.768,36.839,36.495,36.495,358230,0
20141215,36.495,36.495,35.812,35.936,409340,0
20141216,35.46,35.89,35.38,35.671,163952,0
20141217,35.75,36.793,35.75,36.54,456423,0
20141218,36.685,36.894,36.374,36.428,583962,0
20141219,36.612,36.786,36.48,36.564,622795,0
20141222,36.762,36.77,36.48,36.724,309128,0
20141223,36.733,36.733,36.495,36.709,871678,0
20141224,36.564,36.702,36.531,36.658,87051,0
20141226,36.786,36.786,36.487,36.541,137950,0
20141229,36.612,36.716,36.42,36.513,307260,0
20141230,36.658,36.742,36.531,36.677,129350,0
20141231,36.685,36.795,36.549,36.716,337133,0
20150102,36.531,36.541,36.374,36.487,49851,0
20150105,36.206,36.392,36.046,36.118,55359,0
20150106,36.234,36.31,36.099,36.099,62995,0
20150107,36.292,36.428,36.171,36.401,146844,0
20150108,36.531,36.724,36.531,36.593,115561,0
20150109,36.716,36.804,36.658,36.702,71530,0
20150112,36.64,36.709,36.574,36.612,124440,0
20150113,36.631,36.709,36.48,36.583,58767,0
20150114,36.621,36.804,36.556,36.795,87286,0
20150115,36.998,36.998,36.574,36.612,79299,0
20150116,36.804,36.85,36.574,36.831,129084,0
20150120,36.716,36.786,36.64,36.77,60868,0
20150121,36.904,37.06,36.841,36.923,141951,0
20150122,37.042,37.274,36.923,37.178,76199,0
20150123,37.163,37.264,36.989,36.989,435932,0
20150126,37.018,37.212,36.973,36.998,96572,0
20150127,37.027,37.409,37.027,37.316,711189,0
20150128,37.364,37.364,37.17,37.186,173446,0
20150129,37.144,37.205,37.027,37.164,361037,0
20150130,36.82,36.948,36.778,36.886,141267,0
20150202,36.82,37.079,36.82,37.079,69713,0
20150203,37.409,37.506,37.196,37.496,132555,0
20150204,37.275,37.307,36.955,36.955,188832,0
20150205,37.134,37.324,37.134,37.284,107376,0
20150206,36.886,36.948,36.723,36.811,310805,0
20150209,36.741,36.82,36.647,36.751,116978,0
20150210,36.398,36.493,36.343,36.39,53731,0
20150211,36.123,36.28,36.034,36.15,108007,0
20150212,36.28,36.435,36.248,36.398,305226,0
20150213,36.52,36.554,36.451,36.529,138124,0
20150217,36.478,36.486,36.371,36.39,100060,0
20150218,36.324,36.601,36.271,36.486,88804,0
20150219,36.28,36.468,36.28,36.361,89561,0
20150220,36.211,36.501,36.211,36.461,572768,0
20150223,36.288,36.323,36.148,36.176,53298,0
20150224,36.288,36.501,36.194,36.461,34229,0
20150225,36.493,36.592,36.408,36.478,44443,0
20150226,36.582,36.582,36.342,36.38,74007,0
20150227,36.333,36.563,36.333,36.563,296480,0
20150302,36.288,36.417,36.194,36.238,44475,0
20150303,36.102,36.247,36.083,36.112,26730,0
20150304,35.915,35.952,35.792,35.88,48635,0
20150305,35.925,35.996,35.738,35.792,107710,0
20150306,35.489,35.534,35.248,35.257,48747,0
20150309,35.266,35.266,35.052,35.07,55819,0
20150310,34.803,34.919,34.596,34.685,81206,0
20150311,34.605,34.9,34.537,34.778,74691,0
20150312,35.079,35.079,34.787,34.803,119507,0
20150313,34.615,34.937,34.297,34.332,48747,0
20150316,34.519,34.624,34.393,34.492,102993,0
20150317,34.482,34.653,34.456,34.596,44815,0
20150318,34.615,35.257,34.564,35.14,122540,0
20150319,35.044,35.087,34.81,34.847,31338,0
20150320,35.131,35.462,35.131,35.328,45938,0
20150323,35.686,35.892,35.678,35.836,65330,0
20150324,35.955,36.068,35.892,36.068,159629,0
20150325,36.116,36.134,35.784,35.82,94080,0
20150326,35.845,35.865,35.631,35.631,42956,0
20150327,35.606,35.651,35.497,35.507,40160,0
20150330,35.363,35.471,35.321,35.399,40381,0
20150331,35.382,35.543,35.346,35.535,154166,0
20150401,35.678,35.828,35.641,35.748,47768,0
20150402,35.9,36.016,35.892,35.991,42731,0
20150406,36.43,36.616,36.385,36.588,581698,0
20150407,36.393,36.516,36.337,36.337,153049,0
20150408,36.721,36.721,36.516,36.598,55709,0
20150409,36.706,36.721,36.456,36.482,61060,0
20150410,36.412,36.412,36.224,36.31,39262,0
20150413,36.124,36.206,36.035,36.042,66448,0
20150414,36.251,36.385,36.251,36.301,69580,0
20150415,36.337,36.551,36.214,36.456,83703,0
20150416,36.645,36.73,36.496,36.653,31964,0
20150417,36.43,36.465,36.318,36.385,31769,0
20150420,36.213,36.31,36.196,36.256,64072,0
20150421,36.151,36.282,36.151,36.187,68254,0
20150422,36.25,36.31,36.178,36.232,18126,0
20150423,36.196,36.497,36.196,36.412,29082,0
20150424,36.403,36.456,36.318,36.43,17914,0
20150427,36.535,36.75,36.525,36.57,65739,0
20150428,36.732,36.85,36.673,36.715,64292,0
20150429,36.673,36.878,36.673,36.76,23846,0
20150430,36.608,36.654,36.517,36.589,167694,0
20150501,36.439,36.497,36.264,36.31,58054,0
20150504,36.292,36.318,36.223,36.241,102733,0
20150505,36.337,36.497,36.282,36.489,978532,0
20150506,36.599,36.699,36.439,36.545,172613,0
20150507,36.439,36.449,36.31,36.385,143398,0
20150508,36.589,36.664,36.507,36.56,45237,0
20150511,36.525,36.525,36.205,36.282,63177,0
20150512,36.161,36.356,36.133,36.292,70028,0
20150513,36.627,36.706,36.482,36.552,107081,0
20150514,36.795,36.887,36.732,36.887,55042,0
20150515,36.795,37.038,36.77,36.975,76083,0
20150518,36.887,36.897,36.715,36.715,35898,0
20150519,36.507,36.599,36.473,36.535,71979,0
20150520,36.465,36.637,36.385,36.589,56379,0
20150521,36.589,36.589,36.449,36.465,116104,0
20150522,36.336,36.393,36.249,36.249,47723,0
20150526,35.906,36.057,35.752,35.934,47661,0
20150527,35.727,35.878,35.698,35.778,52053,0
20150528,35.644,35.788,35.563,35.672,25114,0
20150529,35.798,35.84,35.663,35.806,130852,0
20150601,35.698,35.698,35.465,35.572,32554,0
20150602,35.563,35.815,35.563,35.815,26732,0
20150603,35.644,35.672,35.438,35.518,105106,0
20150604,35.518,35.553,35.364,35.392,55270,0
20150605,34.986,35.139,34.888,34.996,20420,0
20150608,35.005,35.104,34.95,35.067,63039,0
20150609,35.148,35.204,35.005,35.139,26814,0
20150610,35.383,35.429,35.321,35.328,16800,0
20150611,35.158,35.392,35.158,35.392,38746,0
20150612,35.158,35.311,35.148,35.275,22642,0
20150615,35.257,35.275,35.168,35.221,48166,0
20150616,35.221,35.293,35.158,35.284,104104,0
20150617,35.185,35.456,35.094,35.429,55824,0
20150618,35.58,35.653,35.545,35.572,37622,0
20150619,35.499,35.536,35.392,35.499,51163,0
20150622,35.654,35.699,35.563,35.572,45650,0
20150623,35.499,35.563,35.392,35.509,42956,0
20150624,35.545,35.563,35.446,35.518,32498,0
20150625,35.518,35.553,35.429,35.429,37360,0
20150626,35.354,35.354,35.238,35.292,25424,0
20150629,35.057,35.137,34.984,35.119,50517,0
20150630,35.238,35.265,35.102,35.166,51571,0
20150701,35.419,35.419,34.994,35.021,83897,0
20150702,35.146,35.256,35.11,35.247,116834,0
20150706,34.838,34.967,34.838,34.856,61458,0
20150707,34.713,34.831,34.477,34.731,708753,0
20150708,34.659,34.769,34.593,34.741,58691,0
20150709,34.856,34.885,34.759,34.811,152540,0
20150710,35.021,35.382,34.948,35.065,58691,0
20150713,35.031,35.156,35.013,35.119,46425,0
20150714,35.176,35.265,35.146,35.166,100864,0
20150715,35.074,35.176,35.031,35.057,38961,0
20150716,35.166,35.193,35.048,35.057,70411,0
20150717,35.102,35.119,34.994,35.048,72404,0
20150720,35.013,35.021,34.885,34.939,44326,0
20150721,35.013,35.057,34.911,35.031,33492,0
20150722,34.911,34.967,34.795,34.838,55599,0
20150723,34.759,34.811,34.641,34.676,64335,0
20150724,34.477,34.486,34.376,34.423,76047,0
20150727,34.45,34.477,34.278,34.368,230376,0
20150728,34.326,34.45,34.224,34.334,65269,0
20150729,34.396,34.477,34.334,34.406,28618,0
20150730,34.269,34.269,34.105,34.186,229937,0
20150731,34.334,34.36,34.168,34.178,93119,0
20150803,34.133,34.151,33.914,33.942,148879,0
20150804,34.042,34.114,33.833,33.968,139020,0
20150805,33.858,33.95,33.732,33.843,376001,0
20150806,33.713,33.78,33.632,33.77,52261,0
20150807,33.732,33.897,33.695,33.817,55254,0
20150810,33.817,34.042,33.807,34.025,72533,0
20150811,33.789,33.843,33.614,33.742,62689,0
20150812,33.607,33.843,33.572,33.799,86296,0
20150813,33.623,33.641,33.459,33.496,93449,0
20150814,33.486,33.607,33.397,33.469,63950,0
20150817,33.369,33.439,33.307,33.317,45900,0
20150818,33.186,33.317,33.186,33.307,42930,0
20150819,33.168,33.28,33.006,33.09,108971,0
20150820,32.997,33.08,32.951,33.072,165656,0
20150821,32.951,32.951,32.599,32.705,571046,0
20150824,32.058,32.496,31.859,32.341,210033,0
20150825,32.733,32.733,32.213,32.213,125469,0
20150826,32.323,32.387,32.132,32.361,1568544,0
20150827,32.607,32.687,32.43,32.551,105857,0
20150828,32.598,32.753,32.551,32.753,106512,0
20150831,32.617,32.743,32.46,32.589,121745,0
20150901,32.47,32.561,32.305,32.533,119335,0
20150902,32.496,32.496,32.174,32.252,58187,0
20150903,32.158,32.27,31.975,32.075,726411,0
20150904,32.132,32.141,31.868,31.904,128320,0
20150908,31.947,32.032,31.885,32.032,77802,0
20150909,32.085,32.085,31.868,31.966,267599,0
20150910,31.939,32.132,31.885,32.075,103744,0
20150911,31.776,32.095,31.776,32.049,53038,0
20150914,32.023,32.166,31.966,32.166,56436,0
20150915,32.149,32.174,32.075,32.132,129193,0
20150916,32.223,32.38,32.223,32.279,158456,0
20150917,32.387,32.598,32.261,32.361,51706,0
20150918,32.496,32.589,32.296,32.387,43065,0
20150921,32.366,32.366,32.145,32.246,50296,0
20150922,32.052,32.052,31.871,31.879,99175,0
20150923,31.851,31.861,31.529,31.605,229659,0
20150924,31.402,31.75,31.338,31.686,103404,0
20150925,31.795,31.879,31.668,31.73,183184,0
20150928,31.614,31.622,31.228,31.328,857873,0
20150929,31.338,31.492,31.318,31.411,179365,0
20150930,31.566,31.805,31.264,31.76,346729,0
20151001,31.842,32.079,31.695,31.714,193765,0
20151002,31.832,32.099,31.722,32.069,135833,0
20151005,32.346,32.455,32.309,32.328,1158423,0
20151006,32.53,32.75,32.465,32.74,217007,0
20151007,33.141,33.206,32.986,33.134,963487,0
20151008,33.215,33.434,33.035,33.4,200638,0
20151009,33.603,33.777,33.538,33.611,136269,0
20151012,33.584,33.719,33.473,33.51,382273,0
20151013,33.108,33.263,33.052,33.124,128527,0
20151014,33.169,33.481,33.169,33.481,117068,0
20151015,33.611,33.758,33.584,33.728,52914,0
20151016,33.691,33.748,33.594,33.603,197368,0
20151019,33.4,33.453,33.338,33.372,172496,0
20151020,33.38,33.418,33.234,33.243,52368,0
20151021,33.108,33.108,32.94,32.986,317485,0
20151022,33.141,33.196,33.035,33.196,175874,0
20151023,33.187,33.187,33.072,33.1,123393,0
20151026,33.221,33.249,33.105,33.192,443351,0
20151027,33.02,33.105,32.981,33.01,200595,0
20151028,33.192,33.352,32.924,33.02,360546,0
20151029,32.847,33.001,32.753,32.924,134525,0
20151030,33.121,33.173,33.03,33.121,75628,0
20151102,33.278,33.278,33.095,33.165,187710,0
20151103,33.165,33.413,33.165,33.413,157995,0
20151104,33.44,33.47,33.121,33.221,231916,0
20151105,33.192,33.249,33.067,33.085,280572,0
20151106,32.762,32.771,32.56,32.676,300131,0
20151109,32.624,32.725,32.514,32.56,381743,0
20151110,32.437,32.696,32.437,32.633,42704,0
20151111,32.819,32.855,32.696,32.715,389562,0
20151112,32.649,32.649,32.494,32.524,552994,0
20151113,32.486,32.533,32.368,32.386,295351,0
20151116,32.467,32.504,32.348,32.504,74869,0
20151117,32.541,32.541,32.409,32.428,320017,0
20151118,32.514,32.624,32.418,32.56,1388515,0
20151119,33.129,33.129,32.762,32.819,425313,0
20151120,33.001,33.02,32.924,32.963,48357,0
20151123,32.884,32.903,32.747,32.793,165368,0
20151124,32.841,32.986,32.841,32.949,83552,0
20151125,32.813,32.884,32.727,32.785,34633,0
20151127,32.719,32.719,32.517,32.517,84739,0
20151130,32.535,32.535,32.34,32.402,484520,0
20151201,32.535,32.59,32.45,32.507,257653,0
20151202,32.507,32.535,32.394,32.421,50652,0
20151203,32.582,32.67,32.479,32.563,183277,0
20151204,32.517,32.68,32.517,32.609,361360,0
20151207,32.394,32.394,32.191,32.191,78029,0
20151208,32.111,32.121,32.019,32.053,201675,0
20151209,32.2,32.258,32.036,32.146,117967,0
20151210,31.841,31.914,31.702,31.759,125216,0
20151211,31.48,31.48,31.204,31.277,145345,0
20151214,31.352,31.435,31.168,31.435,222074,0
20151215,31.629,31.759,31.563,31.749,230627,0
20151216,31.592,31.822,31.435,31.822,147186,0
20151217,31.822,31.822,31.544,31.553,95779,0
20151218,31.794,31.831,31.535,31.721,174568,0
20151221,31.763,31.818,31.661,31.67,264462,0
20151222,31.938,31.966,31.679,31.725,141934,0
20151223,31.894,31.894,31.744,31.818,133631,0
20151224,31.867,32.068,31.744,32.068,65882,0
20151228,31.894,32.078,31.867,31.966,75842,0
20151229,31.956,32.032,31.837,31.919,215026,0
20151230,31.818,31.924,31.653,31.734,159510,0
20151231,31.734,31.947,31.67,31.808,214806,0
20160104,31.511,31.586,31.411,31.493,109628,0
20160105,31.557,31.557,31.458,31.503,121185,0
20160106,31.67,31.67,31.197,31.197,103812,0
20160107,31.169,31.271,31.132,31.169,78421,0
20160108,31.216,31.243,31.038,31.048,93783,0
20160111,31.067,31.094,30.881,30.938,110763,0
20160112,31.132,31.139,30.928,31.011,52598,0
20160113,31.216,31.279,31.011,31.011,148584,0
20160114,31.104,31.216,31.038,31.207,183458,0
20160115,30.909,30.947,30.694,30.696,142251,0
20160119,30.862,30.919,30.768,30.807,67031,0
20160120,30.605,30.66,30.399,30.546,224560,0
20160121,30.595,30.732,30.491,30.556,145004,0
20160122,30.938,31.113,30.723,30.947,304258,0
20160125,30.952,30.952,30.652,30.71,141147,0
20160126,30.811,31.033,30.792,30.933,267922,0
20160127,30.914,31.072,30.801,30.831,183019,0
20160128,31.285,31.361,31.156,31.221,82596,0
20160129,31.408,31.614,31.361,31.614,142975,0
20160201,31.435,31.551,31.353,31.519,323174,0
20160202,31.333,31.38,31.17,31.285,56282,0
20160203,31.482,31.724,31.351,31.724,136550,0
20160204,32.098,32.118,31.846,31.947,1278117,0
20160205,31.883,31.883,31.697,31.697,135353,0
20160208,31.632,31.632,31.455,31.537,155835,0
20160209,31.482,31.716,31.482,31.668,121856,0
20160210,31.856,31.893,31.716,31.856,287804,0
20160211,31.697,31.723,31.51,31.632,31865,0
20160212,31.697,31.866,31.581,31.807,63565,0
20160216,31.528,31.659,31.467,31.622,138859,0
20160217,31.641,31.933,31.594,31.836,108963,0
20160218,32.257,32.257,31.726,31.743,146945,0
20160219,31.763,31.846,31.641,31.836,30288,0
20160222,31.991,32.065,31.915,32.038,38094,0
20160223,32.176,32.176,31.841,31.879,28561,0
20160224,31.618,31.915,31.569,31.851,26773,0
20160225,32.029,32.029,31.851,31.972,59651,0
20160226,32.084,32.084,31.579,31.681,84054,0
20160229,31.879,31.915,31.758,31.758,83494,0
20160301,32.047,32.247,31.915,32.224,585898,0
20160302,32.244,32.376,32.166,32.347,30319,0
20160303,32.458,32.653,32.404,32.636,186735,0
20160304,32.87,33.005,32.778,32.973,89195,0
20160307,32.934,33.106,32.863,33.069,930253,0
20160308,33.021,33.069,32.915,32.944,378483,0
20160309,33.216,33.303,33.149,33.264,137675,0
20160310,33.274,33.359,33.187,33.34,44704,0
20160311,33.546,33.692,33.546,33.691,66329,0
20160314,33.638,33.638,33.449,33.565,494363,0
20160315,33.376,33.376,33.177,33.196,96258,0
20160316,33.196,33.497,32.934,33.487,99989,0
20160317,33.993,34.275,33.845,34.246,138679,0
20160318,34.376,34.448,34.237,34.303,909116,0
20160321,34.261,34.353,34.2,34.318,215140,0
20160322,34.28,34.344,34.092,34.299,135674,0
20160323,34.241,34.241,33.884,33.894,34163,0
20160324,33.792,33.821,33.694,33.802,56346,0
20160328,33.884,34.027,33.755,33.959,76402,0
20160329,33.987,34.28,33.911,34.271,140014,0
20160330,34.543,34.665,34.458,34.486,130467,0
20160331,34.769,34.88,34.597,34.597,46760,0
20160401,34.73,34.73,34.381,34.635,188402,0
20160404,34.889,34.889,34.524,34.543,149061,0
20160405,34.467,34.467,34.074,34.1,211569,0
20160406,34.251,34.28,34.064,34.232,70069,0
20160407,34.083,34.175,33.902,33.949,49958,0
20160408,34.184,34.335,34.184,34.335,70957,0
20160411,34.625,34.721,34.616,34.702,86040,0
20160412,34.796,34.889,34.684,34.889,43062,0
20160413,34.909,35.095,34.86,35.032,411127,0
20160414,34.966,35.05,34.903,35.032,24362,0
20160415,34.87,34.975,34.85,34.937,35031,0
20160418,34.841,34.983,34.815,34.889,34837,0
20160419,35.247,35.397,35.201,35.322,39552,0
20160420,35.378,35.45,35.247,35.378,27921,0
20160421,35.349,35.349,35.042,35.095,71022,0
20160422,34.975,35.072,34.86,34.928,60639,0
20160425,34.884,34.904,34.753,34.763,78041,0
20160426,34.988,35.072,34.914,34.979,30552,0
20160427,34.961,35.139,34.914,35.139,27825,0
20160428,35.11,35.375,35.11,35.262,44987,0
20160429,35.582,35.837,35.433,35.433,76115,0
20160502,35.536,35.582,35.375,35.433,101026,0
20160503,35.179,35.253,34.924,34.924,118847,0
20160504,34.829,34.884,34.592,34.592,409212,0
20160505,34.763,34.763,34.565,34.601,43625,0
20160506,34.441,34.716,34.441,34.669,619707,0
20160509,34.659,34.659,34.111,34.366,363982,0
20160510,34.574,34.639,34.479,34.574,183173,0
20160511,34.555,34.809,34.555,34.782,242868,0
20160512,34.743,34.809,34.62,34.725,350781,0
20160513,34.508,34.574,34.404,34.431,26118,0
20160516,34.431,34.583,34.404,34.431,41842,0
20160517,34.414,34.555,34.414,34.46,100381,0
20160518,34.159,34.258,33.865,33.903,102726,0
20160519,33.667,33.885,33.639,33.811,159450,0
20160520,33.856,33.988,33.856,33.922,16629,0
20160523,33.993,33.993,33.698,33.796,95480,0
20160524,33.767,33.917,33.767,33.824,95180,0
20160525,33.834,33.993,33.806,33.926,62892,0
20160526,33.983,34.155,33.955,34.061,64488,0
20160527,33.796,34.013,33.796,33.824,49424,0
20160531,33.816,33.935,33.737,33.747,29314,0
20160601,33.718,33.816,33.653,33.816,508416,0
20160602,34.08,34.08,33.718,33.787,35859,0
20160603,34.353,34.553,34.289,34.458,147337,0
20160606,34.543,34.772,34.543,34.772,375805,0
20160607,34.883,35.091,34.836,34.95,165763,0
20160608,35.254,35.396,35.234,35.386,55221,0
20160609,35.081,35.347,35.081,35.12,80361,0
20160610,34.818,34.97,34.714,34.714,26569,0
20160613,34.535,34.732,34.506,34.553,66270,0
20160614,34.477,34.477,34.289,34.401,23494,0
20160615,34.401,34.722,34.401,34.563,30636,0
20160616,34.307,34.496,34.153,34.429,58798,0
20160617,34.667,34.732,34.515,34.657,34939,0
20160620,35.024,35.146,35.004,35.014,54406,0
20160621,35.024,35.08,34.966,35.034,16258,0
20160622,35.176,35.299,35.062,35.251,338392,0
20160623,35.603,35.67,35.433,35.67,101236,0
20160624,34.662,34.87,34.442,34.5,36470,0
20160627,34.339,34.642,34.292,34.331,16583,0
20160628,34.994,35.137,34.841,35.062,81514,0
20160629,35.318,35.593,35.117,35.489,61305,0
20160630,35.374,35.66,35.374,35.593,477423,0
20160701,35.87,36.03,35.631,35.68,30112,0
20160705,35.517,35.728,35.394,35.45,541959,0
20160706,35.345,35.47,35.288,35.441,10640,0
20160707,35.441,35.47,35.28,35.384,24237,0
20160708,35.613,35.802,35.603,35.764,58171,0
20160711,35.82,35.915,35.731,35.774,47178,0
20160712,35.975,36.117,35.927,36.058,48024,0
20160713,36.04,36.04,35.879,35.92,11710,0
20160714,36.136,36.231,36.049,36.156,33760,0
20160715,36.049,36.258,35.945,35.975,17876,0
20160718,36.077,36.077,35.85,35.975,23750,0
20160719,35.888,35.888,35.68,35.718,37774,0
20160720,35.774,35.86,35.641,35.689,26294,0
20160721,35.736,35.82,35.613,35.641,23610,0
20160722,35.728,35.736,35.555,35.698,29360,0
20160725,35.693,35.723,35.397,35.417,58102,0
20160726,35.521,35.521,35.33,35.436,33047,0
20160727,35.474,35.617,35.368,35.559,73168,0
20160728,35.626,35.662,35.502,35.502,22436,0
20160729,35.769,35.998,35.732,35.961,608650,0
20160801,35.894,35.942,35.784,35.788,34827,0
20160802,35.894,35.998,35.75,35.836,41974,0
20160803,35.723,35.923,35.641,35.807,62419,0
20160804,35.894,36.109,35.857,36.042,20182,0
20160805,36.026,36.138,35.961,36.074,63653,0
20160808,36.171,36.42,36.171,36.372,113514,0
20160809,36.392,36.65,36.39,36.532,25305,0
20160810,36.808,36.838,36.752,36.762,75074,0
20160811,37.184,37.184,36.772,36.818,143562,0
20160812,36.848,36.868,36.669,36.679,426024,0
20160815,36.858,36.962,36.838,36.868,62316,0
20160816,37.066,37.066,36.907,36.937,31074,0
20160817,36.79,36.878,36.64,36.79,46903,0
20160818,36.868,37.03,36.868,36.972,16073,0
20160819,36.848,36.893,36.769,36.828,18427,0
20160822,36.794,36.794,36.614,36.673,53593,0
20160823,36.843,36.843,36.442,36.47,845980,0
20160824,36.394,36.404,36.277,36.365,32896,0
20160825,36.451,36.451,36.267,36.315,543526,0
20160826,36.536,36.683,36.145,36.155,52943,0
20160829,36.145,36.231,36.048,36.193,342431,0
20160830,36.096,36.106,35.953,36.048,41292,0
20160831,35.934,36.047,35.827,35.929,298205,0
20160901,35.924,36.066,35.779,36.018,73100,0
20160902,36.116,36.266,36.038,36.096,20217,0
20160906,36.325,36.702,36.325,36.702,54320,0
20160907,36.853,36.941,36.702,36.718,35395,0
20160908,36.843,36.968,36.673,36.673,14320,0
20160909,36.297,36.345,36.096,36.222,85397,0
20160912,35.973,36.323,35.934,36.24,122734,0
20160913,36.106,36.116,35.789,35.857,192488,0
20160914,35.76,36.076,35.76,35.934,51376,0
20160915,36,36.212,35.934,36.096,9484,0
20160916,35.914,36.084,35.914,36,21147,0
20160919,36.057,36.297,36.057,36.155,90712,0
20160920,36.116,36.32,36.096,36.126,12042,0
20160921,36.258,36.584,36.258,36.498,10753,0
20160922,36.794,36.945,36.728,36.767,77107,0
20160923,36.634,36.737,36.526,36.574,90447,0
20160926,36.513,36.589,36.389,36.398,76707,0
20160927,36.541,36.774,36.541,36.697,923953,0
20160928,36.609,36.779,36.569,36.743,24305,0
20160929,36.753,36.774,36.466,36.599,42721,0
20160930,36.609,36.742,36.599,36.629,64394,0
20161003,36.658,36.819,36.629,36.743,87135,0
20161004,36.715,36.763,36.432,36.559,85417,0
20161005,36.649,36.743,36.481,36.706,374620,0
20161006,36.619,36.649,36.456,36.55,80937,0
20161007,36.668,36.701,36.456,36.569,34400,0
20161010,36.55,36.724,36.55,36.639,9571,0
20161011,36.541,36.541,36.206,36.271,24786,0
20161012,36.339,36.379,36.191,36.291,21382,0
20161013,36.244,36.389,36.137,36.281,67016,0
20161014,36.513,36.513,36.167,36.216,15102,0
20161017,36.148,36.296,36.148,36.167,138052,0
20161018,36.329,36.488,36.329,36.389,5920,0
20161019,36.475,36.668,36.475,36.589,6780,0
20161020,36.493,36.619,36.446,36.484,226151,0
20161021,36.513,36.513,36.33,36.427,43984,0
20161024,36.635,36.72,36.498,36.508,46724,0
20161025,36.684,36.693,36.517,36.693,15631,0
20161026,36.565,36.565,36.304,36.374,61018,0
20161027,36.423,36.423,36.17,36.238,19344,0
20161028,36.22,36.285,36.034,36.103,23518,0
20161031,36.17,36.323,36.17,36.238,57668,0
20161101,36.423,36.423,36.054,36.19,24794,0
20161102,36.123,36.21,36.044,36.133,23385,0
20161103,36.21,36.22,36.034,36.044,84887,0
20161104,36.014,36.095,35.941,36.073,15954,0
20161107,36.18,36.256,36.103,36.19,23107,0
20161108,36.285,36.517,36.26,36.488,23257,0
20161109,35.728,35.842,35.678,35.783,68941,0
20161110,35.061,35.061,34.164,34.48,106945,0
20161111,33.574,34.21,33.379,33.959,217811,0
20161114,33.631,34.113,33.456,33.94,385028,0
20161115,34.077,34.461,34.077,34.432,326528,0
20161116,34.095,34.241,34.086,34.086,664799,0
20161117,34.181,34.268,34.104,34.104,100093,0
20161118,34.123,34.152,33.862,34.017,56958,0
20161121,34.177,34.212,34.128,34.206,39718,0
20161122,34.4,34.4,34.148,34.294,186901,0
20161123,33.925,34.002,33.75,33.905,76478,0
20161125,33.857,34.012,33.839,33.992,10343,0
20161128,33.896,34.197,33.896,34.197,47989,0
20161129,34.022,34.138,33.982,34.138,44155,0
20161130,34.128,34.158,34.042,34.052,38204,0
20161201,34.052,34.052,33.81,33.839,108775,0
20161202,33.839,34.024,33.839,33.963,51969,0
20161205,34.118,34.254,33.973,34.1,207032,0
20161206,34.235,34.494,34.235,34.458,75391,0
20161207,34.613,34.739,34.593,34.739,101235,0
20161208,34.468,34.662,34.468,34.613,104330,0
20161209,34.468,34.625,34.449,34.497,35064,0
20161212,34.652,34.846,34.652,34.779,109784,0
20161213,34.827,34.875,34.691,34.779,46537,0
20161214,34.779,34.859,34.304,34.351,86235,0
20161215,34.216,34.254,34.081,34.128,97145,0
20161216,34.158,34.351,34.158,34.216,65287,0
20161219,34.226,34.429,34.206,34.284,62065,0
20161220,34.244,34.42,34.244,34.342,44824,0
20161221,34.507,34.585,34.439,34.458,103159,0
20161222,34.458,34.556,34.361,34.449,130343,0
20161223,34.502,34.628,34.454,34.599,122048,0
20161227,34.628,34.628,34.518,34.551,24423,0
20161228,34.434,34.571,34.415,34.502,83286,0
20161229,34.628,34.775,34.561,34.716,137781,0
20161230,34.998,34.998,34.678,34.824,121134,0
20170103,34.697,34.885,34.561,34.571,170629,0
20170104,34.726,34.979,34.726,34.862,90542,0
20170105,35.067,35.19,35.067,35.135,118867,0
20170106,35.106,35.135,34.998,35.008,38566,0
20170109,35.115,35.115,34.98,35.008,33608,0
20170110,34.95,35.07,34.843,34.921,52245,0
20170111,34.707,34.916,34.551,34.901,61363,0
20170112,35.144,35.417,35.144,35.311,53229,0
20170113,35.174,35.322,35.174,35.241,30141,0
20170117,35.311,35.472,35.311,35.447,36093,0
20170118,35.271,35.485,35.204,35.276,209969,0
20170119,35.096,35.291,35.067,35.241,22559,0
20170120,35.223,35.476,35.223,35.447,126890,0
20170123,35.579,35.627,35.481,35.627,66898,0
20170124,35.627,35.734,35.519,35.519,30796,0
20170125,35.432,35.833,35.432,35.627,32465,0
20170126,35.452,35.549,35.354,35.499,112086,0
20170127,35.569,35.569,35.432,35.549,22505,0
20170130,35.471,35.676,35.471,35.599,55251,0
20170131,35.519,35.773,35.519,35.656,54010,0
20170201,35.763,35.803,35.609,35.793,17753,0
20170202,35.911,36.021,35.873,35.92,26722,0
20170203,36.146,36.301,36.017,36.243,37287,0
20170206,36.194,36.253,36.097,36.204,63358,0
20170207,35.989,36.09,35.96,36.067,12948,0
20170208,36.027,36.165,36.027,36.146,29003,0
20170209,36.174,36.194,36.095,36.136,19918,0
20170210,36.204,36.271,36.107,36.271,19550,0
20170213,36.234,36.262,36.168,36.214,30263,0
20170214,36.361,36.497,36.194,36.438,41225,0
20170215,36.341,36.497,36.253,36.497,230705,0
20170216,36.478,36.525,36.361,36.361,19631,0
20170217,36.188,36.266,36.168,36.198,74255,0
20170221,36.248,36.356,36.188,36.316,43526,0
20170222,36.286,36.453,36.286,36.453,10603,0
20170223,36.67,36.758,36.581,36.581,62284,0
20170224,36.551,36.581,36.376,36.453,48373,0
20170227,36.443,36.591,36.346,36.425,17429,0
20170228,36.395,36.448,36.257,36.257,47565,0
20170301,36.228,36.366,36.208,36.336,44349,0
20170302,36.121,36.208,35.934,35.953,11213,0
20170303,36.306,36.306,36.041,36.168,30457,0
20170306,36.218,36.296,36.16,36.188,39468,0
20170307,36.306,36.306,36.198,36.296,22304,0
20170308,36.14,36.143,35.938,35.938,90288,0
20170309,35.993,35.993,35.728,35.806,40140,0
20170310,36.071,36.16,35.943,36.131,30980,0
20170313,36.16,36.16,36.031,36.16,20335,0
20170314,36.061,36.111,35.983,35.983,11336,0
20170315,36.16,36.611,36.111,36.591,36921,0
20170316,36.836,36.836,36.689,36.806,14742,0
20170317,36.826,37.033,36.826,36.944,24156,0
20170320,36.984,37.19,36.984,37.151,8421,0
20170321,37.239,37.278,37.003,37.041,105299,0
20170322,37.013,37.141,37.006,37.131,17555,0
20170323,37.061,37.17,37.057,37.091,23948,0
20170324,37.091,37.356,37.091,37.326,16286,0
20170327,37.164,37.224,37.045,37.115,36855,0
20170328,37.105,37.244,37.007,37.007,13300,0
20170329,37.037,37.196,37.037,37.155,10531,0
20170330,37.244,37.381,37.095,37.164,23851,0
20170331,37.065,37.174,36.889,37.027,55786,0
20170403,37.065,37.173,36.997,37.085,49273,0
20170404,37.075,37.155,37.022,37.135,48751,0
20170405,37.055,37.214,37.055,37.105,63818,0
20170406,37.055,37.095,37.027,37.037,17412,0
20170407,37.007,37.095,36.924,36.948,18023,0
20170410,36.938,36.974,36.859,36.918,22161,0
20170411,36.938,37.037,36.919,36.968,22326,0
20170412,36.997,37.194,36.986,37.164,30069,0
20170413,37.204,37.263,37.164,37.194,61434,0
20170417,37.283,37.381,37.283,37.371,12384,0
20170418,37.283,37.401,37.283,37.353,16569,0
20170419,37.331,37.391,37.145,37.155,9989,0
20170420,37.361,37.361,37.244,37.361,12224,0
20170421,37.283,37.381,37.234,37.293,74668,0
20170424,37.555,37.673,37.545,37.613,53483,0
20170425,37.446,37.563,37.446,37.526,8918,0
20170426,37.356,37.416,37.169,37.316,14651,0
20170427,37.326,37.366,37.179,37.259,36260,0
20170428,37.306,37.366,37.219,37.326,14652,0
20170501,37.386,37.396,37.306,37.376,16265,0
20170502,37.426,37.516,37.394,37.446,10104,0
20170503,37.506,37.583,37.396,37.446,26322,0
20170504,37.268,37.316,37.139,37.229,11085,0
20170505,37.199,37.366,37.079,37.346,27485,0
20170508,37.278,37.278,37.099,37.139,11197,0
20170509,37.079,37.109,36.972,37.001,17506,0
20170510,37.119,37.297,37.119,37.219,16392,0
20170511,37.326,37.386,37.249,37.376,24697,0
20170512,37.446,37.536,37.406,37.456,13395,0
20170515,37.813,37.86,37.713,37.763,38248,0
20170516,37.87,37.97,37.813,37.9,11957,0
20170517,37.773,37.9,37.773,37.793,16910,0
20170518,37.278,37.278,36.912,36.972,20152,0
20170519,37.259,37.446,37.259,37.426,15830,0
20170522,37.481,37.55,37.351,37.401,52277,0
20170523,37.619,37.689,37.351,37.599,80826,0
20170524,37.511,37.789,37.511,37.679,12502,0
20170525,37.799,37.847,37.703,37.729,22291,0
20170526,37.759,37.854,37.719,37.759,164701,0
20170530,37.759,37.759,37.689,37.739,26199,0
20170531,37.659,37.877,37.659,37.837,11498,0
20170601,37.877,37.994,37.877,37.897,18716,0
20170602,38.027,38.095,37.925,38.091,8845,0
20170605,38.135,38.135,38.007,38.027,27414,0
20170606,38.047,38.155,38.018,38.115,15881,0
20170607,38.047,38.105,37.982,38.087,70510,0
20170608,38.027,38.151,37.943,38.067,17471,0
20170609,38.067,38.095,37.949,38.017,24294,0
20170612,37.987,38.095,37.987,38.017,8269,0
20170613,38.095,38.275,38.095,38.205,48394,0
20170614,38.325,38.463,38.235,38.345,15902,0
20170615,38.047,38.135,37.967,37.987,23985,0
20170616,38.047,38.185,38.017,38.175,15734,0
20170619,37.937,38.077,37.897,37.967,21456,0
20170620,37.907,37.907,37.603,37.709,6636,0
20170621,37.659,37.779,37.55,37.679,22237,0
20170622,37.759,37.809,37.659,37.809,14955,0
20170623,37.837,38.016,37.837,37.957,7576,0
20170626,38.082,38.141,38.052,38.072,13251,0
20170627,37.932,38.072,37.842,37.952,21246,0
20170628,37.972,38.111,37.892,38.062,11362,0
20170629,37.942,37.982,37.793,37.892,6721,0
20170630,37.842,37.862,37.763,37.793,39842,0
20170703,37.793,37.793,37.613,37.613,4200,0
20170705,37.504,37.573,37.364,37.474,41635,0
20170706,37.434,37.484,37.324,37.474,48329,0
20170707,37.354,37.494,37.354,37.404,17953,0
20170710,37.454,37.583,37.404,37.434,115619,0
20170711,37.524,37.524,37.359,37.404,123995,0
20170712,37.713,37.842,37.653,37.803,123775,0
20170713,37.852,37.962,37.832,37.932,8340,0
20170714,38.261,38.321,38.181,38.261,8288,0
20170717,38.221,38.348,38.171,38.261,24873,0
20170718,38.47,38.473,38.355,38.41,12654,0
20170719,38.44,38.51,38.37,38.37,5668,0
20170720,38.37,38.6,38.37,38.5,39249,0
20170721,38.51,38.61,38.46,38.5,10702,0
20170724,38.29,38.39,38.29,38.29,6207,0
20170725,38.33,38.4599,38.2036,38.27,17167,0
20170726,38.3,38.54,38.18,38.44,14091,0
20170727,38.49,38.59,38.33,38.47,30846,0
20170728,38.39,38.57,38.39,38.45,13807,0
20170731,38.4,38.5489,38.3793,38.43,19299,0
20170801,38.43,38.59,38.42,38.47,38603,0
