Date,Open,High,Low,Close,Volume,OpenInt
20130820,22.545,22.721,22.525,22.665,32525,0
20130821,22.582,22.592,22.479,22.489,26752,0
20130822,22.506,22.853,22.506,22.665,26639,0
20130823,22.721,22.794,22.674,22.794,4991,0
20130826,22.776,22.823,22.683,22.683,32367,0
20130827,22.462,22.489,22.32,22.32,16017,0
20130828,22.304,22.443,22.304,22.397,9546,0
20130829,22.35,22.535,22.35,22.434,8312,0
20130830,22.501,22.501,22.324,22.334,10112,0
20130903,22.294,22.545,22.294,22.377,41471,0
20130904,22.387,22.61,22.368,22.563,12485,0
20130905,22.638,22.647,22.601,22.629,8434,0
20130906,22.683,22.74,22.434,22.62,21625,0
20130909,22.701,22.853,22.693,22.833,8541,0
20130910,22.97,23.009,22.924,23.009,29482,0
20130911,23.038,23.1,22.999,23.1,14275,0
20130912,23.116,23.135,23.019,23.029,28763,0
20130913,23.047,23.116,23.038,23.116,15320,0
20130916,23.38,23.38,23.243,23.243,45458,0
20130917,23.293,23.37,23.293,23.36,9508,0
20130918,23.36,23.658,23.234,23.591,39802,0
20130919,23.686,23.686,23.527,23.556,45375,0
20130920,23.573,23.581,23.39,23.39,10364,0
20130923,23.322,23.322,23.195,23.251,22153,0
20130924,23.215,23.36,23.195,23.205,22255,0
20130925,23.257,23.293,23.145,23.175,13283,0
20130926,23.224,23.313,23.175,23.185,9653,0
20130927,23.145,23.34,23.084,23.1,17328,0
20130930,23.034,23.13,22.928,23.06,30632,0
20131001,23.052,23.272,23.052,23.14,29466,0
20131002,23.097,23.2,23.034,23.2,5986,0
20131003,23.15,23.15,22.864,23.034,29575,0
20131004,23.024,23.19,22.965,23.14,25317,0
20131007,22.928,23.069,22.92,22.965,24280,0
20131008,22.928,22.985,22.715,22.725,61698,0
20131009,22.753,22.828,22.632,22.762,78526,0
20131010,23.113,23.21,23.004,23.21,76179,0
20131011,23.2,23.404,23.2,23.376,28726,0
20131014,23.21,23.477,23.21,23.458,24097,0
20131015,23.449,23.494,23.299,23.318,39770,0
20131016,23.395,23.627,23.395,23.577,50490,0
20131017,23.561,23.811,23.552,23.792,43204,0
20131018,23.869,23.903,23.802,23.886,32980,0
20131021,23.895,23.95,23.849,23.895,32060,0
20131022,23.968,24.099,23.95,24.08,31953,0
20131023,23.987,23.987,23.869,23.931,42822,0
20131024,23.959,24.007,23.931,23.978,21104,0
20131025,24.183,24.183,23.987,24.089,21282,0
20131028,24.109,24.173,24.052,24.109,37731,0
20131029,24.2,24.246,24.164,24.237,105570,0
20131030,24.294,24.303,24.061,24.137,29164,0
20131031,24.164,24.275,24.071,24.128,21114,0
20131101,24.164,24.219,24.025,24.173,41708,0
20131104,24.237,24.332,24.2,24.332,55119,0
20131105,24.193,24.284,24.137,24.227,21863,0
20131106,24.35,24.386,24.275,24.358,11665,0
20131107,24.415,24.415,24.016,24.016,34967,0
20131108,24.042,24.323,23.959,24.323,129099,0
20131111,24.35,24.396,24.332,24.386,47460,0
20131112,24.342,24.377,24.256,24.323,17860,0
20131113,24.237,24.545,24.237,24.545,30256,0
20131114,24.545,24.665,24.515,24.649,36460,0
20131115,24.681,24.729,24.639,24.69,24131,0
20131118,24.778,24.778,24.582,24.639,28755,0
20131119,24.639,24.7,24.545,24.6,36199,0
20131120,24.582,24.649,24.415,24.479,21196,0
20131121,24.681,24.739,24.61,24.719,5541,0
20131122,24.719,24.832,24.69,24.832,26491,0
20131125,24.877,24.877,24.788,24.796,9733,0
20131126,24.768,24.859,24.768,24.796,18355,0
20131127,24.649,24.868,24.649,24.868,21065,0
20131129,24.886,24.955,24.851,24.851,14094,0
20131202,24.842,24.916,24.749,24.759,36920,0
20131203,24.709,24.768,24.61,24.7,19346,0
20131204,24.61,24.778,24.479,24.69,22576,0
20131205,24.629,24.629,24.506,24.545,16114,0
20131206,24.7,24.842,24.7,24.788,47936,0
20131209,24.934,24.934,24.822,24.851,43809,0
20131210,24.778,24.851,24.759,24.788,31101,0
20131211,24.759,24.759,24.452,24.452,19365,0
20131212,24.368,24.479,24.303,24.386,138168,0
20131213,24.442,24.462,24.323,24.396,21666,0
20131216,24.462,24.62,24.462,24.582,28161,0
20131217,24.582,24.591,24.462,24.488,65491,0
20131218,24.488,24.897,24.405,24.897,73528,0
20131219,24.851,24.897,24.805,24.897,64623,0
20131220,25.053,25.062,24.944,25.009,26807,0
20131223,25.165,25.184,25.079,25.137,34272,0
20131224,25.156,25.228,25.156,25.218,24513,0
20131226,25.275,25.37,25.275,25.362,18887,0
20131227,25.611,25.611,25.333,25.37,42925,0
20131230,25.38,25.38,25.293,25.362,21079,0
20131231,25.415,25.499,25.353,25.459,32932,0
20140102,25.405,25.405,25.174,25.246,34779,0
20140103,25.285,25.333,25.202,25.256,29080,0
20140106,25.343,25.343,25.099,25.165,17319,0
20140107,25.256,25.362,25.202,25.313,42012,0
20140108,25.285,25.303,25.202,25.265,216990,0
20140109,25.353,25.353,25.146,25.323,31482,0
20140110,25.353,25.37,25.174,25.37,10308,0
20140113,25.323,25.323,24.979,25.024,24673,0
20140114,25.099,25.256,25.079,25.256,37805,0
20140115,25.333,25.388,25.333,25.362,6858,0
20140116,25.333,25.333,25.256,25.313,31016,0
20140117,25.343,25.343,25.174,25.202,17385,0
20140121,25.362,25.362,25.119,25.246,47876,0
20140122,25.323,25.323,25.165,25.275,32378,0
20140123,25.156,25.156,24.922,25.024,29052,0
20140124,24.931,24.931,24.549,24.549,83786,0
20140127,24.493,24.605,24.345,24.438,31978,0
20140128,24.493,24.634,24.493,24.605,19120,0
20140129,24.419,24.54,24.353,24.372,33508,0
20140130,24.54,24.669,24.493,24.578,20055,0
20140131,24.317,24.605,24.317,24.419,38425,0
20140203,24.4,24.4,23.803,23.803,171090,0
20140204,23.953,24,23.871,23.971,88411,0
20140205,23.823,23.971,23.738,23.934,45138,0
20140206,24.083,24.231,24.018,24.223,14909,0
20140207,24.345,24.503,24.288,24.493,49369,0
20140210,24.493,24.51,24.419,24.503,36852,0
20140211,24.624,24.847,24.52,24.793,28142,0
20140212,24.82,24.856,24.765,24.774,34999,0
20140213,24.654,24.971,24.654,24.961,24662,0
20140214,24.941,25.156,24.941,25.129,23120,0
20140218,25.146,25.165,25.089,25.165,14485,0
20140219,25.099,25.246,25.015,25.015,25858,0
20140220,25.041,25.218,25.041,25.218,23984,0
20140221,25.237,25.275,25.165,25.165,20344,0
20140224,25.218,25.459,25.218,25.333,25125,0
20140225,25.313,25.353,25.246,25.275,24554,0
20140226,25.343,25.405,25.265,25.333,20493,0
20140227,25.246,25.415,25.246,25.415,20913,0
20140228,25.433,25.628,25.433,25.459,41165,0
20140303,25.323,25.398,25.194,25.323,65056,0
20140304,26.228,26.228,25.611,25.676,16837,0
20140305,25.676,25.724,25.647,25.676,86580,0
20140306,25.743,25.789,25.714,25.752,49471,0
20140307,25.852,25.852,25.714,25.769,14845,0
20140310,25.743,25.852,25.656,25.76,20736,0
20140311,25.789,25.789,25.594,25.594,14716,0
20140312,25.509,25.619,25.451,25.611,36618,0
20140313,25.724,25.724,25.343,25.37,15495,0
20140314,25.343,25.459,25.333,25.353,26294,0
20140317,25.469,25.566,25.469,25.566,9400,0
20140318,25.619,25.779,25.619,25.769,21902,0
20140319,25.779,25.808,25.509,25.647,11529,0
20140320,25.594,25.826,25.594,25.76,9095,0
20140321,25.917,25.975,25.798,25.808,16074,0
20140324,25.835,25.835,25.585,25.704,11695,0
20140325,25.852,25.852,25.684,25.798,29000,0
20140326,25.926,25.926,25.647,25.647,6656,0
20140327,25.619,25.656,25.519,25.538,9727,0
20140328,25.789,25.852,25.694,25.743,11275,0
20140331,26.01,26.02,25.899,25.983,84620,0
20140401,26.093,26.14,26.04,26.14,25277,0
20140402,26.169,26.254,26.14,26.227,69080,0
20140403,26.254,26.254,26.16,26.227,12845,0
20140404,26.366,26.376,25.944,25.983,49849,0
20140407,25.963,25.963,25.607,25.682,48479,0
20140408,25.673,25.814,25.581,25.749,15612,0
20140409,25.849,26.01,25.749,26.01,8426,0
20140410,25.983,26.03,25.495,25.554,24141,0
20140411,25.456,25.505,25.29,25.348,27689,0
20140414,25.447,25.544,25.348,25.515,55606,0
20140415,25.554,25.682,25.328,25.682,21474,0
20140416,25.849,25.916,25.701,25.916,92619,0
20140417,25.908,26.002,25.899,25.983,9869,0
20140421,25.983,26.03,25.953,26.03,49170,0
20140422,26.084,26.189,26.02,26.14,38159,0
20140423,26.074,26.14,26.046,26.121,46382,0
20140424,26.189,26.189,26.04,26.046,21516,0
20140425,26.093,26.093,25.889,25.973,53244,0
20140428,26.04,26.066,25.776,26.02,24708,0
20140429,26.131,26.14,26.04,26.112,26787,0
20140430,26.066,26.207,26.066,26.207,18525,0
20140501,26.179,26.235,26.121,26.16,17423,0
20140502,26.262,26.27,26.15,26.189,10427,0
20140505,26.084,26.189,25.973,26.179,27489,0
20140506,26.074,26.15,25.973,26.04,11985,0
20140507,26.112,26.189,25.963,26.189,29400,0
20140508,26.299,26.309,26.074,26.14,17183,0
20140509,26.14,26.169,26.01,26.169,13925,0
20140512,26.309,26.432,26.309,26.432,6021,0
20140513,26.402,26.495,26.386,26.45,25495,0
20140514,26.392,26.44,26.289,26.299,28505,0
20140515,26.189,26.189,25.925,26.01,67732,0
20140516,26.074,26.131,25.963,26.131,11423,0
20140519,26.093,26.254,26.093,26.254,14233,0
20140520,26.14,26.169,25.953,26.046,25563,0
20140521,26.131,26.227,26.112,26.189,17116,0
20140522,26.169,26.329,26.169,26.289,11715,0
20140523,26.319,26.392,26.28,26.392,11724,0
20140527,26.495,26.515,26.468,26.505,30320,0
20140528,26.524,26.562,26.422,26.515,18184,0
20140529,26.562,26.637,26.534,26.637,28874,0
20140530,26.628,26.683,26.599,26.683,37525,0
20140602,26.719,26.719,26.571,26.711,16499,0
20140603,26.665,26.693,26.599,26.693,15448,0
20140604,26.609,26.749,26.609,26.711,9414,0
20140605,26.769,26.937,26.711,26.917,14583,0
20140606,27.037,27.057,26.956,27.027,17968,0
20140609,27.105,27.142,27.027,27.087,10722,0
20140610,27.067,27.067,26.956,27.057,28333,0
20140611,26.964,26.982,26.917,26.982,9188,0
20140612,26.937,26.937,26.759,26.795,17346,0
20140613,26.87,26.973,26.832,26.88,13364,0
20140616,26.889,26.982,26.88,26.917,10412,0
20140617,26.908,27.037,26.842,27.037,8699,0
20140618,27.037,27.234,27.002,27.224,10858,0
20140619,27.254,27.284,27.161,27.274,15591,0
20140620,27.327,27.403,27.284,27.319,80914,0
20140623,27.366,27.366,27.284,27.366,114934,0
20140624,27.303,27.384,27.105,27.152,207863,0
20140625,27.134,27.234,27.124,27.234,16138,0
20140626,27.124,27.234,27.057,27.161,24396,0
20140627,27.124,27.254,27.105,27.254,31931,0
20140630,27.262,27.262,27.185,27.232,9541,0
20140701,27.309,27.45,27.309,27.421,12344,0
20140702,27.402,27.421,27.373,27.402,14159,0
20140703,27.479,27.553,27.479,27.543,11928,0
20140707,27.495,27.495,27.421,27.421,7441,0
20140708,27.421,27.421,27.242,27.309,30781,0
20140709,27.309,27.412,27.301,27.355,18870,0
20140710,27.204,27.346,27.122,27.292,28265,0
20140711,27.292,27.292,27.185,27.282,22040,0
20140714,27.441,27.441,27.365,27.402,33782,0
20140715,27.441,27.441,27.252,27.365,9742,0
20140716,27.431,27.514,27.431,27.514,32339,0
20140717,27.479,27.543,27.204,27.204,13583,0
20140718,27.326,27.495,27.262,27.479,16491,0
20140721,27.365,27.45,27.301,27.45,11586,0
20140722,27.534,27.581,27.505,27.571,23958,0
20140723,27.514,27.601,27.514,27.591,55417,0
20140724,27.571,27.628,27.553,27.601,905422,0
20140725,27.562,27.562,27.421,27.469,25094,0
20140728,27.469,27.479,27.292,27.479,23913,0
20140729,27.534,27.553,27.336,27.336,21963,0
20140730,27.402,27.402,27.222,27.365,11767,0
20140731,27.185,27.185,26.791,26.811,37901,0
20140801,26.745,26.82,26.594,26.735,38817,0
20140804,26.782,26.934,26.67,26.934,20126,0
20140805,26.791,26.971,26.576,26.67,24246,0
20140806,26.614,26.725,26.614,26.66,16547,0
20140807,26.791,26.791,26.454,26.529,11549,0
20140808,26.52,26.811,26.492,26.811,23362,0
20140811,26.905,26.971,26.876,26.895,17935,0
20140812,26.924,26.924,26.774,26.856,21769,0
20140813,26.963,27.008,26.905,27.008,12502,0
20140814,27.008,27.112,26.979,27.112,17212,0
20140815,27.204,27.222,26.924,27.074,314469,0
20140818,27.242,27.309,27.222,27.252,30199,0
20140819,27.373,27.479,27.326,27.479,11010,0
20140820,27.431,27.534,27.402,27.534,16030,0
20140821,27.553,27.638,27.543,27.62,28683,0
20140822,27.571,27.591,27.505,27.534,16561,0
20140825,27.656,27.713,27.656,27.674,5844,0
20140826,27.683,27.779,27.683,27.713,17038,0
20140827,27.75,27.75,27.674,27.74,45567,0
20140828,27.665,27.732,27.646,27.722,17245,0
20140829,27.713,27.797,27.665,27.759,16756,0
20140902,27.759,27.825,27.638,27.74,14189,0
20140903,27.825,27.891,27.74,27.779,14615,0
20140904,27.853,27.92,27.674,27.703,16406,0
20140905,27.713,27.853,27.638,27.853,9062,0
20140908,27.863,27.863,27.674,27.769,17596,0
20140909,27.769,27.769,27.524,27.601,12407,0
20140910,27.543,27.665,27.543,27.665,28102,0
20140911,27.62,27.693,27.553,27.693,9532,0
20140912,27.646,27.713,27.469,27.543,12617,0
20140915,27.46,27.553,27.46,27.534,14920,0
20140916,27.581,27.769,27.524,27.703,26984,0
20140917,27.779,27.853,27.693,27.75,41897,0
20140918,27.844,27.863,27.806,27.863,13712,0
20140919,27.948,27.948,27.806,27.853,27706,0
20140922,27.797,27.806,27.524,27.611,15214,0
20140923,27.524,27.553,27.383,27.412,62076,0
20140924,27.421,27.581,27.336,27.581,13591,0
20140925,27.431,27.469,27.169,27.169,17153,0
20140926,27.232,27.402,27.175,27.355,32516,0
20140929,27.143,27.303,27.125,27.295,33367,0
20140930,27.322,27.322,27.143,27.217,7636,0
20141001,27.011,27.105,26.766,26.83,37607,0
20141002,26.736,26.868,26.557,26.822,47364,0
20141003,26.973,27.135,26.955,27.125,12180,0
20141006,27.169,27.286,27.001,27.105,14859,0
20141007,26.964,26.964,26.68,26.68,12476,0
20141008,26.7,27.115,26.529,27.087,16458,0
20141009,27.077,27.077,26.529,26.547,64546,0
20141010,26.5,26.605,26.264,26.264,115748,0
20141013,26.256,26.302,25.821,25.821,42865,0
20141014,25.993,26.171,25.756,25.888,49726,0
20141015,25.54,25.784,25.181,25.689,56394,0
20141016,25.425,25.848,25.425,25.774,37926,0
20141017,25.993,26.209,25.944,26.085,51663,0
20141020,26.03,26.273,26.02,26.237,30596,0
20141021,26.492,26.793,26.464,26.784,135365,0
20141022,26.822,26.907,26.577,26.577,52709,0
20141023,26.897,27.018,26.83,26.868,60352,0
20141024,26.945,27.057,26.84,27.057,37225,0
20141027,27.011,27.153,26.868,27.001,39786,0
20141028,27.115,27.33,27.067,27.303,24222,0
20141029,27.406,27.455,27.169,27.286,20642,0
20141030,27.188,27.519,24.644,27.425,16898,0
20141031,27.699,27.775,27.67,27.765,41823,0
20141103,27.841,27.953,27.719,27.765,36008,0
20141104,27.719,27.736,27.566,27.68,27493,0
20141105,27.775,27.849,27.746,27.849,127401,0
20141106,27.878,27.981,27.785,27.971,25093,0
20141107,27.953,28.059,27.935,27.935,19927,0
20141110,28.039,28.087,27.971,28.049,27483,0
20141111,28.039,28.087,28.019,28.068,13935,0
20141112,28.059,28.096,28.01,28.068,15610,0
20141113,28.087,28.16,27.991,28.087,22093,0
20141114,28.01,28.113,28.01,28.087,36172,0
20141117,28.039,28.151,28.039,28.122,17208,0
20141118,28.238,28.311,28.151,28.258,14728,0
20141119,28.19,28.258,28.106,28.228,29048,0
20141120,28.141,28.302,28.113,28.266,29033,0
20141121,28.585,28.603,28.359,28.453,18108,0
20141124,28.54,28.54,28.472,28.521,14888,0
20141125,28.585,28.585,28.472,28.521,14261,0
20141126,28.462,28.548,28.462,28.548,9302,0
20141128,28.453,28.472,28.369,28.407,4358,0
20141201,28.218,28.293,28.16,28.238,19190,0
20141202,28.266,28.444,28.228,28.417,36137,0
20141203,28.407,28.595,28.378,28.567,15911,0
20141204,28.521,28.53,28.341,28.482,45891,0
20141205,28.548,28.577,28.492,28.501,17905,0
20141208,28.462,28.501,28.238,28.238,15747,0
20141209,28.039,28.283,27.971,28.283,26757,0
20141210,28.218,28.218,27.736,27.785,41878,0
20141211,27.898,28.18,27.878,27.878,58119,0
20141212,27.785,27.821,27.483,27.483,44697,0
20141215,27.68,27.699,27.236,27.359,27928,0
20141216,27.246,27.689,27.246,27.322,28940,0
20141217,27.33,27.736,27.276,27.728,58198,0
20141218,28.059,28.369,27.981,28.369,152047,0
20141219,28.407,28.613,28.388,28.558,31394,0
20141222,28.545,28.639,28.526,28.62,24265,0
20141223,28.726,28.829,28.688,28.781,17465,0
20141224,28.8,28.838,28.736,28.736,24584,0
20141226,28.858,28.895,28.848,28.895,5486,0
20141229,28.887,28.914,28.838,28.904,34998,0
20141230,28.819,28.838,28.771,28.771,18182,0
20141231,28.781,28.848,28.517,28.526,819941,0
20150102,28.582,28.582,28.297,28.498,21194,0
20150105,28.316,28.316,27.872,27.939,130725,0
20150106,27.92,28.071,27.568,27.701,30086,0
20150107,27.955,28.005,27.872,28.005,27923,0
20150108,28.27,28.536,28.27,28.468,52889,0
20150109,28.468,28.574,28.195,28.278,40106,0
20150112,28.243,28.297,27.955,28.043,85365,0
20150113,28.253,28.365,27.768,27.92,55965,0
20150114,27.672,27.788,27.446,27.788,44399,0
20150115,27.834,27.834,27.54,27.578,25627,0
20150116,27.484,27.92,27.475,27.911,19435,0
20150120,27.995,28.071,27.681,27.911,45244,0
20150121,27.901,28.091,27.881,28.053,89391,0
20150122,28.204,28.488,27.965,28.478,38990,0
20150123,28.384,28.45,28.262,28.27,18071,0
20150126,28.316,28.403,28.146,28.374,27780,0
20150127,28.091,28.243,27.911,28.109,17935,0
20150128,28.155,28.175,27.626,27.663,49483,0
20150129,27.759,27.911,27.456,27.852,28544,0
20150130,27.749,27.749,27.465,27.465,18698,0
20150202,27.491,27.834,27.295,27.814,46941,0
20150203,28.023,28.316,28.023,28.316,21004,0
20150204,28.146,28.413,28.146,28.223,13399,0
20150205,28.403,28.526,28.326,28.526,27378,0
20150206,28.507,28.658,28.384,28.403,32438,0
20150209,28.45,28.478,28.297,28.355,28198,0
20150210,28.554,28.63,28.374,28.61,34735,0
20150211,28.517,28.582,28.44,28.564,29269,0
20150212,28.688,28.858,28.648,28.848,40692,0
20150213,28.904,28.981,28.868,28.981,19948,0
20150217,28.878,29.038,28.878,28.981,96801,0
20150218,28.923,28.999,28.878,28.981,13320,0
20150219,28.923,28.991,28.791,28.942,19116,0
20150220,28.895,29.048,28.736,29.048,11663,0
20150223,29.009,29.074,28.933,28.991,43278,0
20150224,29.103,29.172,29.056,29.162,11305,0
20150225,29.093,29.181,29.048,29.123,17876,0
20150226,29.123,29.132,28.952,29.048,14714,0
20150227,28.991,29.029,28.952,28.972,22563,0
20150302,29.019,29.074,28.981,29.048,18254,0
20150303,28.942,28.981,28.848,28.981,27328,0
20150304,28.942,28.942,28.678,28.791,26064,0
20150305,28.848,28.887,28.781,28.858,25324,0
20150306,28.743,28.743,28.384,28.422,59933,0
20150309,28.478,28.592,28.422,28.554,26064,0
20150310,28.346,28.384,28.116,28.155,20047,0
20150311,28.126,28.204,28.053,28.1,27224,0
20150312,28.306,28.403,28.195,28.394,28700,0
20150313,28.253,28.431,28.071,28.297,12663,0
20150316,28.403,28.61,28.403,28.545,48750,0
20150317,28.478,28.554,28.403,28.507,21316,0
20150318,28.403,28.991,28.374,28.878,66478,0
20150319,28.8,28.81,28.648,28.717,34610,0
20150320,28.895,29.066,28.858,28.999,50648,0
20150323,28.942,29.084,28.942,28.999,27224,0
20150324,29.019,29.019,28.81,28.81,16989,0
20150325,28.81,28.829,28.431,28.468,15935,0
20150326,28.306,28.45,28.223,28.365,16356,0
20150327,28.355,28.431,28.278,28.365,19836,0
20150330,28.599,28.848,28.599,28.819,24569,0
20150331,28.599,28.743,28.563,28.619,22575,0
20150401,28.535,28.535,28.363,28.476,21525,0
20150402,28.506,28.619,28.456,28.591,36540,0
20150406,28.421,28.888,28.421,28.771,31605,0
20150407,28.8,28.915,28.736,28.752,29380,0
20150408,28.848,28.878,28.687,28.761,35804,0
20150409,28.743,28.868,28.667,28.848,13029,0
20150410,28.943,29.01,28.888,28.991,19530,0
20150413,28.991,29.02,28.868,28.868,17115,0
20150414,28.943,28.982,28.771,28.934,51553,0
20150415,29.076,29.192,28.963,29.125,75196,0
20150416,29.105,29.183,29.03,29.095,47427,0
20150417,29.03,29.03,28.667,28.8,25305,0
20150420,29.02,29.067,28.973,29.02,19582,0
20150421,29.154,29.154,28.905,28.905,25255,0
20150422,28.991,29.105,28.8,29.105,30310,0
20150423,28.982,29.247,28.982,29.174,19951,0
20150424,29.154,29.219,29.134,29.174,20894,0
20150427,29.256,29.286,29.03,29.039,24357,0
20150428,29.095,29.209,28.982,29.209,20054,0
20150429,29.085,29.134,28.982,29.057,17325,0
20150430,28.905,28.953,28.781,28.791,9450,0
20150501,28.934,29.067,28.888,29.02,57539,0
20150504,29.085,29.247,29.067,29.144,48297,0
20150505,29.085,29.183,28.838,28.878,75600,0
20150506,29,29,28.609,28.736,39126,0
20150507,28.736,28.858,28.667,28.829,22327,0
20150508,29.134,29.192,29.039,29.174,21840,0
20150511,29.105,29.174,29.03,29.048,49978,0
20150512,28.838,29.03,28.791,28.973,24982,0
20150513,29.076,29.085,28.934,28.973,18900,0
20150514,29.134,29.209,29.057,29.201,51660,0
20150515,29.266,29.266,29.192,29.228,36399,0
20150518,29.219,29.391,29.219,29.355,43010,0
20150519,29.355,29.437,29.276,29.316,25934,0
20150520,29.286,29.382,29.276,29.345,17849,0
20150521,29.286,29.41,29.256,29.363,23415,0
20150522,29.355,29.391,29.306,29.316,14909,0
20150526,29.183,29.183,28.915,29,53128,0
20150527,29.03,29.183,29.03,29.183,8188,0
20150528,29.209,29.209,29.085,29.201,21906,0
20150529,29.02,29.125,28.973,29.085,22784,0
20150601,29.048,29.164,29,29.115,44415,0
20150602,29.03,29.174,28.953,29.085,48918,0
20150603,29.048,29.219,29.048,29.115,15751,0
20150604,29.039,29.057,28.81,28.81,14700,0
20150605,28.771,28.905,28.726,28.8,16905,0
20150608,28.791,28.791,28.677,28.687,26354,0
20150609,28.667,28.743,28.619,28.677,28067,0
20150610,28.878,29.03,28.878,28.982,10368,0
20150611,29.125,29.125,29.03,29.095,46618,0
20150612,28.953,29.03,28.838,28.905,13650,0
20150615,28.619,28.8,28.619,28.752,35804,0
20150616,28.829,28.934,28.761,28.924,17746,0
20150617,28.943,29.039,28.81,28.934,17849,0
20150618,29.067,29.266,29.067,29.247,18794,0
20150619,29.192,29.238,28.991,28.991,24465,0
20150622,29.174,29.266,29.174,29.219,14488,0
20150623,29.201,29.286,29.183,29.228,227541,0
20150624,29.164,29.219,29.01,29.01,20160,0
20150625,29.067,29.076,28.915,28.953,9239,0
20150626,28.953,28.982,28.888,28.963,20160,0
20150629,28.686,28.809,28.379,28.379,34988,0
20150630,28.436,28.607,28.37,28.389,18000,0
20150701,28.589,28.646,28.474,28.598,31335,0
20150702,28.706,28.742,28.504,28.598,18381,0
20150706,28.399,28.579,28.35,28.418,22038,0
20150707,28.36,28.676,28.197,28.607,23814,0
20150708,28.408,28.464,28.158,28.178,37599,0
20150709,28.484,28.551,28.226,28.226,44599,0
20150710,28.523,28.589,28.464,28.543,23186,0
20150713,28.646,28.819,28.646,28.819,32690,0
20150714,28.751,28.963,28.742,28.963,28533,0
20150715,28.896,28.934,28.79,28.809,12222,0
20150716,29.001,29.021,28.915,28.991,29871,0
20150717,28.953,28.953,28.829,28.924,22247,0
20150720,28.896,28.905,28.809,28.829,28305,0
20150721,28.78,28.868,28.656,28.716,67053,0
20150722,28.676,28.716,28.627,28.656,40211,0
20150723,28.725,28.725,28.484,28.494,34779,0
20150724,28.474,28.543,28.129,28.197,30289,0
20150727,28.024,28.072,27.91,27.95,21620,0
20150728,28.178,28.389,28.006,28.35,36973,0
20150729,28.37,28.627,28.37,28.627,15457,0
20150730,28.523,28.598,28.504,28.571,5536,0
20150731,28.617,28.676,28.504,28.533,21934,0
20150803,28.484,28.484,28.256,28.36,29316,0
20150804,28.37,28.399,28.246,28.311,12847,0
20150805,28.436,28.551,28.341,28.408,45435,0
20150806,28.379,28.379,28.119,28.256,18349,0
20150807,28.178,28.236,28.044,28.092,22038,0
20150810,28.216,28.543,28.216,28.464,8670,0
20150811,28.331,28.331,28.149,28.321,19120,0
20150812,28.034,28.36,27.95,28.311,7207,0
20150813,28.321,28.379,28.226,28.273,179540,0
20150814,28.273,28.36,28.236,28.311,24022,0
20150817,28.265,28.494,28.158,28.464,14100,0
20150818,28.436,28.474,28.37,28.379,10027,0
20150819,28.341,28.341,28.024,28.178,11279,0
20150820,27.976,27.976,27.64,27.64,20158,0
20150821,27.325,27.461,26.875,26.875,43763,0
20150824,26.339,26.751,22.978,25.9,138517,0
20150825,26.655,26.655,25.391,25.507,126796,0
20150826,25.927,26.331,25.564,26.234,210351,0
20150827,26.655,26.98,26.522,26.953,78645,0
20150828,26.875,27.027,26.875,27.018,38646,0
20150831,26.865,26.99,26.789,26.895,25902,0
20150901,26.379,26.387,26.042,26.177,53268,0
20150902,26.464,26.522,26.196,26.522,16503,0
20150903,26.646,26.895,26.559,26.617,63920,0
20150904,26.331,26.349,26.089,26.281,25276,0
20150908,26.646,26.837,26.549,26.837,15980,0
20150909,27.037,27.047,26.474,26.492,24859,0
20150910,26.522,26.713,26.474,26.549,22282,0
20150911,26.464,26.655,26.369,26.655,19740,0
20150914,26.703,26.703,26.484,26.549,12115,0
20150915,26.675,26.875,26.588,26.875,29558,0
20150916,26.914,27.154,26.885,27.144,22247,0
20150917,27.077,27.488,27.047,27.047,708723,0
20150918,26.695,26.837,26.522,26.579,22561,0
20150921,26.713,26.818,26.665,26.703,12012,0
20150922,26.396,26.454,26.281,26.387,73736,0
20150923,26.464,26.474,26.271,26.359,24233,0
20150924,26.158,26.339,25.976,26.271,70856,0
20150925,26.492,26.541,26.196,26.291,61830,0
20150928,26.174,26.174,25.678,25.71,33228,0
20150929,25.769,25.827,25.624,25.732,21072,0
20150930,26.01,26.174,25.895,26.155,83668,0
20151001,26.223,26.223,25.895,26.193,41211,0
20151002,25.923,26.588,25.895,26.588,77233,0
20151005,26.772,27.194,26.772,27.194,43751,0
20151006,27.204,27.243,27.06,27.204,131730,0
20151007,27.32,27.475,27.167,27.359,32282,0
20151008,27.417,27.755,27.397,27.725,21383,0
20151009,27.725,27.793,27.647,27.705,14535,0
20151012,27.62,27.715,27.601,27.685,42434,0
20151013,27.601,27.745,27.492,27.492,37369,0
20151014,27.512,27.532,27.329,27.417,40692,0
20151015,27.446,27.745,27.388,27.705,121660,0
20151016,27.774,27.841,27.647,27.802,8617,0
20151019,27.705,27.774,27.705,27.745,11003,0
20151020,27.695,27.859,27.695,27.764,21073,0
20151021,27.793,27.841,27.601,27.601,53148,0
20151022,27.715,28.053,27.715,28.005,141383,0
20151023,28.246,28.302,28.11,28.256,25433,0
20151026,28.188,28.188,28.071,28.139,612452,0
20151027,28.005,28.005,27.831,27.918,16920,0
20151028,27.985,28.322,27.985,28.322,31557,0
20151029,28.206,28.332,28.197,28.265,64982,0
20151030,28.283,28.37,28.206,28.206,8408,0
20151102,28.226,28.582,28.226,28.535,132114,0
20151103,28.447,28.784,28.447,28.679,17336,0
20151104,28.774,28.842,28.496,28.553,24752,0
20151105,28.563,28.592,28.4,28.496,16088,0
20151106,28.476,28.476,28.265,28.428,17957,0
20151109,28.419,28.419,28.081,28.265,47965,0
20151110,28.139,28.265,28.119,28.265,18166,0
20151111,28.293,28.293,28.101,28.101,3425,0
20151112,27.918,27.938,27.657,27.657,23046,0
20151113,27.571,27.571,27.368,27.368,13702,0
20151116,27.359,27.841,27.359,27.821,17438,0
20151117,27.908,27.965,27.725,27.774,35812,0
20151118,27.878,28.188,27.878,28.188,9654,0
20151119,28.178,28.206,28.119,28.139,426226,0
20151120,28.265,28.342,28.168,28.197,11728,0
20151123,28.206,28.312,28.168,28.216,60311,0
20151124,28.081,28.4,28.081,28.351,15052,0
20151125,28.332,28.38,28.293,28.351,16194,0
20151127,28.322,28.37,28.274,28.342,7577,0
20151130,28.361,28.4,28.246,28.283,17336,0
20151201,28.351,28.506,28.302,28.506,24942,0
20151202,28.466,28.525,28.11,28.188,30071,0
20151203,28.226,28.226,27.695,27.725,21104,0
20151204,27.784,28.283,27.784,28.216,56263,0
20151207,28.129,28.129,27.859,27.955,31557,0
20151208,27.725,27.869,27.676,27.784,12336,0
20151209,27.657,27.965,27.522,27.611,30831,0
20151210,27.657,27.841,27.62,27.628,32908,0
20151211,27.329,27.388,27.139,27.167,33529,0
20151214,27.147,27.263,26.897,27.263,13415,0
20151215,27.571,27.667,27.456,27.552,16609,0
20151216,27.685,27.975,27.591,27.975,30207,0
20151217,27.975,27.975,27.484,27.484,22733,0
20151218,27.388,27.407,27.129,27.157,61867,0
20151221,27.202,27.281,27.027,27.192,143330,0
20151222,27.367,27.581,27.222,27.542,34919,0
20151223,27.677,27.968,27.677,27.968,26622,0
20151224,27.92,27.978,27.89,27.89,3098,0
20151228,27.785,27.785,27.62,27.736,25902,0
20151229,28.046,28.056,27.968,28.036,53744,0
20151230,27.988,27.988,27.802,27.813,46051,0
20151231,27.726,27.824,27.629,27.658,68941,0
20160104,27.251,27.251,26.963,27.231,34590,0
20160105,27.31,27.363,27.172,27.311,10878,0
20160106,26.961,27.04,26.771,26.942,32423,0
20160107,26.515,26.693,26.311,26.388,21458,0
20160108,26.495,26.495,26.001,26.021,24090,0
20160111,26.156,26.156,25.731,26.001,55490,0
20160112,26.234,26.234,25.865,26.146,17335,0
20160113,26.251,26.274,25.518,25.547,71998,0
20160114,25.661,26.141,25.537,25.952,104643,0
20160115,25.371,25.537,25.172,25.419,96992,0
20160119,25.731,25.731,25.158,25.39,61810,0
20160120,25.041,25.251,24.431,25.012,138150,0
20160121,25.07,25.467,24.866,25.262,34865,0
20160122,25.642,25.721,25.527,25.685,28239,0
20160125,25.612,25.651,25.251,25.255,17057,0
20160126,25.4,25.721,25.4,25.671,19928,0
20160127,25.642,25.938,25.439,25.527,16658,0
20160128,25.731,25.768,25.429,25.691,68103,0
20160129,25.768,26.253,25.768,26.234,20665,0
20160201,26.166,26.376,26.037,26.311,63340,0
20160202,25.875,25.943,25.75,25.768,22416,0
20160203,25.923,26.031,25.487,25.962,27300,0
20160204,25.982,26.166,25.933,26.087,40109,0
20160205,26.041,26.053,25.691,25.752,16078,0
20160208,25.448,25.547,25.149,25.439,20790,0
20160209,25.245,25.547,25.148,25.363,66013,0
20160210,25.467,25.691,25.313,25.353,21843,0
20160211,24.945,25.09,24.828,25.003,19982,0
20160212,25.235,25.527,25.177,25.527,33075,0
20160216,25.797,25.933,25.642,25.875,12518,0
20160217,26.195,26.398,26.166,26.34,11885,0
20160218,26.34,26.362,26.214,26.271,11259,0
20160219,26.176,26.224,26.041,26.219,14602,0
20160222,26.456,26.621,26.456,26.621,14502,0
20160223,26.553,26.553,26.271,26.36,88566,0
20160224,26.041,26.495,25.944,26.495,25437,0
20160225,26.515,26.699,26.402,26.67,33655,0
20160226,26.863,26.863,26.69,26.718,6984,0
20160229,26.709,26.805,26.579,26.579,5313,0
20160301,26.7,27.063,26.601,27.057,14826,0
20160302,27.029,27.256,26.999,27.231,12768,0
20160303,27.281,27.455,27.222,27.455,10924,0
20160304,27.484,27.736,27.465,27.62,13851,0
20160307,27.522,27.813,27.522,27.765,17796,0
20160308,27.62,27.622,27.396,27.396,33224,0
20160309,27.512,27.648,27.498,27.542,10079,0
20160310,27.639,27.716,27.328,27.522,6657,0
20160311,27.804,27.998,27.804,27.991,10577,0
20160314,27.88,27.992,27.833,27.9,7498,0
20160315,27.756,27.872,27.667,27.804,23162,0
20160316,27.823,28.094,27.818,28.094,21703,0
20160317,28.104,28.414,28.077,28.37,7643,0
20160318,28.502,28.531,28.406,28.464,14606,0
20160321,28.4,28.517,28.4,28.477,13930,0
20160322,28.361,28.545,28.341,28.438,14405,0
20160323,28.32,28.337,28.138,28.146,24793,0
20160324,27.952,28.166,27.932,28.166,16485,0
20160328,28.234,28.267,28.126,28.219,23259,0
20160329,28.126,28.487,28.112,28.448,112619,0
20160330,28.575,28.682,28.526,28.555,20560,0
20160331,28.627,28.632,28.497,28.577,29211,0
20160401,28.176,28.662,28.176,28.662,12859,0
20160404,28.682,28.682,28.448,28.487,21337,0
20160405,28.361,28.361,28.187,28.187,6091,0
20160406,28.234,28.487,28.186,28.487,12174,0
20160407,28.341,28.341,28.059,28.147,23224,0
20160408,28.361,28.393,28.212,28.258,24011,0
20160411,28.419,28.507,28.329,28.329,12331,0
20160412,28.301,28.623,28.254,28.564,13102,0
20160413,28.712,28.861,28.692,28.838,22373,0
20160414,28.838,28.892,28.828,28.828,12591,0
20160415,28.847,28.877,28.769,28.839,33771,0
20160418,28.662,29.051,28.662,29.042,51287,0
20160419,29.071,29.226,29.062,29.226,42377,0
20160420,29.275,29.384,29.182,29.26,21627,0
20160421,29.207,29.207,29.019,29.031,15346,0
20160422,28.993,29.174,28.993,29.119,10381,0
20160425,29.032,29.08,28.945,29.061,8568,0
20160426,29.1,29.231,29.1,29.207,25556,0
20160427,29.255,29.45,29.226,29.43,38587,0
20160428,29.236,29.403,29.023,29.09,12457,0
20160429,29.051,29.051,28.741,29.012,11956,0
20160502,29.032,29.13,28.887,29.071,22373,0
20160503,28.886,28.886,28.712,28.749,4663,0
20160504,28.672,28.701,28.555,28.662,14004,0
20160505,28.731,28.749,28.534,28.534,10104,0
20160506,28.428,28.722,28.428,28.691,19779,0
20160509,28.672,28.682,28.565,28.653,69018,0
20160510,28.682,28.974,28.682,28.955,10395,0
20160511,28.847,28.905,28.756,28.773,8994,0
20160512,28.789,28.808,28.603,28.808,8326,0
20160513,28.643,28.682,28.42,28.429,10232,0
20160516,28.529,28.808,28.529,28.759,15336,0
20160517,28.643,28.74,28.419,28.469,67277,0
20160518,28.428,28.643,28.301,28.409,36424,0
20160519,28.301,28.4,28.168,28.4,24576,0
20160520,28.487,28.584,28.477,28.536,13047,0
20160523,28.594,28.594,28.487,28.487,36392,0
20160524,28.633,28.857,28.633,28.828,25025,0
20160525,28.887,29.12,28.887,29.08,9984,0
20160526,29.119,29.12,29.042,29.12,9335,0
20160527,29.17,29.189,29.071,29.189,7696,0
20160531,29.265,29.304,29.082,29.198,23156,0
20160601,29.066,29.253,29.049,29.246,9505,0
20160602,29.12,29.295,29.11,29.295,10243,0
20160603,29.207,29.305,29.175,29.255,15162,0
20160606,29.315,29.519,29.315,29.48,16663,0
20160607,29.519,29.655,29.519,29.616,10855,0
20160608,29.646,29.704,29.616,29.692,12520,0
20160609,29.626,29.636,29.51,29.636,8420,0
20160610,29.44,29.44,29.222,29.285,6423,0
20160613,29.217,29.336,29.061,29.061,13131,0
20160614,28.974,29.023,28.844,29.023,22734,0
20160615,28.951,29.14,28.951,28.951,19619,0
20160616,28.867,29.1,28.702,29.061,53686,0
20160617,29.061,29.08,29.023,29.05,3073,0
20160620,29.285,29.44,29.277,29.277,21144,0
20160621,29.325,29.374,29.267,29.374,3836,0
20160622,29.408,29.43,29.255,29.305,16872,0
20160623,29.529,29.648,29.519,29.646,10014,0
20160624,28.603,29.151,28.4,28.657,33137,0
20160627,28.42,28.42,27.98,28.067,46117,0
20160628,28.293,28.519,28.248,28.491,103691,0
20160629,28.783,29.115,28.783,29.028,33245,0
20160630,29.195,29.457,29.047,29.425,12016,0
20160701,29.498,29.606,29.488,29.587,36203,0
20160705,29.448,29.448,29.147,29.245,40575,0
20160706,29.166,29.411,29.166,29.372,13773,0
20160707,29.428,29.587,29.243,29.389,18239,0
20160708,29.587,29.871,29.587,29.804,15717,0
20160711,29.9,30.027,29.9,29.949,12604,0
20160712,30.097,30.283,30.097,30.253,9789,0
20160713,30.283,30.303,30.155,30.243,17759,0
20160714,30.399,30.489,30.336,30.409,17779,0
20160715,30.508,30.508,30.283,30.38,19477,0
20160718,30.38,30.456,30.331,30.456,8510,0
20160719,30.341,30.38,30.303,30.341,8606,0
20160720,30.478,30.478,30.403,30.423,23394,0
20160721,30.459,30.459,30.28,30.351,13198,0
20160722,30.419,30.488,30.361,30.488,13012,0
20160725,30.395,30.399,30.283,30.316,8635,0
20160726,30.293,30.457,30.287,30.419,10814,0
20160727,30.449,30.458,30.233,30.328,10937,0
20160728,30.243,30.331,30.182,30.322,20856,0
20160729,30.203,30.38,30.164,30.372,15576,0
20160801,30.312,30.331,30.116,30.126,15634,0
20160802,30.203,30.203,29.841,30.032,9882,0
20160803,29.988,30.167,29.964,30.167,23260,0
20160804,30.135,30.213,30.116,30.159,10019,0
20160805,30.253,30.426,30.253,30.407,7544,0
20160808,30.449,30.495,30.409,30.457,22761,0
20160809,30.478,30.518,30.394,30.394,16382,0
20160810,30.429,30.472,30.273,30.322,11966,0
20160811,30.517,30.533,30.498,30.523,10676,0
20160812,30.38,30.565,30.38,30.474,7024,0
20160815,30.586,30.674,30.586,30.615,10847,0
20160816,30.566,30.575,30.478,30.518,10084,0
20160817,30.368,30.51,30.323,30.459,29015,0
20160818,30.538,30.628,30.489,30.536,8179,0
20160819,30.409,30.595,30.409,30.575,9118,0
20160822,30.518,30.585,30.457,30.548,41839,0
20160823,30.595,30.694,30.595,30.624,9048,0
20160824,30.469,30.674,30.449,30.449,6992,0
20160825,30.429,30.528,30.389,30.389,4876,0
20160826,30.545,30.605,30.208,30.378,12375,0
20160829,30.38,30.566,30.38,30.562,13179,0
20160830,30.524,30.54,30.389,30.478,17610,0
20160831,30.439,30.449,30.233,30.374,10273,0
20160901,30.419,30.419,30.165,30.273,7151,0
20160902,30.488,30.566,30.45,30.478,7791,0
20160906,30.605,30.605,30.429,30.555,11830,0
20160907,30.508,30.605,30.508,30.566,7681,0
20160908,30.469,30.631,30.469,30.615,12762,0
20160909,30.429,30.429,29.841,29.841,23931,0
20160912,29.754,30.277,29.722,30.233,27274,0
20160913,29.997,30.005,29.645,29.744,13754,0
20160914,29.684,29.841,29.587,29.597,10091,0
20160915,29.597,30.007,29.597,29.934,46308,0
20160916,29.792,29.867,29.714,29.804,29682,0
20160919,30.047,30.047,29.826,29.886,15688,0
20160920,29.92,29.949,29.831,29.831,63055,0
20160921,29.821,30.203,29.821,30.174,66239,0
20160922,30.312,30.459,30.303,30.399,31828,0
20160923,30.322,30.322,30.185,30.223,20716,0
20160926,30.097,30.097,29.95,29.997,26651,0
20160927,29.93,30.106,29.889,30.041,19914,0
20160928,30.145,30.324,30.017,30.322,18791,0
20160929,30.38,30.389,30.013,30.165,145444,0
20160930,30.303,30.469,30.293,30.389,29290,0
20161003,30.275,30.285,30.205,30.265,21525,0
20161004,30.285,30.318,30.008,30.142,11698,0
20161005,30.127,30.354,30.127,30.305,13059,0
20161006,30.205,30.344,30.186,30.299,10441,0
20161007,30.255,30.255,30.107,30.224,13349,0
20161010,30.295,30.472,30.295,30.354,24719,0
20161011,30.195,30.195,29.871,30.008,24279,0
20161012,29.989,30.088,29.95,29.986,18016,0
20161013,29.792,29.954,29.63,29.887,12366,0
20161014,30.048,30.116,29.9,29.96,24006,0
20161017,29.94,29.94,29.753,29.782,20758,0
20161018,30.078,30.078,29.911,29.944,5034,0
20161019,30.058,30.107,29.927,30.044,16701,0
20161020,29.998,30.018,29.871,29.981,5945,0
20161021,29.841,29.97,29.811,29.941,16178,0
20161024,30.068,30.087,29.979,30.038,19083,0
20161025,30.008,30.097,29.95,29.95,9115,0
20161026,29.871,30.003,29.83,29.971,10256,0
20161027,29.998,29.998,29.846,29.846,6147,0
20161028,29.792,29.949,29.713,29.743,9579,0
20161031,29.841,29.841,29.723,29.802,13387,0
20161101,29.841,29.841,29.456,29.576,14185,0
20161102,29.536,29.556,29.388,29.476,24426,0
20161103,29.426,29.496,29.309,29.309,16482,0
20161104,29.279,29.476,29.275,29.334,15865,0
20161107,29.624,29.899,29.624,29.899,27882,0
20161108,29.796,30.09,29.796,30.018,7545,0
20161109,29.753,30.552,29.723,30.502,51698,0
20161110,30.619,30.796,30.492,30.709,106090,0
20161111,30.619,30.649,30.488,30.619,14506,0
20161114,30.699,30.871,30.699,30.866,58977,0
20161115,30.856,31.103,30.856,31.103,10235,0
20161116,31.063,31.082,30.976,31.043,35264,0
20161117,31.156,31.189,31.079,31.153,41155,0
20161118,31.181,31.181,31.079,31.113,50757,0
20161121,31.26,31.388,31.24,31.388,83135,0
20161122,31.408,31.535,31.378,31.527,31754,0
20161123,31.507,31.615,31.475,31.595,39310,0
20161125,31.655,31.694,31.644,31.689,59511,0
20161128,31.675,31.675,31.546,31.546,32676,0
20161129,31.497,31.579,31.426,31.527,31521,0
20161130,31.655,31.765,31.625,31.635,20421,0
20161201,31.675,31.802,31.546,31.635,110695,0
20161202,31.595,31.704,31.591,31.625,36659,0
20161205,31.724,31.902,31.724,31.842,31392,0
20161206,31.911,31.996,31.767,31.94,146897,0
20161207,31.959,32.383,31.959,32.367,45602,0
20161208,32.453,32.611,32.413,32.556,30859,0
20161209,32.541,32.69,32.523,32.68,52994,0
20161212,32.798,32.798,32.6,32.64,66168,0
20161213,32.719,32.877,32.69,32.808,46508,0
20161214,32.788,32.847,32.473,32.493,25753,0
20161215,32.453,32.718,32.453,32.62,12962,0
20161216,32.63,32.728,32.549,32.58,21759,0
20161219,32.738,32.748,32.547,32.598,43483,0
20161220,32.748,32.817,32.713,32.788,115009,0
20161221,32.847,32.847,32.699,32.728,81875,0
20161222,32.689,32.689,32.54,32.589,24226,0
20161223,32.55,32.639,32.55,32.639,17035,0
20161227,32.719,32.788,32.705,32.728,69183,0
20161228,32.768,32.788,32.411,32.459,33399,0
20161229,32.421,32.501,32.359,32.421,84198,0
20161230,32.491,32.491,32.187,32.233,30455,0
20170103,32.56,32.639,32.353,32.521,30698,0
20170104,32.629,32.812,32.629,32.748,14802,0
20170105,32.748,32.748,32.516,32.649,61252,0
20170106,32.728,32.732,32.561,32.689,61448,0
20170109,32.629,32.629,32.466,32.491,26814,0
20170110,32.511,32.649,32.459,32.51,75246,0
20170111,32.53,32.629,32.451,32.604,17877,0
20170112,32.56,32.56,32.293,32.481,35539,0
20170113,32.53,32.609,32.502,32.511,32391,0
20170117,32.521,32.58,32.425,32.451,60832,0
20170118,32.471,32.53,32.436,32.53,158353,0
20170119,32.471,32.471,32.303,32.391,103251,0
20170120,32.491,32.609,32.401,32.521,44229,0
20170123,32.461,32.489,32.243,32.383,24167,0
20170124,32.431,32.738,32.431,32.689,28267,0
20170125,32.817,32.907,32.815,32.877,46157,0
20170126,32.897,32.925,32.788,32.807,39528,0
20170127,32.817,32.817,32.689,32.748,31702,0
20170130,32.669,32.669,32.336,32.511,43631,0
20170131,32.491,32.54,32.313,32.54,26443,0
20170201,32.659,32.669,32.374,32.491,57274,0
20170202,32.471,32.54,32.353,32.491,55387,0
20170203,32.679,32.798,32.649,32.778,30927,0
20170206,32.748,32.748,32.599,32.679,29354,0
20170207,32.719,32.75,32.559,32.589,8824,0
20170208,32.709,32.709,32.524,32.659,36104,0
20170209,32.728,32.897,32.679,32.857,14397,0
20170210,32.917,33.063,32.917,33.035,58612,0
20170213,33.204,33.244,33.108,33.154,39539,0
20170214,33.174,33.327,33.115,33.327,17096,0
20170215,33.283,33.472,33.273,33.432,20259,0
20170216,33.462,33.462,33.295,33.366,34465,0
20170217,33.273,33.362,33.25,33.362,22567,0
20170221,33.482,33.66,33.482,33.63,13694,0
20170222,33.56,33.59,33.489,33.52,22011,0
20170223,33.62,33.632,33.432,33.53,27259,0
20170224,33.392,33.58,33.392,33.58,32945,0
20170227,33.54,33.685,33.501,33.677,24669,0
20170228,33.55,33.61,33.482,33.501,18780,0
20170301,33.778,34.066,33.778,33.996,49228,0
20170302,33.936,33.936,33.774,33.802,50406,0
20170303,33.758,33.774,33.65,33.696,26139,0
20170306,33.63,33.65,33.51,33.62,15422,0
20170307,33.57,33.57,33.453,33.453,22980,0
20170308,33.482,33.511,33.31,33.313,37497,0
20170309,33.352,33.378,33.115,33.313,26581,0
20170310,33.422,33.526,33.283,33.413,36969,0
20170313,33.452,33.452,33.35,33.442,12292,0
20170314,33.231,33.327,33.161,33.313,12854,0
20170315,33.382,33.718,33.382,33.655,49976,0
20170316,33.655,33.655,33.56,33.6,15353,0
20170317,33.594,33.64,33.55,33.59,33290,0
20170320,33.491,33.52,33.407,33.462,40906,0
20170321,33.56,33.56,33.008,33.008,19917,0
20170322,32.966,33.084,32.907,33.075,21733,0
20170323,33.055,33.224,33.028,33.047,12696,0
20170324,33.075,33.154,32.906,33.026,11569,0
20170327,32.748,32.976,32.471,32.926,59468,0
20170328,32.887,33.252,32.827,33.244,19546,0
20170329,33.184,33.316,33.124,33.293,17318,0
20170330,33.342,33.472,33.321,33.44,14232,0
20170331,33.422,33.484,33.314,33.392,24074,0
20170403,33.42,33.42,33.071,33.254,27483,0
20170404,33.211,33.291,33.191,33.291,13734,0
20170405,33.43,33.599,33.116,33.191,21711,0
20170406,33.181,33.336,33.181,33.267,22202,0
20170407,33.231,33.36,33.211,33.211,14194,0
20170410,33.281,33.42,33.221,33.311,18018,0
20170411,33.301,33.301,33.082,33.255,13099,0
20170412,33.291,33.291,33.082,33.118,15809,0
20170413,33.002,33.107,32.813,32.813,25779,0
20170417,32.853,33.082,32.833,33.082,24647,0
20170418,32.913,33.006,32.891,32.982,163577,0
20170419,33.052,33.087,32.833,32.873,25802,0
20170420,32.942,33.211,32.942,33.131,20342,0
20170421,33.102,33.121,32.994,33.072,26091,0
20170424,33.37,33.422,33.34,33.419,19523,0
20170425,33.48,33.642,33.48,33.636,51292,0
20170426,33.619,33.733,33.579,33.693,27585,0
20170427,33.639,33.639,33.49,33.559,17388,0
20170428,33.629,33.629,33.41,33.41,24382,0
20170501,33.48,33.504,33.41,33.44,12045,0
20170502,33.47,33.484,33.33,33.38,10695,0
20170503,33.37,33.389,33.281,33.366,29003,0
20170504,33.251,33.295,33.188,33.241,8335,0
20170505,33.36,33.48,33.311,33.475,29117,0
20170508,33.48,33.503,33.41,33.49,28976,0
20170509,33.549,33.549,33.442,33.45,21346,0
20170510,33.45,33.539,33.45,33.529,30795,0
20170511,33.46,33.474,33.301,33.4,16856,0
20170512,33.4,33.47,33.271,33.291,27705,0
20170515,33.38,33.529,33.38,33.45,19283,0
20170516,33.48,33.565,33.33,33.4,36964,0
20170517,33.171,33.208,32.879,32.879,93535,0
20170518,32.783,33.061,32.733,32.936,52665,0
20170519,33.012,33.231,33.012,33.136,8246,0
20170522,33.281,33.362,33.231,33.33,42792,0
20170523,33.4,33.413,33.33,33.363,23242,0
20170524,33.39,33.432,33.34,33.432,14533,0
20170525,33.48,33.567,33.44,33.497,28439,0
20170526,33.5,33.51,33.443,33.48,10202,0
20170530,33.44,33.48,33.36,33.46,24233,0
20170531,33.47,33.47,33.291,33.36,15145,0
20170601,33.5,33.679,33.482,33.659,21828,0
20170602,33.748,33.788,33.674,33.739,15857,0
20170605,33.689,33.737,33.659,33.669,22634,0
20170606,33.589,33.699,33.579,33.599,102381,0
20170607,33.639,33.705,33.52,33.589,17466,0
20170608,33.629,33.718,33.599,33.599,11355,0
20170609,33.649,33.87,33.649,33.765,19465,0
20170612,33.848,33.907,33.798,33.821,11591,0
20170613,33.917,34.017,33.907,33.977,18931,0
20170614,34.077,34.077,33.838,33.927,8940,0
20170615,33.708,33.857,33.708,33.801,48453,0
20170616,33.798,33.828,33.657,33.828,14816,0
20170619,33.898,34.045,33.898,34.028,5882,0
20170620,34.037,34.037,33.718,33.79,21992,0
20170621,33.753,33.771,33.519,33.589,39260,0
20170622,33.659,33.703,33.605,33.659,8723,0
20170623,33.629,33.728,33.547,33.649,9043,0
20170626,33.78,33.84,33.75,33.75,16737,0
20170627,33.76,33.7964,33.61,33.6325,12905,0
20170628,33.71,33.88,33.71,33.85,13334,0
20170629,33.92,33.92,33.5351,33.62,20073,0
20170630,33.7,33.81,33.64,33.72,16662,0
20170703,33.8,34.0136,33.8,33.93,16372,0
20170705,33.95,33.95,33.75,33.85,18254,0
20170706,33.74,33.74,33.4877,33.4877,19625,0
20170707,33.6,33.71,33.535,33.67,32333,0
20170710,33.59,33.72,33.59,33.62,38037,0
20170711,33.59,33.67,33.5273,33.59,29387,0
20170712,33.8,33.92,33.751,33.85,12368,0
20170713,33.81,33.924,33.76,33.9,15961,0
20170714,33.9,34.1012,33.9,34.01,16837,0
20170717,34.02,34.15,34.02,34.0638,10129,0
20170718,34.05,34.05,33.9359,34.01,17092,0
20170719,34.04,34.21,34.04,34.1832,15139,0
20170720,34.26,34.28,34.126,34.27,11983,0
20170721,34.2,34.2,34.02,34.111,27925,0
20170724,34.11,34.1141,34.03,34.07,18197,0
20170725,34.318,34.36,34.2792,34.311,13711,0
20170726,34.31,34.3136,34.23,34.23,19718,0
20170727,34.28,34.3158,34.15,34.2327,4446,0
20170728,34.2,34.28,34.178,34.28,11358,0
20170731,34.25,34.34,34.196,34.33,34921,0
20170801,34.35,34.35,34.29,34.31,26181,0
