Date,Open,High,Low,Close,Volume,OpenInt
20071024,51.05,51.05,51.05,51.05,2000,0
20071025,50.85,51.9,50.85,51.85,12900,0
20071026,51.7,51.7,51.38,51.57,4200,0
20071029,52.52,53.03,52.52,53.03,3300,0
20071030,53.74,54.1,53.23,53.23,3800,0
20071031,53.32,55.42,53.32,55.33,6600,0
20071101,55.83,57.47,55.27,57.14,16600,0
20071102,57.03,57.03,55.8,55.8,4200,0
20071105,54.44,54.62,54.05,54.05,1300,0
20071106,53.96,54.22,52.41,52.67,5600,0
20071107,52.3,53.5,50.73,51.04,9500,0
20071108,51.04,51.5,50.75,51.5,3900,0
20071109,52.46,53.11,52.4,53,1400,0
20071112,52.01,53.22,52.01,53.22,1500,0
20071113,53.84,53.84,53.16,53.16,2300,0
20071114,53.25,53.27,52.34,52.34,5100,0
20071115,52.47,52.47,51.52,51.58,2300,0
20071116,52,53.39,52,53.39,2200,0
20071119,53.27,53.27,51.9,51.96,5800,0
20071120,50.97,50.97,50.2,50.2,1900,0
20071121,49.74,49.74,49.74,49.74,200,0
20071123,50.94,51.12,50.94,51.12,2000,0
20071126,52.47,52.53,51.25,51.25,4400,0
20071127,51.5,51.5,50.81,50.81,800,0
20071128,49.38,49.38,47.79,47.86,3000,0
20071129,47.82,47.89,47.68,47.77,800,0
20071203,45.6,46.2,45.5,45.83,2300,0
20071204,45.85,45.85,45.68,45.68,400,0
20071205,45.59,46.34,45.59,45.84,1400,0
20071206,46.89,47.4,46.77,46.96,19500,0
20071207,47.74,47.74,45.45,45.7,6900,0
20071210,45.09,45.83,44.86,45.07,6200,0
20071211,45.1,45.32,45.07,45.32,500,0
20071212,46.26,47.33,46.21,47.33,4600,0
20071213,47.72,47.72,46.68,46.68,1000,0
20071214,45.52,45.52,45.05,45.09,500,0
20071217,45.01,45.53,45.01,45.41,2000,0
20071218,46.01,46.01,45.77,45.8,1400,0
20071219,45.86,46,45.86,46,300,0
20071220,45.8,45.8,45.64,45.64,700,0
20071221,46.11,46.15,46.11,46.15,3100,0
20071224,45.17,45.22,44.96,44.96,1000,0
20071226,45.03,45.42,44.98,45.33,5500,0
20071227,44.26,46.03,44.26,45.6,5500,0
20071228,45.88,46.59,45.88,46.5,1800,0
20071231,46.62,47.65,46.62,47.5,7300,0
20080102,48.71,49.71,48.69,49.69,5700,0
20080103,49.15,50,48.48,48.58,4000,0
20080104,48.46,49.35,47.83,49.16,6000,0
20080107,48.86,50.5,48.58,49.72,10700,0
20080108,50.27,50.53,50.13,50.16,4800,0
20080109,51.3,52.14,50.69,51,13800,0
20080110,50.76,51.87,50.35,51.85,8200,0
20080111,51.87,52.42,51.09,51.37,9200,0
20080114,52.89,52.94,51.7,52.18,5500,0
20080115,51.82,52.08,50.7,51.42,27000,0
20080116,51.23,51.36,50.75,50.92,2100,0
20080117,50.24,50.88,49.82,50.74,12400,0
20080118,51.15,51.19,49.81,49.81,3600,0
20080122,49.07,49.07,48.04,48.04,6100,0
20080123,48.44,48.44,47.65,48.25,6400,0
20080124,48.35,49.34,48.35,49.34,4600,0
20080125,49.29,50.31,49.29,50.18,3900,0
20080128,50.21,50.8,50.06,50.8,1400,0
20080129,50.44,50.46,49.74,50.09,2800,0
20080130,51.17,51.26,50.47,50.97,4200,0
20080131,50.78,50.99,50.29,50.89,6300,0
20080201,49.98,50.1,48.8,48.8,13800,0
20080204,48.33,49.8,48.04,49.59,3000,0
20080205,50.08,50.1,49.91,50.1,1700,0
20080206,50.87,51.64,50.38,50.55,8600,0
20080207,50.87,51.45,50.55,51.45,7200,0
20080208,51.91,52.64,51.62,52.33,13600,0
20080211,53.71,54.39,53.01,53.86,10000,0
20080212,54.07,54.21,52.95,52.95,16500,0
20080213,54.1,54.1,52.9,52.95,4700,0
20080214,53.69,55.25,53.69,55.13,10000,0
20080215,55.12,55.12,54.35,54.55,2400,0
20080219,56.15,56.41,56.08,56.15,5900,0
20080220,56.76,56.77,56.04,56.04,4100,0
20080221,56,56.47,55.56,55.69,23300,0
20080222,55.28,81.14,55.28,57.98,7900,0
20080225,59.95,61.06,57.65,57.93,25500,0
20080226,59.83,59.83,57.79,57.79,9500,0
20080227,58.5,58.5,56.68,56.98,9200,0
20080228,58,59.61,58,59.57,15600,0
20080229,61.44,61.44,58.58,59.23,32400,0
20080303,59.61,63.47,58.4,58.8,28600,0
20080304,59.07,59.72,58.8,59.07,7100,0
20080305,60.05,61.86,59.7,61.21,23600,0
20080306,61.58,61.95,60.81,61.58,36200,0
20080307,62.7,64.97,61.47,62.69,30500,0
20080310,64.4,67.95,60.63,63.25,22500,0
20080311,62.53,63.77,62.2,63.06,12800,0
20080312,62.93,66.25,62.33,63.42,45900,0
20080313,63.4,66.73,63.4,65.5,36800,0
20080314,64.42,64.95,61,62.21,88700,0
20080317,61.18,61.47,56.54,57.71,36000,0
20080318,58.03,60.17,57.8,59.7,11200,0
20080319,58.39,58.39,56.5,56.75,21700,0
20080320,54.74,56.91,52.16,56.44,26345,0
20080324,57.02,58.77,57.02,58.18,5800,0
20080325,59.1,59.8,58.55,59.47,29500,0
20080326,60,61.94,59.6,60.83,50900,0
20080327,60,60.79,59.42,60.54,21300,0
20080328,61,61.65,60.74,61.65,10300,0
20080331,62.86,63.87,62.55,63.27,23100,0
20080401,61.95,62.4,60,60,23000,0
20080402,59.57,62.15,58.69,61.56,11300,0
20080403,60.6,61,58.62,58.88,18500,0
20080404,59.44,59.44,58.39,58.39,6900,0
20080407,60.27,61.4,59.95,61.32,10000,0
20080408,61.78,62.13,60.7,60.95,4000,0
20080409,62.69,63.58,62.69,63.44,36600,0
20080410,63.99,64.34,62.75,62.95,22400,0
20080411,62.64,62.64,61.77,62.17,25400,0
20080414,62.55,63.12,61.98,63.12,5231,0
20080415,63.9,64.26,63.68,64.26,10488,0
20080416,63.96,65.76,63.21,65.28,19702,0
20080417,65.25,66,64.88,65.05,13914,0
20080418,64.74,66.78,64.52,66.78,38740,0
20080421,66.61,67.75,66.36,67.6,17760,0
20080422,67.35,68.03,66.88,67.68,23562,0
20080423,66.26,68.69,65.92,68.65,13378,0
20080424,67.71,69.29,67.15,68.21,28385,0
20080425,68.93,69.49,68.75,69.49,11197,0
20080428,70.75,71.2,69.75,70.32,34886,0
20080429,70.38,70.38,67.23,67.38,25594,0
20080430,67.77,68.5,66.59,67.99,33210,0
20080501,67.09,67.1,65.51,65.91,47455,0
20080502,65.75,67.08,65.54,66.9,18105,0
20080505,68.37,69.84,68.3,69.65,19322,0
20080506,70.13,70.74,69.08,69.15,30139,0
20080507,69.43,71.15,69,70.51,38052,0
20080508,70.74,71.02,69.8,70.24,27402,0
20080509,71.18,72.12,70.64,71.92,24469,0
20080512,71.46,72.14,70.16,70.36,32807,0
20080513,71.99,72.41,70.36,71.18,17571,0
20080514,72.9,73,72.03,72.09,18542,0
20080515,72.73,72.73,69.75,71.14,28929,0
20080516,71.88,72.14,69.1,69.2,29835,0
20080519,69.6,70.34,67.69,68.24,32132,0
20080520,69.67,71.18,69.55,71.05,34195,0
20080521,71.41,73.1,71.1,73.05,37017,0
20080522,72.35,73.62,71.78,72.62,24932,0
20080523,73.72,74.14,72.76,74.14,7892,0
20080527,74.2,75.4,73.33,73.33,33202,0
20080528,73.01,74.6,72.87,74.06,11448,0
20080529,72.93,74.65,70.65,70.65,23688,0
20080530,71.6,72.51,71.31,72.51,11496,0
20080602,77,77,72.86,74.3,79046,0
20080603,76.46,76.46,75.09,75.54,43765,0
20080604,74.96,76.8,74.7,76.64,27181,0
20080605,77.01,77.22,75.91,77.19,27466,0
20080606,78.99,78.99,77.94,78.21,24938,0
20080609,77.68,78.84,77.48,77.84,18602,0
20080610,77.91,78.38,75.93,76.78,22665,0
20080611,77.87,78.61,77.8,78.54,44084,0
20080612,77.57,80,77.42,79.1,26485,0
20080613,78,78.39,77.76,78.13,18977,0
20080616,79.33,80.09,79.33,79.77,19494,0
20080617,80.22,80.51,79.44,80.11,20518,0
20080618,80.88,81.99,80.67,81.96,27355,0
20080619,82.2,82.33,78.32,79.44,48005,0
20080620,81.24,81.57,80.43,80.55,43628,0
20080623,81.13,82.1,81.11,81.95,45765,0
20080624,80.75,81.44,80.05,80.64,27915,0
20080625,79.55,79.61,78.28,78.7,31181,0
20080626,78.74,81.63,77.62,81.3,73653,0
20080627,82.06,82.25,81,81.52,42137,0
20080630,82.29,82.4,81.24,82.3,38907,0
20080701,83.44,83.64,82.77,83.24,40234,0
20080702,83,83.38,81.14,82.52,52242,0
20080703,82.16,82.93,81.88,82.85,32932,0
20080707,80.69,82.24,79.38,79.72,61540,0
20080708,77.27,77.64,75.66,75.72,135861,0
20080709,75.59,76.74,73.24,73.31,67789,0
20080710,74.79,76.44,73.4,76.44,39036,0
20080711,76.9,76.92,72.88,73.09,37861,0
20080714,73.37,74.5,73.19,73.75,22234,0
20080715,74.21,74.24,70.15,70.58,91636,0
20080716,69.85,70.49,68.62,70.42,43097,0
20080717,69.55,70.07,64.41,65.17,78763,0
20080718,64.89,66.06,64.85,65.53,23327,0
20080721,64.61,65.12,63.65,64.91,42766,0
20080722,62,62.19,61,62,33903,0
20080723,61.68,63.34,59.53,59.67,40135,0
20080724,59.91,59.91,54.71,57.16,102038,0
20080725,57.16,57.6,55.35,55.64,51568,0
20080728,56.49,56.51,55.82,56.02,11476,0
20080729,55.67,56.17,54.78,55.37,10468,0
20080730,54.75,56.96,53.84,56.81,33520,0
20080731,56.23,56.48,55.42,55.58,22231,0
20080801,55.46,57.56,55.46,57.51,16817,0
20080804,55.6,55.62,52.7,53.22,50107,0
20080805,52.44,54.72,52.4,53,61114,0
20080806,53.01,54.4,52.6,53.73,21391,0
20080807,53.93,55.18,51.9,52.46,19935,0
20080808,51.58,51.58,50.12,50.78,25382,0
20080811,50.12,51.5,49.9,51.3,26848,0
20080812,51.17,51.33,50.33,50.98,13984,0
20080813,50.12,53.03,49.29,51.84,16499,0
20080814,51.62,51.62,49.4,49.93,14185,0
20080815,49.49,50.12,49.12,49.5,6031,0
20080818,48.81,49.17,48.32,48.36,16019,0
20080819,48.51,49.82,48.45,49.06,16355,0
20080820,49.72,49.89,48.8,49.89,16925,0
20080821,50.1,51.25,49.73,51.04,30031,0
20080822,50.26,50.26,44,48.3,89567,0
20080825,47.84,48.43,47.2,48.43,30967,0
20080826,50.8,51.14,50.38,50.71,335015,0
20080827,53.1,53.1,51.16,51.75,124076,0
20080828,52.28,52.28,47.24,49.38,164523,0
20080829,50.31,50.32,48.48,48.78,27812,0
20080902,45.67,45.95,44.48,44.85,61996,0
20080903,43.67,44.94,43.49,44.87,27877,0
20080904,44.11,45.15,43.35,45.1,76358,0
20080905,45.18,45.82,44.37,45.7,44899,0
20080908,46.37,46.59,45.26,45.85,21450,0
20080909,44.28,45.87,43.69,44.76,626563,0
20080910,44.98,45.61,43.9,44.4,44273,0
20080911,45.2,45.23,43.24,43.43,32683,0
20080912,44.17,45.63,43.96,44.4,35750,0
20080915,43.33,46.81,42.88,44.31,64002,0
20080916,43.5,44.08,42.86,43.7,22231,0
20080917,45.31,47.65,45.26,47.49,48838,0
20080918,48.61,48.69,45.13,45.93,33241,0
20080919,46.4,46.73,44.9,45.45,14096,0
20080922,44.91,46.49,44.79,46.1,71001,0
20080923,46.93,47.56,46.87,47.56,12594,0
20080924,47.6,47.6,45.78,46.07,23011,0
20080925,45.22,46.82,44.68,45.98,11800,0
20080926,44.51,44.57,43.86,44.34,23083,0
20080929,42.09,42.51,41.3,41.48,26009,0
20080930,42.45,43.34,42.38,43.33,20156,0
20081001,43.63,45.96,43.12,45.11,5782,0
20081002,45.18,45.25,43.09,43.13,9120,0
20081003,42.68,43.38,42.32,42.64,9788,0
20081006,40.89,41.27,39.51,39.93,44778,0
20081007,40.3,40.3,39,39.44,14198,0
20081008,38.13,39.45,36.96,39.05,33675,0
20081009,38.95,39.53,38.57,39.18,61581,0
20081010,37.8,39,37.48,38.36,28638,0
20081013,38.77,39.1,38.46,38.84,23321,0
20081014,39.11,39.29,38.41,38.82,40885,0
20081015,38.07,38.22,37.66,37.66,7053,0
20081016,37.63,38.52,37.63,38.47,9878,0
20081017,38.25,39.54,38.25,39.26,55030,0
20081020,39.77,39.83,37.95,38.4,49249,0
20081021,38,38.87,38,38.87,15955,0
20081022,38.97,39,37.95,37.97,13215,0
20081023,37.92,37.92,36.35,36.35,8614,0
20081024,35.04,35.97,35.04,35.52,8307,0
20081027,35.18,35.32,34.94,34.95,4972,0
20081028,35.22,35.87,34.87,35.61,20299,0
20081029,36.9,37.82,36.55,37.77,12795,0
20081030,37.67,37.67,35.44,35.75,7399,0
20081031,35.57,37.3,35.49,37.11,22836,0
20081103,36.45,37.59,36.42,37.58,2124,0
20081104,38.6,40,38.59,39.54,42164,0
20081105,39.5,39.81,39.26,39.81,2906,0
20081106,39.16,39.16,37.47,38.23,2117,0
20081107,37.31,37.31,36.82,36.82,2523,0
20081110,39.16,39.35,38.26,39.12,3707,0
20081111,38.03,38.03,36.3,36.3,2481,0
20081112,35.5,35.55,34.44,34.51,9037,0
20081113,34.3,34.97,33,34.7,9986,0
20081114,34,34.28,33,34.28,11650,0
20081117,34.79,35.28,34.53,35.19,13187,0
20081118,35.33,35.7,34.61,34.61,13845,0
20081119,35.56,36.21,35.56,36,34021,0
20081120,34.56,34.56,33.56,33.72,12792,0
20081121,34.32,34.86,34.04,34.5,7453,0
20081124,35.43,36.17,35.23,36.03,17983,0
20081125,34.84,34.84,33.58,33.68,21129,0
20081126,34.05,36.7,33.75,35.86,29863,0
20081128,35.28,35.28,33.1,33.99,23876,0
20081201,34.14,35.19,33.81,34.75,11639,0
20081202,34.86,34.9,33.73,33.98,40032,0
20081203,33.92,34.1,33.54,33.56,12642,0
20081204,33.36,34.07,31.6,31.63,70392,0
20081205,30.85,30.87,30.34,30.35,7270,0
20081208,29.6,30.04,28.99,29.51,38763,0
20081209,29.3,29.66,28.87,29.62,25249,0
20081210,29.65,30.45,29.38,30.13,32458,0
20081211,30.29,30.31,29.4,29.48,21949,0
20081212,29.08,29.3,28.97,29.07,5195,0
20081215,29.99,30.22,29.41,29.41,2818,0
20081216,29.78,30.4,29.78,30.39,28350,0
20081217,30.16,30.48,29.17,29.62,34473,0
20081218,29.31,30,29.31,29.53,1972,0
20081219,29.92,29.92,28.05,28.33,2200,0
20081222,27.99,28.21,27.42,28.21,8900,0
20081223,28.19,30.69,28.19,30.23,9787,0
20081224,29.4,30.3,28.07,30.29,6120,0
20081226,30.54,30.6,30.36,30.59,2320,0
20081229,30.45,31.8,30.45,31.76,6659,0
20081230,31.07,31.07,30.36,30.5,4830,0
20081231,29.9,29.9,28.79,29.23,22734,0
20090102,29.43,31.61,29.38,31.24,10124,0
20090105,30.75,31.79,30.62,31.77,16947,0
20090106,32.2,32.46,30.8,31.25,85146,0
20090107,30.84,30.84,30,30.64,16319,0
20090108,30.78,30.78,28.82,29,41968,0
20090109,28.49,28.72,28,28.53,15642,0
20090112,27.86,28.96,27.86,28.57,25646,0
20090113,27.56,27.61,26.79,26.94,13776,0
20090114,26.43,26.43,25.61,25.73,14659,0
20090115,25.49,25.5,24.64,25.27,17103,0
20090116,25.23,25.45,24.81,24.97,8461,0
20090120,24.62,24.62,24.02,24.12,28990,0
20090121,24.77,24.83,24.2,24.75,25395,0
20090122,23.51,24.25,23.1,24.03,20947,0
20090123,23.85,24,23,23.19,9980,0
20090126,22.98,23.65,22.85,22.97,10843,0
20090127,23.32,23.32,22.91,22.94,10009,0
20090128,23.14,23.25,22.58,22.96,7230,0
20090129,23.08,23.79,22.96,23.79,21667,0
20090130,23.72,23.74,22.63,22.63,22700,0
20090202,22.56,24.13,22.47,23.75,24391,0
20090203,23.8,23.84,22.49,23.38,18205,0
20090204,23.51,24.38,23.51,23.95,17912,0
20090205,23.94,24.51,23.42,24,41194,0
20090206,23.49,24.83,23.49,24.8,9660,0
20090209,24.52,25.14,24.52,25.14,13045,0
20090210,25.01,25.01,24.03,24.1,2931,0
20090211,23.85,24.1,23.05,23.59,16256,0
20090212,23,23.19,22.75,23.18,3486,0
20090213,23.01,23.01,22.57,22.79,5399,0
20090217,21.82,22,21.39,21.39,23151,0
20090218,21.49,21.81,21.21,21.81,5914,0
20090219,21.54,21.58,20.75,21.02,16395,0
20090220,20.75,20.77,20.45,20.68,5441,0
20090223,21.27,21.27,20.67,20.84,9738,0
20090224,21.03,21.5,20.75,21.41,11491,0
20090225,21.25,21.25,20.5,20.75,2650,0
20090226,20.71,20.93,20.71,20.93,2163,0
20090227,20.24,21.85,20.08,21.4,12755,0
20090302,21.92,22.14,21.05,21.12,5488,0
20090303,21.82,21.85,21.32,21.85,6311,0
20090304,21.43,22.16,21.2,22.03,9325,0
20090305,22.14,22.14,20.77,20.82,6028,0
20090306,20.63,20.7,20.01,20.07,7618,0
20090309,19.74,20.07,19.42,19.56,5355,0
20090310,19.43,20,19.43,19.58,6295,0
20090311,19.79,19.81,19.34,19.46,7350,0
20090312,19.25,20.34,19.2,20.34,12166,0
20090313,19.82,20.41,19.82,20.25,5900,0
20090316,19.55,20.01,19.25,19.74,30199,0
20090317,19.52,19.56,19.2,19.48,21480,0
20090318,19.37,19.4,18.75,18.87,16154,0
20090319,18.96,21.46,18.81,21.38,72702,0
20090320,21.21,22.12,21.12,21.67,22225,0
20090323,21.79,22.15,21.75,22.11,21897,0
20090324,21.6,22.35,21.5,22.18,13400,0
20090325,21.8,22.21,21.79,22.08,14822,0
20090326,21.94,22,19.89,20.11,63650,0
20090327,19.41,19.5,18.66,19.08,87706,0
20090330,18.68,18.93,18.51,18.74,21907,0
20090331,18.84,18.99,18.13,18.9,27092,0
20090401,18.36,18.64,18.19,18.44,18666,0
20090402,18.88,19.25,18.27,18.81,21172,0
20090403,18.68,19.1,18.6,19,7956,0
20090406,18.71,18.82,18.45,18.66,9877,0
20090407,18.18,18.18,17.75,17.88,23543,0
20090408,17.85,18.27,17.85,18.23,15710,0
20090409,18.37,18.57,17.82,17.99,34080,0
20090413,17.67,18.18,17.54,18.14,18736,0
20090414,18.04,18.56,17.99,18.51,10181,0
20090415,18.18,18.63,18.1,18.32,13103,0
20090416,18.03,18.21,17.75,17.96,19020,0
20090417,17.83,18.77,17.78,18.65,30827,0
20090420,17.95,17.95,17.61,17.72,26004,0
20090421,17.29,17.58,17.21,17.49,40617,0
20090422,17.43,17.51,17.35,17.45,30677,0
20090423,17.19,17.21,16.75,16.88,56649,0
20090424,16.79,16.91,16.25,16.27,52682,0
20090427,15.77,16.23,15.75,16.12,17170,0
20090428,16.3,16.53,16,16.53,19484,0
20090429,16.56,16.75,16.1,16.11,50226,0
20090430,15.78,16.27,15.55,16.21,30334,0
20090501,16.28,17.17,16.28,16.92,56255,0
20090504,16.94,17.82,16.85,17.8,90657,0
20090505,17.51,17.58,17.09,17.32,60128,0
20090506,17.96,18.59,17.89,18.59,68053,0
20090507,19.02,19.85,18.27,19.78,139219,0
20090508,20.05,20.65,19.57,20.63,549619,0
20090511,20.56,21.16,20,20.36,197922,0
20090512,21.06,21.36,20.29,21.33,133831,0
20090513,21.12,21.36,20.16,20.16,130613,0
20090514,19.95,20.48,19.5,20.45,42711,0
20090515,19.96,20.15,19.4,19.56,42303,0
20090518,19.84,20.09,19.5,19.82,48194,0
20090519,19.37,19.37,18.43,18.59,88159,0
20090520,18.58,19.07,18.5,19.02,83246,0
20090521,18.46,18.47,17.07,17.29,243365,0
20090522,16.73,17.01,16.59,16.66,257155,0
20090526,16.27,16.81,16.18,16.81,165499,0
20090527,16.66,16.87,16.33,16.71,341595,0
20090528,16.75,18.35,16.52,18.23,383252,0
20090529,18.86,18.94,17.57,17.87,393622,0
20090601,18.79,19.72,18.56,19.61,406470,0
20090602,19.13,19.39,18.85,19.16,310282,0
20090603,18.39,18.39,17.11,17.46,307313,0
20090604,17.54,17.83,16.3,17.8,443400,0
20090605,17.44,18.27,17.14,17.73,544197,0
20090608,17.27,17.48,17.01,17.26,354056,0
20090609,17.31,17.39,16.86,17.3,373268,0
20090610,17.38,17.73,16.94,17.09,493783,0
20090611,17.17,18.58,17.07,18.07,490405,0
20090612,17.82,18.28,17.75,17.9,497419,0
20090615,18.32,19.14,18.11,19.04,347966,0
20090616,19.65,19.69,18.46,18.65,740584,0
20090617,18.9,19.21,18.5,19.1,356899,0
20090618,19.15,19.24,18.45,18.45,311578,0
20090619,18.69,18.75,18.1,18.14,261415,0
20090622,18.1,18.11,17.3,17.53,374453,0
20090623,17.51,17.57,17.11,17.36,286772,0
20090624,16.94,17.19,16.83,16.99,398593,0
20090625,17.34,17.71,16.99,17.48,191782,0
20090626,17.26,17.91,17.08,17.8,123790,0
20090629,17.43,17.52,17.19,17.21,194385,0
20090630,16.9,16.98,16.6,16.7,289365,0
20090701,16.49,16.96,16.42,16.49,346432,0
20090702,16.2,16.52,15.72,15.85,397073,0
20090706,14.91,15.45,14.85,15.11,559018,0
20090707,15.08,15.25,14.65,14.65,392582,0
20090708,14.6,14.73,14.46,14.52,813450,0
20090709,14.81,15.05,14.59,14.7,209069,0
20090710,14.57,14.7,14.51,14.51,126002,0
20090713,14.17,14.25,14.07,14.14,466605,0
20090714,14.74,15.03,14.63,14.97,246334,0
20090715,14.94,14.94,14.22,14.42,873828,0
20090716,14.62,15.99,14.57,15.61,577983,0
20090717,15.78,16.44,15.6,15.84,368556,0
20090720,15.81,16.27,15.34,15.97,281453,0
20090721,15.97,16.25,15.84,16.09,200289,0
20090722,15.95,16.91,15.95,16.64,501202,0
20090723,16.63,16.93,15.47,15.5,528396,0
20090724,15.52,16.19,15.52,16.03,531356,0
20090727,15.63,15.96,15.59,15.83,374984,0
20090728,15.55,15.64,15.1,15.34,186432,0
20090729,15.23,15.26,14.44,14.81,498212,0
20090730,14.82,15.75,14.67,15.57,543415,0
20090731,15.18,15.42,14.94,15.27,331567,0
20090803,16.14,17.01,16.14,16.79,920529,0
20090804,16.5,16.99,16.18,16.61,336129,0
20090805,16.75,17.15,16.64,16.86,394306,0
20090806,16.92,16.93,15.64,15.73,631367,0
20090807,15.97,16.09,15.35,15.46,444595,0
20090810,15.61,15.72,15.13,15.29,355779,0
20090811,15.04,15.13,14.89,15.01,568420,0
20090812,14.88,15.15,14.76,14.81,756765,0
20090813,14.71,15,14.41,14.54,1034329,0
20090814,14.51,14.58,14.29,14.43,1023522,0
20090817,14.13,14.13,13.88,14.04,671775,0
20090818,13.83,13.92,13.73,13.85,1186933,0
20090819,13.69,13.87,13.64,13.81,1728072,0
20090820,13.76,14.62,13.64,13.97,2827020,0
20090821,14.04,14.37,13.98,14.15,1508094,0
20090824,14.33,15.02,14.3,14.81,1125660,0
20090825,14.76,15.25,14.72,15.06,976889,0
20090826,15,15.1,14.2,14.34,1322125,0
20090827,14.23,14.35,14,14.27,842574,0
20090828,14.34,14.39,14.15,14.2,993134,0
20090831,14.04,14.04,13.85,13.88,518597,0
20090901,13.79,13.97,13.1,13.12,946036,0
20090902,13.08,13.12,12.42,12.5,1146584,0
20090903,12.7,12.84,12.01,12.01,1326247,0
20090904,12.05,13.1,12.02,13,1296536,0
20090908,13.34,13.89,13.25,13.76,1043627,0
20090909,14.08,14.21,13.88,13.88,755046,0
20090910,13.98,14.99,13.55,14.96,1238646,0
20090911,15.17,15.2,14.16,14.54,1147156,0
20090914,14.62,15.35,14.5,15.19,702689,0
20090915,15.32,15.67,14.9,14.95,984761,0
20090916,15.4,16.23,15.37,16.08,919778,0
20090917,15.9,16.58,15.75,15.89,913629,0
20090918,16.22,16.32,15.5,15.95,576727,0
20090921,15.95,15.95,15.4,15.56,374020,0
20090922,15.8,16,15.51,15.92,424928,0
20090923,16.19,16.55,16.1,16.28,466980,0
20090924,16.35,16.43,15.56,15.79,760558,0
20090925,16.06,16.11,15.6,16.03,271697,0
20090928,15.6,16.04,15.53,15.71,352935,0
20090929,15.31,16.18,15.09,15.68,554102,0
20090930,15.76,16,15.6,15.85,348543,0
20091001,15.32,15.58,15.05,15.1,350649,0
20091002,15.23,15.65,14.97,15.43,264279,0
20091005,15.81,16.18,15.63,16.01,571793,0
20091006,16.07,16.22,15.63,15.81,272017,0
20091007,16.25,16.28,15.83,16.05,299297,0
20091008,16.1,16.3,15.91,16.07,267081,0
20091009,15.95,16.06,15.5,15.53,343127,0
20091012,15.8,16,15.73,15.85,336404,0
20091013,15.43,15.52,15.2,15.39,327148,0
20091014,15.55,15.55,15.1,15.11,298872,0
20091015,15.21,15.45,15.07,15.33,282911,0
20091016,15.5,16.1,15.47,15.87,323129,0
20091019,15.74,16.1,15.61,15.93,214547,0
20091020,16.33,16.36,16.02,16.36,372560,0
20091021,16.3,16.37,15.89,15.89,343714,0
20091022,15.87,16.04,15.52,15.65,195866,0
20091023,15.69,15.69,15.35,15.44,516827,0
20091026,15.06,15.39,14.69,15,412027,0
20091027,15,15.07,14.83,14.97,140043,0
20091028,14.9,14.95,14.33,14.43,287340,0
20091029,14.35,14.41,14.1,14.27,314524,0
20091030,14.39,14.61,13.8,13.95,320340,0
20091102,13.82,14.3,13.45,13.47,360716,0
20091103,13.37,13.77,13.25,13.68,182191,0
20091104,13.6,13.74,13.38,13.43,206799,0
20091105,13.47,13.73,13.28,13.63,213307,0
20091106,13.44,13.44,13.12,13.17,341797,0
20091109,13.16,13.36,13.09,13.36,312120,0
20091110,13,13.15,12.95,13.13,312320,0
20091111,13.28,13.37,13.03,13.05,220443,0
20091112,13.05,13.26,12.98,13.06,240052,0
20091113,13,13.27,12.96,13.07,163953,0
20091116,13.26,13.65,13.11,13.57,154748,0
20091117,13.58,13.68,13.38,13.55,125010,0
20091118,13.18,13.29,13,13.14,261611,0
20091119,13,13.31,12.78,13.26,272093,0
20091120,13.08,13.28,12.95,13.22,332419,0
20091123,13.25,13.64,13.07,13.15,376383,0
20091124,13.02,13.3,12.96,12.98,231995,0
20091125,13.28,13.88,13.28,13.78,382862,0
20091127,13.22,14.19,13.07,14.15,176041,0
20091130,13.53,13.7,13.4,13.53,361293,0
20091201,13.46,13.48,13.05,13.2,436925,0
20091202,13.18,13.23,12.78,12.92,406658,0
20091203,12.75,12.9,12.61,12.61,348564,0
20091204,12.93,12.99,12.71,12.77,243724,0
20091207,13.19,13.5,13.1,13.44,365276,0
20091208,13.5,13.8,13.41,13.68,248413,0
20091209,13.71,13.72,13.15,13.18,150814,0
20091210,13.3,13.95,13.15,13.85,434463,0
20091211,13.85,14.09,13.76,13.95,420529,0
20091214,14.29,14.34,13.95,14.27,337133,0
20091215,14.35,14.86,14.28,14.82,399295,0
20091216,14.85,14.96,14.48,14.57,323890,0
20091217,14.47,15.24,14.47,14.88,499915,0
20091218,15.08,15.27,15.04,15.24,367375,0
20091221,15.05,15.11,14.8,14.96,182026,0
20091222,14.68,14.9,14.5,14.8,227445,0
20091223,14.75,15.11,14.71,15.03,200641,0
20091224,15.17,15.2,14.61,14.68,155481,0
20091228,15.24,15.3,15.03,15.2,208484,0
20091229,15.27,15.3,15,15.09,215254,0
20091230,14.96,15.17,14.58,14.58,190467,0
20091231,14.73,14.85,14.14,14.28,193125,0
20100104,14.59,15.03,14.59,14.96,170884,0
20100105,14.96,14.96,14.35,14.55,239679,0
20100106,14.85,15.23,14.81,15.11,386139,0
20100107,15,15.2,14.53,14.84,428548,0
20100108,14.58,14.7,14.46,14.69,195011,0
20100111,14.27,14.38,13.86,14.07,437484,0
20100112,14.07,14.23,13.96,14.1,184566,0
20100113,13.95,14.6,13.79,14.45,212812,0
20100114,14.65,14.66,13.97,14.13,237648,0
20100115,14.3,14.48,14.26,14.31,189015,0
20100119,14,14.31,13.82,14.02,187618,0
20100120,13.84,13.98,13.84,13.89,80310,0
20100121,14.05,14.34,13.75,13.99,328066,0
20100122,14.3,14.55,14.22,14.48,389367,0
20100125,14.34,14.55,14.2,14.2,161928,0
20100126,13.8,13.98,13.75,13.86,538176,0
20100127,13.66,13.7,13.03,13.18,360647,0
20100128,13.1,13.25,13,13,218174,0
20100129,13.14,13.29,12.8,12.85,230028,0
20100201,13.47,13.64,13.39,13.56,224716,0
20100202,13.58,13.88,13.47,13.67,94927,0
20100203,13.87,13.95,13.52,13.55,77531,0
20100204,13.55,13.66,13.06,13.59,147241,0
20100205,13.93,14,13.48,13.82,278234,0
20100208,13.97,14.1,13.5,13.58,125471,0
20100209,13.51,13.54,13.18,13.24,141689,0
20100210,13.34,13.39,13.12,13.31,58278,0
20100211,13.43,13.5,13.26,13.45,58424,0
20100212,13.35,13.8,13.2,13.56,92762,0
20100216,13.72,13.8,13.3,13.36,101157,0
20100217,13.2,13.47,13.2,13.35,323895,0
20100218,13.38,13.38,12.9,13,193073,0
20100219,12.73,12.8,12.55,12.63,290003,0
20100222,12.4,12.65,12.22,12.34,303871,0
20100223,12.21,12.26,12.07,12.08,189717,0
20100224,12.35,12.35,12.13,12.25,136253,0
20100225,12.1,12.17,11.9,12.03,215320,0
20100226,12.11,12.14,11.95,12.04,73976,0
20100301,12.12,12.2,11.74,11.79,240714,0
20100302,11.8,11.9,11.67,11.85,218614,0
20100303,11.9,11.99,11.84,11.9,93032,0
20100304,11.91,11.92,11.42,11.47,198932,0
20100305,11.55,11.56,11.4,11.47,179732,0
20100308,11.2,11.38,11.14,11.34,259476,0
20100309,11.39,11.46,11.2,11.25,127559,0
20100310,11.12,11.49,11.11,11.48,134152,0
20100311,11.28,11.33,11.07,11.12,216942,0
20100312,11.1,11.16,10.93,10.96,168867,0
20100315,10.91,11.09,10.9,11.02,139890,0
20100316,10.95,10.95,10.7,10.87,299579,0
20100317,10.74,10.78,10.69,10.72,279084,0
20100318,10.67,10.67,10.08,10.19,561441,0
20100319,10.15,10.37,10.12,10.35,98874,0
20100322,10.1,10.35,10.1,10.16,161737,0
20100323,10.16,10.36,10.12,10.3,535788,0
20100324,10.18,10.28,10.11,10.13,273589,0
20100325,10.05,10.05,9.76,9.83,508153,0
20100326,9.89,9.89,9.61,9.64,397824,0
20100329,9.75,9.85,9.53,9.58,559117,0
20100330,9.46,9.77,9.45,9.74,275577,0
20100331,9.76,9.8,9.45,9.49,179412,0
20100401,9.47,10.19,9.37,10.01,360407,0
20100405,10,10.61,9.98,10.61,345121,0
20100406,10.41,10.59,10.04,10.21,492699,0
20100407,10.2,10.26,10.07,10.15,350034,0
20100408,10.01,10.29,9.84,10.17,250881,0
20100409,10.11,10.38,10.07,10.33,111088,0
20100412,10.35,10.5,10.02,10.04,215974,0
20100413,10.15,10.41,10.03,10.29,121587,0
20100414,10.4,10.56,10.37,10.37,140330,0
20100415,10.5,10.53,9.96,10.14,267013,0
20100416,10.24,10.26,10,10.19,80745,0
20100419,10.13,10.13,9.74,9.83,175592,0
20100420,9.72,10.1,9.7,10.04,159751,0
20100421,9.91,10.18,9.91,10,71891,0
20100422,10.15,10.27,9.97,10.19,337707,0
20100423,10.21,10.57,10.13,10.41,139056,0
20100426,10.51,10.55,10.25,10.43,82511,0
20100427,10.35,10.46,10.3,10.4,86781,0
20100428,10.4,10.62,10.37,10.48,238758,0
20100429,10.45,10.45,9.64,9.73,375952,0
20100430,9.87,9.88,9.58,9.63,220138,0
20100503,9.7,9.89,9.61,9.82,182526,0
20100504,9.81,9.86,9.7,9.84,102781,0
20100505,9.9,9.9,9.6,9.76,140458,0
20100506,9.6,9.73,9.5,9.52,211591,0
20100507,9.56,9.71,9.42,9.59,180955,0
20100510,9.8,10.11,9.79,9.99,149895,0
20100511,9.9,10.09,9.88,9.9,48899,0
20100512,10.15,10.28,10.04,10.21,132803,0
20100513,10.19,10.55,10,10.3,189719,0
20100514,10.25,10.32,10.09,10.24,112083,0
20100517,10.35,10.48,10.15,10.45,70552,0
20100518,10.53,10.65,10.22,10.24,179377,0
20100519,10.08,10.15,9.77,9.82,92958,0
20100520,9.65,9.88,9.6,9.73,164840,0
20100521,9.75,9.85,9.42,9.55,137243,0
20100524,9.45,9.54,9.36,9.44,129654,0
20100525,9.35,9.6,9.28,9.56,366805,0
20100526,9.7,9.95,9.61,9.67,108808,0
20100527,9.86,10,9.67,9.95,154541,0
20100528,9.96,10.18,9.95,10.12,164612,0
20100601,10.24,10.25,9.75,9.78,66388,0
20100602,10,10.29,9.86,10.27,191726,0
20100603,10.2,10.95,10.15,10.95,737188,0
20100604,10.88,11.58,10.88,11.17,521394,0
20100607,11.21,11.56,11.11,11.45,393896,0
20100608,11.33,11.36,11.06,11.19,187479,0
20100609,11.15,11.15,10.84,10.87,143271,0
20100610,11.03,11.18,10.78,10.95,582105,0
20100611,11.03,11.23,10.96,11.21,270163,0
20100614,11.53,11.73,11.31,11.64,386915,0
20100615,11.81,12.19,11.73,12.18,756885,0
20100616,12.05,12.05,11.58,11.67,188884,0
20100617,11.98,12.06,11.6,11.98,173343,0
20100618,11.95,11.95,11.68,11.72,127490,0
20100621,12,12.04,11.17,11.2,439182,0
20100622,11.19,11.2,10.85,11.05,155284,0
20100623,11.15,11.33,11.08,11.12,77718,0
20100624,11.17,11.29,10.9,11.02,136673,0
20100625,11.1,11.34,11.09,11.29,89305,0
20100628,10.98,11.08,10.84,10.88,105563,0
20100629,10.69,10.7,10.38,10.44,258205,0
20100630,10.44,10.59,10.34,10.5,137296,0
20100701,10.59,11.27,10.48,10.99,500302,0
20100702,11.08,11.08,10.55,10.66,146711,0
20100706,11.01,11.23,10.64,10.69,298463,0
20100707,10.6,10.67,10.39,10.5,177410,0
20100708,10.46,10.47,9.91,10.07,178959,0
20100709,10.06,10.14,9.95,10.02,95623,0
20100712,10,10.09,9.95,10,65391,0
20100713,10.17,10.17,9.86,9.92,144744,0
20100714,9.85,9.9,9.75,9.8,132533,0
20100715,9.83,10.47,9.68,10.43,208436,0
20100716,10.38,10.39,10.12,10.26,96361,0
20100719,10.29,10.29,10.11,10.25,43495,0
20100720,10.28,10.43,10.11,10.39,42058,0
20100721,10.49,10.5,10.12,10.19,45720,0
20100722,10.43,10.59,10.32,10.43,138457,0
20100723,10.3,10.44,10.25,10.3,75809,0
20100726,10.23,10.42,10.18,10.37,60362,0
20100727,10.45,10.55,10.35,10.52,100866,0
20100728,10.87,11.03,10.6,10.61,173989,0
20100729,10.88,11.01,10.67,10.93,244494,0
20100730,10.9,11.2,10.85,11.13,152998,0
20100802,11.1,11.1,10.6,10.65,156343,0
20100803,10.8,10.92,10.48,10.56,75009,0
20100804,10.53,10.76,10.5,10.72,48343,0
20100805,10.84,10.9,10.29,10.42,235373,0
20100806,10.45,10.45,10.05,10.15,283029,0
20100809,10.16,10.17,9.63,9.78,478765,0
20100810,9.78,9.84,9.65,9.7,293749,0
20100811,9.68,9.76,9.57,9.72,122770,0
20100812,9.82,9.82,9.62,9.73,77861,0
20100813,9.71,9.8,9.68,9.78,118696,0
20100816,9.5,9.54,9.41,9.49,190147,0
20100817,9.43,9.63,9.37,9.55,133905,0
20100818,9.45,9.54,9.4,9.48,173942,0
20100819,9.5,9.76,9.3,9.38,110304,0
20100820,9.32,9.33,9.2,9.23,148808,0
20100823,9.1,9.19,9.02,9.07,172000,0
20100824,9.05,9.05,8.96,9.01,83725,0
20100825,8.85,8.86,8.68,8.81,508930,0
20100826,8.8,8.8,8.61,8.67,129625,0
20100827,8.64,8.66,8.46,8.52,473349,0
20100830,8.56,8.8,8.56,8.79,61583,0
20100831,8.69,8.89,8.63,8.75,61647,0
20100901,8.59,8.81,8.53,8.55,107350,0
20100902,8.45,8.66,8.4,8.62,198241,0
20100903,8.54,8.82,8.54,8.75,124614,0
20100907,8.6,8.71,8.52,8.67,97447,0
20100908,8.6,8.72,8.55,8.59,70343,0
20100909,8.61,8.67,8.4,8.52,141842,0
20100910,8.65,8.83,8.64,8.72,106041,0
20100913,8.82,8.86,8.68,8.83,103639,0
20100914,8.92,8.93,8.58,8.76,157842,0
20100915,8.88,8.95,8.8,8.9,85478,0
20100916,8.97,9.09,8.55,8.92,238170,0
20100917,8.96,9.01,8.8,8.85,39425,0
20100920,8.63,8.64,8.45,8.52,197504,0
20100921,8.64,8.82,8.58,8.64,64186,0
20100922,8.75,8.79,8.59,8.66,55040,0
20100923,8.83,8.92,8.69,8.77,69973,0
20100924,8.6,8.6,8.47,8.53,117849,0
20100927,8.31,8.34,8.18,8.27,200824,0
20100928,8.34,8.48,8.29,8.41,109266,0
20100929,8.37,8.43,8.27,8.42,83675,0
20100930,8.25,8.28,8,8.24,244995,0
20101001,8.13,8.26,8.1,8.18,103483,0
20101004,8.1,8.2,7.97,8.16,120246,0
20101005,8.08,8.28,8.08,8.28,125027,0
20101006,8.13,8.35,8.1,8.29,60153,0
20101007,8.29,8.31,8.03,8.09,163463,0
20101008,8.1,8.21,8.04,8.16,75130,0
20101011,8.11,8.25,8.11,8.23,73989,0
20101012,8.15,8.25,8.15,8.2,65975,0
20101013,8.25,8.6,8.25,8.54,213732,0
20101014,8.42,8.53,8.31,8.38,102072,0
20101015,8.36,8.39,8.25,8.31,100005,0
20101018,8.21,8.37,8.2,8.21,119888,0
20101019,8.2,8.25,8.03,8.06,116689,0
20101020,8.2,8.2,7.75,7.79,301834,0
20101021,7.68,7.72,7.52,7.58,203802,0
20101022,7.52,7.58,7.33,7.34,156273,0
20101025,7.34,7.38,7.14,7.36,234378,0
20101026,7.18,7.54,7.18,7.52,161899,0
20101027,7.41,7.6,7.38,7.38,137418,0
20101028,7.5,7.72,7.25,7.67,96101,0
20101029,7.7,8.2,7.53,8.16,232664,0
20101101,8.27,8.39,7.88,7.98,223180,0
20101102,7.85,8.11,7.64,7.89,136283,0
20101103,7.85,7.88,7.74,7.82,52157,0
20101104,7.87,7.87,7.6,7.76,359065,0
20101105,7.76,8.1,7.76,8,124078,0
20101108,8.23,8.65,8.15,8.65,343705,0
20101109,8.82,8.96,8.7,8.96,410056,0
20101110,9.06,9.2,8.59,9.11,496139,0
20101111,8.9,9.16,8.8,9.16,136231,0
20101112,9.09,9.49,8.84,8.87,162890,0
20101115,8.78,8.92,7.9,8.2,499554,0
20101116,8.5,8.5,8,8,155029,0
20101117,8.28,8.3,8.11,8.22,148395,0
20101118,8.11,8.43,8.11,8.15,138807,0
20101119,8.2,8.29,8.2,8.26,192515,0
20101122,8.3,8.42,8.22,8.38,153661,0
20101123,8.3,8.72,8.28,8.41,148758,0
20101124,8.42,8.8,8.31,8.7,187169,0
20101126,8.91,8.91,8.65,8.72,31902,0
20101129,8.82,8.82,8.46,8.5,202628,0
20101130,8.26,8.47,8.1,8.15,231814,0
20101201,8.42,8.42,8.1,8.1,210937,0
20101202,8.11,8.18,8,8.18,165385,0
20101203,8.36,8.38,8.08,8.21,117362,0
20101206,8.4,8.52,8.34,8.46,144286,0
20101207,8.5,8.54,8.1,8.24,140845,0
20101208,8.5,8.5,8.34,8.45,119250,0
20101209,8.43,8.5,8.18,8.19,86190,0
20101210,8.11,8.27,8.1,8.21,50978,0
20101213,8.21,8.35,8.1,8.18,170595,0
20101214,8.15,8.22,8.02,8.02,100076,0
20101215,7.88,8.15,7.66,7.95,215272,0
20101216,7.86,7.86,7.7,7.73,186858,0
20101217,7.61,7.77,7.53,7.69,154782,0
20101220,7.7,7.92,7.63,7.92,173215,0
20101221,7.71,7.76,7.5,7.55,284881,0
20101222,7.56,7.68,7.37,7.67,433432,0
20101223,7.65,7.73,7.49,7.54,209474,0
20101227,7.45,7.58,7.38,7.52,178212,0
20101228,7.65,7.85,7.54,7.77,231123,0
20101229,7.76,7.8,7.66,7.74,155981,0
20101230,7.83,8.04,7.68,8,376352,0
20101231,7.97,8.13,7.96,8.05,189634,0
20110103,8.28,8.47,8.23,8.37,273627,0
20110104,8.48,8.57,8.29,8.47,219002,0
20110105,8.48,8.48,8.23,8.28,224959,0
20110106,8.28,8.45,8.05,8.07,171705,0
20110107,8.11,8.15,8,8.14,104367,0
20110110,8.1,8.18,8.04,8.11,65655,0
20110111,8.07,8.25,8,8.25,118201,0
20110112,8.22,8.3,8.1,8.23,122953,0
20110113,8.23,8.28,8.06,8.13,101008,0
20110114,8.13,8.2,8.03,8.18,130990,0
20110118,8.22,8.23,8.03,8.21,197023,0
20110119,8.22,8.36,8.19,8.32,71477,0
20110120,8.3,8.54,8.27,8.5,245500,0
20110121,8.58,8.66,8.43,8.53,234019,0
20110124,8.6,8.6,8.25,8.37,111476,0
20110125,8.15,8.22,8.02,8.13,109643,0
20110126,8.05,8.15,7.97,8.07,169268,0
20110127,7.96,8.02,7.77,7.78,249112,0
20110128,7.87,7.9,7.75,7.86,92373,0
20110131,8.03,8.04,7.75,7.94,94133,0
20110201,7.84,7.95,7.8,7.82,92664,0
20110202,7.93,8,7.82,7.95,61659,0
20110203,8.07,8.1,7.8,7.87,139373,0
20110204,7.86,7.88,7.8,7.85,88043,0
20110207,7.59,7.59,7.4,7.46,364869,0
20110208,7.41,7.45,7.28,7.35,174807,0
20110209,7.29,7.36,7.23,7.36,107017,0
20110210,7.29,7.35,7.15,7.2,131116,0
20110211,7.13,7.15,7.01,7.06,241806,0
20110214,7.01,7.11,7,7.09,113066,0
20110215,7.17,7.18,7.04,7.13,284645,0
20110216,7.06,7.11,7.02,7.09,175569,0
20110218,6.98,6.98,6.91,6.96,93137,0
20110222,7.02,7.04,6.93,7,191414,0
20110223,7,7.13,6.9,7.1,187734,0
20110224,7.05,7.06,6.88,6.96,209112,0
20110225,6.94,7.24,6.92,7.17,103945,0
20110228,7.28,7.33,7.17,7.26,139297,0
20110301,7.3,7.3,6.98,7,136315,0
20110302,7,7.03,6.9,6.95,139522,0
20110303,6.92,7.02,6.85,6.94,140642,0
20110304,6.88,6.98,6.85,6.95,79350,0
20110307,6.98,7.14,6.97,7.08,285112,0
20110308,6.92,7.12,6.86,6.98,148051,0
20110309,7.07,7.22,6.99,7.13,152757,0
20110310,7.1,7.1,6.94,6.97,187505,0
20110311,7.09,7.2,7.04,7.05,74240,0
20110314,7.3,7.31,7.07,7.12,231544,0
20110315,7,7.31,6.93,7.21,256074,0
20110316,7.3,7.3,7.03,7.19,214513,0
20110317,7.21,7.5,7.19,7.49,318796,0
20110318,7.52,7.68,7.46,7.63,234562,0
20110321,7.7,8.15,7.67,7.77,1356575,0
20110322,7.96,8.24,7.92,8.19,408906,0
20110323,8.34,8.74,8.21,8.68,789022,0
20110324,8.8,9.05,8.56,8.74,1187759,0
20110325,8.78,8.9,8.32,8.59,551400,0
20110328,8.59,8.77,8.5,8.55,270712,0
20110329,8.5,8.6,8.02,8.02,380987,0
20110330,8.05,8.4,8.02,8.39,325346,0
20110331,8.47,8.75,8.27,8.65,575674,0
20110401,8.75,8.88,8.67,8.87,624325,0
20110404,9.03,9.05,8.76,8.84,259968,0
20110405,8.95,8.96,8.5,8.53,330034,0
20110406,8.44,8.55,8,8.23,706635,0
20110407,8.13,8.4,8.05,8.05,192182,0
20110408,8.15,8.59,8,8.36,347506,0
20110411,8.49,8.59,8.39,8.52,175241,0
20110412,8.59,8.59,8.35,8.42,167344,0
20110413,8.38,8.52,8.29,8.36,81499,0
20110414,8.39,8.63,8.21,8.62,327807,0
20110415,8.69,8.73,8.49,8.65,195961,0
20110418,8.64,8.7,8.22,8.32,309672,0
20110419,8.46,8.49,8.32,8.45,131869,0
20110420,8.5,8.53,8.43,8.46,241118,0
20110421,8.47,8.75,8.4,8.62,224924,0
20110425,8.7,8.73,8.5,8.55,120141,0
20110426,8.55,8.55,8.16,8.16,248877,0
20110427,8.54,8.54,8.18,8.23,114850,0
20110428,8.26,8.55,8.25,8.55,178306,0
20110429,8.52,8.85,8.45,8.83,478383,0
20110502,8.85,8.85,8.76,8.83,324473,0
20110503,8.99,8.99,8.6,8.65,268726,0
20110504,8.6,8.63,8.35,8.35,234311,0
20110505,8.28,8.35,8.01,8.07,288017,0
20110506,8.07,8.25,7.82,7.85,509005,0
20110509,7.95,7.95,7.51,7.55,357075,0
20110510,7.55,7.72,7.53,7.68,202235,0
20110511,7.68,7.72,7.5,7.51,136061,0
20110512,7.43,7.59,7.41,7.45,101214,0
20110513,7.51,7.79,7.4,7.79,134361,0
20110516,7.79,7.91,7.65,7.85,224475,0
20110517,7.8,7.83,7.6,7.63,122450,0
20110518,7.75,7.76,7.61,7.63,72251,0
20110519,7.57,7.58,7.17,7.26,683230,0
20110520,7.38,7.54,7.23,7.48,248971,0
20110523,7.44,7.59,7.43,7.5,146535,0
20110524,7.54,7.6,7.4,7.43,74707,0
20110525,7.52,7.74,7.51,7.71,129414,0
20110526,7.71,7.71,7.51,7.61,87823,0
20110527,7.77,7.93,7.72,7.83,206952,0
20110531,7.97,8.11,7.89,8.11,141999,0
20110601,8.07,8.11,7.82,7.84,209438,0
20110602,7.92,8.25,7.91,8.13,266265,0
20110603,8.02,8.17,8.01,8.05,118780,0
20110606,8.24,8.32,8.17,8.28,128040,0
20110607,8.25,8.4,8.24,8.38,131749,0
20110608,8.26,8.48,8.2,8.4,144094,0
20110609,8.5,8.55,8.1,8.1,148156,0
20110610,8.21,8.43,8.1,8.2,115559,0
20110613,8.14,8.26,7.92,7.93,108804,0
20110614,8.1,8.1,7.9,7.92,63505,0
20110615,7.96,7.96,7.72,7.8,181052,0
20110616,7.78,7.82,7.5,7.53,140484,0
20110617,7.6,7.7,7.48,7.52,137043,0
20110620,7.42,7.51,7.4,7.45,57190,0
20110621,7.52,7.76,7.39,7.59,64076,0
20110622,7.6,7.65,7.4,7.49,81289,0
20110623,7.51,7.56,7.3,7.35,170622,0
20110624,7.3,7.41,7.3,7.36,51702,0
20110627,7.33,7.41,7.33,7.4,103616,0
20110628,7.33,7.48,7.33,7.44,88789,0
20110629,7.47,7.47,7.36,7.38,38400,0
20110630,7.41,7.63,7.26,7.47,121803,0
20110701,7.36,7.51,7.34,7.39,82105,0
20110705,7.46,7.49,7.34,7.38,78581,0
20110706,7.3,7.38,7.16,7.21,104065,0
20110707,7.31,7.31,7.02,7.2,171052,0
20110708,7.14,7.29,7.14,7.28,57923,0
20110711,7.45,7.58,7.3,7.3,74315,0
20110712,7.29,7.48,7.25,7.33,48268,0
20110713,7.48,7.61,7.42,7.45,128511,0
20110714,7.45,7.49,7.28,7.48,87459,0
20110715,7.63,7.7,7.48,7.64,235418,0
20110718,7.6,7.71,7.55,7.63,93765,0
20110719,7.67,7.81,7.6,7.64,56954,0
20110720,7.69,7.69,7.48,7.57,49975,0
20110721,7.66,7.67,7.35,7.36,77634,0
20110722,7.49,7.51,7.38,7.39,38360,0
20110725,7.4,7.5,7.33,7.35,31380,0
20110726,7.33,7.36,7.3,7.34,96873,0
20110727,7.39,7.4,7.27,7.29,79275,0
20110728,7.41,7.41,7.19,7.25,91156,0
20110729,7.18,7.2,7.02,7.08,201468,0
20110801,7.12,7.23,7.11,7.11,70995,0
20110802,7.13,7.13,7.02,7.02,126196,0
20110803,7.07,7.07,6.91,6.96,147511,0
20110804,6.96,7,6.6,6.61,373254,0
20110805,6.62,6.84,6.6,6.6,161226,0
20110808,6.56,6.66,6.5,6.56,377015,0
20110809,6.55,6.74,6.55,6.62,133165,0
20110810,6.6,6.68,6.53,6.55,124051,0
20110811,6.55,6.81,6.51,6.73,133263,0
20110812,6.73,6.73,6.61,6.63,44548,0
20110815,6.5,6.66,6.46,6.57,79771,0
20110816,6.47,6.53,6.43,6.45,42099,0
20110817,6.46,6.7,6.46,6.51,75457,0
20110818,6.5,6.54,6.31,6.35,118585,0
20110819,6.39,6.55,6.33,6.35,135931,0
20110822,6.4,6.4,6.2,6.22,180896,0
20110823,6.24,6.46,6.22,6.38,87582,0
20110824,6.38,6.41,6.27,6.31,87875,0
20110825,6.32,6.47,6.25,6.35,42232,0
20110826,6.28,6.45,6.28,6.45,29037,0
20110829,6.33,6.47,6.29,6.33,227302,0
20110830,6.35,6.44,6.31,6.43,67449,0
20110831,6.54,6.64,6.51,6.63,68186,0
20110901,6.64,6.68,6.52,6.6,56125,0
20110902,6.46,6.55,6.32,6.32,64755,0
20110906,6.4,6.43,6.29,6.35,60424,0
20110907,6.4,6.64,6.35,6.47,80153,0
20110908,6.48,6.57,6.45,6.48,20352,0
20110909,6.36,6.46,6.25,6.39,63771,0
20110912,6.27,6.4,6.26,6.31,43185,0
20110913,6.38,6.5,6.38,6.39,169748,0
20110914,6.4,6.56,6.4,6.54,48029,0
20110915,6.46,6.47,6.32,6.32,107992,0
20110916,6.26,6.29,6.17,6.21,184992,0
20110919,6.15,6.39,6.1,6.27,118515,0
20110920,6.17,6.23,6.15,6.16,70112,0
20110921,6.09,6.09,5.96,5.97,167073,0
20110922,5.8,5.97,5.8,5.91,226977,0
20110923,5.86,5.96,5.86,5.9,60477,0
20110926,5.96,6.05,5.93,5.99,66872,0
20110927,6.07,6.09,6,6.02,74768,0
20110928,6.03,6.04,5.91,5.92,47736,0
20110929,5.88,5.94,5.72,5.8,191346,0
20110930,5.77,5.81,5.62,5.64,256055,0
20111003,5.63,5.68,5.53,5.54,86910,0
20111004,5.54,5.63,5.5,5.62,172787,0
20111005,5.6,5.6,5.45,5.46,112073,0
20111006,5.47,5.55,5.4,5.49,64537,0
20111007,5.43,5.45,5.31,5.36,334700,0
20111010,5.36,5.47,5.36,5.41,46732,0
20111011,5.43,5.53,5.35,5.43,158735,0
20111012,5.47,5.47,5.32,5.32,76239,0
20111013,5.41,5.44,5.28,5.35,95332,0
20111014,5.43,5.6,5.39,5.53,122197,0
20111017,5.52,5.54,5.43,5.45,206016,0
20111018,5.38,5.42,5.28,5.29,113799,0
20111019,5.35,5.38,5.31,5.32,109801,0
20111020,5.3,5.43,5.28,5.33,137198,0
20111021,5.27,5.35,5.25,5.33,68870,0
20111024,5.34,5.35,5.24,5.3,254901,0
20111025,5.37,5.41,5.3,5.34,144097,0
20111026,5.36,5.36,5.23,5.25,119859,0
20111027,5.22,5.33,5.19,5.25,218599,0
20111028,5.42,5.48,5.38,5.47,124479,0
20111031,5.4,5.48,5.38,5.47,33489,0
20111101,5.03,5.33,5.02,5.28,275940,0
20111102,5.25,5.34,5.23,5.26,136425,0
20111103,5.24,5.38,5.24,5.31,29203,0
20111104,5.33,5.37,5.26,5.29,35366,0
20111107,5.15,5.2,5.11,5.14,94183,0
20111108,5.09,5.19,5.06,5.16,105264,0
20111109,5.1,5.1,5.01,5.03,63739,0
20111110,5.05,5.08,4.98,5,71836,0
20111111,4.96,4.99,4.91,4.93,74592,0
20111114,4.85,4.87,4.8,4.82,69561,0
20111115,4.79,4.84,4.7,4.74,131663,0
20111116,4.73,4.77,4.61,4.62,81071,0
20111117,4.65,4.78,4.6,4.74,75602,0
20111118,4.71,4.71,4.59,4.63,106251,0
20111121,4.62,4.74,4.56,4.7,153163,0
20111122,4.72,4.72,4.64,4.67,32164,0
20111123,4.62,4.81,4.57,4.81,124659,0
20111125,4.84,4.87,4.81,4.83,54350,0
20111128,4.77,4.8,4.65,4.67,133001,0
20111129,4.78,4.82,4.71,4.8,819181,0
20111130,4.74,4.8,4.69,4.71,193659,0
20111201,4.69,4.89,4.67,4.82,473540,0
20111202,4.8,4.8,4.74,4.74,64804,0
20111205,4.62,4.64,4.55,4.58,155783,0
20111206,4.56,4.63,4.47,4.58,189152,0
20111207,4.53,4.54,4.48,4.5,112139,0
20111208,4.49,4.64,4.49,4.53,86443,0
20111209,4.5,4.5,4.32,4.34,198087,0
20111212,4.23,4.27,4.21,4.24,149968,0
20111213,4.24,4.3,4.22,4.28,79293,0
20111214,4.2,4.21,4.1,4.12,244629,0
20111215,4.15,4.17,4.07,4.08,131570,0
20111216,4.06,4.12,4.06,4.08,70028,0
20111219,4.01,4.06,3.99,4.05,86514,0
20111220,4.05,4.11,4.02,4.09,189172,0
20111221,4.04,4.18,4.04,4.13,61295,0
20111222,4.15,4.19,4.06,4.12,135460,0
20111223,4.13,4.13,4.03,4.04,77431,0
20111227,4.12,4.15,4,4.04,106411,0
20111228,4.04,4.07,3.97,4,163232,0
20111229,4.01,4.01,3.83,3.85,232266,0
20111230,3.85,3.86,3.77,3.77,193260,0
20120103,3.8,3.84,3.69,3.79,76170,0
20120104,3.85,4.01,3.85,3.99,171649,0
20120105,3.89,3.9,3.77,3.78,182459,0
20120106,3.85,3.96,3.81,3.96,132746,0
20120109,3.87,3.88,3.82,3.88,82907,0
20120110,3.85,3.87,3.7,3.71,220831,0
20120111,3.58,3.58,3.47,3.51,364300,0
20120112,3.43,3.46,3.38,3.45,294461,0
20120113,3.41,3.45,3.35,3.37,210490,0
20120117,3.23,3.25,3.09,3.15,490777,0
20120118,3.19,3.2,3.09,3.12,252788,0
20120119,3.04,3.06,2.9,2.93,623794,0
20120120,2.98,3.03,2.91,3.01,322218,0
20120123,3.1,3.26,3.1,3.26,578256,0
20120124,3.32,3.4,3.22,3.3,372423,0
20120125,3.34,3.53,3.34,3.52,480574,0
20120126,3.44,3.48,3.26,3.33,263127,0
20120127,3.31,3.53,3.29,3.52,250906,0
20120130,3.54,3.55,3.37,3.37,215921,0
20120131,3.27,3.27,3.1,3.13,402252,0
20120201,3.06,3.09,2.98,3.01,449174,0
20120202,3.05,3.47,3.02,3.36,1236006,0
20120203,3.42,3.45,3.31,3.43,1477266,0
20120206,3.47,3.63,3.45,3.56,1121511,0
20120207,3.66,3.68,3.42,3.48,1075305,0
20120208,3.51,3.57,3.47,3.54,516826,0
20120209,3.58,3.69,3.49,3.61,514277,0
20120210,3.68,3.69,3.58,3.66,408655,0
20120213,3.75,3.98,3.72,3.93,1070750,0
20120214,4.01,4.38,4.01,4.35,1125899,0
20120215,4.43,4.97,4.06,4.15,2332063,0
20120216,4.25,4.44,4.16,4.41,500086,0
20120217,4.8,4.8,4.57,4.72,898299,0
20120221,5.3,6.22,5.05,5.6,2983197,0
20120222,5.53,5.56,4.77,4.97,1640191,0
20120223,4.82,5.12,4.57,4.76,768720,0
20120224,4.77,4.89,4.25,4.32,1063877,0
20120227,4.39,4.73,4.37,4.69,704072,0
20120228,4.46,4.75,4.43,4.66,568072,0
20120229,4.58,4.67,4.35,4.67,635501,0
20120301,4.64,4.75,4.46,4.71,589979,0
20120302,5,5.22,4.78,5.02,845155,0
20120305,5.5,5.59,5.19,5.27,1401476,0
20120306,5.56,5.56,4.95,5.29,758014,0
20120307,5.4,5.4,5.19,5.35,403743,0
20120308,5.26,5.26,4.65,5.16,1009209,0
20120309,5.25,5.25,4.85,5.15,423676,0
20120312,5.07,5.17,4.95,5.09,307999,0
20120313,5.24,5.29,4.99,5.13,416071,0
20120314,5.25,5.25,5.1,5.1,181685,0
20120315,5.07,5.45,5.06,5.44,697710,0
20120316,5.5,5.99,5.5,5.91,934226,0
20120319,5.97,6.9,5.6,6.02,1839751,0
20120320,6.05,6.23,5.01,5.09,2246666,0
20120321,5.44,5.44,4.96,5.12,838442,0
20120322,5.12,5.12,4.77,4.9,797014,0
20120323,4.83,4.83,4.5,4.52,948828,0
20120326,4.38,4.48,3.75,3.76,1619144,0
20120327,3.72,3.76,3.46,3.66,853824,0
20120328,3.55,3.9,3.36,3.75,1142384,0
20120329,3.59,3.63,3.36,3.51,1052542,0
20120330,3.52,3.82,3.5,3.8,383553,0
20120402,3.92,4.23,3.81,4.23,1006575,0
20120403,4.25,4.34,3.91,4.04,500733,0
20120404,4,4.33,3.9,4.23,550737,0
20120405,4.22,4.27,4.12,4.21,398265,0
20120409,4.16,4.16,3.8,3.8,518827,0
20120410,3.86,3.87,3.56,3.57,431779,0
20120411,3.74,3.78,3.6,3.78,291784,0
20120412,3.72,3.83,3.67,3.75,233490,0
20120413,3.95,4.08,3.87,4.03,487515,0
20120416,4,4.04,3.77,4,423385,0
20120417,3.95,4.03,3.91,4,158553,0
20120418,3.94,3.96,3.83,3.9,104435,0
20120419,3.94,3.96,3.7,3.95,158871,0
20120420,3.16,4.03,3.16,3.88,225890,0
20120423,3.79,3.83,3.62,3.81,386318,0
20120424,3.74,3.8,3.65,3.69,193696,0
20120425,3.8,3.97,3.72,3.89,234863,0
20120426,3.98,4.14,3.9,4.01,551943,0
20120427,4.07,4.09,3.91,4.09,246601,0
20120430,4.12,4.15,4.03,4.14,248849,0
20120501,4.22,4.25,4.01,4.07,272284,0
20120502,4.01,4.12,3.9,3.94,178894,0
20120503,3.98,3.98,3.8,3.81,252092,0
20120504,3.9,3.94,3.8,3.81,176113,0
20120507,3.81,3.98,3.81,3.95,170252,0
20120508,3.98,3.98,3.86,3.91,139791,0
20120509,3.81,3.99,3.8,3.92,120018,0
20120510,3.9,3.92,3.81,3.86,120852,0
20120511,3.81,3.92,3.8,3.86,110189,0
20120514,3.87,3.99,3.8,3.88,99523,0
20120515,3.96,3.96,3.53,3.74,308314,0
20120516,3.7,3.9,3.5,3.52,221417,0
20120517,3.55,3.73,3.5,3.69,89840,0
20120518,3.74,3.9,3.27,3.32,586207,0
20120521,3.34,3.48,3.26,3.27,229203,0
20120522,3.41,3.5,3.25,3.32,197681,0
20120523,3.34,3.41,3.17,3.21,273322,0
20120524,3.41,3.42,3.2,3.21,68051,0
20120525,3.31,3.31,3.12,3.15,83266,0
20120529,3.12,3.3,3.08,3.08,158926,0
20120530,3.07,3.15,3,3.07,137911,0
20120531,3.1,3.12,2.93,3.01,310396,0
20120601,2.93,3,2.87,2.99,196517,0
20120604,2.89,3.03,2.8,2.92,211345,0
20120605,2.8,3,2.8,2.97,171556,0
20120606,3.06,3.3,3.03,3.08,174575,0
20120607,3.1,3.1,2.97,2.99,85198,0
20120608,3,3.1,2.96,3.06,76647,0
20120611,3.01,3.02,2.81,2.85,152112,0
20120612,2.9,3,2.85,2.88,116097,0
20120613,2.96,3.01,2.86,2.98,121788,0
20120614,2.94,3.2,2.91,3.07,164383,0
20120615,3.04,3.18,3,3.14,140816,0
20120618,3.3,3.44,3.25,3.36,284449,0
20120619,3.4,3.55,3.39,3.42,173906,0
20120620,3.35,3.48,3.35,3.46,91007,0
20120621,3.53,3.68,3.45,3.59,204649,0
20120622,3.6,3.6,3.26,3.37,151303,0
20120625,3.44,3.6,3.2,3.28,93178,0
20120626,3.22,3.31,3.18,3.27,125730,0
20120627,3.25,3.35,3.22,3.26,155435,0
20120628,3.3,3.32,3.18,3.2,56389,0
20120629,3.2,3.34,3.16,3.2,56814,0
20120702,3.2,3.25,3.15,3.22,72339,0
20120703,3.21,3.3,3.18,3.27,90691,0
20120705,3.27,3.39,3.27,3.37,79433,0
20120706,3.27,3.38,3.03,3.24,90599,0
20120709,3.1,3.38,3.1,3.23,88201,0
20120710,3.38,3.55,3.16,3.29,93138,0
20120711,3.22,3.31,3.02,3.17,165188,0
20120712,3.05,3.2,3,3.2,73924,0
20120713,3.33,3.45,3.19,3.27,91280,0
20120716,3.3,3.31,3.21,3.23,50700,0
20120717,3.2,3.28,3.2,3.21,52045,0
20120718,3.17,3.28,3.16,3.26,162853,0
20120719,3.2,3.5,3.17,3.29,88896,0
20120720,3.36,3.42,3.26,3.37,49673,0
20120723,3.29,3.41,3.12,3.31,114252,0
20120724,3.2,3.39,3.2,3.38,48754,0
20120725,3.51,3.51,3.32,3.32,522240,0
20120726,3.25,3.32,3.2,3.2,113133,0
20120727,3.34,3.35,3.2,3.21,110706,0
20120730,3.22,3.39,3.16,3.3,134430,0
20120731,3.27,3.33,3.25,3.27,101494,0
20120801,3.27,3.33,3.22,3.29,61412,0
20120802,3.21,3.3,3.09,3.21,117710,0
20120803,3.14,3.25,3.1,3.19,113843,0
20120806,3.26,3.27,3.15,3.15,57682,0
20120807,3.12,3.19,3.12,3.15,46888,0
20120808,3.12,3.2,3.12,3.15,28764,0
20120809,3.12,3.38,3.12,3.19,103826,0
20120810,3.18,3.25,3.18,3.2,18817,0
20120813,3.14,3.3,3.1,3.24,122456,0
20120814,3.22,3.25,3.16,3.22,15512,0
20120815,3.12,3.21,3.09,3.13,98190,0
20120816,3.15,3.24,3.11,3.16,66157,0
20120817,3.27,3.34,3.13,3.13,187619,0
20120820,3.13,3.2,3.12,3.12,52247,0
20120821,3.19,3.3,3.05,3.1,118727,0
20120822,3.07,3.14,3.01,3.14,103028,0
20120823,3.07,3.09,3.05,3.07,67697,0
20120824,3.05,3.08,3.01,3.02,43146,0
20120827,3.06,3.1,3,3.01,112250,0
20120828,2.98,3.05,2.95,3,46490,0
20120829,3.04,3.05,2.98,3.03,28001,0
20120830,3.03,3.04,2.98,2.99,25111,0
20120831,3,3.03,2.84,2.89,158770,0
20120904,2.88,3.02,2.86,2.95,59690,0
20120905,2.9,3,2.9,2.97,65221,0
20120906,3.02,3.03,2.93,2.95,38122,0
20120907,2.93,2.98,2.9,2.9,100447,0
20120910,2.98,2.98,2.91,2.91,77428,0
20120911,2.9,3.1,2.9,3.09,237352,0
20120912,3.14,3.14,3.03,3.12,113628,0
20120913,3.03,3.1,3.01,3.06,81615,0
20120914,3.08,3.08,2.98,2.98,59080,0
20120917,2.95,2.98,2.94,2.96,50100,0
20120918,2.94,3.05,2.94,3.02,57951,0
20120919,3,3.1,2.94,3.08,92308,0
20120920,3.09,3.09,3,3.05,56915,0
20120921,2.99,3.06,2.99,3.04,38608,0
20120924,3.02,3.1,3,3.07,83155,0
20120925,3.03,3.06,2.94,2.97,39015,0
20120926,2.97,3.05,2.95,3.03,87052,0
20120927,3.08,3.08,3,3.06,84817,0
20120928,3.07,3.07,2.95,3.06,150717,0
20121001,3.06,3.25,3.06,3.22,280440,0
20121002,3.28,3.4,3.28,3.38,168648,0
20121003,3.31,3.37,3.3,3.32,76658,0
20121004,3.33,3.39,3.29,3.3,104415,0
20121005,3.35,3.35,3.22,3.23,68026,0
20121008,3.28,3.32,3.22,3.29,62492,0
20121009,3.24,3.34,3.2,3.31,42191,0
20121010,3.25,3.33,3.22,3.25,57871,0
20121011,3.25,3.43,3.24,3.36,152735,0
20121012,3.37,3.38,3.25,3.3,73990,0
20121015,3.26,3.4,3.15,3.37,153918,0
20121016,3.32,3.39,3.26,3.34,54934,0
20121017,3.29,3.5,3.25,3.38,142589,0
20121018,3.45,3.57,3.29,3.43,208905,0
20121019,3.35,3.59,3.34,3.53,84124,0
20121022,3.6,3.6,3.42,3.44,114106,0
20121023,3.4,3.45,3.31,3.38,83064,0
20121024,3.31,3.4,3.3,3.3,57395,0
20121025,3.38,3.43,3.3,3.36,19347,0
20121026,3.37,3.37,3.25,3.25,30504,0
20121031,3.25,3.25,3.2,3.22,68369,0
20121101,3.25,3.25,3.17,3.19,45066,0
20121102,3.15,3.24,3.01,3.1,136002,0
20121105,3.04,3.25,3.04,3.21,44111,0
20121106,3.21,3.25,3.13,3.21,56087,0
20121107,3.16,3.23,3.15,3.18,38375,0
20121108,3.15,3.17,3.06,3.13,57702,0
20121109,3.06,3.2,3.06,3.19,37572,0
20121112,3.07,3.22,3.05,3.14,61258,0
20121113,3.07,3.21,3.07,3.2,42508,0
20121114,3.23,3.25,3.1,3.17,68219,0
20121115,3.21,3.24,3.11,3.11,59170,0
20121116,3.14,3.23,3.08,3.21,85000,0
20121119,3.14,3.21,3.07,3.2,85104,0
20121120,3.1,3.23,3.05,3.23,57916,0
20121121,3.23,3.29,3.12,3.28,91312,0
20121123,3.21,3.32,3.21,3.29,19843,0
20121126,3.23,3.23,3.1,3.19,40779,0
20121127,3.18,3.28,3.13,3.23,80805,0
20121128,3.12,3.21,3.08,3.19,68466,0
20121129,3.19,3.2,3.11,3.12,60676,0
20121130,3.13,3.15,3.02,3.02,123193,0
20121203,3.06,3.1,3.01,3.06,55634,0
20121204,3.09,3.1,3.02,3.05,53423,0
20121205,3.01,3.06,3,3.03,91326,0
20121206,3.02,3.05,3,3.01,52621,0
20121207,2.98,3.03,2.91,2.93,208466,0
20121210,2.98,3.01,2.91,2.99,98668,0
20121211,2.94,3.01,2.9,2.91,107063,0
20121212,2.93,2.93,2.88,2.91,30872,0
20121213,2.89,2.9,2.84,2.84,153562,0
20121214,2.86,2.87,2.82,2.83,80238,0
20121217,2.85,2.94,2.8,2.82,109060,0
20121218,2.8,2.92,2.8,2.88,87285,0
20121219,2.89,2.89,2.82,2.83,40092,0
20121220,2.87,2.89,2.83,2.89,93415,0
20121221,2.81,2.89,2.81,2.83,76778,0
20121224,2.81,2.83,2.81,2.82,37269,0
20121226,2.83,2.9,2.8,2.8,116353,0
20121227,2.78,2.83,2.75,2.75,121952,0
20121228,2.76,2.8,2.71,2.72,168712,0
20121231,2.7,2.74,2.6,2.69,159744,0
20130102,2.75,2.75,2.61,2.65,111360,0
20130103,2.65,2.67,2.61,2.63,70963,0
20130104,2.64,2.69,2.64,2.67,49756,0
20130107,2.69,2.76,2.69,2.7,70488,0
20130108,2.7,2.73,2.65,2.69,23228,0
20130109,2.66,2.66,2.6,2.6,102233,0
20130110,2.61,2.7,2.6,2.62,29095,0
20130111,2.64,2.68,2.61,2.66,67852,0
20130114,2.69,2.77,2.66,2.66,47937,0
20130115,2.67,2.73,2.62,2.72,44974,0
20130116,2.72,2.75,2.62,2.65,108104,0
20130117,2.66,2.71,2.64,2.67,110262,0
20130118,2.66,2.78,2.66,2.76,119269,0
20130122,2.94,2.94,2.75,2.76,91554,0
20130123,2.73,2.8,2.69,2.74,43485,0
20130124,2.79,2.8,2.63,2.68,83828,0
20130125,2.73,2.73,2.64,2.7,42002,0
20130128,2.65,2.67,2.62,2.62,41819,0
20130129,2.62,2.65,2.6,2.63,103752,0
20130130,2.62,2.68,2.61,2.66,51791,0
20130131,2.63,2.79,2.61,2.7,131598,0
20130201,2.64,2.72,2.64,2.68,13910,0
20130204,2.68,2.74,2.62,2.68,50489,0
20130205,2.67,2.68,2.63,2.67,48892,0
20130206,2.67,2.7,2.65,2.69,81513,0
20130207,2.69,2.69,2.62,2.66,48594,0
20130208,2.66,2.66,2.61,2.61,58774,0
20130211,2.6,2.61,2.52,2.52,160515,0
20130212,2.52,2.52,2.46,2.47,100635,0
20130213,2.5,2.57,2.49,2.52,56429,0
20130214,2.52,2.52,2.4,2.42,116534,0
20130215,2.43,2.45,2.34,2.35,167809,0
20130219,2.3,2.43,2.3,2.41,154273,0
20130220,2.38,2.46,2.38,2.44,114575,0
20130221,2.35,2.44,2.35,2.39,59296,0
20130222,2.4,2.44,2.3,2.43,132987,0
20130225,2.44,2.54,2.42,2.47,102415,0
20130226,2.5,2.53,2.41,2.53,37558,0
20130227,2.35,2.59,2.35,2.52,38118,0
20130228,2.47,2.58,2.45,2.56,79783,0
20130301,2.5,2.61,2.47,2.56,97243,0
20130304,2.51,2.62,2.5,2.6,29055,0
20130305,2.64,2.64,2.53,2.58,53835,0
20130306,2.57,2.59,2.49,2.52,29625,0
20130307,2.51,2.61,2.49,2.58,82508,0
20130308,2.57,2.67,2.52,2.67,110645,0
20130311,2.67,2.67,2.56,2.59,67404,0
20130312,2.57,2.74,2.57,2.68,106928,0
20130313,2.67,2.71,2.65,2.66,71500,0
20130314,2.68,2.8,2.66,2.79,343832,0
20130315,2.82,2.87,2.78,2.84,173734,0
20130318,2.86,2.89,2.85,2.85,112063,0
20130319,2.9,2.92,2.85,2.91,101459,0
20130320,2.93,2.93,2.86,2.88,37002,0
20130321,2.9,2.93,2.82,2.83,163838,0
20130322,2.86,2.9,2.81,2.81,94696,0
20130325,2.85,2.88,2.76,2.76,95640,0
20130326,2.8,2.86,2.76,2.85,65986,0
20130327,2.88,2.95,2.88,2.93,91341,0
20130328,2.89,2.95,2.85,2.93,112998,0
20130401,2.88,2.92,2.85,2.9,31432,0
20130402,2.89,2.89,2.82,2.82,157402,0
20130403,2.82,2.83,2.74,2.74,78976,0
20130404,2.78,2.84,2.75,2.81,94284,0
20130405,2.87,2.97,2.86,2.94,229925,0
20130408,3,3,2.89,2.92,61750,0
20130409,2.9,2.91,2.85,2.86,41149,0
20130410,2.95,3.01,2.91,2.94,201870,0
20130411,2.97,3.02,2.93,3,109571,0
20130412,3.06,3.09,3,3.09,133823,0
20130415,3.05,3.1,2.95,2.96,167815,0
20130416,2.96,3.03,2.93,3.03,51444,0
20130417,3.01,3.05,2.98,3.04,192136,0
20130418,3.01,3.34,3.01,3.27,435640,0
20130419,3.2,3.25,3.16,3.21,216006,0
20130422,3.11,3.15,3.06,3.09,274659,0
20130423,3.1,3.17,3.06,3.1,116055,0
20130424,3.1,3.1,3,3.03,97249,0
20130425,3.03,3.08,2.98,3.01,110099,0
20130426,2.97,3.05,2.92,3.02,82178,0
20130429,3.09,3.18,3.08,3.16,128488,0
20130430,3.16,3.16,3.12,3.14,44138,0
20130501,3.2,3.23,3.11,3.11,130260,0
20130502,3.14,3.14,2.86,2.9,155350,0
20130503,2.87,2.9,2.86,2.88,66181,0
20130506,2.85,2.89,2.82,2.84,81577,0
20130507,2.81,2.84,2.77,2.77,82237,0
20130508,2.8,2.82,2.78,2.8,39569,0
20130509,2.8,2.85,2.75,2.84,18160,0
20130510,2.8,2.84,2.76,2.78,36855,0
20130513,2.76,2.82,2.75,2.77,44978,0
20130514,2.79,2.85,2.79,2.85,39079,0
20130515,2.86,2.89,2.86,2.88,36667,0
20130516,2.88,2.89,2.75,2.78,66506,0
20130517,2.76,2.88,2.76,2.84,52886,0
20130520,2.93,2.97,2.87,2.92,53870,0
20130521,2.94,3,2.94,3,93077,0
20130522,2.98,2.99,2.95,2.97,60707,0
20130523,2.95,3.05,2.92,3.04,48124,0
20130524,3.04,3.04,3,3.02,33832,0
20130528,2.95,2.98,2.92,2.95,43249,0
20130529,2.9,2.94,2.89,2.92,50094,0
20130530,2.89,2.89,2.8,2.81,60113,0
20130531,2.79,2.8,2.75,2.75,102185,0
20130603,2.74,2.81,2.74,2.78,39433,0
20130604,2.78,2.79,2.76,2.78,11490,0
20130605,2.76,2.79,2.74,2.76,16274,0
20130606,2.74,2.74,2.63,2.66,177812,0
20130607,2.64,2.67,2.62,2.63,13917,0
20130610,2.62,2.65,2.59,2.6,42391,0
20130611,2.58,2.59,2.55,2.55,31101,0
20130612,2.6,2.6,2.55,2.59,16120,0
20130613,2.55,2.64,2.54,2.6,16978,0
20130614,2.56,2.57,2.56,2.56,4925,0
20130617,2.59,2.69,2.59,2.67,28461,0
20130618,2.65,2.72,2.64,2.68,27378,0
20130619,2.71,2.77,2.7,2.72,20218,0
20130620,2.7,2.72,2.64,2.65,69308,0
20130621,2.64,2.64,2.57,2.57,106778,0
20130624,2.56,2.6,2.55,2.55,31619,0
20130625,2.59,2.59,2.5,2.5,53420,0
20130626,2.5,2.55,2.5,2.53,14380,0
20130627,2.51,2.52,2.4,2.45,102671,0
20130628,2.45,2.49,2.39,2.44,66805,0
20130701,2.41,2.47,2.41,2.42,25571,0
20130702,2.51,2.52,2.45,2.49,19538,0
20130703,2.44,2.49,2.41,2.47,18507,0
20130705,2.45,2.5,2.45,2.48,52827,0
20130708,2.52,2.62,2.51,2.62,24068,0
20130709,2.58,2.58,2.44,2.51,99122,0
20130710,2.54,2.55,2.47,2.49,16300,0
20130711,2.47,2.48,2.44,2.46,86926,0
20130712,2.45,2.53,2.45,2.46,10512,0
20130715,2.44,2.51,2.42,2.47,36653,0
20130716,2.43,2.54,2.43,2.48,25089,0
20130717,2.49,2.51,2.45,2.47,21075,0
20130718,2.5,2.62,2.5,2.57,119143,0
20130719,2.59,2.6,2.56,2.56,11545,0
20130722,2.51,2.51,2.45,2.47,46373,0
20130723,2.51,2.57,2.51,2.52,11615,0
20130724,2.5,2.6,2.5,2.55,10334,0
20130725,2.57,2.57,2.49,2.5,27353,0
20130726,2.48,2.48,2.41,2.42,35733,0
20130729,2.36,2.42,2.33,2.37,193876,0
20130730,2.4,2.4,2.33,2.34,81638,0
20130731,2.38,2.38,2.31,2.36,112303,0
20130801,2.34,2.34,2.27,2.31,92303,0
20130802,2.31,2.33,2.27,2.28,57240,0
20130805,2.3,2.31,2.26,2.26,100717,0
20130806,2.28,2.28,2.22,2.25,51655,0
20130807,2.25,2.26,2.21,2.23,114589,0
20130808,2.27,2.27,2.2,2.22,131934,0
20130809,2.28,2.29,2.21,2.21,35330,0
20130812,2.27,2.3,2.26,2.27,27066,0
20130813,2.31,2.31,2.25,2.25,49807,0
20130814,2.25,2.3,2.25,2.25,39736,0
20130815,2.32,2.33,2.26,2.32,46426,0
20130816,2.24,2.31,2.24,2.28,58264,0
20130819,2.32,2.4,2.31,2.38,68734,0
20130820,2.34,2.54,2.32,2.47,452326,0
20130821,2.52,2.52,2.39,2.46,17997,0
20130822,2.49,2.52,2.42,2.45,74340,0
20130823,2.42,2.46,2.35,2.39,38597,0
20130826,2.39,2.43,2.39,2.39,43385,0
20130827,2.38,2.42,2.37,2.42,22269,0
20130828,2.35,2.43,2.35,2.43,9597,0
20130829,2.45,2.45,2.32,2.44,62840,0
20130830,2.45,2.45,2.38,2.39,35513,0
20130903,2.41,2.44,2.41,2.43,33792,0
20130904,2.44,2.44,2.39,2.41,29902,0
20130905,2.44,2.44,2.32,2.33,45790,0
20130906,2.32,2.4,2.3,2.3,33671,0
20130909,2.39,2.4,2.34,2.38,10980,0
20130910,2.38,2.38,2.3,2.38,63177,0
20130911,2.33,2.37,2.32,2.32,42575,0
20130912,2.38,2.4,2.31,2.39,48603,0
20130913,2.35,2.42,2.35,2.4,25164,0
20130916,2.37,2.45,2.37,2.44,65698,0
20130917,2.45,2.46,2.43,2.43,20168,0
20130918,2.44,2.44,2.41,2.43,18094,0
20130919,2.44,2.49,2.39,2.43,67257,0
20130920,2.42,2.42,2.37,2.39,40446,0
20130923,2.39,2.41,2.33,2.34,77786,0
20130924,2.32,2.49,2.28,2.28,191974,0
20130925,2.31,2.31,2.27,2.27,26225,0
20130926,2.28,2.32,2.25,2.3,121027,0
20130927,2.32,2.32,2.26,2.31,21611,0
20130930,2.32,2.32,2.25,2.3,55256,0
20131001,2.32,2.38,2.3,2.32,20804,0
20131002,2.31,2.32,2.28,2.3,54527,0
20131003,2.26,2.28,2.24,2.24,57870,0
20131004,2.25,2.3,2.24,2.26,19169,0
20131007,2.26,2.32,2.26,2.28,68537,0
20131008,2.31,2.36,2.31,2.34,104512,0
20131009,2.34,2.36,2.31,2.31,14180,0
20131010,2.35,2.4,2.32,2.37,22816,0
20131011,2.35,2.4,2.35,2.38,28073,0
20131014,2.41,2.42,2.38,2.39,63589,0
20131015,2.39,2.42,2.38,2.39,32800,0
20131016,2.44,2.44,2.36,2.39,26300,0
20131017,2.36,2.38,2.31,2.34,47064,0
20131018,2.36,2.37,2.31,2.37,55270,0
20131021,2.38,2.38,2.3,2.31,47451,0
20131022,2.28,2.3,2.25,2.26,101697,0
20131023,2.25,2.3,2.25,2.26,37531,0
20131024,2.25,2.3,2.24,2.29,45351,0
20131025,2.29,2.32,2.27,2.32,33979,0
20131028,2.28,2.35,2.22,2.25,123101,0
20131029,2.23,2.24,2.2,2.23,164655,0
20131030,2.24,2.24,2.22,2.22,65051,0
20131031,2.21,2.22,2.18,2.18,131100,0
20131101,2.16,2.17,2.12,2.12,155443,0
20131104,2.11,2.11,2.06,2.07,126156,0
20131105,2.09,2.15,2.09,2.15,32020,0
20131106,2.17,2.19,2.12,2.13,22832,0
20131107,2.2,2.2,2.15,2.16,21549,0
20131108,2.16,2.19,2.16,2.16,29305,0
20131111,2.15,2.18,2.15,2.15,22181,0
20131112,2.17,2.2,2.15,2.19,61683,0
20131113,2.16,2.18,2.1,2.11,21134,0
20131114,2.1,2.15,2.08,2.12,34670,0
20131115,2.12,2.17,2.12,2.15,37310,0
20131118,2.14,2.17,2.1,2.12,17906,0
20131119,2.11,2.17,2.08,2.09,39375,0
20131120,2.11,2.15,2.11,2.13,43306,0
20131121,2.15,2.19,2.15,2.16,67274,0
20131122,2.19,2.24,2.19,2.23,76717,0
20131125,2.24,2.27,2.21,2.24,119845,0
20131126,2.27,2.28,2.2,2.25,77205,0
20131127,2.25,2.3,2.25,2.29,187142,0
20131129,2.3,2.34,2.29,2.31,72828,0
20131202,2.3,2.37,2.3,2.33,54741,0
20131203,2.33,2.39,2.32,2.33,91460,0
20131204,2.33,2.38,2.32,2.34,59226,0
20131205,2.34,2.47,2.34,2.45,246021,0
20131206,2.47,2.5,2.42,2.44,80890,0
20131209,2.49,2.54,2.48,2.52,171850,0
20131210,2.54,2.57,2.51,2.53,73225,0
20131211,2.54,2.64,2.53,2.64,170355,0
20131212,2.66,2.69,2.58,2.64,146735,0
20131213,2.63,2.69,2.6,2.64,160411,0
20131216,2.6,2.6,2.55,2.56,143569,0
20131217,2.54,2.6,2.53,2.57,57852,0
20131218,2.59,2.62,2.51,2.57,33296,0
20131219,2.63,2.74,2.6,2.72,210044,0
20131220,2.72,2.77,2.6,2.71,130050,0
20131223,2.72,2.77,2.72,2.76,92225,0
20131224,2.73,2.74,2.66,2.71,63747,0
20131226,2.67,2.72,2.6,2.69,86807,0
20131227,2.67,2.67,2.58,2.58,88359,0
20131230,2.66,2.68,2.63,2.65,247024,0
20131231,2.61,2.61,2.5,2.52,209198,0
20140102,2.55,2.6,2.54,2.57,24710,0
20140103,2.58,2.64,2.52,2.63,61268,0
20140106,2.59,2.61,2.55,2.57,50455,0
20140107,2.64,2.67,2.55,2.58,67130,0
20140108,2.56,2.6,2.5,2.5,47697,0
20140109,2.47,2.49,2.34,2.37,132861,0
20140110,2.34,2.44,2.34,2.38,50065,0
20140113,2.48,2.56,2.48,2.56,63614,0
20140114,2.59,2.61,2.56,2.59,36826,0
20140115,2.62,2.65,2.55,2.57,112901,0
20140116,2.69,2.7,2.6,2.6,158674,0
20140117,2.55,2.6,2.51,2.55,76497,0
20140121,2.62,2.65,2.61,2.64,84153,0
20140122,2.74,2.81,2.72,2.79,547349,0
20140123,2.89,2.9,2.77,2.83,138123,0
20140124,2.94,3.17,2.93,3.12,481288,0
20140127,3.08,3.13,2.86,2.93,412449,0
20140128,2.98,3.12,2.93,3.05,193159,0
20140129,3.13,3.52,3.1,3.46,571932,0
20140130,3.31,3.37,3.07,3.1,394760,0
20140131,3.08,3.11,2.93,3.05,213172,0
20140203,3.07,3.11,2.99,3.08,181300,0
20140204,3.3,3.45,3.3,3.38,1153226,0
20140205,3.51,3.58,3.13,3.23,300209,0
20140206,3.28,3.3,3.09,3.15,246378,0
20140207,3,3.13,2.94,2.97,111088,0
20140210,2.96,2.99,2.82,2.85,81909,0
20140211,2.88,3.07,2.88,3.03,205657,0
20140212,3.02,3.1,2.98,3,97716,0
20140213,3.02,3.11,3.01,3.06,244304,0
20140214,3.16,3.18,3.03,3.03,111701,0
20140218,3.19,3.19,3.1,3.12,124719,0
20140219,3.19,3.25,3.18,3.18,362025,0
20140220,3.23,3.24,3.14,3.14,235884,0
20140221,3.16,3.24,3.13,3.2,122112,0
20140224,3.28,3.28,3,3.08,236921,0
20140225,3,3.12,2.98,3.04,218819,0
20140226,3,3.05,2.97,2.97,73259,0
20140227,2.97,3.06,2.95,2.97,96001,0
20140228,3.04,3.1,3.01,3.06,229708,0
20140303,3.1,3.1,2.95,2.99,129367,0
20140304,3.05,3.08,2.99,3.05,89608,0
20140305,2.99,3.1,2.99,3.02,25272,0
20140306,3.03,3.12,3.02,3.08,64092,0
20140307,3.08,3.1,3.03,3.06,31178,0
20140310,3.05,3.1,3.02,3.06,85486,0
20140311,3.03,3.08,3.02,3.03,62503,0
20140312,2.97,2.99,2.88,2.97,93398,0
20140313,2.93,2.94,2.87,2.88,56964,0
20140314,2.91,2.94,2.88,2.92,43835,0
20140317,3,3.03,2.99,3.01,136398,0
20140318,2.96,2.99,2.93,2.94,57488,0
20140319,2.96,2.98,2.92,2.95,41540,0
20140320,2.94,2.94,2.86,2.88,20660,0
20140321,2.82,2.86,2.8,2.83,33659,0
20140324,2.81,2.83,2.8,2.82,42989,0
20140325,2.9,2.96,2.9,2.96,29184,0
20140326,2.93,2.96,2.88,2.91,24200,0
20140327,2.94,3.09,2.66,3.01,114397,0
20140328,2.88,3.06,2.88,2.98,33150,0
20140331,2.93,2.93,2.87,2.91,12695,0
20140401,2.87,2.88,2.81,2.82,36001,0
20140402,2.86,2.92,2.86,2.89,87158,0
20140403,2.92,2.98,2.9,2.96,26412,0
20140404,2.98,2.98,2.93,2.93,31945,0
20140407,3,3.03,2.88,2.98,53087,0
20140408,3.04,3.05,3.02,3.05,86505,0
20140409,3.03,3.08,3.03,3.08,31694,0
20140410,3.06,3.17,3.03,3.14,121161,0
20140411,3.13,3.14,3.1,3.12,36342,0
20140414,3.02,3.08,2.95,3.07,31466,0
20140415,3.11,3.11,2.97,3.06,21297,0
20140416,3.08,3.08,3.03,3.03,16957,0
20140417,3.05,3.22,3.01,3.19,159871,0
20140421,3.02,3.24,2.99,3.18,37167,0
20140422,3.21,3.22,3.18,3.21,33829,0
20140423,3.16,3.26,3.16,3.2,319974,0
20140424,3.21,3.29,3.17,3.21,114708,0
20140425,3.2,3.2,3.13,3.13,85190,0
20140428,3.19,3.27,3.19,3.23,58610,0
20140429,3.25,3.29,3.23,3.27,64998,0
20140430,3.25,3.3,3.16,3.27,43463,0
20140501,3.16,3.27,3.16,3.18,30148,0
20140502,3.11,3.22,3.1,3.17,49486,0
20140505,3.26,3.26,3.15,3.15,12258,0
20140506,3.2,3.25,3.2,3.22,15932,0
20140507,3.3,3.3,3.17,3.18,25704,0
20140508,3.15,3.15,3.03,3.07,23478,0
20140509,3.01,3.14,2.98,2.99,63744,0
20140512,2.92,2.95,2.9,2.9,60569,0
20140513,2.93,2.94,2.84,2.85,42747,0
20140514,2.8,2.87,2.8,2.86,320317,0
20140515,2.84,2.98,2.84,2.97,79019,0
20140516,2.94,2.99,2.91,2.92,57968,0
20140519,2.94,2.99,2.93,2.94,20533,0
20140520,2.99,3.03,2.98,3.02,50078,0
20140521,3.02,3.02,2.94,2.95,22704,0
20140522,2.95,3.01,2.84,2.84,18774,0
20140523,2.86,2.9,2.84,2.88,18313,0
20140527,2.93,2.97,2.92,2.95,26998,0
20140528,2.96,3.06,2.95,3.06,38485,0
20140529,3,3.09,3,3.04,42457,0
20140530,2.98,3.02,2.96,3,39897,0
20140602,3,3.07,3,3.06,29592,0
20140603,3.07,3.09,3.06,3.06,15120,0
20140604,3.02,3.08,3.02,3.07,19565,0
20140605,3.1,3.14,3.05,3.11,71230,0
20140606,3.02,3.18,3.01,3.18,173750,0
20140609,3.12,3.16,3.09,3.09,15578,0
20140610,3.03,3.06,3,3,19010,0
20140611,3.03,3.03,2.97,2.98,33144,0
20140612,3,3.18,2.98,3.17,37711,0
20140613,3.15,3.19,3.14,3.18,28366,0
20140616,3.2,3.21,3.12,3.2,51038,0
20140617,3.15,3.19,3.13,3.17,46126,0
20140618,3.14,3.2,3.1,3.13,26252,0
20140619,3.1,3.16,3.05,3.06,64900,0
20140620,3.05,3.05,3,3.02,57620,0
20140623,2.99,3,2.95,2.97,292714,0
20140624,2.95,3.02,2.95,2.99,87457,0
20140625,2.99,3.03,2.99,3.01,32928,0
20140626,3.15,3.15,2.9,2.92,74171,0
20140627,2.9,2.91,2.86,2.9,60037,0
20140630,2.9,2.96,2.87,2.92,49221,0
20140701,2.93,2.94,2.91,2.93,26483,0
20140702,2.93,2.94,2.86,2.87,45200,0
20140703,2.87,2.88,2.83,2.88,27021,0
20140707,2.83,2.86,2.72,2.74,81818,0
20140708,2.71,2.76,2.68,2.75,60687,0
20140709,2.74,2.76,2.7,2.7,22313,0
20140710,2.69,2.8,2.66,2.68,48549,0
20140711,2.68,2.72,2.66,2.67,45984,0
20140714,2.66,2.69,2.65,2.67,16589,0
20140715,2.66,2.7,2.62,2.62,25239,0
20140716,2.69,2.69,2.64,2.64,16333,0
20140717,2.62,2.68,2.51,2.53,60521,0
20140718,2.54,2.55,2.52,2.54,30264,0
20140721,2.5,2.54,2.46,2.47,293012,0
20140722,2.45,2.49,2.42,2.44,40677,0
20140723,2.44,2.46,2.41,2.41,48418,0
20140724,2.41,2.48,2.4,2.44,35288,0
20140725,2.46,2.46,2.41,2.43,11200,0
20140728,2.45,2.48,2.38,2.38,59120,0
20140729,2.38,2.46,2.38,2.44,29830,0
20140730,2.4,2.41,2.38,2.4,33370,0
20140731,2.42,2.5,2.38,2.44,35379,0
20140801,2.44,2.49,2.4,2.41,76819,0
20140804,2.39,2.48,2.39,2.44,72399,0
20140805,2.5,2.5,2.47,2.49,40044,0
20140806,2.51,2.56,2.49,2.56,38201,0
20140807,2.58,2.58,2.48,2.48,52134,0
20140808,2.51,2.55,2.5,2.52,145955,0
20140811,2.55,2.61,2.51,2.53,28115,0
20140812,2.58,2.58,2.53,2.53,17228,0
20140813,2.47,2.49,2.42,2.42,75858,0
20140814,2.44,2.52,2.44,2.46,13288,0
20140815,2.41,2.43,2.38,2.39,37932,0
20140818,2.39,2.43,2.39,2.41,8151,0
20140819,2.45,2.49,2.45,2.46,34742,0
20140820,2.46,2.46,2.4,2.43,7409,0
20140821,2.45,2.48,2.42,2.47,17433,0
20140822,2.51,2.52,2.42,2.45,11015,0
20140825,2.5,2.54,2.49,2.54,41714,0
20140826,2.61,2.61,2.51,2.52,32606,0
20140827,2.48,2.57,2.48,2.55,42264,0
20140828,2.58,2.61,2.53,2.57,32239,0
20140829,2.58,2.6,2.57,2.59,26217,0
20140902,2.5,2.55,2.43,2.46,185499,0
20140903,2.43,2.43,2.4,2.41,46574,0
20140904,2.43,2.45,2.35,2.4,117180,0
20140905,2.41,2.41,2.37,2.39,58155,0
20140908,2.41,2.45,2.39,2.43,19895,0
20140909,2.48,2.54,2.48,2.51,73003,0
20140910,2.51,2.52,2.48,2.48,14865,0
20140911,2.41,2.46,2.38,2.42,38547,0
20140912,2.35,2.42,2.35,2.42,31290,0
20140915,2.47,2.5,2.45,2.48,39490,0
20140916,2.45,2.54,2.44,2.53,46677,0
20140917,2.54,2.55,2.53,2.55,17836,0
20140918,2.56,2.57,2.46,2.47,46151,0
20140919,2.44,2.44,2.4,2.41,47531,0
20140922,2.4,2.43,2.38,2.41,37029,0
20140923,2.44,2.44,2.38,2.4,15412,0
20140924,2.39,2.48,2.39,2.44,22937,0
20140925,2.44,2.51,2.4,2.49,41328,0
20140926,2.49,2.51,2.48,2.51,9437,0
20140929,2.51,2.61,2.51,2.57,48437,0
20140930,2.6,2.6,2.55,2.6,56586,0
20141001,2.59,2.59,2.49,2.49,23057,0
20141002,2.47,2.49,2.4,2.44,74308,0
20141003,2.45,2.52,2.44,2.5,46672,0
20141006,2.43,2.44,2.4,2.4,53393,0
20141007,2.42,2.46,2.42,2.44,34822,0
20141008,2.41,2.42,2.37,2.38,40297,0
20141009,2.35,2.42,2.34,2.37,39199,0
20141010,2.38,2.39,2.37,2.37,21381,0
20141013,2.39,2.41,2.38,2.39,7123,0
20141014,2.44,2.44,2.31,2.34,32473,0
20141015,2.31,2.33,2.3,2.33,45573,0
20141016,2.33,2.34,2.3,2.33,40681,0
20141017,2.3,2.33,2.28,2.33,35509,0
20141020,2.25,2.27,2.23,2.25,65995,0
20141021,2.22,2.28,2.22,2.26,49985,0
20141022,2.25,2.25,2.22,2.22,38053,0
20141023,2.2,2.23,2.17,2.22,86900,0
20141024,2.17,2.2,2.14,2.18,56068,0
20141027,2.16,2.16,2.12,2.15,63406,0
20141028,2.16,2.22,2.12,2.21,36127,0
20141029,2.22,2.29,2.21,2.25,100799,0
20141030,2.29,2.29,2.25,2.27,50900,0
20141031,2.3,2.34,2.29,2.31,73851,0
20141103,2.4,2.45,2.36,2.45,215670,0
20141104,2.48,2.54,2.46,2.53,91244,0
20141105,2.55,2.57,2.53,2.56,34003,0
20141106,2.54,2.75,2.41,2.74,67263,0
20141107,2.63,2.77,2.62,2.71,185853,0
20141110,2.74,2.77,2.6,2.65,48840,0
20141111,2.58,2.64,2.53,2.59,215413,0
20141112,2.52,2.59,2.52,2.54,51240,0
20141113,2.52,2.56,2.4,2.41,87219,0
20141114,2.41,2.48,2.39,2.47,155963,0
20141117,2.57,2.69,2.54,2.64,97156,0
20141118,2.61,2.69,2.57,2.65,156252,0
20141119,2.8,2.85,2.74,2.77,196253,0
20141120,2.8,2.85,2.71,2.84,55067,0
20141121,2.76,2.76,2.69,2.69,35391,0
20141124,2.52,2.6,2.51,2.58,78625,0
20141125,2.59,2.7,2.57,2.7,16579,0
20141126,2.68,2.75,2.6,2.61,53543,0
20141128,2.63,2.63,2.46,2.48,30337,0
20141201,2.45,2.47,2.31,2.4,189610,0
20141202,2.3,2.34,2.25,2.28,125925,0
20141203,2.22,2.25,2.18,2.23,53180,0
20141204,2.19,2.2,2.12,2.15,135362,0
20141205,2.15,2.26,2.14,2.19,77791,0
20141208,2.17,2.28,2.1,2.14,157655,0
20141209,2.13,2.19,2.13,2.14,24094,0
20141210,2.14,2.19,2.11,2.15,46179,0
20141211,2.17,2.19,2.1,2.17,49417,0
20141212,2.18,2.28,2.18,2.22,58359,0
20141215,2.2,2.28,2.13,2.19,34319,0
20141216,2.19,2.19,2.12,2.12,36403,0
20141217,2.14,2.2,2.11,2.17,16648,0
20141218,2.25,2.25,2.14,2.2,26778,0
20141219,2.11,2.17,2.02,2.02,320257,0
20141222,2.01,2.09,1.99,2.05,124749,0
20141223,2.03,2.07,1.98,2.06,50439,0
20141224,2.03,2.09,2.03,2.06,5614,0
20141226,2.04,2.14,2.02,2.14,65484,0
20141229,2.09,2.16,2.09,2.16,79311,0
20141230,2.06,2.15,2,2.15,94668,0
20141231,2.05,2.11,2.01,2.01,66238,0
20150102,2,2.07,2,2.01,27908,0
20150105,1.93,2.03,1.93,2,297436,0
20150106,2,2.03,2,2.03,68418,0
20150107,2.01,2.09,2,2.05,30039,0
20150108,2.03,2.04,2,2.01,24458,0
20150109,2.03,2.04,2,2,16332,0
20150112,2,2.04,1.97,2,109009,0
20150113,2.04,2.04,1.99,2,46334,0
20150114,2.05,2.05,2,2.01,84194,0
20150115,2,2.02,1.98,2,66177,0
20150116,1.97,2.02,1.91,1.99,167313,0
20150120,2.02,2.02,1.9,1.94,42249,0
20150121,1.98,2.03,1.9,1.95,27221,0
20150122,1.92,1.95,1.81,1.81,90103,0
20150123,1.83,1.88,1.67,1.8,192632,0
20150126,1.77,1.78,1.6,1.61,208044,0
20150127,1.63,1.72,1.63,1.68,102907,0
20150128,1.68,1.71,1.63,1.63,20888,0
20150129,1.71,1.71,1.6,1.6,62330,0
20150130,1.66,1.66,1.4,1.4,293716,0
20150202,1.47,1.5,1.35,1.47,151478,0
20150203,1.53,1.54,1.41,1.51,38425,0
20150204,1.57,1.57,1.42,1.46,67391,0
20150205,1.43,1.48,1.38,1.39,38477,0
20150206,1.41,1.49,1.4,1.46,46873,0
20150209,1.46,1.47,1.36,1.43,48912,0
20150210,1.47,1.5,1.42,1.46,30782,0
20150211,1.44,1.51,1.44,1.5,40303,0
20150212,1.47,1.49,1.41,1.45,29587,0
20150213,1.5,1.5,1.42,1.44,19952,0
20150217,1.46,1.5,1.44,1.47,16770,0
20150218,1.5,1.5,1.42,1.44,16344,0
20150219,1.5,1.5,1.45,1.46,23743,0
20150220,1.52,1.55,1.52,1.55,47541,0
20150223,1.55,1.55,1.49,1.5,30245,0
20150224,1.5,1.55,1.5,1.55,9689,0
20150225,1.5,1.57,1.47,1.53,49593,0
20150226,1.46,1.56,1.42,1.44,43385,0
20150227,1.5,1.5,1.4,1.46,16815,0
20150302,1.49,1.54,1.41,1.47,29400,0
20150303,1.44,1.49,1.42,1.43,21800,0
20150304,1.44,1.47,1.4,1.46,22200,0
20150305,1.49,1.5,1.46,1.49,21400,0
20150306,1.46,1.48,1.42,1.43,12600,0
20150309,1.41,1.46,1.4,1.44,30200,0
20150310,1.4,1.44,1.4,1.43,34200,0
20150311,1.41,1.46,1.41,1.45,4500,0
20150312,1.42,1.47,1.4,1.42,25300,0
20150313,1.4,1.4,1.33,1.37,39700,0
20150316,1.32,1.36,1.31,1.34,50800,0
20150317,1.39,1.41,1.37,1.4,26700,0
20150318,1.35,1.45,1.35,1.43,58200,0
20150319,1.39,1.4,1.35,1.35,5600,0
20150320,1.42,1.44,1.38,1.4,46500,0
20150323,1.37,1.37,1.32,1.33,45000,0
20150324,1.35,1.39,1.34,1.35,56900,0
20150325,1.33,1.35,1.32,1.33,13200,0
20150326,1.33,1.33,1.26,1.27,54700,0
20150327,1.28,1.28,1.22,1.23,54500,0
20150330,1.25,1.29,1.24,1.26,7500,0
20150331,1.25,1.26,1.2,1.2,175165,0
20150401,1.22,1.23,1.18,1.21,51900,0
20150402,1.22,1.27,1.22,1.25,28600,0
20150406,1.25,1.25,1.21,1.22,21400,0
20150407,1.24,1.25,1.22,1.23,18587,0
20150408,1.25,1.26,1.22,1.22,6500,0
20150409,1.23,1.23,1.14,1.16,60053,0
20150410,1.17,1.18,1.13,1.14,42500,0
20150413,1.11,1.19,1.11,1.11,20500,0
20150414,1.13,1.15,1.11,1.11,35900,0
20150415,1.15,1.22,1.14,1.18,60175,0
20150416,1.23,1.38,1.17,1.26,188857,0
20150417,1.22,1.26,1.21,1.26,13000,0
20150420,1.21,1.26,1.16,1.19,106778,0
20150421,1.17,1.22,1.17,1.21,37132,0
20150422,1.22,1.25,1.2,1.21,107474,0
20150423,1.21,1.24,1.19,1.23,105000,0
20150424,1.23,1.23,1.18,1.19,64980,0
20150427,1.18,1.2,1.18,1.19,27800,0
20150428,1.18,1.2,1.16,1.17,5454,0
20150429,1.19,1.2,1.19,1.2,9400,0
20150430,1.18,1.33,1.18,1.27,67500,0
20150501,1.28,1.33,1.25,1.28,156700,0
20150504,1.33,1.35,1.29,1.34,24000,0
20150505,1.35,1.36,1.3,1.32,92500,0
20150506,1.3,1.35,1.3,1.33,17634,0
20150507,1.31,1.31,1.28,1.28,16059,0
20150508,1.28,1.38,1.28,1.36,19100,0
20150511,1.37,1.38,1.3,1.35,20000,0
20150512,1.38,1.42,1.37,1.39,28946,0
20150513,1.37,1.43,1.37,1.38,41083,0
20150514,1.31,1.49,1.31,1.47,76300,0
20150515,1.44,1.5,1.42,1.46,63444,0
20150518,1.48,1.55,1.43,1.46,81180,0
20150519,1.55,1.55,1.39,1.44,55334,0
20150520,1.41,1.47,1.39,1.39,23600,0
20150521,1.39,1.45,1.36,1.4,59700,0
20150522,1.37,1.44,1.37,1.41,15600,0
20150526,1.41,1.41,1.28,1.33,37216,0
20150527,1.36,1.36,1.31,1.33,24700,0
20150528,1.3,1.31,1.22,1.24,30509,0
20150529,1.2,1.22,1.15,1.2,54000,0
20150601,1.18,1.23,1.17,1.2,20621,0
20150602,1.18,1.21,1.16,1.19,70994,0
20150603,1.23,1.23,1.18,1.2,9000,0
20150604,1.18,1.23,1.12,1.21,38000,0
20150605,1.12,1.2,1.12,1.15,60600,0
20150608,1.18,1.2,1.17,1.18,19000,0
20150609,1.19,1.28,1.18,1.28,128856,0
20150610,1.31,1.33,1.28,1.3,30685,0
20150611,1.31,1.32,1.3,1.3,49170,0
20150612,1.28,1.3,1.23,1.24,19700,0
20150615,1.29,1.33,1.27,1.32,67200,0
20150616,1.33,1.34,1.29,1.31,20400,0
20150617,1.35,1.36,1.31,1.31,18400,0
20150618,1.29,1.33,1.26,1.26,18700,0
20150619,1.23,1.3,1.22,1.25,10600,0
20150622,1.22,1.23,1.2,1.2,24400,0
20150623,1.23,1.26,1.2,1.2,11319,0
20150624,1.26,1.26,1.2,1.21,2700,0
20150625,1.23,1.28,1.23,1.27,24900,0
20150626,1.23,1.26,1.2,1.21,37300,0
20150629,1.23,1.25,1.22,1.25,8200,0
20150630,1.28,1.28,1.22,1.27,4250,0
20150701,1.25,1.25,1.21,1.23,1900,0
20150702,1.2,1.29,1.2,1.27,40000,0
20150706,1.26,1.26,1.2,1.21,5300,0
20150707,1.2,1.2,1.15,1.15,272200,0
20150708,1.17,1.18,1.15,1.15,17300,0
20150709,1.17,1.19,1.14,1.16,20200,0
20150710,1.17,1.22,1.16,1.19,19900,0
20150713,1.18,1.28,1.18,1.27,16800,0
20150714,1.29,1.29,1.23,1.23,19376,0
20150715,1.28,1.3,1.25,1.28,30163,0
20150716,1.3,1.31,1.25,1.26,7300,0
20150717,1.28,1.28,1.23,1.26,9500,0
20150720,1.25,1.26,1.21,1.25,30900,0
20150721,1.23,1.28,1.22,1.27,36900,0
20150722,1.26,1.28,1.25,1.28,13700,0
20150723,1.24,1.32,1.22,1.22,19300,0
20150724,1.22,1.22,1.2,1.2,6500,0
20150727,1.21,1.22,1.2,1.22,9300,0
20150728,1.24,1.24,1.21,1.22,29600,0
20150729,1.24,1.26,1.24,1.25,19900,0
20150730,1.22,1.22,1.18,1.18,9400,0
20150731,1.18,1.19,1.16,1.17,46500,0
20150803,1.16,1.18,1.15,1.16,29752,0
20150804,1.2,1.22,1.18,1.21,34600,0
20150805,1.23,1.24,1.21,1.21,38000,0
20150806,1.19,1.23,1.15,1.21,31267,0
20150807,1.22,1.22,1.21,1.22,1300,0
20150810,1.22,1.25,1.22,1.25,22900,0
20150811,1.24,1.27,1.22,1.26,14872,0
20150812,1.28,1.3,1.27,1.3,18800,0
20150813,1.24,1.3,1.21,1.22,26200,0
20150814,1.23,1.25,1.2,1.22,7700,0
20150817,1.21,1.21,1.16,1.17,16900,0
20150818,1.2,1.2,1.15,1.15,8100,0
20150819,1.17,1.17,1.15,1.17,4200,0
20150820,1.17,1.23,1.17,1.19,7900,0
20150821,1.17,1.17,1.13,1.14,37800,0
20150824,1.14,1.14,1.07,1.11,28068,0
20150825,1.15,1.15,1.09,1.11,28800,0
20150826,1.1,1.14,1.09,1.11,18100,0
20150827,1.12,1.12,1.08,1.1,37100,0
20150828,1.13,1.15,1.11,1.15,43900,0
20150831,1.11,1.11,1.08,1.09,40900,0
20150901,1.1,1.11,1.09,1.09,11500,0
20150902,1.08,1.09,1.06,1.08,11800,0
20150903,1.08,1.13,1.07,1.13,32500,0
20150904,1.08,1.11,1.07,1.1,29500,0
20150908,1.1,1.13,1.1,1.13,3100,0
20150909,1.1,1.1,1.07,1.07,13500,0
20150910,1.11,1.12,1.08,1.09,25202,0
20150911,1.1,1.1,1.1,1.1,4400,0
20150914,1.1,1.14,1.1,1.13,16400,0
20150915,1.15,1.15,1.12,1.12,10200,0
20150916,1.1,1.11,1.08,1.1,27900,0
20150917,1.08,1.08,1.07,1.08,38582,0
20150918,1.06,1.08,1.05,1.05,33900,0
20150921,1.03,1.03,0.99,1.02,60700,0
20150922,1.02,1.05,1.02,1.03,11400,0
20150923,1.04,1.04,1.02,1.02,1125,0
20150924,1,1.04,0.98,1.03,24074,0
20150925,1.04,1.04,1,1.01,22500,0
20150928,1.05,1.05,1.01,1.02,44382,0
20150929,1,1.04,0.96,0.96,102900,0
20150930,1.02,1.02,0.93,0.93,31200,0
20151001,0.93,0.93,0.85,0.88,14400,0
20151002,0.86,0.89,0.85,0.88,30100,0
20151005,0.88,0.91,0.88,0.9,15770,0
20151006,0.9,0.91,0.87,0.91,16500,0
20151007,0.94,0.94,0.91,0.92,48237,0
20151008,0.9,0.93,0.9,0.91,14300,0
20151009,0.91,0.93,0.91,0.93,5300,0
20151012,0.95,0.95,0.94,0.94,7513,0
20151013,0.93,0.94,0.91,0.91,5900,0
20151014,0.93,0.94,0.93,0.93,5400,0
20151015,0.94,0.95,0.92,0.92,27800,0
20151016,0.91,0.92,0.88,0.9,27900,0
20151019,0.88,0.9,0.88,0.88,1610,0
20151020,0.88,0.91,0.88,0.91,3700,0
20151021,0.89,0.89,0.86,0.86,20500,0
20151022,0.88,0.88,0.83,0.85,37900,0
20151023,0.82,0.82,0.79,0.81,24900,0
20151026,0.77,0.81,0.71,0.73,96100,0
20151027,0.75,0.76,0.73,0.73,44800,0
20151028,0.7,0.72,0.67,0.68,88900,0
20151029,0.7,0.71,0.65,0.68,48800,0
20151030,0.66,0.71,0.65,0.69,43300,0
20151102,0.73,0.73,0.68,0.71,57802,0
20151103,0.72,0.73,0.7,0.7,33147,0
20151104,0.7,0.71,0.69,0.7,21759,0
20151105,0.7,0.76,0.7,0.75,17500,0
20151106,0.75,0.75,0.7,0.72,78300,0
20151109,0.69,0.72,0.68,0.68,16291,0
20151110,0.7,0.7,0.69,0.69,23400,0
20151111,0.71,0.71,0.69,0.69,46800,0
20151112,0.66,0.69,0.66,0.67,107400,0
20151113,0.7,0.72,0.7,0.71,13400,0
20151116,0.72,0.73,0.7,0.71,28100,0
20151117,0.72,0.75,0.71,0.74,9700,0
20151118,0.75,0.75,0.69,0.7,10600,0
20151119,0.7,0.71,0.65,0.66,56000,0
20151120,0.65,0.66,0.61,0.62,58900,0
20151123,0.58,0.62,0.58,0.6,27600,0
20151124,0.59,0.63,0.58,0.63,16600,0
20151125,0.58,0.62,0.58,0.6,54900,0
20151127,0.57,0.57,0.56,0.57,37700,0
20151130,0.57,0.57,0.54,0.55,42400,0
20151201,0.55,0.56,0.54,0.54,23108,0
20151202,0.54,0.55,0.49,0.51,27066,0
20151203,0.5,0.52,0.5,0.51,48072,0
20151204,0.49,0.51,0.48,0.5,15900,0
20151207,0.48,0.48,0.45,0.46,24300,0
20151208,0.43,0.45,0.42,0.44,35836,0
20151209,0.43,0.47,0.43,0.43,16900,0
20151210,0.42,0.45,0.41,0.44,50400,0
20151211,0.42,0.44,0.4,0.43,28200,0
20151214,0.39,0.4,0.32,0.35,97188,0
20151215,0.36,0.36,0.3,0.3,121000,0
20151216,0.33,0.39,0.3,0.39,200400,0
20151217,0.39,0.53,0.35,0.49,263000,0
20151218,0.52,0.56,0.49,0.54,70200,0
20151221,0.5,0.71,0.49,0.7,154600,0
20151222,0.68,1.1,0.67,0.69,389019,0
20151223,0.65,0.67,0.48,0.62,132500,0
20151224,0.6952,0.7385,0.67,0.69,28368,0
20151228,0.691,0.85,0.69,0.7899,102469,0
20151229,0.805,0.84,0.7899,0.8101,136004,0
20151230,0.81,0.811,0.66,0.689,81046,0
20151231,0.749,0.97,0.65,0.72,147456,0
20160104,0.75,0.8,0.73,0.74,60774,0
20160105,0.75,0.79,0.7,0.78,47275,0
20160106,0.77,0.83,0.69,0.69,43081,0
20160107,0.725,0.8,0.72,0.739,28220,0
20160108,0.7734,0.78,0.75,0.7598,20084,0
20160111,0.78,0.78,0.635,0.7,38093,0
20160112,0.735,0.75,0.61,0.74,33209,0
20160113,0.68,0.71,0.61,0.65,42238,0
20160114,0.65,0.65,0.61,0.615,26930,0
20160115,0.65,0.65,0.52,0.59,100126,0
20160119,0.53,0.57,0.51,0.57,32100,0
20160120,0.52,0.52,0.43,0.48,205629,0
20160121,0.5,0.5,0.48,0.49,13011,0
20160122,0.51,0.5198,0.48,0.5,54687,0
20160125,0.47,0.48,0.44,0.44,51574,0
20160126,0.44,0.47,0.42,0.435,19704,0
20160127,0.455,0.49,0.435,0.435,46780,0
20160128,0.44,0.49,0.435,0.49,95257,0
20160129,0.49,0.53,0.49,0.5295,50828,0
20160201,0.536,0.536,0.475,0.49,23299,0
20160202,0.478,0.5199,0.47,0.4898,25129,0
20160203,0.47,0.516,0.47,0.516,12933,0
20160204,0.5399,0.5616,0.513,0.52,23646,0
20160205,0.5261,0.53,0.52,0.53,9334,0
20160208,0.54,0.55,0.5139,0.5139,24026,0
20160209,0.54,0.5487,0.49,0.5199,81006,0
20160210,0.5099,0.5099,0.48,0.49,16189,0
20160211,0.47,0.4999,0.47,0.47,9690,0
20160212,0.5396,0.54,0.47,0.49,62547,0
20160216,0.514,0.514,0.48,0.48,15096,0
20160217,0.505,0.505,0.48,0.4801,24824,0
20160218,0.5,0.5,0.46,0.462,32077,0
20160219,0.485,0.485,0.3963,0.43,76555,0
20160222,0.47,0.47,0.4048,0.43,16771,0
20160223,0.45,0.45,0.4002,0.403,52735,0
20160224,0.437,0.437,0.398,0.42,20809,0
20160225,0.398,0.3997,0.37,0.3851,26150,0
20160226,0.38,0.38,0.37,0.37,55171,0
20160229,0.38,0.38,0.36,0.36,27722,0
20160301,0.36,0.48,0.36,0.4087,84804,0
20160302,0.449,0.45,0.4041,0.43,16960,0
20160303,0.41,0.43,0.41,0.419,45755,0
20160304,0.41,0.4388,0.4,0.4388,87859,0
20160307,0.42,0.48,0.42,0.45,52020,0
20160308,0.47,0.57,0.47,0.5379,168826,0
20160309,0.59,0.59,0.51,0.5201,184728,0
20160310,0.49,0.52,0.47,0.47,81226,0
20160311,0.4935,0.526,0.47,0.52,105434,0
20160314,0.52,0.56,0.4801,0.51,55545,0
20160315,0.543,0.543,0.5,0.5101,33213,0
20160316,0.52,0.52,0.4765,0.51,53548,0
20160317,0.5597,0.56,0.49,0.49,57933,0
20160318,0.5515,0.5515,0.5,0.5,27726,0
20160321,0.48,0.5099,0.47,0.47,39361,0
20160322,0.46,0.4844,0.46,0.4776,7713,0
20160323,0.531,0.56,0.46,0.4864,89632,0
20160324,0.5107,0.52,0.5,0.52,17414,0
20160328,0.49,0.49,0.4701,0.49,12414,0
20160329,0.519,0.52,0.4838,0.4838,2692,0
20160330,0.52,0.53,0.4849,0.5,62021,0
20160331,0.48,0.518,0.48,0.49,8436,0
20160401,0.52,0.52,0.49,0.4973,3276,0
20160404,0.53,0.53,0.475,0.5097,8455,0
20160405,0.5,0.5097,0.5,0.5097,2365,0
20160406,0.5,0.5015,0.5,0.5,17599,0
20160407,0.52,0.52,0.5,0.5098,6488,0
20160408,0.48,0.499,0.47,0.4702,2391,0
20160411,0.47,0.52,0.47,0.49,7623,0
20160412,0.48,0.52,0.48,0.48,20035,0
20160413,0.52,0.55,0.48,0.4801,47451,0
20160414,0.48,0.49,0.48,0.4801,19286,0
20160415,0.49,0.49,0.461,0.48,28692,0
20160418,0.45,0.4899,0.45,0.4713,33753,0
20160419,0.49,0.49,0.46,0.4601,25284,0
20160420,0.47,0.49,0.47,0.47,8692,0
20160421,0.47,0.48,0.46,0.46,15251,0
20160422,0.47,0.48,0.47,0.48,4418,0
20160425,0.49,0.4908,0.4798,0.48,24397,0
20160426,0.4799,0.4808,0.4798,0.4798,3318,0
20160427,0.49,0.49,0.44,0.45,88773,0
20160428,0.49,0.49,0.46,0.47,7354,0
20160429,0.47,0.48,0.46,0.465,26022,0
20160502,0.465,0.475,0.465,0.465,7640,0
20160503,0.475,0.475,0.465,0.465,16356,0
20160504,0.465,0.475,0.465,0.465,10056,0
20160505,0.465,0.4713,0.465,0.465,5683,0
20160506,0.48,0.48,0.465,0.465,19365,0
20160509,0.4651,0.48,0.465,0.465,19801,0
20160510,0.48,0.48,0.47,0.48,12523,0
20160511,0.49,0.49,0.48,0.48,23440,0
20160512,0.465,0.4882,0.465,0.465,3332,0
20160513,0.465,0.47,0.465,0.465,9745,0
20160516,0.465,0.469,0.44,0.445,33579,0
20160517,0.45,0.48,0.4401,0.4699,22828,0
20160518,0.45,0.45,0.41,0.4255,86764,0
20160519,0.41,0.44,0.4051,0.43,22874,0
20160520,0.415,0.421,0.415,0.4151,2452,0
20160523,0.4399,0.44,0.4399,0.44,9975,0
20160524,0.4277,0.44,0.4201,0.4254,5515,0
20160525,0.415,0.4383,0.4,0.42,35525,0
20160526,0.42,0.42,0.39,0.39,45715,0
20160527,0.3988,0.4127,0.3988,0.4,5746,0
20160531,0.42,0.42,0.39,0.3901,13509,0
20160601,0.42,0.42,0.405,0.41,65628,0
20160602,0.41,0.4462,0.41,0.44,49675,0
20160603,0.45,0.45,0.4115,0.44,8904,0
20160606,0.43,0.4558,0.4215,0.445,15561,0
20160607,0.44,0.4609,0.44,0.44,19935,0
20160608,0.44,0.4799,0.44,0.4402,63726,0
20160609,0.44,0.51,0.44,0.49,53166,0
20160610,0.51,0.51,0.47,0.4899,61035,0
20160613,0.53,0.5469,0.4899,0.5301,83987,0
20160614,0.53,0.53,0.522,0.5285,40928,0
20160615,0.5285,0.53,0.482,0.51,109507,0
20160616,0.4803,0.53,0.4748,0.492,8000,0
20160617,0.5251,0.6,0.4923,0.5163,155336,0
20160620,0.53,0.5885,0.52,0.56,54150,0
20160621,0.55,0.6286,0.55,0.6286,48673,0
20160622,0.63,0.65,0.56,0.599,112078,0
20160623,0.57,0.5951,0.57,0.5897,12072,0
20160624,0.57,0.585,0.5,0.52,72431,0
20160627,0.49,0.5545,0.49,0.53,107828,0
20160628,0.55,0.5999,0.4959,0.53,46424,0
20160629,0.5403,0.59,0.5403,0.55,89277,0
20160630,0.59,0.62,0.55,0.5606,81205,0
20160701,0.589,0.6101,0.57,0.596,135189,0
20160705,0.5971,0.5971,0.5008,0.5285,56065,0
20160706,0.56,0.56,0.51,0.5151,34083,0
20160707,0.5394,0.5398,0.51,0.5104,16961,0
20160708,0.5214,0.5446,0.51,0.5221,15671,0
20160711,0.5355,0.5479,0.51,0.51,45528,0
20160712,0.51,0.52,0.5,0.5,17432,0
20160713,0.53,0.53,0.49,0.491,41062,0
20160714,0.49,0.4999,0.475,0.485,34152,0
20160715,0.4701,0.4999,0.4701,0.49,9587,0
20160718,0.4918,0.4918,0.48,0.48,2902,0
20160719,0.4761,0.489,0.4761,0.48,8172,0
20160720,0.46,0.48,0.46,0.4726,37357,0
20160721,0.46,0.48,0.46,0.48,66464,0
20160722,0.481,0.5,0.481,0.4905,11481,0
20160725,0.48,0.48,0.48,0.48,140,0
20160726,0.4745,0.4982,0.47,0.47,12914,0
20160727,0.47,0.4925,0.47,0.4701,15000,0
20160728,0.5,0.5686,0.4922,0.55,127682,0
20160729,0.57,0.6,0.55,0.56,58137,0
20160801,0.59,0.59,0.5,0.5185,16847,0
20160802,0.55,0.5599,0.5161,0.52,36617,0
20160803,0.5084,0.55,0.5084,0.54,8889,0
20160804,0.5409,0.57,0.52,0.533,12003,0
20160805,0.56,0.5657,0.5253,0.5499,11458,0
20160808,0.5316,0.56,0.52,0.5586,72148,0
20160809,0.57,0.57,0.509,0.54,42136,0
20160810,0.5347,0.5347,0.5051,0.5182,26372,0
20160811,0.5122,0.5268,0.49,0.49,95817,0
20160812,0.5,0.51,0.5,0.5,5257,0
20160815,0.49,0.51,0.49,0.5,13168,0
20160816,0.51,0.51,0.49,0.49,23381,0
20160817,0.491,0.5,0.49,0.4999,11125,0
20160818,0.4931,0.505,0.4931,0.4962,12016,0
20160819,0.5,0.53,0.48,0.51,92226,0
20160822,0.508,0.52,0.5,0.51,21560,0
20160823,0.5255,0.54,0.51,0.54,23782,0
20160824,0.54,0.54,0.5101,0.5106,17521,0
20160825,0.5228,0.5399,0.5208,0.5349,18130,0
20160826,0.5398,0.55,0.53,0.536,38732,0
20160829,0.54,0.55,0.52,0.53,12525,0
20160830,0.532,0.5326,0.52,0.5207,8036,0
20160831,0.5201,0.55,0.52,0.5201,14488,0
20160901,0.5202,0.54,0.5201,0.54,12872,0
20160902,0.5388,0.5388,0.5202,0.5386,7769,0
20160906,0.5705,0.5705,0.52,0.52,14797,0
20160907,0.53,0.5599,0.52,0.5399,36396,0
20160908,0.56,0.57,0.5201,0.55,32856,0
20160909,0.523,0.548,0.523,0.548,23320,0
20160912,0.5478,0.5478,0.53,0.53,11137,0
20160913,0.5219,0.5301,0.5219,0.5301,1349,0
20160914,0.5399,0.54,0.52,0.5201,10971,0
20160915,0.52,0.56,0.52,0.5402,10390,0
20160916,0.5205,0.5502,0.5205,0.5401,6610,0
20160919,0.5255,0.5499,0.5206,0.5301,20623,0
20160920,0.5525,0.5866,0.5525,0.5715,43239,0
20160921,0.58,0.62,0.5601,0.5789,32697,0
20160922,0.579,0.585,0.5403,0.56,24614,0
20160923,0.5368,0.5687,0.5206,0.5687,20508,0
20160926,0.58,0.58,0.5301,0.5301,13703,0
20160927,0.53,0.56,0.53,0.5578,13238,0
20160928,0.5207,0.56,0.5207,0.56,11482,0
20160929,0.5207,0.5499,0.5207,0.53846,2495,0
20160930,0.5332,0.5332,0.5332,0.5332,1545,0
20161003,0.5366,0.5366,0.5201,0.53,10060,0
20161004,0.53,0.536,0.5201,0.5218,2883,0
20161005,0.52,0.5499,0.52,0.5302,21345,0
20161006,0.5499,0.5499,0.525,0.5471,21613,0
20161007,0.55,0.649,0.5202,0.5884,86595,0
20161010,0.5296,0.66,0.5296,0.63,88432,0
20161011,0.66,0.66,0.64,0.6468,33308,0
20161012,0.6041,0.6434,0.5401,0.6201,24456,0
20161013,0.59,0.67,0.59,0.6651,43774,0
20161014,0.7,0.7,0.6461,0.66,7031,0
20161017,0.6854,0.6895,0.67,0.6708,46549,0
20161018,0.67,0.7,0.66,0.66,37790,0
20161019,0.66,0.66,0.6401,0.651,11965,0
20161020,0.6101,0.6799,0.6101,0.65,13313,0
20161021,0.65,0.6519,0.61,0.6297,4573,0
20161024,0.6263,0.63,0.6013,0.6085,13473,0
20161025,0.5806,0.62,0.5204,0.5493,113125,0
20161026,0.549,0.61,0.5402,0.55,144811,0
20161027,0.5775,0.5775,0.55,0.55,12385,0
20161028,0.55,0.5527,0.54,0.54,17469,0
20161031,0.55,0.5501,0.54,0.54,10902,0
20161101,0.56,0.56,0.52,0.52,30627,0
20161102,0.49,0.515,0.46,0.46,177344,0
20161103,0.5097,0.5099,0.47,0.48,18002,0
20161104,0.4994,0.4994,0.45,0.4505,41023,0
20161107,0.509,0.51,0.4505,0.4882,28154,0
20161108,0.49,0.4993,0.45,0.45,67631,0
20161109,0.41,0.4794,0.41,0.47,111535,0
20161110,0.5,0.515,0.445,0.4995,50177,0
20161111,0.51,0.52,0.473,0.5,41925,0
20161114,0.5,0.5198,0.5,0.5125,14967,0
20161115,0.5144,0.5191,0.5125,0.5132,16794,0
20161116,0.5125,0.52,0.5,0.5,33261,0
20161117,0.5196,0.5196,0.5,0.501,37967,0
20161118,0.518,0.5198,0.5,0.5001,61556,0
20161121,0.52,0.52,0.5024,0.51,43736,0
20161122,0.5,0.54,0.48,0.5113,38527,0
20161123,0.5,0.54,0.485,0.5,40648,0
20161125,0.5101,0.5456,0.4509,0.4904,100000,0
20161128,0.4803,0.54,0.4803,0.5191,62458,0
20161129,0.5424,0.5424,0.5002,0.5141,34034,0
20161130,0.545,0.545,0.5045,0.521,16562,0
20161201,0.5214,0.6,0.5214,0.5801,205469,0
20161202,0.6,0.6,0.5766,0.5995,23179,0
20161205,0.6129,0.65,0.6129,0.6408,62629,0
20161206,0.6255,0.6999,0.6255,0.6588,101989,0
20161207,0.6577,0.7,0.6301,0.668,457303,0
20161208,0.7027,0.7027,0.632,0.68,126665,0
20161209,0.69,0.7,0.6766,0.68,94205,0
20161212,0.6604,0.6604,0.6007,0.625,53417,0
20161213,0.5631,0.6577,0.5631,0.62,23130,0
20161214,0.62,0.64,0.6006,0.6302,50976,0
20161215,0.61,0.64,0.6,0.6,29946,0
20161216,0.58,0.6179,0.5602,0.5845,19307,0
20161219,0.61,0.64,0.5709,0.62,29740,0
20161220,0.57,0.6,0.5353,0.55,84150,0
20161221,0.5735,0.62,0.57,0.6103,125530,0
20161222,0.6117,0.6117,0.6001,0.6002,4994,0
20161223,0.6245,0.66,0.5997,0.64,99930,0
20161227,0.66,0.6795,0.6539,0.66,130859,0
20161228,0.667,0.7287,0.667,0.72,88841,0
20161229,0.7446,0.7554,0.696,0.7044,90518,0
20161230,0.7368,0.7368,0.6779,0.6786,64519,0
20170103,0.669,0.669,0.5502,0.59,144267,0
20170104,0.5704,0.5704,0.533,0.54,60196,0
20170105,0.535,0.59,0.5,0.5774,130984,0
20170106,0.58,0.6,0.5503,0.57,28241,0
20170109,0.53,0.53,0.51,0.51,93421,0
20170110,0.528,0.5468,0.5201,0.53,13390,0
20170111,0.53,0.55,0.5281,0.55,31816,0
20170112,0.56,0.6,0.56,0.5762,47798,0
20170113,0.595,0.595,0.5497,0.5601,196800,0
20170117,0.5607,0.5897,0.5607,0.57,7659,0
20170118,0.5607,0.58,0.53,0.5525,34536,0
20170119,0.58,0.58,0.5401,0.5699,15565,0
20170120,0.59,0.59,0.52,0.5399,35103,0
20170123,0.54,0.54,0.51,0.5104,30846,0
20170124,0.55,0.575,0.5156,0.5408,28623,0
20170125,0.5301,0.59,0.5157,0.5601,44198,0
20170126,0.5882,0.62,0.5805,0.5805,78262,0
20170127,0.5805,0.5805,0.5229,0.55,26482,0
20170130,0.55,0.55,0.53,0.5316,25095,0
20170131,0.53,0.53,0.49,0.5134,148863,0
20170201,0.4831,0.5099,0.4831,0.5,56684,0
20170202,0.493,0.5373,0.493,0.5005,9844,0
20170203,0.501,0.5035,0.48,0.49,91870,0
20170206,0.47,0.4898,0.47,0.47,27648,0
20170207,0.4834,0.53,0.4701,0.5192,70659,0
20170208,0.4925,0.52,0.4925,0.52,83086,0
20170209,0.51,0.52,0.49,0.49,20424,0
20170210,0.5145,0.518,0.51,0.51,28883,0
20170213,0.51,0.51,0.4682,0.48,125959,0
20170214,0.48,0.5,0.475,0.4999,45894,0
20170215,0.485,0.5076,0.4805,0.4875,43738,0
20170216,0.47,0.5,0.47,0.47,57847,0
20170217,0.4935,0.4935,0.47,0.4704,11183,0
20170221,0.47,0.47,0.4368,0.455,157908,0
20170222,0.49,0.49,0.4616,0.474,57491,0
20170223,0.4632,0.4806,0.452,0.4692,38106,0
20170224,0.48,0.48,0.45,0.469,29591,0
20170227,0.45,0.47,0.45,0.4699,7034,0
20170228,0.4517,0.47,0.4517,0.4687,28640,0
20170301,0.4607,0.4649,0.45,0.4649,21453,0
20170302,0.45,0.4599,0.45,0.4599,19336,0
20170303,0.45,0.47,0.45,0.47,14959,0
20170306,0.44,0.46,0.4303,0.46,18355,0
20170307,0.4551,0.48,0.4551,0.4601,4803,0
20170308,0.46,0.48,0.455,0.4582,12153,0
20170309,0.48,0.48,0.4301,0.4319,66309,0
20170310,0.44,0.4699,0.44,0.4507,20690,0
20170313,0.48,0.5189,0.4499,0.4499,26977,0
20170314,0.4697,0.47,0.45,0.45,7635,0
20170315,0.48,0.48,0.45,0.4501,10484,0
20170316,0.44,0.46,0.44,0.4515,15577,0
20170317,0.4612,0.4612,0.45,0.45,11509,0
20170320,0.4509,0.47,0.4266,0.44,20583,0
20170321,0.4355,0.4576,0.4355,0.4421,11269,0
20170322,0.45,0.46,0.4246,0.44,9297,0
20170323,0.43,0.44,0.43,0.44,1071,0
20170324,0.4313,0.4405,0.43,0.43,43347,0
20170327,0.4294,0.436,0.42,0.432,24950,0
20170328,0.4135,0.46,0.4135,0.43,16450,0
20170329,0.43,0.475,0.43,0.455,56663,0
20170330,0.455,0.455,0.44,0.45,7696,0
20170331,0.46,0.46,0.44,0.44,50003,0
20170403,0.41,0.4399,0.41,0.4399,12247,0
20170404,0.435,0.4686,0.4227,0.4602,53968,0
20170405,0.47,0.4784,0.4614,0.4615,14714,0
20170406,0.49,0.49,0.4567,0.48,33622,0
20170407,0.46,0.4672,0.46,0.46,3306,0
20170410,0.46,0.4601,0.46,0.46,10958,0
20170411,0.46,0.46,0.42,0.4487,25667,0
20170412,0.445,0.445,0.440389,0.4414,3091,0
20170413,0.426,0.4521,0.4237,0.4244,18240,0
20170417,0.4202,0.430618,0.4202,0.427,34344,0
20170418,0.4244,0.4244,0.42,0.42,28043,0
20170419,0.43,0.4438,0.4106,0.4148,75817,0
20170420,0.4242,0.432,0.4242,0.4242,5331,0
20170421,0.425,0.4255,0.418,0.4188,26508,0
20170424,0.4175,0.4176,0.407226,0.4176,6409,0
20170425,0.41,0.4198,0.4,0.4112,18539,0
20170426,0.41,0.42,0.4056,0.42,68009,0
20170427,0.42,0.42,0.405,0.4098,9439,0
20170428,0.42,0.44,0.4193,0.4193,42458,0
20170501,0.401,0.425,0.401,0.4041,7524,0
20170502,0.42,0.43,0.4041,0.4051,31608,0
20170503,0.4014,0.42,0.4011,0.42,2623,0
20170504,0.4121,0.419,0.4044,0.4051,22960,0
20170505,0.4,0.4251,0.4,0.4187,50372,0
20170508,0.42,0.42,0.4,0.4,25142,0
20170509,0.4034,0.4109,0.4034,0.41,13271,0
20170510,0.4198,0.4677,0.4117,0.4311,54000,0
20170511,0.422,0.48,0.422,0.46,107207,0
20170512,0.441,0.4734,0.441,0.4665,70688,0
20170515,0.48,0.48,0.45,0.4502,5258,0
20170516,0.46,0.46,0.4087,0.4187,29262,0
20170517,0.44,0.44,0.4005,0.4131,9081,0
20170518,0.4002,0.421131,0.4002,0.406,45282,0
20170519,0.4263,0.4263,0.4174,0.4174,22473,0
20170522,0.44,0.4617,0.4394,0.459,18962,0
20170523,0.45,0.45,0.41,0.42,37724,0
20170524,0.4195,0.433,0.4007,0.433,65938,0
20170525,0.4349,0.4349,0.405,0.4125,34313,0
20170526,0.4011,0.42,0.4011,0.4058,38639,0
20170530,0.405,0.41,0.3796,0.38,163169,0
20170531,0.3906,0.3906,0.365,0.37,50884,0
20170601,0.365,0.365,0.31,0.3465,62250,0
20170602,0.35,0.36,0.33,0.35,27064,0
20170605,0.33,0.35,0.326,0.333,51510,0
20170606,0.33,0.3595,0.33,0.3311,54013,0
20170607,0.331,0.3311,0.331,0.331,1021,0
20170608,0.33,0.3433,0.33,0.3381,18170,0
20170609,0.338,0.3392,0.338,0.3392,8417,0
20170612,0.3337,0.3337,0.3211,0.3289,35183,0
20170613,0.32,0.3305,0.2975,0.3077,155302,0
20170614,0.3,0.3001,0.2801,0.29,52473,0
20170615,0.3,0.32,0.29,0.3105,103578,0
20170616,0.32,0.32,0.29,0.3049,22714,0
20170619,0.3,0.3143,0.285,0.3,57988,0
20170620,0.3,0.315,0.3,0.3149,46322,0
20170621,0.3117,0.3117,0.29,0.2925,32218,0
20170622,0.2804,0.31,0.2804,0.29,38580,0
20170623,0.29,0.31,0.29,0.295,9568,0
20170626,0.31,0.33,0.31,0.3299,23866,0
20170627,0.3399,0.34,0.3211,0.3211,7227,0
20170628,0.32198,0.35,0.32198,0.33,32715,0
20170629,0.33,0.3399,0.32,0.32,18571,0
20170630,0.33,0.33,0.3,0.305,20454,0
20170703,0.305,0.3346,0.301,0.305,32339,0
20170705,0.3,0.3,0.27,0.2799,137456,0
20170706,0.2739,0.29,0.27,0.28,43877,0
20170707,0.2895,0.29,0.273,0.274,20778,0
20170710,0.2877,0.3101,0.274,0.2904,68742,0
20170711,0.28,0.3444,0.28,0.3056,48100,0
20170712,0.3271,0.3271,0.31,0.31,18464,0
20170713,0.3,0.308,0.29,0.2944,39231,0
20170714,0.3155,0.32,0.2901,0.3043,26152,0
20170717,0.32,0.32,0.3091,0.3091,38468,0
20170718,0.3,0.34,0.3,0.32,66205,0
20170719,0.3,0.3298,0.3,0.3153,68232,0
20170720,0.326,0.326,0.32,0.32,14976,0
20170721,0.325,0.325,0.3,0.3011,21466,0
20170724,0.302,0.3104,0.28,0.29,42521,0
20170725,0.29,0.3,0.2811,0.3,23481,0
20170726,0.28,0.3,0.28,0.2934,12051,0
20170727,0.3,0.3,0.29,0.2923,13845,0
20170728,0.3,0.3,0.29,0.3,6943,0
20170731,0.29,0.29,0.27,0.279544,87794,0
20170801,0.2825,0.289427,0.27,0.28,49987,0
