Date,Open,High,Low,Close,Volume,OpenInt
20080724,26.67,26.67,26.67,26.67,216,0
20080725,26.241,26.33,26.222,26.33,544,0
20080728,26.149,26.149,26.149,26.149,109,0
20080820,25.235,25.235,25.152,25.197,1529,0
20080821,25.105,25.235,25.105,25.235,4921,0
20080825,25.419,25.419,25.105,25.105,873,0
20080826,25.105,25.105,25.105,25.105,1967,0
20080829,25.152,25.152,25.152,25.152,216,0
20080902,24.896,24.896,24.62,24.62,436,0
20080904,24.117,24.117,23.605,23.605,436,0
20080908,23.778,23.778,23.533,23.533,436,0
20080909,23.249,23.249,23.103,23.103,327,0
20080910,23.02,23.02,23.02,23.02,216,0
20080911,22.489,22.517,22.462,22.462,544,0
20080912,22.957,22.957,22.957,22.957,1637,0
20080918,21.595,21.841,21.456,21.841,838,0
20080919,23.322,23.322,23.322,23.322,436,0
20080923,22.82,22.82,22.82,22.82,109,0
20080926,22.097,22.097,22.097,22.097,216,0
20080929,21.228,21.228,20.862,20.862,436,0
20081001,20.468,20.468,20.468,20.468,587,0
20081002,20.095,20.095,20.095,20.095,109,0
20081006,18.309,18.309,18.036,18.036,327,0
20081007,18.081,18.081,17.909,17.909,1313,0
20081009,17.313,17.313,17.222,17.222,436,0
20081013,16.858,17.039,16.858,17.039,4589,0
20081014,17.774,18.309,17.774,18.309,873,0
20081015,17.561,17.561,16.655,16.655,983,0
20081016,15.941,16.005,15.849,16.005,2076,0
20081020,17.268,17.268,17.268,17.268,109,0
20081021,16.993,17.084,16.94,16.94,436,0
20081022,16.105,16.105,15.539,15.539,873,0
20081023,15.567,15.567,15.255,15.255,544,0
20081028,16.638,16.638,13.728,14.212,6716,0
20081029,15.476,15.476,15.476,15.476,1749,0
20081030,16.646,16.646,16.554,16.554,327,0
20081103,16.318,19.15,16.318,16.849,7213,0
20081104,17.158,17.158,17.158,17.158,216,0
20081105,17.801,17.801,17.479,17.479,544,0
20081106,16.628,16.628,15.687,15.687,1422,0
20081112,16.581,17.14,15.137,15.264,26391,0
20081113,14.643,14.879,14.514,14.879,18403,0
20081114,14.707,14.77,14.707,14.707,8677,0
20081117,14.716,14.716,14.653,14.653,327,0
20081120,13.235,13.235,13.235,13.235,109,0
20081121,13.584,13.584,13.584,13.584,109,0
20081124,14.377,14.377,14.377,14.377,3282,0
20081201,14.506,14.506,11.662,13.911,7384,0
20081202,14.029,14.029,13.71,13.803,4869,0
20081203,14.275,14.368,14.275,14.368,1094,0
20081205,14.013,14.013,14.013,14.013,109,0
20081218,16.069,16.949,16.032,16.032,764,0
20081222,15.795,15.795,15.75,15.75,216,0
20081223,15.567,15.567,14.669,15.51,381,0
20081230,16.015,16.015,16.015,16.015,513,0
20090102,16.078,16.078,16.078,16.078,1637,0
20090112,16.345,16.345,16.015,16.015,2625,0
20090113,15.795,15.795,15.786,15.786,327,0
20090114,15.668,15.668,15.237,15.237,764,0
20090116,15.621,15.621,15.529,15.539,436,0
20090120,15.137,15.137,15.137,15.137,109,0
20090123,14.597,14.597,14.597,14.597,109,0
20090127,15.227,15.227,15.227,15.227,109,0
20090129,15.52,15.52,15.52,15.52,109,0
20090202,15.036,15.036,15.036,15.036,574,0
20090203,13.994,14.762,13.994,14.762,327,0
20090218,14.249,14.249,14.249,14.249,327,0
20090220,13.746,13.746,13.746,13.746,873,0
20090223,13.409,13.409,12.758,13.353,1455,0
20090225,14.669,14.669,13.529,13.529,449,0
20090226,13.611,13.611,13.539,13.539,767,0
20090304,13.29,13.29,13.29,13.29,1094,0
20090305,13.098,13.098,13.098,13.098,109,0
20090306,13.106,13.188,13.106,13.188,1476,0
20090310,13.098,13.098,12.265,12.265,574,0
20090312,13.691,13.803,13.691,13.803,436,0
20090316,14.577,14.577,14.577,14.577,669,0
20090317,13.409,14.568,13.409,14.568,436,0
20090320,15.036,15.036,15.036,15.036,109,0
20090323,15.484,15.558,15.484,15.558,232,0
20090324,15.731,15.731,15.548,15.548,601,0
20090325,16.436,16.436,15.558,15.558,443,0
20090327,18.346,18.346,15.805,15.805,2767,0
20090330,16.673,16.673,13.966,14.991,3851,0
20090401,15.529,15.567,15.529,15.567,870,0
20090402,16.271,16.271,16.271,16.271,140,0
20090403,16.572,16.572,15.31,16.225,2430,0
20090407,16.3,16.3,16.3,16.3,2187,0
20090409,16.811,16.811,16.811,16.811,436,0
20090413,16.858,16.94,16.858,16.94,435,0
20090415,16.609,16.609,16.609,16.609,130,0
20090416,18.677,18.677,16.673,16.673,653,0
20090417,17.203,17.203,17.203,17.203,436,0
20090420,16.858,16.858,16.858,16.858,163,0
20090421,16.858,16.957,16.858,16.949,5467,0
20090422,17.222,17.222,17.222,17.222,421,0
20090428,16.766,16.774,16.747,16.747,653,0
20090429,17.249,17.249,17.249,17.249,307,0
20090430,17.268,17.58,17.268,17.471,3095,0
20090504,18.072,18.2,18.072,18.19,7107,0
20090505,18.19,18.19,18.072,18.19,4811,0
20090506,19.044,19.044,18.228,18.228,381,0
20090507,18.162,18.162,18.091,18.091,926,0
20090508,18.265,18.282,18.265,18.282,1005,0
20090512,18.4,18.4,18.319,18.319,983,0
20090513,17.944,17.944,17.268,17.268,2483,0
20090514,17.544,17.599,17.525,17.599,1432,0
20090515,17.98,17.98,17.98,17.98,1313,0
20090518,17.989,17.989,17.989,17.989,5467,0
20090519,18.128,18.622,18.128,18.622,4173,0
20090520,20.095,20.095,18.841,18.841,3774,0
20090521,18.392,18.392,18.392,18.392,109,0
20090522,18.319,18.337,18.319,18.337,873,0
20090526,18.062,18.356,18.062,18.356,518,0
20090528,18.593,18.593,18.593,18.593,540,0
20090529,18.905,18.98,18.905,18.943,1743,0
20090601,19.775,19.775,19.27,19.454,2603,0
20090602,19.454,19.545,18.98,19.545,2111,0
20090603,19.116,19.116,19.116,19.116,181,0
20090604,20.275,20.275,19.025,19.025,540,0
20090605,18.639,19.14,18.639,19.106,48654,0
20090608,19.132,19.132,18.952,18.98,3469,0
20090609,19.251,19.388,19.088,19.388,5247,0
20090610,19.948,19.948,18.777,19.14,1794,0
20090611,20.048,20.048,19.509,19.535,1278,0
20090612,19.574,19.574,18.743,19.28,48763,0
20090615,18.777,18.777,18.76,18.768,1010,0
20090616,18.952,18.952,18.952,18.952,109,0
20090617,18.814,18.841,18.695,18.841,15637,0
20090618,18.695,18.724,18.575,18.704,16917,0
20090619,18.768,18.768,18.768,18.768,109,0
20090622,18.128,18.128,18.128,18.128,200,0
20090623,18.492,18.492,18.492,18.492,144,0
20090625,18.41,18.667,18.4,18.667,4140,0
20090630,18.76,18.914,18.76,18.76,8967,0
20090701,19.261,19.261,19.106,19.106,736,0
20090702,18.851,18.86,18.851,18.86,601,0
20090706,18.622,18.622,18.622,18.622,216,0
20090707,18.914,18.914,18.914,18.914,436,0
20090708,18.796,18.796,18.501,18.511,3388,0
20090709,18.879,18.943,18.851,18.943,2732,0
20090710,18.63,18.63,18.63,18.63,163,0
20090713,18.492,18.557,18.419,18.557,5193,0
20090714,18.667,18.667,18.667,18.667,460,0
20090715,19.583,19.593,19.261,19.593,3165,0
20090716,19.554,19.554,19.554,19.554,109,0
20090717,19.37,19.983,19.224,19.535,90606,0
20090720,19.636,19.793,19.593,19.775,24139,0
20090721,19.793,19.846,19.611,19.683,11382,0
20090722,19.785,19.93,19.756,19.854,18470,0
20090723,19.846,20.293,19.846,20.233,20567,0
20090724,20.085,20.205,20.01,20.196,19492,0
20090727,20.533,20.533,20.039,20.167,18441,0
20090728,20.367,20.367,19.965,20.076,882,0
20090729,20.095,20.15,19.948,20.15,6214,0
20090730,20.962,20.962,20.443,20.633,8155,0
20090731,20.899,20.991,20.698,20.891,4408,0
20090803,21,22.544,21,21.065,29726,0
20090804,20.853,21.056,20.853,21.056,5156,0
20090805,20.962,20.962,20.763,20.936,4670,0
20090806,20.899,20.899,20.726,20.726,2740,0
20090807,20.807,20.881,20.807,20.817,2608,0
20090810,20.624,20.624,20.451,20.451,4327,0
20090811,20.468,20.468,20.321,20.414,4244,0
20090812,20.414,20.533,20.414,20.514,5772,0
20090813,20.807,20.807,20.789,20.807,1738,0
20090814,20.689,20.745,20.606,20.735,4871,0
20090817,20.233,20.233,19.974,20.048,4510,0
20090818,20.048,20.443,20.039,20.395,6024,0
20090819,20.122,20.386,20.122,20.386,3469,0
20090820,20.698,20.817,20.56,20.817,2255,0
20090821,20.945,21.347,20.945,21.174,13925,0
20090824,21.347,21.567,21.228,21.228,3050,0
20090825,21.275,21.422,21.275,21.337,3406,0
20090826,21.311,21.567,21.311,21.413,20203,0
20090827,21.465,21.465,21.238,21.283,10599,0
20090828,21.585,21.767,21.504,21.567,9276,0
20090831,23.13,23.13,21.337,21.456,7792,0
20090901,21.758,21.758,21.228,21.228,1556,0
20090902,21.302,21.576,21.275,21.456,32499,0
20090903,21.475,21.475,21.22,21.32,13673,0
20090904,21.413,21.723,21.413,21.713,15602,0
20090908,22.462,22.462,22.051,22.215,7227,0
20090909,22.134,22.335,22.134,22.17,5942,0
20090910,22.407,22.619,22.325,22.573,6576,0
20090911,22.728,22.728,22.535,22.563,16952,0
20090914,22.134,22.443,22.115,22.306,5097,0
20090915,22.316,22.425,22.162,22.416,5281,0
20090916,22.893,23.13,22.81,23.094,11940,0
20090917,23.121,24.586,22.773,22.885,5241,0
20090918,22.885,23.02,22.773,23.02,4309,0
20090921,22.766,23.778,22.646,22.747,3965,0
20090922,23.13,23.175,23.103,23.103,2445,0
20090923,23.359,23.359,22.966,23.012,10914,0
20090924,23.231,23.231,22.654,22.681,11367,0
20090925,22.535,22.535,22.38,22.389,1089,0
20090928,22.425,22.646,22.425,22.573,4059,0
20090929,22.619,22.619,22.344,22.344,1922,0
20090930,22.398,22.481,22.398,22.416,5046,0
20091001,22.443,22.443,21.632,21.64,4684,0
20091002,21.404,21.485,20.862,21.465,6962,0
20091005,21.366,21.504,21.293,21.422,4009,0
20091006,21.55,21.85,21.55,21.687,4366,0
20091007,21.687,21.687,20.899,21.677,5487,0
20091008,22.015,22.253,22.015,22.188,9622,0
20091009,22.425,22.443,22.353,22.353,3170,0
20091012,21.513,22.699,21.513,22.508,4442,0
20091013,22.535,22.6,22.443,22.592,6575,0
20091014,23.012,23.012,22.875,23.003,3436,0
20091015,22.81,22.81,22.663,22.737,1789,0
20091016,22.452,22.452,22.115,22.234,2054,0
20091019,22.452,22.747,22.452,22.646,4274,0
20091020,22.756,22.756,22.097,22.389,4946,0
20091021,22.416,22.489,22.17,22.17,7285,0
20091022,21.933,22.17,21.933,22.17,3921,0
20091023,22.17,22.17,21.942,21.951,2023,0
20091026,21.933,22.306,21.748,21.905,15632,0
20091027,21.585,21.859,21.585,21.695,4017,0
20091028,22.325,22.573,20.798,21.028,10806,0
20091029,21.375,21.439,21.337,21.337,2222,0
20091030,21.337,21.422,20.972,21.018,4577,0
20091102,21.183,21.475,21,21,4410,0
20091103,20.936,21.056,20.936,21.056,653,0
20091104,21.293,21.385,21.22,21.328,8933,0
20091105,21.118,21.32,21.118,21.293,5661,0
20091106,21.293,21.64,21.293,21.456,10427,0
20091109,21.96,21.988,21.695,21.933,21144,0
20091110,21.687,21.822,21.613,21.758,12275,0
20091111,22.006,22.296,21.831,22.006,11726,0
20091112,21.741,21.758,21.485,21.485,7339,0
20091113,21.494,21.731,21.494,21.585,5707,0
20091116,21.996,22.035,21.923,21.923,7096,0
20091117,21.831,21.831,21.413,21.775,14946,0
20091118,21.886,21.886,21.64,21.758,11536,0
20091119,21.541,21.541,21.228,21.337,9382,0
20091120,21.238,21.494,20.962,21.456,7442,0
20091123,21.513,21.513,21.311,21.385,1940,0
20091124,21.385,21.439,21.146,21.422,11599,0
20091125,21.923,21.923,21.494,21.523,12195,0
20091127,20.952,21,20.772,20.981,2691,0
20091130,21.337,21.356,21.183,21.183,1440,0
20091201,21.803,21.841,21.65,21.704,14950,0
20091202,21.723,21.803,21.669,21.669,17015,0
20091203,21.951,22.088,21.713,21.713,18780,0
20091204,21.775,22.471,21.704,21.822,56735,0
20091207,21.923,22.115,21.923,22.115,2730,0
20091208,21.942,22.773,21.723,21.905,3700,0
20091209,21.933,22.006,21.713,21.85,19294,0
20091210,21.96,22.051,21.942,21.996,27580,0
20091211,22.107,22.107,21.942,22.025,8420,0
20091214,22.025,22.162,22.025,22.153,2648,0
20091215,21.951,21.978,21.915,21.923,3696,0
20091216,22.134,22.554,22.134,22.134,5985,0
20091217,21.969,21.969,21.595,21.741,6058,0
20091218,22.06,22.718,21.868,21.988,8326,0
20091221,21.988,22.025,21.878,21.942,6222,0
20091222,22.162,22.224,22.078,22.179,8914,0
20091223,22.224,22.517,22.215,22.361,10090,0
20091224,22.517,22.517,22.462,22.471,2801,0
20091228,22.097,22.452,22.097,22.425,6440,0
20091229,22.866,22.866,22.287,22.434,31222,0
20091230,22.554,22.554,22.287,22.361,21152,0
20091231,22.434,22.481,22.287,22.316,7342,0
20100104,23.094,23.094,22.893,23.049,2932,0
20100105,23.249,23.258,23.103,23.175,6327,0
20100106,23.258,23.47,23.249,23.249,8889,0
20100107,23.058,23.166,23.058,23.156,2062,0
20100108,23.266,23.452,23.156,23.223,13207,0
20100111,23.359,23.47,23.086,23.231,28195,0
20100112,23.058,23.35,22.766,23.076,13555,0
20100113,23.067,23.322,23.039,23.249,34515,0
20100114,23.496,23.87,23.496,23.753,13886,0
20100115,23.697,23.735,23.506,23.613,7950,0
20100119,23.479,23.658,23.425,23.64,8635,0
20100120,23.121,23.276,22.921,22.976,8312,0
20100121,23.524,23.524,23.067,23.094,10870,0
20100122,22.81,23.121,22.681,22.681,7713,0
20100125,23.204,23.204,22.747,22.966,34868,0
20100126,22.563,22.846,22.563,22.672,6950,0
20100127,22.563,22.756,22.443,22.681,7894,0
20100128,23.003,23.003,22.416,22.681,20224,0
20100129,22.628,22.691,22.115,22.243,15952,0
20100201,22.554,22.681,22.481,22.638,6284,0
20100202,22.718,23.039,22.718,22.921,20321,0
20100203,22.966,23.121,22.718,22.885,9706,0
20100204,22.582,22.756,22.006,22.078,26893,0
20100205,21.85,22.398,21.366,21.541,41592,0
20100208,21.785,21.785,21.485,21.669,3609,0
20100209,21.951,22.115,21.85,22.097,4962,0
20100210,22.015,22.025,21.741,21.915,1299,0
20100211,21.775,21.996,21.748,21.996,1595,0
20100212,21.886,21.896,21.456,21.896,3562,0
20100216,22.06,22.573,21.687,22.179,20544,0
20100217,22.582,22.582,22.371,22.416,2755,0
20100218,22.499,22.563,22.316,22.316,2554,0
20100219,21.933,22.316,21.933,22.316,3685,0
20100222,22.554,22.573,22.389,22.489,5947,0
20100223,22.188,22.296,22.115,22.234,3738,0
20100224,22.188,22.243,22.015,22.015,2041,0
20100225,21.915,22.068,21.915,22.043,3037,0
20100226,22.215,22.353,22.198,22.316,5169,0
20100301,22.443,22.462,22.398,22.398,3607,0
20100302,22.517,22.838,22.517,22.737,1006,0
20100303,22.663,23.03,22.663,22.885,2852,0
20100304,22.535,22.766,22.535,22.756,4863,0
20100305,22.957,23.121,22.957,23.121,4735,0
20100308,23.223,23.34,23.223,23.34,4531,0
20100309,23.138,23.35,23.138,23.175,3448,0
20100310,23.378,23.55,23.378,23.55,533,0
20100311,23.496,23.515,23.295,23.397,4600,0
20100312,23.735,23.735,23.605,23.706,7211,0
20100315,23.605,23.716,23.387,23.613,7590,0
20100316,23.64,23.797,23.578,23.797,2598,0
20100317,23.926,24.066,23.926,24.066,4267,0
20100318,23.658,23.899,23.658,23.835,3466,0
20100319,23.769,24,23.613,23.613,3947,0
20100322,23.835,23.944,23.56,23.935,3660,0
20100323,24.127,24.127,24.028,24.028,743,0
20100324,23.99,23.99,23.797,23.807,2561,0
20100325,24.066,24.255,24.047,24.066,1370,0
20100326,24.438,24.96,23.926,23.926,4550,0
20100329,24.32,24.376,24.163,24.347,16916,0
20100330,24.558,24.558,24.237,24.502,9665,0
20100331,24.456,24.558,24.264,24.429,3221,0
20100401,24.942,25.087,24.712,24.84,9000,0
20100405,24.686,25.069,24.686,25.069,675,0
20100406,24.804,25.572,24.804,25.087,15552,0
20100407,24.813,24.85,24.731,24.804,11697,0
20100408,24.586,24.859,24.53,24.859,4748,0
20100409,24.831,25.007,24.795,24.795,8752,0
20100412,24.775,24.877,24.767,24.877,5675,0
20100413,24.859,24.988,24.53,24.775,12623,0
20100414,25.235,25.382,25.142,25.3,5066,0
20100415,25.3,25.517,25.271,25.401,8862,0
20100416,25.078,25.161,24.411,24.567,31296,0
20100419,24.593,24.757,24.357,24.757,6430,0
20100420,24.813,24.951,24.757,24.85,4421,0
20100421,25.096,25.216,24.951,25.216,9733,0
20100422,24.521,24.906,24.521,24.906,2496,0
20100423,24.96,25.096,24.887,25.096,2897,0
20100426,25.382,25.382,25.161,25.226,5764,0
20100427,25.087,25.087,24.237,24.245,31527,0
20100428,24.61,24.61,23.861,24.456,6138,0
20100429,24.667,24.775,24.667,24.757,4599,0
20100430,24.988,24.988,24.639,24.705,21968,0
20100503,24.979,24.979,24.658,24.868,11230,0
20100504,24.255,24.255,23.753,24.009,7352,0
20100505,23.658,24.181,23.524,23.569,10792,0
20100506,23.56,27.355,18.237,22.573,11767,0
20100507,23.003,23.442,22.051,22.691,23484,0
20100510,24.521,24.521,23.156,23.649,2881,0
20100511,23.249,23.496,23.223,23.258,3616,0
20100512,23.204,23.434,23.185,23.387,739,0
20100513,23.442,23.605,23.359,23.359,3095,0
20100514,22.866,22.994,22.563,22.563,3525,0
20100517,22.452,22.773,22.205,22.773,4634,0
20100518,22.262,22.828,21.996,22.06,6016,0
20100519,22.205,22.224,22.051,22.078,6896,0
20100520,21.174,21.475,21.073,21.228,37207,0
20100521,21.558,21.677,21.375,21.385,1898,0
20100524,21.32,21.585,21.32,21.366,2736,0
20100525,20.131,21.065,20.131,21.065,4620,0
20100526,21.293,21.394,20.872,20.872,2475,0
20100527,21.659,21.659,21.659,21.659,2154,0
20100528,21.868,21.933,21.767,21.767,1616,0
20100601,21.669,21.669,21.32,21.32,1672,0
20100602,21.337,21.695,21.311,21.55,6244,0
20100603,22.051,22.051,21.878,21.933,1161,0
20100604,21.337,21.758,21.337,21.485,1248,0
20100607,21.065,21.265,20.917,20.917,1676,0
20100608,20.991,21.174,20.972,21.018,564,0
20100609,21.146,21.32,20.962,20.962,4358,0
20100610,21.356,21.659,21.337,21.659,1427,0
20100611,21.558,21.731,21.475,21.475,942,0
20100614,22.107,22.107,21.886,21.886,1577,0
20100615,22.134,22.306,22.134,22.306,457,0
20100616,22.471,22.563,22.434,22.563,1825,0
20100617,22.434,22.517,22.407,22.443,9907,0
20100618,22.443,22.443,22.443,22.443,356,0
20100621,22.718,22.984,22.452,22.481,1035,0
20100622,22.499,22.499,22.224,22.407,7598,0
20100623,22.115,22.134,21.741,22.051,10491,0
20100624,21.669,21.923,21.669,21.767,12843,0
20100625,21.347,21.595,21.347,21.595,1568,0
20100628,21.447,21.456,21.394,21.394,6478,0
20100629,21.127,21.127,20.782,20.782,2492,0
20100630,20.909,20.909,20.584,20.687,4074,0
20100701,20.476,20.707,19.883,20.606,10721,0
20100702,20.991,20.991,20.533,20.772,7590,0
20100706,21.247,21.247,20.991,20.991,351,0
20100707,21.118,21.613,21.118,21.613,3427,0
20100708,21.541,21.558,21.413,21.465,2419,0
20100709,21.659,21.723,21.585,21.695,1005,0
20100712,21.613,21.669,21.523,21.523,4116,0
20100713,21.978,21.978,21.933,21.933,666,0
20100714,22.234,22.353,22.224,22.353,3129,0
20100715,22.205,22.205,22.134,22.134,961,0
20100716,21.868,21.878,21.465,21.513,2502,0
20100719,21.366,21.677,21.366,21.677,1184,0
20100720,21.439,21.812,21.439,21.803,1282,0
20100721,21.812,21.812,21.494,21.494,1933,0
20100722,21.758,21.978,21.758,21.923,3518,0
20100723,21.942,22.144,21.859,22.107,7344,0
20100726,22.125,22.316,22.06,22.316,1554,0
20100727,22.325,22.325,22.035,22.198,7857,0
20100728,22.296,22.306,22.025,22.262,4197,0
20100729,22.499,22.499,22.215,22.215,2969,0
20100730,22.068,22.253,21.96,22.253,2956,0
20100802,22.6,22.802,22.525,22.747,3815,0
20100803,22.638,22.828,22.443,22.609,7545,0
20100804,22.592,22.592,22.287,22.443,9040,0
20100805,22.344,22.425,22.153,22.425,2802,0
20100806,22.278,22.371,22.17,22.353,2123,0
20100809,22.215,22.416,22.215,22.371,4807,0
20100810,22.015,22.271,21.915,22.153,11174,0
20100811,21.65,21.65,21.118,21.375,16689,0
20100812,21.018,21.092,20.652,20.789,3165,0
20100813,21.202,21.228,20.853,20.853,981,0
20100816,20.853,21.22,20.853,21.065,1369,0
20100817,21.311,21.311,21.056,21.056,1525,0
20100818,21.337,21.413,21.337,21.413,3142,0
20100819,21.677,21.677,21.211,21.302,2489,0
20100820,20.798,21.092,20.798,21.018,1684,0
20100823,21.174,21.174,20.862,20.909,1738,0
20100824,20.716,20.772,20.57,20.726,4775,0
20100825,20.196,20.606,20.196,20.523,14484,0
20100826,20.853,20.872,20.853,20.872,2134,0
20100827,20.642,20.872,20.642,20.872,659,0
20100830,20.633,20.633,20.606,20.606,979,0
20100831,20.579,20.587,20.259,20.259,194349,0
20100901,20.962,21.083,20.624,20.909,5625,0
20100902,20.917,21.238,20.909,21.092,54223,0
20100903,21.55,21.55,21.228,21.356,13371,0
20100907,21.293,21.513,21.202,21.257,14897,0
20100908,21.604,21.604,21.283,21.283,3765,0
20100909,21.55,21.576,21.394,21.413,476,0
20100910,21.822,21.822,21.541,21.669,3419,0
20100913,21.868,22.078,21.868,21.905,9503,0
20100914,21.896,22.215,21.896,22.205,1188,0
20100915,21.996,22.17,21.923,22.078,2391,0
20100916,21.942,22.115,21.942,21.951,769,0
20100917,22.107,22.107,21.878,21.923,1505,0
20100920,21.988,22.278,21.988,22.234,5694,0
20100921,22.425,22.425,22.153,22.234,1966,0
20100922,22.471,22.471,22.107,22.398,1514,0
20100923,22.262,22.262,22.107,22.107,1903,0
20100924,22.544,22.544,22.296,22.353,1643,0
20100927,22.544,22.544,22.499,22.499,327,0
20100928,22.243,22.407,22.243,22.407,6461,0
20100929,22.646,22.838,22.628,22.773,826,0
20100930,22.728,22.773,22.434,22.573,31934,0
20101001,23.049,23.049,22.756,22.976,23701,0
20101004,22.903,22.903,22.407,22.407,5699,0
20101005,23.194,23.204,23.03,23.204,1520,0
20101006,23.146,23.231,22.939,22.939,4367,0
20101007,22.939,23.175,22.82,22.82,1003,0
20101008,22.911,22.984,22.911,22.984,519,0
20101011,23.076,23.086,22.911,23.03,6395,0
20101012,22.866,22.911,22.866,22.911,216,0
20101013,23.223,23.303,23.223,23.303,590,0
20101014,23.46,23.46,23.387,23.387,919,0
20101015,23.369,23.369,23.103,23.295,6871,0
20101018,23.223,23.496,23.223,23.496,419,0
20101019,23.003,23.003,22.672,22.672,1857,0
20101020,23.094,23.204,23.012,23.204,1327,0
20101021,23.442,23.515,23.266,23.515,1534,0
20101022,23.587,23.587,23.359,23.397,1286,0
20101025,23.47,23.668,23.406,23.621,5576,0
20101026,23.258,23.332,23.223,23.223,2245,0
20101027,23.231,23.249,22.939,23.086,5321,0
20101028,23.359,23.378,23.322,23.35,4788,0
20101029,23.263,23.263,23.079,23.208,3544,0
20101101,23.258,23.258,23.146,23.146,2427,0
20101102,23.231,23.231,23.13,23.13,718,0
20101103,23.266,23.266,23.076,23.241,3090,0
20101104,23.853,23.853,23.649,23.706,10091,0
20101105,23.716,23.972,23.716,23.889,6872,0
20101108,23.778,23.861,23.687,23.861,1110,0
20101109,24.091,24.108,23.687,23.853,4738,0
20101110,24.019,24.019,23.515,23.807,1967,0
20101111,23.605,23.678,23.425,23.533,9221,0
20101112,23.543,23.56,23.223,23.223,7541,0
20101115,23.533,23.578,23.515,23.515,4996,0
20101116,23.452,23.452,22.921,22.966,3279,0
20101117,23.249,23.249,23.112,23.166,4597,0
20101118,23.47,23.716,23.47,23.578,1462,0
20101119,23.706,23.778,23.569,23.778,2978,0
20101122,23.725,23.725,23.725,23.725,460,0
20101123,23.442,23.442,23.138,23.231,6986,0
20101124,23.479,23.649,23.479,23.649,1336,0
20101126,23.434,23.434,23.434,23.434,436,0
20101129,23.146,23.406,23.146,23.406,9167,0
20101130,22.838,23.156,22.838,23.121,2620,0
20101201,23.613,23.658,23.47,23.649,116149,0
20101202,23.778,24.163,23.778,24.117,11016,0
20101203,24.512,24.521,24.411,24.521,2511,0
20101206,24.53,24.586,24.512,24.512,1414,0
20101207,24.85,24.85,24.466,24.466,1177,0
20101208,24.301,24.376,24.301,24.339,7687,0
20101209,24.512,24.549,24.466,24.53,2041,0
20101210,24.357,24.593,24.357,24.593,2024,0
20101213,24.62,24.85,24.62,24.795,4637,0
20101214,24.822,24.969,24.775,24.775,2321,0
20101215,24.502,24.658,24.502,24.502,4640,0
20101216,24.54,24.677,24.54,24.639,1514,0
20101217,24.456,24.549,24.438,24.493,4187,0
20101220,24.394,24.62,24.394,24.521,2432,0
20101221,24.74,24.822,24.74,24.74,1598,0
20101222,24.877,24.942,24.877,24.896,1001,0
20101223,24.85,24.915,24.822,24.822,4178,0
20101227,24.923,24.998,24.831,24.998,3683,0
20101228,25.115,25.115,24.896,24.923,6401,0
20101229,25.199,25.356,25.199,25.356,1226,0
20101230,25.375,25.375,25.246,25.246,476,0
20101231,25.286,25.453,25.286,25.417,3444,0
20110103,25.727,25.773,25.638,25.719,31786,0
20110104,25.719,25.719,25.462,25.629,7940,0
20110105,25.401,25.454,25.152,25.454,4222,0
20110106,25.701,25.701,25.327,25.327,5938,0
20110107,25.472,25.472,25.152,25.244,2836,0
20110110,25.017,25.133,24.923,25.042,3792,0
20110111,25.391,25.391,25.281,25.344,10892,0
20110112,25.555,25.847,25.555,25.847,5398,0
20110113,25.948,26.058,25.913,25.993,2160,0
20110114,25.966,26.093,25.939,26.093,6201,0
20110118,26.232,26.368,26.232,26.286,5517,0
20110119,26.413,26.413,26.34,26.34,1351,0
20110120,25.737,25.921,25.737,25.856,1341,0
20110121,25.939,25.939,25.764,25.764,703,0
20110124,25.828,25.939,25.828,25.866,1292,0
20110125,26.084,26.102,25.957,25.957,2855,0
20110126,26.368,26.45,26.368,26.441,3378,0
20110127,26.606,26.643,26.422,26.542,6716,0
20110128,26.222,26.241,26.112,26.167,5665,0
20110131,26.219,26.219,26.06,26.116,3046,0
20110201,26.515,26.771,26.311,26.643,14599,0
20110202,26.891,26.944,26.844,26.934,7204,0
20110203,26.652,26.899,26.652,26.844,7458,0
20110204,26.807,26.899,26.735,26.853,7458,0
20110207,27.08,27.08,26.862,27.018,5121,0
20110208,27.036,27.089,26.862,26.972,11850,0
20110209,26.881,26.881,26.735,26.735,4303,0
20110210,26.524,26.661,26.432,26.652,4476,0
20110211,26.368,26.579,26.368,26.506,5982,0
20110214,26.588,26.588,26.588,26.588,740,0
20110215,26.551,26.551,26.387,26.413,10666,0
20110216,26.78,26.944,26.717,26.899,72582,0
20110218,27.054,27.153,27.036,27.036,4591,0
20110222,26.413,26.56,26.093,26.185,7342,0
20110223,26.241,26.241,25.93,26.13,20668,0
20110224,26.213,26.222,25.939,26.102,5454,0
20110225,26.533,26.606,26.533,26.596,3086,0
20110228,26.741,26.741,26.537,26.565,2515,0
20110301,26.643,26.652,26.286,26.432,111431,0
20110302,26.469,26.588,26.368,26.46,6472,0
20110303,26.707,26.807,26.652,26.752,4897,0
20110304,26.689,26.689,26.506,26.506,2399,0
20110307,26.68,26.745,26.14,26.286,10142,0
20110308,26.249,26.432,26.066,26.387,10747,0
20110309,26.203,26.213,26.058,26.203,1567,0
20110310,25.481,25.546,25.327,25.327,4803,0
20110311,25.207,25.207,25.207,25.207,175,0
20110314,24.339,24.521,24.153,24.376,16707,0
20110315,23.249,24.145,23.012,24.135,40420,0
20110316,24.057,24.057,23.094,23.434,9382,0
20110317,24.221,24.266,23.926,24.183,8872,0
20110318,24.466,24.658,24.466,24.603,5214,0
20110321,25.069,25.281,24.877,25.281,4072,0
20110322,25.051,25.096,24.859,25.096,3067,0
20110323,24.696,25.152,24.696,25.078,6422,0
20110324,24.998,25.419,24.998,25.318,8896,0
20110325,25.318,25.318,24.951,24.998,17828,0
20110328,25.262,25.262,24.998,25.171,5549,0
20110329,25.124,25.189,25.124,25.189,1577,0
20110330,25.737,25.737,25.572,25.572,2483,0
20110331,25.499,25.659,25.462,25.612,2066,0
20110401,25.563,25.727,25.499,25.719,2589,0
20110404,25.536,25.719,25.419,25.655,3210,0
20110405,25.472,25.619,25.382,25.382,6878,0
20110406,25.454,25.454,25.271,25.271,2180,0
20110407,25.253,25.318,24.859,25.007,10208,0
20110408,25.235,25.29,25.171,25.244,6859,0
20110411,25.06,25.271,24.932,24.932,4939,0
20110412,24.705,24.705,24.549,24.62,1814,0
20110413,24.906,25.133,24.906,25.133,436,0
20110414,25.042,25.078,24.795,25.078,799,0
20110415,24.96,25.152,24.96,25.152,459,0
20110418,24.42,24.603,24.411,24.558,2339,0
20110419,24.603,24.795,24.603,24.61,2954,0
20110420,25.527,25.6,25.309,25.6,3218,0
20110421,25.755,25.818,25.755,25.773,2197,0
20110425,25.809,25.809,25.527,25.773,6745,0
20110426,25.809,25.884,25.809,25.837,1366,0
20110427,26.213,26.258,26.011,26.167,7182,0
20110428,26.167,26.441,26.167,26.397,10101,0
20110429,26.442,26.452,26.442,26.452,1643,0
20110502,26.606,26.606,26.46,26.596,942,0
20110503,26.68,26.68,26.311,26.311,334,0
20110504,26.213,26.213,25.921,26.084,3037,0
20110505,26.066,26.066,25.939,25.957,1748,0
20110506,25.719,25.866,25.719,25.866,2299,0
20110509,25.719,25.957,25.691,25.893,9434,0
20110510,26.213,26.222,26.058,26.193,5232,0
20110511,25.975,26.076,25.701,25.701,18640,0
20110512,25.546,25.866,25.363,25.866,9715,0
20110513,25.555,25.629,25.454,25.6,2217,0
20110516,25.536,25.701,25.419,25.419,4183,0
20110517,25.244,25.41,25.244,25.41,7558,0
20110518,25.582,25.582,25.582,25.582,118,0
20110519,25.152,25.437,25.152,25.281,2778,0
20110520,25.207,25.207,25.087,25.105,1182,0
20110523,24.209,24.639,24.209,24.402,3130,0
20110524,24.62,24.62,24.61,24.61,788,0
20110525,24.402,24.775,24.402,24.775,1094,0
20110526,24.813,25.026,24.813,24.998,723,0
20110527,25.33,25.34,25.134,25.153,13401,0
20110531,25.444,25.444,25.278,25.436,2068,0
20110601,25.327,25.437,25.115,25.189,2766,0
20110602,25.007,25.152,24.998,25.133,1294,0
20110606,24.896,24.998,24.859,24.896,11299,0
20110607,25.172,25.181,24.969,24.988,2579,0
20110608,24.635,24.802,24.635,24.756,1167,0
20110609,24.709,24.866,24.709,24.765,1979,0
20110610,24.616,24.616,24.183,24.351,3051,0
20110613,24.42,24.429,24.172,24.172,1284,0
20110614,24.748,24.83,24.748,24.83,2885,0
20110615,24.36,24.424,24.019,24.109,4775,0
20110616,23.917,23.917,23.628,23.628,2643,0
20110617,23.908,23.944,23.665,23.759,10133,0
20110620,23.475,23.61,23.447,23.61,2518,0
20110621,24.128,24.174,24.084,24.1,1276,0
20110622,24.183,24.183,24.183,24.183,766,0
20110623,23.42,23.618,23.42,23.618,2669,0
20110624,23.944,24.067,23.751,23.824,2508,0
20110627,23.935,23.935,23.898,23.898,334,0
20110628,24.01,24.119,24.01,24.038,1649,0
20110629,24.489,24.489,24.489,24.489,625,0
20110630,24.63,24.864,24.63,24.835,12069,0
20110705,25.246,25.246,25.116,25.116,2656,0
20110706,25.097,25.097,24.969,25.097,727,0
20110707,25.395,25.395,25.237,25.366,836,0
20110708,25.007,25.116,24.876,25.07,7734,0
20110711,24.572,24.572,24.342,24.415,1984,0
20110712,24.313,24.313,24.313,24.313,886,0
20110713,24.607,24.607,24.313,24.313,1289,0
20110714,24.37,24.37,24.147,24.147,256,0
20110718,23.732,23.732,23.556,23.618,3953,0
20110719,24.058,24.155,24.058,24.128,3386,0
20110720,24.536,24.536,24.497,24.497,1232,0
20110721,24.36,24.748,24.342,24.748,758,0
20110722,24.709,24.748,24.635,24.748,3475,0
20110725,24.424,24.626,24.424,24.516,3110,0
20110726,24.566,24.759,24.566,24.759,2978,0
20110727,24.451,24.451,24.285,24.285,759,0
20110728,23.993,24.251,23.993,24.003,11911,0
20110729,23.706,24.022,23.706,23.891,22519,0
20110801,24.019,24.019,23.656,23.685,1247,0
20110802,23.504,23.621,23.218,23.218,23504,0
20110803,23.168,23.168,22.689,22.875,5261,0
20110804,22.062,22.146,21.435,21.444,6783,0
20110805,21.905,22.052,21.452,21.564,28551,0
20110808,20.835,21.002,20.28,20.42,7422,0
20110809,20.872,21.241,20.227,21.241,14853,0
20110810,20.659,20.797,20.18,20.263,23188,0
20110811,20.734,21.177,20.316,21.177,26456,0
20110812,21.095,21.342,21.095,21.323,19763,0
20110815,21.693,21.73,21.5,21.73,962,0
20110816,21.583,21.583,21.435,21.435,2557,0
20110817,21.471,21.471,21.315,21.315,493,0
20110818,20.125,20.354,19.893,20.354,15749,0
20110819,20.363,20.482,20.051,20.245,3121,0
20110822,20.456,20.456,20.298,20.298,2883,0
20110823,20.835,20.982,20.825,20.982,684,0
20110824,20.752,20.909,20.604,20.909,9360,0
20110825,20.909,20.909,20.594,20.687,2175,0
20110826,21.01,21.14,21.002,21.002,1126,0
20110829,21.5,21.639,21.427,21.573,3136,0
20110830,21.573,21.702,21.38,21.491,8267,0
20110831,22.052,22.062,21.736,21.753,8615,0
20110901,21.74,21.85,21.685,21.84,13345,0
20110902,21.307,21.333,21.185,21.222,11580,0
20110906,20.132,20.428,20.132,20.428,56581,0
20110907,21.129,21.259,20.972,21.259,974,0
20110908,21.186,21.186,20.972,20.972,561,0
20110909,20.352,20.399,20.225,20.305,66287,0
20110912,20.134,20.161,19.81,19.81,2048,0
20110913,20.454,20.499,20.454,20.499,606,0
20110914,20.342,20.742,20.296,20.62,3346,0
20110915,20.882,21.02,20.781,20.982,59851,0
20110916,21.111,21.24,21.111,21.111,1233,0
20110919,20.528,20.658,20.473,20.658,1589,0
20110920,20.788,20.89,20.76,20.796,54759,0
20110921,20.473,20.473,20.132,20.132,1957,0
20110922,19.448,19.616,19.14,19.272,2929,0
20110923,19.207,19.493,19.207,19.493,4287,0
20110926,19.791,19.791,19.707,19.707,605,0
20110927,20.639,20.77,20.454,20.695,7232,0
20110928,20.592,20.592,20.592,20.592,624,0
20110929,20.751,20.751,20.286,20.286,1182,0
20110930,20.087,20.087,20.087,20.087,404,0
20111004,19.106,19.373,19.023,19.106,7764,0
20111005,19.762,20.029,19.726,19.928,1681,0
20111006,20.067,20.566,20.067,20.428,1925,0
20111007,20.519,20.592,20.296,20.379,3879,0
20111010,21.057,21.36,21.038,21.038,9469,0
20111011,21.139,21.139,21.009,21.066,1299,0
20111012,21.555,21.555,21.49,21.49,2247,0
20111013,21.278,21.509,21.278,21.427,1711,0
20111014,21.868,21.868,21.564,21.702,1345,0
20111017,21.286,21.341,21.286,21.323,1162,0
20111018,21.592,21.868,21.592,21.868,6159,0
20111019,21.629,21.629,21.25,21.25,2266,0
20111020,21.399,21.427,21.222,21.36,1390,0
20111021,21.97,22.108,21.748,21.748,11142,0
20111024,22.218,22.366,22.027,22.366,1692,0
20111025,22.209,22.394,22.173,22.173,1743,0
20111026,22.209,22.265,22.209,22.265,869,0
20111027,22.959,23.337,22.959,23.337,944,0
20111028,22.886,23.098,22.886,23.098,1404,0
20111031,22.411,22.411,22.17,22.17,1868,0
20111101,21.896,21.896,21.896,21.896,1472,0
20111102,21.96,21.96,21.766,21.831,1611,0
20111103,22.173,22.376,22.118,22.291,5327,0
20111104,22.147,22.21,22.147,22.201,1145,0
20111107,22.301,22.301,22.071,22.173,4938,0
20111108,22.33,22.33,22.33,22.33,161,0
20111109,21.989,21.989,21.389,21.5,570751,0
20111110,21.5,21.601,21.5,21.537,77562,0
20111111,22.173,22.199,22.007,22.08,62967,0
20111114,21.821,21.821,21.821,21.821,323,0
20111115,21.721,21.924,21.611,21.924,6786,0
20111116,21.48,21.537,21.48,21.537,710,0
20111117,21.528,21.62,21.25,21.25,19242,0
20111118,21.471,21.471,21.259,21.259,3235,0
20111121,20.751,20.88,20.751,20.88,2131,0
20111122,20.788,20.815,20.695,20.695,4056,0
20111125,20.095,20.243,20.057,20.243,3136,0
20111128,20.917,20.952,20.917,20.952,2140,0
20111129,21.176,21.24,21.157,21.176,5252,0
20111130,21.955,21.993,21.917,21.993,1819,0
20111201,22.017,22.209,22.017,22.118,2144,0
20111202,21.838,21.838,21.78,21.78,594,0
20111205,22.044,22.09,21.821,21.952,10684,0
20111206,21.894,21.894,21.828,21.828,1109,0
20111207,21.913,22.052,21.913,22.052,2705,0
20111208,21.624,21.634,21.411,21.411,7912,0
20111209,21.642,21.652,21.642,21.652,3752,0
20111212,21.286,21.286,21.286,21.286,192,0
20111213,21.391,21.429,21.315,21.429,1309,0
20111214,20.857,20.857,20.651,20.699,15145,0
20111215,20.796,20.796,20.639,20.639,1747,0
20111216,20.511,20.511,20.511,20.511,372,0
20111219,20.242,20.26,20.233,20.233,1127,0
20111220,20.737,20.933,20.737,20.886,897,0
20111221,20.765,20.811,20.755,20.811,2570,0
20111222,20.775,20.896,20.775,20.896,1727,0
20111223,21.016,21.016,21.016,21.016,212,0
20111228,20.747,20.765,20.747,20.747,2650,0
20111229,21.036,21.111,21.036,21.111,1567,0
20111230,21.182,21.182,21.069,21.069,425,0
20120103,21.736,21.745,21.736,21.745,1485,0
20120104,21.606,21.606,21.606,21.606,320,0
20120105,21.138,21.362,21.138,21.362,3799,0
20120106,20.923,21.111,20.923,21.111,1496,0
20120109,21.148,21.148,20.949,21.026,6912,0
20120110,21.156,21.287,21.156,21.287,3443,0
20120111,20.933,21.102,20.933,21.102,442,0
20120117,21.429,21.429,21.241,21.391,1775,0
20120118,21.577,21.577,21.577,21.577,265,0
20120119,21.942,21.959,21.942,21.959,813,0
20120120,22.259,22.268,22.259,22.268,320,0
20120123,22.275,22.275,22.275,22.275,159,0
20120124,22.147,22.147,22.147,22.147,220,0
20120125,22.007,22.007,21.78,21.78,3113,0
20120126,22.407,22.491,22.268,22.304,5461,0
20120127,22.268,22.443,22.268,22.333,8221,0
20120130,22.071,22.183,22.071,22.183,1339,0
20120131,22.143,22.162,22.143,22.162,1482,0
20120201,22.416,22.453,22.416,22.453,942,0
20120202,22.37,22.37,22.343,22.343,880,0
20120206,22.567,22.567,22.501,22.501,856,0
20120207,22.623,22.623,22.595,22.623,1558,0
20120208,22.941,22.941,22.941,22.941,234,0
20120210,22.567,22.567,22.36,22.36,438,0
20120213,22.633,22.669,22.633,22.669,1374,0
20120214,22.416,22.677,22.416,22.567,13363,0
20120216,23.295,23.295,23.153,23.153,1746,0
20120217,23.371,23.492,23.371,23.492,1147,0
20120221,23.584,23.638,23.566,23.566,712,0
20120223,23.473,23.547,23.275,23.547,738,0
20120227,23.492,23.818,23.492,23.657,876,0
20120229,23.864,23.864,23.848,23.848,496,0
20120301,23.893,23.922,23.696,23.762,2261,0
20120302,23.45,23.579,23.45,23.579,640,0
20120305,23.361,23.538,23.333,23.333,4650,0
20120306,22.768,22.814,22.759,22.759,883,0
20120307,23.177,23.262,23.13,23.13,1770,0
20120308,23.634,23.691,23.634,23.691,815,0
20120309,23.813,23.954,23.813,23.954,1106,0
20120312,23.529,23.638,23.51,23.638,474,0
20120313,23.766,23.935,23.766,23.935,353,0
20120314,23.964,23.964,23.833,23.833,514,0
20120315,24.134,24.275,24.126,24.126,1498,0
20120316,24.271,24.328,24.271,24.328,1199,0
20120319,24.243,24.385,24.243,24.385,4283,0
20120320,24.224,24.224,24.224,24.224,572,0
20120321,24.078,24.078,24.078,24.078,420,0
20120322,24.224,24.224,24.086,24.103,2413,0
20120323,23.935,23.935,23.935,23.935,305,0
20120326,24.477,24.553,24.403,24.403,4531,0
20120327,24.775,24.804,24.739,24.739,2339,0
20120328,24.58,24.589,24.58,24.589,11131,0
20120329,24.553,24.553,24.403,24.403,432,0
20120330,24.723,24.723,24.697,24.697,311,0
20120403,24.841,24.953,24.784,24.784,1064,0
20120404,24.112,24.112,23.973,23.973,2055,0
20120405,24.086,24.376,24.03,24.03,596,0
20120409,24.086,24.186,23.804,24.186,2651,0
20120410,23.843,23.843,23.843,23.843,320,0
20120411,23.804,23.804,23.652,23.681,630,0
20120416,23.271,23.579,23.271,23.579,1702,0
20120418,23.711,23.711,23.711,23.711,131,0
20120419,23.644,23.644,23.644,23.644,275,0
20120420,23.589,23.589,23.589,23.589,394,0
20120423,23.158,23.245,23.14,23.245,10906,0
20120425,23.711,23.72,23.598,23.711,8885,0
20120426,23.935,23.935,23.935,23.935,212,0
20120427,23.945,24.04,23.945,24.04,1007,0
20120430,23.952,23.952,23.952,23.952,107,0
20120501,24.234,24.234,23.917,24.069,7046,0
20120503,23.662,23.843,23.624,23.843,1560,0
20120504,23.299,23.299,23.299,23.299,233,0
20120507,23.433,23.433,23.433,23.433,301,0
20120508,22.759,23.104,22.759,22.909,1367,0
20120511,22.523,22.646,22.486,22.618,2625,0
20120514,22.421,22.421,22.28,22.299,640,0
20120516,21.619,21.619,21.527,21.527,570,0
20120517,21.741,21.741,21.507,21.601,3962,0
20120518,21.347,21.347,20.983,21.133,1132,0
20120521,21.114,21.629,21.114,21.629,323,0
20120523,21.031,21.031,21.031,21.031,283,0
20120524,21.002,21.002,21.002,21.002,255,0
20120529,21.236,21.236,21.133,21.133,4813,0
20120530,20.75,20.881,20.75,20.833,3534,0
20120531,20.748,20.748,20.748,20.748,892,0
20120601,20.252,20.252,20.252,20.252,643,0
20120604,20.255,20.255,20.209,20.255,521,0
20120605,20.788,20.788,20.599,20.599,3244,0
20120606,21.005,21.269,20.976,21.23,2379,0
20120607,21.465,21.465,21.465,21.465,107,0
20120608,21.297,21.297,21.222,21.222,746,0
20120611,21.591,21.591,21.591,21.591,107,0
20120612,21.495,21.495,21.495,21.495,533,0
20120613,21.455,21.455,21.382,21.382,746,0
20120614,21.273,21.273,21.273,21.273,154,0
20120618,21.674,21.832,21.674,21.832,477,0
20120619,22.012,22.012,22.012,22.012,106,0
20120622,21.372,21.372,21.372,21.372,1062,0
20120625,20.676,20.845,20.676,20.703,3400,0
20120627,20.92,21.23,20.92,21.044,2858,0
20120629,21.673,21.926,21.673,21.691,5026,0
20120702,21.692,21.832,21.56,21.608,1821,0
20120703,21.86,22.077,21.842,22.077,1700,0
20120706,21.392,21.392,21.333,21.333,429,0
20120709,20.976,21.062,20.976,21.062,832,0
20120710,21.222,21.23,20.751,20.966,14425,0
20120711,20.966,20.966,20.966,20.966,117,0
20120716,20.835,20.845,20.807,20.845,741,0
20120717,20.902,20.902,20.902,20.902,339,0
20120718,20.71,20.824,20.71,20.824,769,0
20120720,21.25,21.25,20.92,21.117,3475,0
20120723,20.467,20.742,20.467,20.685,666,0
20120724,20.701,20.701,20.569,20.569,1216,0
20120725,20.544,20.544,20.544,20.544,505,0
20120726,20.92,21.175,20.883,20.883,1728,0
20120727,21.324,21.655,21.307,21.655,901,0
20120730,21.514,21.524,21.514,21.524,719,0
20120731,21.709,21.709,21.709,21.709,2754,0
20120802,21.353,21.674,21.193,21.23,7493,0
20120803,21.88,21.88,21.88,21.88,1681,0
20120807,22.199,22.199,22.199,22.199,277,0
20120808,22.086,22.086,22.086,22.086,106,0
20120809,22.424,22.424,22.424,22.424,269,0
20120813,22.125,22.125,22.125,22.125,202,0
20120814,22.266,22.274,22.077,22.077,1062,0
20120816,22.247,22.491,22.247,22.35,345,0
20120817,22.35,22.35,22.331,22.331,2630,0
20120820,22.274,22.434,22.163,22.434,2456,0
20120822,22.134,22.134,22.134,22.134,149,0
20120823,22.368,22.443,22.368,22.443,1062,0
20120824,22.266,22.266,22.032,22.218,3282,0
20120827,21.993,21.993,21.993,21.993,1382,0
20120828,22.227,22.227,22.227,22.227,225,0
20120829,21.964,22.341,21.964,22.341,610,0
20120830,22.032,22.032,22.002,22.002,684,0
20120831,21.801,22.114,21.765,22.114,1104,0
20120904,21.522,21.551,21.473,21.551,2203,0
20120905,21.36,21.691,21.36,21.691,7390,0
20120906,21.663,21.792,21.663,21.783,1902,0
20120907,22.199,22.217,22.171,22.171,1702,0
20120910,22.067,22.096,22.022,22.022,2235,0
20120911,22.595,22.595,22.321,22.321,1333,0
20120912,22.669,22.915,22.557,22.605,477,0
20120913,22.925,23.13,22.925,23.076,17320,0
20120914,23.574,24.028,23.462,23.462,700,0
20120917,23.471,23.471,23.139,23.139,318,0
20120918,23.207,23.253,23.168,23.245,5156,0
20120919,23.263,23.338,23.263,23.338,1593,0
20120920,22.915,23.235,22.915,23.235,1303,0
20120925,22.991,23.094,22.925,22.925,2120,0
20120927,22.935,23.178,22.858,22.952,6155,0
20120928,22.506,22.592,22.506,22.533,2338,0
20121001,22.858,22.935,22.651,22.716,761,0
20121002,23.13,23.13,23.13,23.13,211,0
20121003,22.706,22.915,22.706,22.915,609,0
20121005,23.057,23.217,23.01,23.217,2028,0
20121008,22.906,22.962,22.906,22.962,1204,0
20121009,22.471,22.471,22.471,22.471,345,0
20121010,21.936,22.021,21.936,22.021,2133,0
20121011,22.189,22.433,22.105,22.246,2684,0
20121012,22.281,22.301,22.143,22.143,5317,0
20121015,22.321,22.405,22.321,22.405,796,0
20121016,22.659,22.991,22.659,22.858,1589,0
20121017,22.982,22.982,22.878,22.878,211,0
20121019,22.651,22.651,22.405,22.405,699,0
20121022,22.595,22.83,22.595,22.83,280,0
20121023,22.537,22.537,22.537,22.537,1432,0
20121024,22.643,22.643,22.643,22.643,761,0
20121025,22.765,22.888,22.765,22.888,564,0
20121026,22.452,22.537,22.452,22.537,631,0
20121031,22.821,22.991,22.821,22.991,528,0
20121102,23.148,23.148,22.83,22.878,1825,0
20121105,23.103,23.158,23.076,23.158,1380,0
20121106,23.13,23.13,23.13,23.13,211,0
20121107,22.697,22.697,22.697,22.697,106,0
20121108,22.991,22.991,22.678,22.773,5198,0
20121112,22.613,22.773,22.613,22.773,1539,0
20121114,22.623,22.623,22.386,22.566,318,0
20121115,22.433,22.49,22.386,22.49,1538,0
20121116,22.415,22.518,22.415,22.518,528,0
20121119,22.991,23.368,22.982,23.168,1457,0
20121120,23.406,23.406,23.253,23.272,3535,0
20121121,23.509,23.574,23.263,23.499,1927,0
20121123,24.085,24.167,24.085,24.167,3286,0
20121126,24.085,24.093,23.895,24.093,5187,0
20121127,23.885,23.989,23.885,23.942,29063,0
20121128,23.386,23.809,23.386,23.676,5075,0
20121129,24.076,24.12,24.076,24.12,933,0
20121130,24.164,24.183,23.929,23.977,2160,0
20121203,24.423,24.423,24.101,24.101,6000,0
20121204,24.093,24.234,24.093,24.167,10508,0
20121205,24.048,24.29,24.048,24.29,786,0
20121206,24.404,24.423,24.129,24.281,4799,0
20121207,24.299,24.555,24.242,24.555,12282,0
20121210,24.592,24.592,24.329,24.413,970,0
20121211,24.574,24.677,24.423,24.619,1401,0
20121212,24.517,24.865,24.517,24.865,9250,0
20121213,24.707,24.874,24.601,24.648,3536,0
20121214,24.592,24.904,24.592,24.799,6682,0
20121217,24.827,24.922,24.648,24.922,3633,0
20121218,24.989,25.026,24.931,24.989,11887,0
20121219,25.196,25.496,25.196,25.422,11726,0
20121220,25.291,25.404,25.252,25.375,1513,0
20121221,24.889,24.909,24.632,24.632,2437,0
20121224,24.965,25.096,24.804,24.937,15456,0
20121226,24.748,24.946,24.652,24.946,17639,0
20121227,24.851,25.154,24.851,25.126,4432,0
20121228,25.201,25.326,25.004,25.24,98040,0
20121231,25.249,25.676,25.085,25.666,12874,0
20130102,25.922,26.129,25.835,26.12,6803,0
20130103,25.959,26.148,25.675,26.006,9858,0
20130104,25.684,25.807,25.383,25.798,12589,0
20130107,25.466,25.589,25.373,25.553,7577,0
20130108,25.561,25.561,25.05,25.308,32345,0
20130109,25.599,25.599,25.24,25.24,3537,0
20130110,25.968,25.968,25.665,25.968,2155,0
20130111,26.063,26.158,26.054,26.158,4941,0
20130114,26.432,26.432,26.063,26.224,8503,0
20130115,25.835,26.006,25.694,25.959,10536,0
20130116,25.76,25.835,25.412,25.694,8226,0
20130117,25.845,25.931,25.58,25.931,12486,0
20130118,25.987,26.045,25.639,25.741,4895,0
20130122,25.855,25.913,25.561,25.903,11581,0
20130123,25.987,25.987,25.561,25.656,2752,0
20130124,25.741,25.874,25.318,25.826,4811,0
20130125,25.648,25.798,25.402,25.656,34492,0
20130128,25.421,25.495,25.383,25.383,1609,0
20130129,25.326,25.778,25.231,25.694,9854,0
20130130,25.656,25.884,25.543,25.816,4293,0
20130131,25.626,25.757,25.626,25.757,629,0
20130201,25.968,26.025,25.731,26.016,1651,0
20130204,25.874,25.903,25.656,25.741,7184,0
20130205,25.76,25.807,25.571,25.656,2845,0
20130206,25.835,25.931,25.505,25.874,3506,0
20130207,25.807,25.807,25.308,25.58,1761,0
20130208,25.675,25.968,25.675,25.893,4999,0
20130211,25.987,25.987,25.684,25.835,4741,0
20130212,25.893,26.073,25.751,25.751,2763,0
20130213,25.826,25.941,25.684,25.941,3085,0
20130214,25.893,25.922,25.684,25.913,3886,0
20130215,25.893,25.893,25.835,25.835,596,0
20130219,25.941,26.054,25.941,26.054,1112,0
20130220,26.366,26.366,26.063,26.063,1185,0
20130221,25.826,25.874,25.665,25.865,1263,0
20130222,25.987,26.11,25.816,26.11,1210,0
20130225,25.731,25.893,25.344,25.344,965,0
20130226,25.675,25.855,25.675,25.816,3413,0
20130227,25.893,26.09,25.893,25.987,1388,0
20130228,25.962,26.114,25.962,26.114,363,0
20130301,25.891,26.032,25.891,26.032,587,0
20130304,25.826,25.903,25.76,25.845,17409,0
20130305,26.192,26.344,26.192,26.202,1402,0
20130306,26.438,26.618,26.383,26.562,1225,0
20130307,26.279,26.279,26.202,26.212,947,0
20130308,26.06,26.393,26.06,26.334,579,0
20130311,25.987,26.205,25.987,26.158,4297,0
20130312,26.051,26.051,26.051,26.051,420,0
20130313,26.241,26.269,26.088,26.136,1374,0
20130314,26.411,26.525,26.183,26.212,2653,0
20130315,26.136,26.136,26.003,26.117,935,0
20130318,25.785,25.948,25.785,25.948,564,0
20130319,25.938,26.051,25.901,25.901,34094,0
20130320,26.003,26.269,25.984,26.06,2524,0
20130321,25.993,25.993,25.813,25.842,3561,0
20130322,25.813,26.023,25.813,25.862,1563,0
20130326,26.107,26.146,25.948,26.146,2230,0
20130327,25.653,26.023,25.653,26.023,5003,0
20130328,25.901,25.901,25.901,25.901,1310,0
20130401,25.748,25.91,25.616,25.728,2089,0
20130402,25.872,25.872,25.646,25.681,2095,0
20130403,25.646,25.691,25.646,25.691,2114,0
20130404,25.662,25.701,25.53,25.672,19637,0
20130405,25.171,25.578,25.171,25.578,1690,0
20130408,25.409,25.409,25.409,25.409,442,0
20130409,25.568,25.662,25.39,25.586,80053,0
20130410,25.626,26.107,25.626,26.07,4558,0
20130411,26.042,26.165,26.042,26.165,326,0
20130412,26.08,26.107,25.766,26.06,2396,0
20130415,25.813,25.872,25.719,25.719,1374,0
20130416,26.288,26.288,26.222,26.279,3100,0
20130417,25.881,25.928,25.646,25.646,3678,0
20130418,25.862,25.862,25.52,25.559,3981,0
20130419,25.596,25.823,25.586,25.804,632,0
20130422,25.938,25.938,25.568,25.662,929,0
20130423,26.051,26.107,26.003,26.003,632,0
20130424,26.373,26.487,26.249,26.468,11340,0
20130425,26.496,26.657,26.496,26.61,1105,0
20130426,26.562,26.628,26.42,26.6,858,0
20130429,26.657,26.705,26.477,26.552,1454,0
20130430,26.686,26.771,26.686,26.771,294,0
20130502,26.912,26.989,26.78,26.799,3245,0
20130503,27.357,27.376,27.206,27.206,2178,0
20130506,27.063,27.081,27.063,27.081,2009,0
20130507,26.922,27.301,26.922,27.301,3995,0
20130508,27.432,27.593,27.139,27.593,1915,0
20130509,27.423,27.459,27.244,27.394,2230,0
20130510,26.94,27.063,26.931,27.055,18686,0
20130513,27.091,27.235,27.073,27.225,42864,0
20130514,27.508,27.69,27.413,27.69,10234,0
20130515,27.459,27.642,27.413,27.565,55393,0
20130516,27.187,27.642,27.187,27.489,5632,0
20130517,27.459,27.583,27.459,27.469,528,0
20130520,27.574,27.889,27.574,27.651,2717,0
20130521,28.02,28.02,27.925,27.925,1056,0
20130522,27.925,27.955,27.925,27.955,4435,0
20130523,26.799,27.081,26.448,26.931,8190,0
20130524,26.477,26.847,26.477,26.847,3168,0
20130528,27.017,27.121,27.017,27.046,10266,0
20130529,26.867,26.932,26.686,26.857,3423,0
20130530,27.055,27.216,27.055,27.187,1204,0
20130531,26.733,26.808,26.685,26.685,2088,0
20130603,26.136,26.562,26.136,26.562,896,0
20130604,26.971,26.971,26.79,26.819,971,0
20130605,26.599,26.599,26.312,26.312,1471,0
20130606,26.447,26.447,26.143,26.303,2856,0
20130607,26.19,26.239,26.171,26.229,1215,0
20130610,26.562,26.705,26.562,26.705,2605,0
20130611,26.048,26.058,26.048,26.058,722,0
20130612,26.231,26.231,26.231,26.231,106,0
20130614,25.999,26.199,25.999,26.058,691,0
20130617,26.334,26.354,26.334,26.354,632,0
20130618,26.447,26.771,26.447,26.715,4278,0
20130619,26.771,26.771,26.734,26.734,455,0
20130620,25.714,25.714,25.133,25.402,2796,0
20130624,24.582,25.21,24.582,25.21,1050,0
20130625,24.838,25.04,24.838,25.04,2090,0
20130626,24.829,24.916,24.829,24.916,1074,0
20130627,25.858,25.858,25.858,25.858,209,0
20130628,25.704,25.906,25.704,25.906,1105,0
20130701,25.79,25.79,25.79,25.79,125,0
20130702,25.8,25.838,25.743,25.743,1488,0
20130703,25.544,25.649,25.544,25.649,211,0
20130705,25.297,25.297,25.297,25.297,182,0
20130708,25.094,25.486,25.094,25.466,19624,0
20130709,25.8,25.8,25.63,25.695,1266,0
20130710,25.561,25.571,25.486,25.486,992,0
20130711,26.332,26.599,26.257,26.428,6420,0
20130712,26.19,26.514,26.19,26.199,3085,0
20130715,26.418,26.418,26.418,26.418,156,0
20130717,26.942,26.942,26.59,26.657,5330,0
20130718,26.734,26.734,26.734,26.734,747,0
20130719,26.219,26.514,26.219,26.514,1471,0
20130722,26.485,26.485,26.266,26.437,2204,0
20130723,26.562,26.562,26.505,26.505,419,0
20130724,26.618,26.618,26.618,26.618,188,0
20130725,26.628,26.628,26.628,26.628,209,0
20130726,26.352,26.352,26.352,26.352,209,0
20130729,25.657,25.761,25.657,25.743,2006,0
20130730,25.743,25.743,25.743,25.743,105,0
20130731,25.886,25.896,25.886,25.896,314,0
20130805,26.239,26.239,26.239,26.239,209,0
20130806,26.618,26.618,26.257,26.332,818,0
20130807,26.371,26.371,26.039,26.133,15175,0
20130808,26.303,26.303,26.303,26.303,209,0
20130809,26.734,26.734,26.303,26.303,1431,0
20130812,26.248,26.257,26.181,26.257,523,0
20130813,26.229,26.505,26.229,26.505,1780,0
20130814,26.932,26.932,26.828,26.828,2954,0
20130815,26.209,26.239,26.019,26.171,1106,0
20130816,26.322,26.322,26.312,26.312,229,0
20130819,26.667,26.667,26.409,26.409,841,0
20130820,26.514,26.514,26.163,26.163,463,0
20130821,25.743,25.934,25.743,25.934,563,0
20130822,26.094,26.266,25.714,26.153,14558,0
20130826,26.276,26.505,26.257,26.401,30978,0
20130827,26.342,26.342,26.229,26.229,523,0
20130829,26.381,26.475,26.181,26.475,1178,0
20130830,26.401,26.401,25.934,25.934,3575,0
20130903,26.474,26.637,26.275,26.542,2093,0
20130904,26.733,26.941,26.733,26.827,11289,0
20130905,26.941,26.941,26.723,26.818,21008,0
20130906,27.103,27.103,26.96,26.99,6304,0
20130909,27.019,27.512,27.019,27.446,8774,0
20130910,27.512,27.799,27.512,27.734,13529,0
20130911,27.809,27.809,27.704,27.734,16070,0
20130912,27.903,28.047,27.771,27.849,25631,0
20130913,27.894,27.894,27.799,27.829,418,0
20130916,28.047,28.305,28.047,28.229,6492,0
20130917,28.209,28.209,28.027,28.122,25741,0
20130918,28.352,29.303,28.229,29.303,35620,0
20130919,28.886,29.039,28.886,29.039,366,0
20130920,28.848,28.848,28.675,28.771,629,0
20130923,28.562,28.562,28.416,28.504,1331,0
20130924,28.408,28.655,28.37,28.426,2912,0
20130925,28.591,28.6,28.591,28.6,314,0
20130926,28.715,28.715,28.665,28.665,1386,0
20130927,28.571,28.571,28.571,28.571,278,0
20130930,28.37,28.37,28.37,28.37,353,0
20131001,28.379,28.571,28.379,28.552,662,0
20131002,28.6,28.685,28.571,28.646,2106,0
20131003,28.562,28.646,28.399,28.646,5539,0
20131004,28.352,28.655,28.352,28.542,7029,0
20131007,28.277,28.314,28.277,28.314,1368,0
20131008,28.267,28.379,28.171,28.181,9796,0
20131009,27.981,28.2,27.981,28.171,7593,0
20131010,28.646,28.8,28.514,28.732,15659,0
20131011,28.886,28.896,28.848,28.896,1568,0
20131014,28.715,28.935,28.494,28.935,11341,0
20131015,29.103,29.103,28.8,28.848,7077,0
20131016,28.838,28.96,28.838,28.925,8003,0
20131017,29.123,29.123,29.019,29.076,2158,0
20131018,29.143,29.361,29.143,29.361,2843,0
20131021,29.686,29.742,29.437,29.475,7181,0
20131022,29.579,29.638,29.475,29.475,3239,0
20131023,29.331,29.331,28.989,29.153,1470,0
20131024,29.084,29.084,29.084,29.084,105,0
20131025,29.094,29.103,28.952,28.952,1077,0
20131028,29.303,29.323,29.22,29.303,6047,0
20131029,29.398,29.408,29.398,29.398,1889,0
20131030,29.524,29.524,29.417,29.417,1120,0
20131031,29.009,29.38,29.009,29.293,1049,0
20131101,29.076,29.257,29.039,29.143,1786,0
20131104,28.999,29.009,28.98,29.009,500,0
20131105,29.019,29.058,28.876,29.029,3651,0
20131106,29.067,29.103,29.067,29.103,314,0
20131107,28.925,28.925,28.591,28.62,1312,0
20131108,28.466,28.695,28.446,28.695,1182,0
20131111,28.742,28.82,28.742,28.82,742,0
20131112,28.81,28.856,28.81,28.856,621,0
20131113,28.8,28.8,28.8,28.8,1261,0
20131114,28.781,29.22,28.781,29.22,488,0
20131115,29.505,29.686,29.505,29.686,5223,0
20131118,29.638,29.752,29.638,29.638,1675,0
20131119,29.638,29.648,29.638,29.638,4254,0
20131120,29.695,29.695,29.686,29.686,320,0
20131121,29.505,29.505,29.361,29.361,575,0
20131122,29.668,29.668,29.609,29.609,423,0
20131125,29.686,29.725,29.686,29.725,7435,0
20131126,29.686,29.686,29.686,29.686,218,0
20131129,30.04,30.437,30.04,30.389,14538,0
20131202,30.134,30.134,30.134,30.134,105,0
20131204,29.466,29.505,29.398,29.417,767,0
20131205,29.562,29.609,29.562,29.579,2990,0
20131206,29.981,30.076,29.951,30.076,6363,0
20131209,30.049,30.258,30.049,30.228,810,0
20131210,30.219,30.219,30.095,30.095,519,0
20131212,29.609,29.618,29.475,29.475,4003,0
20131213,29.351,29.553,29.351,29.417,12542,0
20131218,29.847,29.847,29.838,29.838,1104,0
20131219,30.076,30.076,30.076,30.076,290,0
20131220,30.13,30.13,30.13,30.13,327,0
20131223,30.379,30.58,30.379,30.58,1888,0
20131224,30.408,30.455,30.408,30.455,686,0
20131227,30.822,30.822,30.822,30.822,403,0
20131230,30.831,30.831,30.763,30.773,1427,0
20131231,30.792,30.87,30.745,30.745,1845,0
20140102,30.408,30.408,30.13,30.149,1812,0
20140103,30.045,30.14,30.045,30.101,1396,0
20140106,30.332,30.332,30.13,30.13,2144,0
20140107,29.996,30.035,29.898,30.005,2816,0
20140108,30.198,30.352,30.11,30.169,36388,0
20140109,29.996,30.025,29.861,29.89,7440,0
20140110,30.408,30.446,30.062,30.446,3054,0
20140113,30.446,30.495,30.446,30.495,207,0
20140114,30.12,30.352,30.12,30.352,458,0
20140115,30.169,30.552,30.169,30.332,2004,0
20140116,30.505,30.505,30.313,30.313,727,0
20140117,30.12,30.207,30.12,30.207,634,0
20140121,30.455,30.455,30.313,30.313,1294,0
20140122,30.58,30.58,30.58,30.58,1416,0
20140123,30.37,30.37,30.091,30.091,2939,0
20140124,29.776,29.776,29.38,29.447,3707,0
20140127,29.39,29.39,29.026,29.055,3643,0
20140128,29.256,29.447,29.256,29.351,871,0
20140130,29.37,29.37,29.37,29.37,301,0
20140131,28.815,29.121,28.795,29.092,3089,0
20140203,28.786,28.911,28.786,28.911,1716,0
20140204,28.565,28.736,28.565,28.594,1545,0
20140205,28.506,28.506,28.506,28.506,448,0
20140206,29.17,29.323,29.17,29.323,2894,0
20140207,29.303,29.496,29.303,29.486,753,0
20140210,29.428,29.428,29.428,29.428,185,0
20140211,29.996,30.159,29.996,30.159,4384,0
20140212,30.265,30.265,29.871,30.045,1040,0
20140213,29.881,29.881,29.881,29.881,338,0
20140219,30.417,30.6,30.417,30.552,4822,0
20140220,30.352,30.352,29.976,30.14,6812,0
20140221,30.495,30.505,30.426,30.505,2950,0
20140224,30.524,30.792,30.524,30.745,734,0
20140225,30.745,30.745,30.62,30.62,723,0
20140226,30.649,30.717,30.649,30.717,1174,0
20140227,30.63,30.88,30.63,30.841,2286,0
20140228,31.195,31.195,31.195,31.195,110,0
20140303,30.792,30.792,29.641,30.773,1015,0
20140304,30.63,30.668,30.63,30.63,664,0
20140306,31.233,31.233,30.792,30.792,2178,0
20140310,30.763,30.763,30.763,30.763,216,0
20140311,30.918,30.918,30.707,30.745,2455,0
20140314,29.927,29.927,28.986,28.986,911,0
20140318,29.956,30.255,29.956,30.255,943,0
20140319,30.053,30.053,29.832,29.832,1421,0
20140321,29.745,29.745,29.61,29.61,1620,0
20140324,29.717,29.775,29.572,29.775,2266,0
20140325,29.726,29.745,29.61,29.745,2495,0
20140326,29.745,29.745,29.745,29.745,207,0
20140327,30.524,30.524,30.178,30.178,1471,0
20140328,30.426,30.524,30.426,30.446,1615,0
20140331,30.773,30.773,30.773,30.773,358,0
20140403,30.948,30.948,30.948,30.948,649,0
20140404,31.299,31.299,30.85,30.85,2151,0
20140407,30.754,30.754,30.639,30.639,262,0
20140408,30.417,30.475,30.417,30.475,369,0
20140411,29.927,29.927,29.927,29.927,398,0
20140414,29.956,29.956,29.832,29.832,3040,0
20140415,29.61,29.61,29.485,29.485,7507,0
20140416,30.072,30.13,30.072,30.13,990,0
20140417,30.091,30.101,30.091,30.101,6538,0
20140421,30.178,30.188,30.178,30.188,807,0
20140422,30.417,30.417,30.417,30.417,480,0
20140423,30.58,30.58,30.388,30.388,1061,0
20140424,30.37,30.37,30.37,30.37,311,0
20140428,29.976,29.996,29.976,29.976,988,0
20140429,29.996,30.045,29.996,30.005,862,0
20140430,30.053,30.062,29.956,30.062,3379,0
20140501,30.13,30.417,30.12,30.207,5182,0
20140502,30.265,30.265,30.255,30.255,2242,0
20140505,30.322,30.322,30.235,30.322,687,0
20140507,30.035,30.149,30.025,30.072,9639,0
20140508,30.275,30.275,30.072,30.072,6678,0
20140509,29.861,29.946,29.861,29.936,1695,0
20140512,30.169,30.37,30.12,30.37,3249,0
20140513,30.59,30.59,30.455,30.455,3804,0
20140514,30.455,30.455,30.455,30.455,191,0
20140515,30.285,30.285,30.025,30.025,985,0
20140519,30.159,30.159,30.159,30.159,171,0
20140520,30.159,30.159,30.12,30.159,5600,0
20140521,30.303,30.303,30.303,30.303,584,0
20140522,30.533,30.542,30.515,30.515,10408,0
20140523,30.455,30.62,30.388,30.62,1593,0
20140527,30.812,30.85,30.812,30.822,4519,0
20140528,30.987,30.996,30.987,30.996,745,0
20140529,31.09,31.1,31.081,31.1,3343,0
20140530,31.214,31.214,31.175,31.195,9827,0
20140602,31.195,31.195,31.195,31.195,727,0
20140604,31.242,31.368,31.044,31.368,853,0
20140605,31.445,31.464,31.445,31.464,207,0
20140606,31.946,31.946,31.551,31.6,9122,0
20140609,31.542,31.542,31.139,31.415,4270,0
20140610,31.214,31.61,31.214,31.61,844,0
20140611,31.368,31.368,31.368,31.368,242,0
20140612,31.425,31.532,31.28,31.29,1255,0
20140613,31.129,31.329,31.129,31.319,1418,0
20140616,31.339,31.425,31.299,31.299,1132,0
20140618,31.483,31.522,31.464,31.522,847,0
20140619,31.581,31.86,31.581,31.687,743,0
20140620,31.611,31.611,31.552,31.582,1141,0
20140623,31.591,31.591,31.591,31.591,206,0
20140624,31.678,31.678,31.678,31.678,182,0
20140625,31.425,31.483,31.347,31.347,1976,0
20140626,31.269,31.435,31.269,31.405,968,0
20140627,31.173,31.173,31.173,31.173,180,0
20140630,31.532,31.562,31.455,31.562,734,0
20140701,31.716,31.978,31.707,31.929,3266,0
20140702,31.891,31.901,31.891,31.901,412,0
20140703,32.105,32.105,32.105,32.105,384,0
20140707,31.726,31.726,31.726,31.726,369,0
20140708,31.611,31.639,31.483,31.639,2002,0
20140709,31.512,31.658,31.474,31.63,20893,0
20140710,31.222,31.318,31.193,31.298,28355,0
20140711,31.155,31.338,31.155,31.338,2101,0
20140714,31.425,31.532,31.415,31.503,6281,0
20140715,31.493,31.493,31.357,31.395,1486,0
20140716,31.542,31.552,31.542,31.552,4569,0
20140717,31.386,31.386,31.298,31.298,548,0
20140721,31.445,31.658,31.445,31.658,999,0
20140722,31.803,31.803,31.803,31.803,1063,0
20140723,31.707,31.862,31.658,31.803,11725,0
20140724,31.891,31.891,31.765,31.765,1346,0
20140725,31.755,31.755,31.707,31.707,2574,0
20140728,31.707,31.746,31.707,31.736,613,0
20140729,31.611,31.611,31.601,31.601,1699,0
20140731,31.338,31.338,31.308,31.318,1247,0
20140804,31.079,31.079,31.031,31.05,421,0
20140806,30.625,30.682,30.625,30.634,1629,0
20140807,30.459,30.459,30.459,30.459,2586,0
20140808,30.537,30.585,30.537,30.585,1186,0
20140813,30.876,30.896,30.876,30.896,664,0
20140814,30.964,30.964,30.935,30.935,274,0
20140815,30.75,30.964,30.75,30.925,1283,0
20140818,31.386,31.386,31.203,31.261,1331,0
20140819,31.532,31.532,31.222,31.232,3826,0
20140820,31.164,31.164,31.137,31.137,580,0
20140821,31.127,31.127,31.127,31.127,359,0
20140822,31.098,31.108,31.022,31.022,507,0
20140825,31.279,31.395,31.279,31.318,1275,0
20140826,31.155,31.155,31.155,31.155,202,0
20140828,31.137,31.137,31.137,31.137,528,0
20140902,31.222,31.241,31.222,31.241,726,0
20140903,31.308,31.308,31.269,31.269,870,0
20140904,31.251,31.251,31.022,31.031,8447,0
20140905,31.203,31.203,31.069,31.145,3067,0
20140908,31.079,31.079,31.05,31.069,859,0
20140909,30.886,30.896,30.798,30.798,431,0
20140910,30.886,31.118,30.886,31.118,17576,0
20140911,31.003,31.003,30.837,30.886,24316,0
20140916,30.828,30.984,30.828,30.935,56533,0
20140917,31.012,31.012,31.012,31.012,123,0
20140918,31.145,31.145,31.145,31.145,379,0
20140919,31.017,31.017,31.017,31.017,871,0
20140922,30.793,30.793,30.687,30.687,3278,0
20140923,30.514,30.514,30.514,30.514,518,0
20140924,30.639,30.783,30.61,30.783,1097,0
20140925,30.359,30.677,30.359,30.359,374,0
20140926,30.57,30.746,30.504,30.746,4354,0
20140929,30.34,30.659,30.34,30.6,34927,0
20141002,29.518,29.567,29.44,29.567,1497,0
20141003,29.42,29.789,29.42,29.789,3196,0
20141006,29.894,29.894,29.75,29.75,980,0
20141007,29.575,29.644,29.469,29.624,1111,0
20141008,29.004,29.004,29.004,29.004,275,0
20141009,29.004,29.004,28.695,28.695,4424,0
20141010,28.309,28.491,28.309,28.309,372,0
20141013,28.114,28.114,28.114,28.114,359,0
20141014,28.375,28.375,28.144,28.28,2862,0
20141015,27.806,27.806,27.806,27.806,2161,0
20141016,27.767,27.777,27.757,27.767,2237,0
20141017,28.29,28.29,28.251,28.251,1292,0
20141020,28.271,28.53,28.231,28.53,1336,0
20141021,28.56,28.655,28.56,28.655,1199,0
20141022,28.783,28.929,28.56,28.56,50099,0
20141023,28.899,29.004,28.84,28.85,1239,0
20141024,28.984,29.024,28.832,29.004,2668,0
20141028,29.102,29.19,29.102,29.19,482,0
20141029,29.248,29.248,29.209,29.209,18618,0
20141031,30.166,30.311,30.166,30.292,6056,0
20141103,30.233,30.464,30.233,30.301,1091,0
20141105,29.789,30.107,29.789,29.789,386,0
20141110,29.932,30.166,29.932,30.166,2176,0
20141112,29.817,30.031,29.817,30.031,3120,0
20141113,30.05,30.05,29.923,29.923,516,0
20141114,29.74,29.972,29.74,29.942,1673,0
20141117,29.904,29.904,29.78,29.827,728,0
20141118,30.127,30.301,30.127,30.301,3223,0
20141119,30.117,30.117,30.088,30.088,226,0
20141120,30.088,30.088,30.088,30.088,467,0
20141121,30.33,30.33,30.33,30.33,206,0
20141124,30.33,30.33,30.32,30.32,1187,0
20141125,30.425,30.58,30.359,30.57,15291,0
20141126,30.62,30.639,30.57,30.639,1005,0
20141202,30.717,30.803,30.707,30.755,1425,0
20141203,30.823,30.998,30.823,30.998,5481,0
20141204,30.94,30.969,30.901,30.901,6421,0
20141210,30.61,30.639,30.445,30.504,39152,0
20141211,30.551,30.697,30.474,30.57,33337,0
20141212,30.223,30.273,30.223,30.273,808,0
20141215,30.34,30.34,29.77,29.799,4114,0
20141216,30.273,30.273,30.011,30.098,11100,0
20141217,30.117,30.368,30.05,30.175,26009,0
20141218,30.649,30.649,30.504,30.504,513,0
20141219,30.799,30.927,30.518,30.888,3410,0
20141222,30.858,31.034,30.848,31.034,25500,0
20141224,31.16,31.16,31.112,31.112,2027,0
20141229,31.005,31.005,30.878,30.878,776,0
20141231,30.751,30.751,30.537,30.556,6109,0
20150102,30.508,30.508,30.508,30.508,346,0
20150105,29.963,29.963,29.963,29.963,480,0
20150106,29.76,29.76,29.438,29.438,957,0
20150107,29.546,29.789,29.546,29.789,728,0
20150108,30.168,30.333,30.168,30.246,4501,0
20150109,30.168,30.246,30.109,30.119,2113,0
20150113,30.585,30.585,30.304,30.304,585,0
20150114,30.197,30.256,30.197,30.197,486,0
20150115,30.391,30.391,30.391,30.391,329,0
20150120,30.663,30.663,30.663,30.663,1150,0
20150121,30.751,30.751,30.625,30.751,1981,0
20150122,30.528,30.751,30.528,30.751,10106,0
20150123,30.888,30.937,30.888,30.937,366,0
20150126,31.141,31.217,30.888,31.102,2118,0
20150127,31.141,31.141,31.141,31.141,212,0
20150128,31.102,31.112,30.956,31.024,972,0
20150129,30.848,31.034,30.634,31.034,3850,0
20150130,30.605,30.742,30.605,30.742,1216,0
20150202,30.761,30.761,30.761,30.761,153,0
20150203,30.733,31.053,30.683,31.044,1993,0
20150204,31.034,31.072,31.034,31.044,579,0
20150205,31.015,31.015,31.015,31.015,204,0
20150206,30.789,30.947,30.789,30.898,3134,0
20150209,30.789,30.789,30.625,30.693,1147,0
20150210,30.789,30.907,30.789,30.907,513,0
20150211,30.839,30.839,30.799,30.799,590,0
20150213,31.284,31.294,31.274,31.284,1091,0
20150217,31.112,31.363,31.112,31.217,1639,0
20150218,31.676,31.676,31.676,31.676,320,0
20150219,31.724,31.724,31.724,31.724,178,0
20150220,31.851,31.851,31.851,31.851,224,0
20150223,31.88,31.939,31.88,31.939,630,0
20150224,31.988,32.086,31.988,32.086,478,0
20150225,32.086,32.184,32.086,32.096,807,0
20150226,32.357,32.357,31.968,32.007,7302,0
20150227,32.232,32.232,32.232,32.232,394,0
20150302,32.232,32.232,32.232,32.232,102,0
20150303,32.465,32.465,32.465,32.465,102,0
20150304,32.299,32.337,32.222,32.337,1336,0
20150305,32.376,32.532,32.376,32.483,4212,0
20150306,32.406,32.406,32.116,32.164,1336,0
20150309,32.096,32.096,31.948,31.968,1643,0
20150310,31.753,31.753,31.628,31.628,513,0
20150311,31.929,31.939,31.929,31.939,513,0
20150312,31.929,31.929,31.929,31.929,307,0
20150313,32.016,32.076,32.016,32.076,924,0
20150316,32.327,32.532,32.327,32.532,924,0
20150317,32.474,32.58,32.376,32.58,924,0
20150318,33.154,33.154,33.154,33.154,616,0
20150319,33.088,33.088,32.785,32.872,11407,0
20150320,33.037,33.289,33.037,33.28,4108,0
20150323,33.707,33.707,33.493,33.63,14381,0
20150324,33.63,33.679,33.464,33.464,3286,0
20150325,33.386,33.484,33.329,33.329,1335,0
20150327,32.723,32.802,32.723,32.752,1437,0
20150330,33.067,33.067,33.067,33.067,307,0
20150331,32.393,32.752,32.393,32.684,3394,0
20150401,32.433,32.471,32.433,32.471,1026,0
20150402,32.471,32.471,32.471,32.471,102,0
20150406,33.386,33.523,33.386,33.503,1130,0
20150407,33.563,33.563,33.406,33.406,647,0
20150408,33.367,33.367,33.367,33.367,307,0
20150409,33.348,33.573,33.348,33.553,11266,0
20150410,33.446,33.689,33.406,33.689,3080,0
20150413,33.573,33.621,33.573,33.592,1232,0
20150414,33.766,33.971,33.766,33.883,822,0
20150415,33.717,33.717,33.669,33.717,729,0
20150416,33.805,33.853,33.795,33.805,1917,0
20150417,33.105,33.201,33.095,33.201,8729,0
20150420,33.464,33.464,33.386,33.386,1763,0
20150421,33.659,33.659,33.64,33.64,1037,0
20150422,33.883,33.883,33.883,33.883,534,0
20150423,34.04,34.146,34.04,34.146,3904,0
20150424,33.903,34.107,33.903,33.981,2128,0
20150427,34.215,34.215,33.795,33.991,2877,0
20150428,33.843,33.843,33.843,33.843,222,0
20150429,33.582,33.873,33.582,33.689,307,0
20150430,33.582,33.582,33.115,33.309,3595,0
20150501,31.37,33.338,31.37,33.057,2055,0
20150504,33.396,33.484,33.299,33.474,1539,0
20150505,32.636,32.636,32.636,32.636,513,0
20150506,32.959,32.959,32.655,32.655,1026,0
20150507,32.812,32.812,32.812,32.812,719,0
20150508,33.533,33.698,33.191,33.22,1232,0
20150511,33.416,33.543,33.22,33.484,1026,0
20150512,32.889,33.493,32.889,33.493,394,0
20150513,33.747,33.747,33.747,33.747,214,0
20150514,33.981,33.981,33.981,33.981,513,0
20150515,34.021,34.088,33.971,33.971,748,0
20150518,34.059,34.088,34.059,34.088,568,0
20150519,34.078,34.078,33.747,33.747,1289,0
20150520,34.04,34.234,33.737,34.136,2144,0
20150521,34.136,34.136,34.136,34.136,102,0
20150522,33.932,33.941,33.932,33.941,410,0
20150526,33.766,33.766,33.26,33.26,1546,0
20150527,33.63,33.63,33.172,33.582,12427,0
20150528,33.582,33.582,33.582,33.582,59,0
20150529,33.533,33.533,32.987,32.987,616,0
20150601,32.977,33.436,32.977,33.348,1919,0
20150602,33.25,33.25,33.25,33.25,218,0
20150603,33.64,33.64,33.26,33.26,719,0
20150604,33.017,33.707,33.017,33.601,13966,0
20150605,33.25,33.25,33.24,33.25,513,0
20150608,32.939,32.939,32.587,32.869,822,0
20150609,32.684,32.704,32.247,32.577,2309,0
20150610,32.587,33.057,32.587,33.057,4980,0
20150611,32.987,32.987,32.967,32.967,391,0
20150612,32.959,32.959,32.959,32.959,205,0
20150615,32.171,32.597,32.171,32.306,11914,0
20150616,32.316,32.684,32.316,32.684,1026,0
20150617,32.462,32.694,32.462,32.694,1642,0
20150618,32.743,32.743,32.743,32.743,102,0
20150619,32.928,32.928,32.928,32.928,102,0
20150622,32.928,32.928,32.928,32.928,102,0
20150623,31.317,31.317,31.317,31.317,219,0
20150624,31.317,31.317,31.317,31.317,102,0
20150625,32.791,32.791,32.791,32.791,205,0
20150626,32.653,32.986,32.653,32.986,718,0
20150629,31.884,31.884,31.884,31.884,205,0
20150630,31.268,31.933,31.268,31.855,6798,0
20150701,32.168,32.168,32.168,32.168,205,0
20150702,31.113,31.113,31.113,31.113,102,0
20150706,31.757,31.757,31.757,31.757,102,0
20150707,30.663,31.464,30.663,31.464,306,0
20150708,30.079,30.634,30.079,30.448,23676,0
20150709,31.532,31.532,30.908,30.957,11171,0
20150710,31.631,31.631,31.631,31.631,409,0
20150713,32.138,32.138,31.757,31.757,1434,0
20150714,31.689,31.816,31.327,31.698,2993,0
20150715,31.669,31.669,31.669,31.669,1338,0
20150716,31.698,32.05,31.698,31.952,1332,0
20150717,31.952,31.952,31.952,31.952,102,0
20150720,32.264,32.264,31.846,31.846,1434,0
20150721,31.669,32.001,31.659,31.826,2563,0
20150722,31.611,31.611,31.307,31.317,1128,0
20150723,31.512,31.611,31.512,31.611,615,0
20150724,31.375,31.375,31.268,31.356,3998,0
20150727,31.356,31.356,31.356,31.356,102,0
20150728,31.219,31.219,31.219,31.219,512,0
20150729,30.889,30.987,30.879,30.987,922,0
20150730,30.605,30.713,30.605,30.713,1230,0
20150731,31.152,31.152,31.152,31.152,306,0
20150803,30.713,30.713,30.565,30.585,26962,0
20150804,30.508,30.508,30.508,30.508,205,0
20150806,30.508,30.508,30.508,30.508,36,0
20150811,30.304,30.323,30.265,30.265,8815,0
20150812,30.099,30.176,30.099,30.176,205,0
20150813,30.176,30.176,30.176,30.176,102,0
20150814,30.157,30.225,30.157,30.225,1128,0
20150817,29.836,30.041,29.836,30.031,615,0
20150818,30.041,30.041,30.041,30.041,718,0
20150819,29.698,29.952,29.455,29.553,11376,0
20150820,29.494,29.494,29.162,29.162,615,0
20150821,29.192,29.192,28.547,28.606,5638,0
20150824,24.537,28.167,24.43,28.167,4576,0
20150825,28.741,28.741,28.333,28.741,615,0
20150826,28.741,28.741,28.741,28.741,102,0
20150827,29.143,29.143,29.143,29.143,102,0
20150828,29.143,29.143,29.143,29.143,102,0
20150831,29.182,29.182,29.182,29.182,615,0
20150901,28.235,28.235,28.235,28.235,102,0
20150902,28.731,28.731,28.731,28.731,205,0
20150903,28.731,28.731,28.731,28.731,102,0
20150904,28.079,28.079,28.079,28.079,102,0
20150909,28.079,28.079,28.079,28.079,102,0
20150910,29.015,29.015,29.015,29.015,368,0
20150915,29.015,29.015,29.015,29.015,102,0
20150917,29.484,29.484,29.484,29.484,281,0
20150918,29.478,29.478,29.478,29.478,102,0
20150921,29.478,29.478,29.478,29.478,102,0
20150922,28.219,28.219,28.219,28.219,1024,0
20150923,28.317,28.317,28.317,28.317,161,0
20150924,28.317,28.317,28.317,28.317,1,0
20150925,28.317,28.317,28.317,28.317,102,0
20150928,27.859,27.916,27.859,27.916,539,0
20150929,28.082,28.082,27.732,27.878,5021,0
20150930,27.878,27.878,27.878,27.878,102,0
20151001,27.878,27.878,27.878,27.878,102,0
20151002,28.551,28.551,28.551,28.551,205,0
20151005,28.551,28.551,28.551,28.551,4,0
20151006,29.595,29.595,29.547,29.547,3791,0
20151007,29.801,29.801,29.801,29.801,586,0
20151008,30.005,30.005,30.005,30.005,102,0
20151009,30.259,30.259,30.239,30.239,512,0
20151012,30.463,30.463,30.463,30.463,297,0
20151013,30.2,30.2,30.2,30.2,102,0
20151014,29.927,29.927,29.927,29.927,102,0
20151015,30.59,30.845,30.59,30.845,306,0
20151016,30.845,30.845,30.845,30.845,102,0
20151019,30.845,30.845,30.845,30.845,115,0
20151020,30.845,30.845,30.845,30.845,102,0
20151022,31.351,31.351,31.351,31.351,102,0
20151026,31.547,31.547,31.547,31.547,205,0
20151027,31.011,31.04,31.011,31.04,409,0
20151028,30.864,31.04,30.864,31.04,718,0
20151102,31.498,31.498,31.429,31.429,1046,0
20151103,31.429,31.429,31.429,31.429,25,0
20151104,31.547,31.547,31.351,31.351,2218,0
20151105,31.537,31.654,31.537,31.645,1127,0
20151106,31.342,31.342,31.128,31.128,1127,0
20151110,30.678,30.913,30.678,30.884,4303,0
20151111,31.234,31.302,31.068,31.068,15777,0
20151112,31.04,31.04,30.835,31.03,6660,0
20151113,30.728,30.728,30.424,30.424,9425,0
20151116,30.649,30.649,30.649,30.649,102,0
20151117,30.649,30.649,30.649,30.649,102,0
20151118,30.649,30.649,30.649,30.649,102,0
20151119,31.371,31.371,31.175,31.175,922,0
20151120,31.459,31.547,31.459,31.547,205,0
20151123,31.488,31.498,31.272,31.429,16392,0
20151124,31.429,31.429,31.429,31.429,102,0
20151125,31.429,31.429,31.429,31.429,102,0
20151127,31.439,31.703,31.439,31.703,922,0
20151130,31.635,31.635,31.635,31.635,102,0
20151201,32.095,32.143,31.693,31.772,15378,0
20151202,31.957,31.957,31.654,31.654,5759,0
20151203,31.185,31.586,31.185,31.586,396,0
20151204,31.371,31.371,31.371,31.371,306,0
20151207,31.693,31.703,31.508,31.508,1229,0
20151208,31.322,31.322,31.322,31.322,873,0
20151209,31.322,31.322,31.322,31.322,102,0
20151210,31.322,31.322,31.322,31.322,102,0
20151211,31.322,31.322,31.322,31.322,102,0
20151214,30.18,30.57,30.161,30.57,4284,0
20151216,31.185,31.185,31.185,31.185,205,0
20151217,30.57,30.57,30.57,30.57,1229,0
20151218,30.502,30.602,30.482,30.602,1533,0
20151221,31.418,31.478,30.878,30.878,406,0
20151222,30.711,30.908,30.711,30.908,1429,0
20151223,31.202,31.202,31.202,31.202,101,0
20151224,31.448,31.448,30.629,30.629,1536,0
20151228,30.701,31.055,30.701,30.885,1671,0
20151229,31.144,31.517,31.144,31.413,1101,0
20151230,30.963,30.994,30.868,30.868,622,0
20151231,30.553,30.976,30.553,30.701,5110,0
20160104,30.632,30.632,30.632,30.632,2616,0
20160105,29.906,30.189,29.906,30.105,1089,0
20160106,29.196,29.598,29.196,29.35,688,0
20160107,28.812,29.226,28.812,29.067,1825,0
20160108,28.732,28.732,28.732,28.732,7245,0
20160111,28.659,28.659,28.6,28.6,1215,0
20160113,28.644,28.752,28.251,28.325,20878,0
20160114,28.372,28.719,28.372,28.719,1150,0
20160119,28.192,28.427,28.132,28.142,10976,0
20160120,27.256,27.256,27.256,27.256,235,0
20160122,28.663,28.782,28.639,28.782,8360,0
20160125,28.61,28.61,28.556,28.556,763,0
20160127,28.596,28.596,28.596,28.596,250,0
20160128,28.093,28.093,28.093,28.093,266,0
20160129,28.546,28.546,28.546,28.546,354,0
20160201,28.673,28.683,28.666,28.666,1422,0
20160202,28.083,28.083,28.083,28.083,304,0
20160203,27.93,27.93,27.93,27.93,101,0
20160204,27.926,28.231,27.926,28.231,508,0
20160208,27.049,27.049,26.736,26.736,860,0
20160209,26.912,26.912,26.697,26.852,508,0
20160210,26.734,26.734,26.657,26.657,712,0
20160211,26.204,26.204,26.204,26.204,266,0
20160212,26.125,26.283,26.066,26.283,2110,0
20160216,26.833,27.187,26.833,27.177,1018,0
20160217,27.552,27.882,27.552,27.73,3224,0
20160223,27.926,27.926,27.788,27.788,818,0
20160224,27.447,27.456,27.447,27.456,248,0
20160225,27.942,27.942,27.942,27.942,338,0
20160226,28.388,28.388,28.368,28.368,317,0
20160301,28.634,28.634,28.625,28.634,6569,0
20160302,28.586,28.641,28.576,28.624,1973,0
20160303,28.885,28.959,28.861,28.959,4258,0
20160304,29.402,29.402,29.343,29.343,263,0
20160307,28.941,29.215,28.941,29.214,4670,0
20160308,28.616,28.851,28.616,28.851,1255,0
20160310,29.159,29.159,28.801,28.801,1630,0
20160314,29.717,29.717,29.717,29.717,128,0
20160317,30.043,30.043,30.043,30.043,101,0
20160321,30.221,30.221,30.221,30.221,369,0
20160323,29.843,29.938,29.843,29.938,2741,0
20160324,29.75,29.75,29.75,29.75,682,0
20160329,29.811,29.811,29.809,29.811,814,0
20160330,30.733,30.762,30.639,30.762,432,0
20160401,29.907,29.907,29.907,29.907,406,0
20160404,29.976,30.099,29.966,30.09,1393,0
20160405,29.543,29.543,29.543,29.543,462,0
20160406,29.563,29.765,29.562,29.628,1319,0
20160411,29.839,30.251,29.839,30.251,3500,0
20160412,30.182,30.182,30.084,30.084,22250,0
20160414,30.932,30.99,30.808,30.98,1751,0
20160415,30.669,30.669,30.653,30.653,903,0
20160422,30.695,30.796,30.695,30.796,269,0
20160425,30.595,30.595,30.585,30.585,528,0
20160427,30.921,30.921,30.921,30.921,101,0
20160428,30.517,30.517,30.517,30.517,203,0
20160502,30.162,30.325,30.143,30.143,1615,0
20160506,29.493,29.493,29.493,29.493,101,0
20160513,29.523,29.543,29.335,29.335,655,0
20160519,29.611,29.611,29.611,29.611,217,0
20160520,29.73,29.73,29.73,29.73,152,0
20160523,29.889,29.889,29.889,29.889,152,0
20160525,30.694,30.694,30.575,30.575,5942,0
20160527,30.694,30.694,30.694,30.694,2032,0
20160531,30.86,30.86,30.792,30.792,497,0
20160601,31,31.058,30.822,31.03,4825,0
20160602,30.891,31,30.832,30.921,1828,0
20160603,30.871,30.921,30.822,30.921,1522,0
20160606,31.148,31.402,31.138,31.235,2741,0
20160607,31.511,31.748,31.493,31.493,629,0
20160608,31.442,31.659,31.432,31.659,1976,0
20160609,31.402,31.551,31.402,31.551,203,0
20160610,30.634,30.782,30.585,30.704,10894,0
20160613,30.015,30.399,30.015,30.35,2731,0
20160614,29.7,29.966,29.69,29.966,2148,0
20160615,30.575,30.575,30.565,30.565,1245,0
20160616,29.799,29.936,29.789,29.888,1117,0
20160617,30.157,30.287,30.157,30.287,3450,0
20160620,31.161,31.161,31.161,31.161,301,0
20160621,31.285,31.285,31.285,31.285,1688,0
20160627,29.422,29.422,28.608,28.608,28331,0
20160628,29.442,29.49,29.392,29.49,2054,0
20160629,29.96,30.217,29.959,30.082,14077,0
20160701,30.578,30.578,30.578,30.578,102,0
20160705,30.049,30.049,30.049,30.049,26145,0
20160706,29.452,29.741,29.362,29.626,10214,0
20160708,30.317,30.396,30.297,30.396,1466,0
20160711,30.963,31.21,30.963,31.21,891,0
20160712,31.927,31.927,31.539,31.539,609,0
20160714,31.808,31.808,31.808,31.808,525,0
20160718,31.877,32.331,31.877,32.331,541,0
20160719,32.129,32.233,32.129,32.233,561,0
20160721,32.314,32.324,32.294,32.324,1107,0
20160722,32.543,32.543,32.543,32.543,1018,0
20160727,32.503,32.503,32.503,32.503,275,0
20160728,32.632,32.632,32.612,32.612,607,0
20160729,33.061,33.22,33.061,33.081,428,0
20160801,33.289,33.289,32.976,33.138,40908,0
20160804,33.1,33.1,33.1,33.1,102,0
20160805,33.251,33.289,33.251,33.289,301,0
20160808,33.537,33.537,33.537,33.537,177,0
20160809,33.329,33.577,33.329,33.577,378,0
20160810,33.776,33.776,33.647,33.647,19829,0
20160811,33.999,34.084,33.999,34.016,1207,0
20160815,34.025,34.153,33.945,34.111,3242,0
20160816,34.154,34.154,34.154,34.154,295,0
20160817,33.823,33.823,33.747,33.747,287,0
20160818,34.117,34.117,34.117,34.117,100,0
20160819,34.344,34.344,34.344,34.344,151,0
20160822,34.176,34.176,34.105,34.105,443,0
20160823,34.064,34.47,34.064,34.441,1046,0
20160824,34.025,34.025,34.025,34.025,204,0
20160826,33.607,34.254,33.607,34.074,28329,0
20160829,34.214,35.803,33.657,35.803,659,0
20160830,34.074,34.177,33.953,33.953,772,0
20160831,34.144,34.144,34.144,34.144,137,0
20160901,34.066,34.066,34.066,34.066,613,0
20160902,34.47,34.47,34.37,34.37,372,0
20160906,34.869,34.899,34.699,34.899,10826,0
20160907,35.207,35.207,34.917,34.961,1492,0
20160908,34.939,34.939,34.59,34.849,674,0
20160909,34.192,34.192,34.081,34.081,308,0
20160912,33.248,33.759,33.229,33.759,2412,0
20160913,33.605,33.605,33.497,33.507,612,0
20160914,33.727,33.737,33.539,33.567,8469,0
20160915,33.717,33.717,33.517,33.517,2575,0
20160916,33.436,33.44,33.436,33.44,2478,0
20160919,33.778,33.832,33.748,33.748,545,0
20160920,34.337,34.337,33.875,33.998,1525,0
20160921,33.998,34.514,33.998,34.237,2660,0
20160923,34.733,34.753,34.371,34.371,858,0
20160926,34.057,34.177,34.057,34.177,521,0
20160927,34.337,34.743,34.337,34.638,978,0
20160929,34.748,34.748,34.748,34.748,160,0
20160930,34.992,35.202,34.777,35.202,2976,0
20161003,35.585,35.585,34.614,35.099,3634,0
20161004,34.743,34.743,34.743,34.743,100,0
20161005,35.341,35.341,35.137,35.188,827,0
20161007,35.441,35.441,34.992,34.992,835,0
20161010,34.989,34.989,34.989,34.989,246,0
20161011,34.217,34.259,34.127,34.127,523,0
20161012,33.748,33.828,33.649,33.768,35917,0
20161013,33.659,33.659,33.659,33.659,342,0
20161014,33.571,33.571,33.549,33.549,401,0
20161017,33.775,33.775,33.704,33.704,293,0
20161019,34.327,34.327,34.327,34.327,814,0
20161020,34.107,34.107,34.047,34.047,2084,0
20161021,33.858,33.858,33.858,33.858,30696,0
20161024,33.653,33.653,33.653,33.653,258,0
20161025,33.459,33.739,33.459,33.739,291,0
20161026,33.425,33.425,33.425,33.425,101,0
20161027,33.281,33.426,33.281,33.426,543,0
20161028,33.656,33.656,33.656,33.656,151,0
20161031,33.653,33.653,33.44,33.533,16635,0
20161101,33.778,33.778,33.281,33.447,4750,0
20161102,33.285,33.311,33.271,33.271,610,0
20161104,32.942,33.123,32.912,33.123,10246,0
20161107,33.888,33.888,33.37,33.439,4942,0
20161108,33.261,33.499,33.261,33.454,1246,0
20161109,32.354,33.118,32.354,33.102,1055,0
20161110,33.29,33.29,33.29,33.29,313,0
20161111,32.468,32.553,32.468,32.553,571,0
20161114,31.966,32.226,31.966,32.194,55572,0
20161115,32.455,32.456,32.336,32.336,892,0
20161116,32.563,32.563,32.537,32.537,238,0
20161123,32.881,32.881,32.881,32.881,361,0
20161129,32.882,33.181,32.882,33.181,1059,0
20161130,33.279,33.381,33.279,33.381,408,0
20161201,33.181,33.181,33.181,33.181,54223,0
20161202,32.862,32.862,32.556,32.556,1072,0
20161205,33.083,33.083,32.882,32.882,790,0
20161206,32.942,33.061,32.872,32.872,363,0
20161207,33.254,33.537,33.231,33.537,2465,0
20161208,33.491,33.519,33.491,33.509,2273,0
20161209,33.39,33.39,33.39,33.39,131,0
20161213,33.755,33.828,33.706,33.798,1118,0
20161214,33.589,33.778,33.589,33.748,935,0
20161215,33.353,33.43,33.297,33.42,2277,0
20161216,33.58,33.58,33.324,33.324,465,0
20161219,33.822,33.822,33.49,33.49,5411,0
20161220,33.72,33.72,33.72,33.72,1004,0
20161221,33.702,33.702,33.52,33.634,8086,0
20161222,33.358,33.358,33.358,33.358,275,0
20161223,33.311,33.604,33.311,33.52,1549,0
20161227,33.819,33.909,33.52,33.829,12318,0
20161228,33.949,33.959,33.869,33.869,3448,0
20161229,33.869,33.869,33.73,33.74,1577,0
20161230,33.7,33.934,33.7,33.899,3148,0
20170103,33.935,33.935,33.935,33.935,581,0
20170104,34.307,34.307,34.307,34.307,837,0
20170105,34.486,34.616,34.486,34.616,856,0
20170106,34.672,34.672,34.387,34.387,2103,0
20170110,34.813,34.813,34.813,34.813,194,0
20170111,34.855,35.004,34.726,34.845,28929,0
20170112,34.938,35.054,34.938,35.044,1909,0
20170113,34.795,35.084,34.795,35.045,825,0
20170117,34.825,34.918,34.825,34.918,549,0
20170118,34.974,34.974,34.974,34.974,112,0
20170119,34.837,34.837,34.835,34.835,867,0
20170120,34.958,34.958,34.9,34.9,305,0
20170123,34.925,35.024,34.925,35.024,4066,0
20170124,35.293,35.434,35.273,35.434,2719,0
20170125,35.752,36.021,35.752,36.021,5488,0
20170126,35.971,36.141,35.971,36.141,59322,0
20170127,36.131,36.141,36.001,36.004,7982,0
20170130,35.682,36.17,35.682,35.981,3382,0
20170131,35.961,35.973,35.961,35.973,778,0
20170201,36.03,36.139,35.994,36.139,14979,0
20170202,36.469,36.469,36.41,36.42,858,0
20170203,36.42,36.649,36.37,36.501,8256,0
20170206,36.589,36.589,36.22,36.37,3624,0
20170207,36.37,36.37,36.255,36.3,1977,0
20170209,36.4,36.4,36.166,36.26,4679,0
20170210,36.223,36.223,36.18,36.18,399,0
20170213,36.569,36.569,36.4,36.449,3058,0
20170214,36.25,36.39,36.25,36.28,14942,0
20170215,36.362,36.538,36.28,36.453,4211,0
20170216,36.619,36.619,36.565,36.565,855,0
20170217,36.371,36.446,36.371,36.436,839,0
20170221,36.818,36.988,36.818,36.988,23208,0
20170222,36.709,36.928,36.709,36.928,327,0
20170223,37.017,37.122,37.017,37.122,1423,0
20170224,36.691,36.691,36.589,36.69,1580,0
20170227,36.602,36.602,36.602,36.602,350,0
20170228,36.661,36.694,36.661,36.694,357,0
20170301,36.966,36.966,36.966,36.966,660,0
20170302,36.946,36.946,36.946,36.946,455,0
20170303,36.669,36.976,36.669,36.845,864,0
20170306,36.968,36.968,36.918,36.918,2376,0
20170307,36.778,36.928,36.768,36.928,11715,0
20170309,36.719,36.888,36.719,36.818,1071,0
20170310,37.211,37.25,37.211,37.25,301,0
20170313,37.612,37.668,37.581,37.616,2436,0
20170314,37.545,37.646,37.494,37.494,1325,0
20170315,37.641,37.891,37.641,37.891,954,0
20170316,38.204,38.353,38.204,38.353,6216,0
20170317,38.412,38.412,38.354,38.411,1138,0
20170320,38.292,38.58,38.292,38.502,16410,0
20170321,38.781,38.781,38.183,38.352,2971,0
20170322,38.342,38.472,38.163,38.392,2399,0
20170323,38.332,38.571,38.332,38.435,18381,0
20170324,38.691,38.88,38.649,38.719,25427,0
20170327,38.741,38.99,38.683,38.97,109093,0
20170328,39.159,39.329,38.95,39.01,102409,0
20170329,39.03,39.03,39.001,39.028,1048,0
20170330,38.97,39.119,38.97,39.05,61662,0
20170331,38.85,38.94,38.661,38.92,3117,0
20170403,38.869,39.02,38.725,39.02,7950,0
20170404,39.03,39.057,38.88,38.97,1978,0
20170405,39.13,39.13,38.766,38.85,24557,0
20170406,38.721,38.721,38.371,38.611,12744,0
20170407,38.292,38.555,38.292,38.362,39125,0
20170410,38.542,38.542,38.213,38.213,47575,0
20170411,38.203,38.282,37.983,38.13,3481,0
20170412,38.345,38.345,38.153,38.193,5171,0
20170413,38.288,38.301,38.243,38.246,1813,0
20170417,38.402,38.551,38.327,38.551,6518,0
20170418,38.332,38.332,38.043,38.134,2823,0
20170419,38.133,38.138,38.033,38.033,770,0
20170420,38.342,38.342,38.25,38.25,468,0
20170421,38.323,38.323,38.27,38.315,3766,0
20170424,38.97,39.09,38.87,38.991,6068,0
20170425,39.319,39.648,39.319,39.597,2234,0
20170426,39.239,39.508,39.239,39.309,4722,0
20170427,39.608,39.767,39.453,39.767,47944,0
20170428,39.747,39.977,39.698,39.743,11106,0
20170501,40.186,40.248,40.186,40.199,1821,0
20170502,40.375,40.58,40.375,40.472,1084,0
20170503,40.555,40.634,40.326,40.505,147271,0
20170504,40.655,40.904,40.655,40.874,53035,0
20170505,40.884,41.07,40.714,41.07,2322,0
20170508,41.243,41.319,41.023,41.113,77735,0
20170509,41.345,41.551,41.193,41.193,109673,0
20170510,41.006,41.173,40.983,41.133,12231,0
20170511,41.033,41.063,40.914,40.993,8674,0
20170512,41.083,41.372,41.083,41.203,7920,0
20170515,41.512,41.761,41.512,41.746,126973,0
20170516,41.9,41.9,41.691,41.85,112493,0
20170517,41.751,41.751,41.272,41.272,10868,0
20170518,41.342,41.462,41.268,41.402,9191,0
20170519,41.644,41.821,41.591,41.601,21151,0
20170522,41.855,41.95,41.831,41.86,2489,0
20170523,41.97,42.107,41.811,41.831,7552,0
20170524,41.87,42.13,41.87,42.13,16600,0
20170525,42.279,42.406,42.159,42.309,87611,0
20170526,42.229,42.607,42.229,42.458,15119,0
20170530,42.12,42.359,42.12,42.309,19057,0
20170531,42.299,42.412,42.294,42.369,2370,0
20170601,42.379,42.727,42.379,42.698,4975,0
20170602,43.017,43.346,43.017,43.146,42973,0
20170605,43.455,43.455,43.211,43.365,14281,0
20170606,43.196,43.196,43.089,43.146,8799,0
20170607,43.156,43.276,43.063,43.256,17718,0
20170608,43.256,43.316,43.099,43.316,13107,0
20170609,43.326,43.375,42.928,43.007,142417,0
20170612,42.249,42.957,41.86,42.03,334444,0
20170613,42.429,42.652,42.429,42.602,19616,0
20170614,42.738,42.895,42.439,42.508,14049,0
20170615,42.009,42.209,41.972,42.141,1045,0
20170616,42.37,42.5,42.3409,42.44,8919,0
20170619,42.79,42.9746,42.79,42.89,2202,0
20170620,43.03,43.04,42.7763,42.8091,5314,0
20170621,42.8967,42.95,42.812,42.89,2525,0
20170622,43.14,43.3099,42.9801,43.2024,4409,0
20170623,43.77,43.77,43.0513,43.4191,13403,0
20170626,43.88,43.88,43.38,43.5249,11841,0
20170627,43.257,43.5099,43.2524,43.3552,5900,0
20170628,43.56,43.56,43.0155,43.25,13769,0
20170629,43.09,43.09,42.3401,42.55,13759,0
20170630,42.8099,42.8099,42.4366,42.623,4106,0
20170703,42.5375,42.5375,42.21,42.322,5808,0
20170705,42.18,42.37,41.99,42.35,11886,0
20170706,42.5,42.5,42.0796,42.0983,12560,0
20170707,42.27,42.33,42.08,42.26,3876,0
20170710,42.61,42.8165,42.55,42.7,22692,0
20170711,42.65,43.06,42.65,42.88,62599,0
20170712,43.4199,43.59,43.3,43.3901,10452,0
20170713,43.6289,43.68,43.534,43.6686,22923,0
20170714,43.85,43.8948,43.62,43.83,38044,0
20170717,43.8381,43.9399,43.7,43.8052,21386,0
20170718,43.945,44.02,43.87,43.94,6301,0
20170719,44.31,44.3881,44.16,44.24,9969,0
20170720,44.3926,44.7,44.3926,44.69,2575,0
20170721,44.371,44.49,44.3,44.49,62869,0
20170724,44.91,44.91,44.17,44.47,16958,0
