Date,Open,High,Low,Close,Volume,OpenInt
20080725,24.618,24.618,24.618,24.618,113,0
20080730,24.448,24.448,24.448,24.448,113,0
20080801,24.568,24.568,24.568,24.568,348,0
20080804,24.534,24.534,24.189,24.189,463,0
20080808,24.023,24.023,24.023,24.023,1163,0
20080811,24.189,24.189,23.931,23.931,812,0
20080813,23.243,23.243,23.225,23.225,463,0
20080826,24.337,24.337,22.724,22.896,1820,0
20080827,22.811,22.811,22.811,22.811,582,0
20080829,23.501,23.501,23.501,23.501,582,0
20080902,23.501,23.501,23.501,23.501,232,0
20080903,24.473,24.473,22.983,22.983,245,0
20080905,21.83,21.83,21.649,21.735,463,0
20080909,21.451,21.451,21.261,21.261,463,0
20080911,20.598,20.598,20.598,20.598,113,0
20080912,21.307,21.307,21.307,21.307,232,0
20080915,20.944,20.944,20.944,20.944,113,0
20080916,22.553,22.553,20.532,20.532,755,0
20080918,20.446,20.446,20.446,20.446,303,0
20080919,21.52,21.52,21.433,21.433,232,0
20080923,21.52,21.52,21.52,21.52,929,0
20080930,19.584,19.584,19.151,19.151,232,0
20081001,19.238,19.238,19.238,19.238,643,0
20081003,18.12,18.12,18.12,18.12,1163,0
20081007,16.742,16.742,16.742,16.742,113,0
20081009,16.269,16.269,16.185,16.185,991,0
20081013,15.752,15.883,15.752,15.883,5463,0
20081014,16.13,16.44,16.13,16.354,1279,0
20081015,16.107,16.107,15.426,15.426,697,0
20081020,15.365,15.365,15.365,15.365,113,0
20081021,15.539,15.539,15.539,15.539,113,0
20081022,14.55,14.55,13.946,13.946,929,0
20081023,14.059,14.059,13.773,13.773,697,0
20081024,13.145,13.145,13.145,13.145,113,0
20081030,14.357,15.236,14.357,14.936,582,0
20081103,14.936,17.82,14.77,14.77,23467,0
20081104,15.418,15.967,15.418,15.967,11384,0
20081105,16.158,16.158,15.649,15.649,697,0
20081106,15.107,15.107,14.633,14.633,812,0
20081110,17.216,17.216,15.752,15.752,1047,0
20081111,13.396,14.882,13.396,14.437,697,0
20081112,14.1,14.142,14.041,14.041,58689,0
20081113,13.79,14.032,13.68,14.032,60896,0
20081117,13.895,13.895,13.798,13.798,463,0
20081118,13.575,13.575,13.575,13.575,113,0
20081119,13.396,13.396,13.076,13.076,463,0
20081120,12.669,12.669,12.516,12.516,1279,0
20081121,12.688,12.688,12.534,12.61,1089,0
20081201,13.602,13.602,11.965,12.567,13259,0
20081205,12.989,13.058,12.312,13.058,7086,0
20081208,15.41,15.41,13.972,14.023,2529,0
20081209,15.064,15.837,14.246,14.331,1163,0
20081210,14.55,14.55,14.55,14.55,903,0
20081212,14.523,14.523,14.523,14.523,852,0
20081215,14.788,14.788,13.782,14.745,1517,0
20081217,15.452,15.452,14.608,15.261,1086,0
20081222,14.977,14.977,14.891,14.891,1468,0
20090106,16.098,16.098,16.098,16.098,113,0
20090107,16.044,16.098,15.9,15.9,500,0
20090108,15.83,15.837,15.761,15.761,463,0
20090112,15.41,15.41,15.047,15.047,1279,0
20090113,14.711,14.711,14.633,14.633,929,0
20090114,14.331,14.331,14.032,14.032,582,0
20090115,13.962,13.962,13.85,13.85,232,0
20090116,14.392,14.392,14.228,14.228,582,0
20090120,13.619,13.619,13.619,13.619,113,0
20090121,13.652,13.652,13.619,13.619,582,0
20090122,13.523,13.531,13.523,13.531,463,0
20090123,13.331,13.331,13.331,13.331,1116,0
20090127,13.86,13.86,13.86,13.86,113,0
20090128,14.357,14.357,14.237,14.237,908,0
20090205,13.86,13.903,13.86,13.903,2324,0
20090209,14.64,14.64,14.64,14.64,113,0
20090210,14.339,14.339,14.339,14.339,113,0
20090211,14.041,14.076,14.015,14.015,348,0
20090212,13.773,13.773,13.773,13.773,113,0
20090223,12.447,12.447,11.792,11.792,836,0
20090225,13.43,13.43,13.43,13.43,113,0
20090226,13.43,13.43,13.43,13.43,582,0
20090303,11.62,11.62,11.62,11.62,1393,0
20090304,12,12.156,11.983,12.156,1770,0
20090312,12.156,12.156,12.156,12.156,232,0
20090313,12.199,12.199,12.199,12.199,348,0
20090325,13.016,13.746,12.912,13.541,8133,0
20090326,13.807,13.877,13.798,13.841,2977,0
20090327,12.989,13.593,12.953,13.593,2784,0
20090330,14.446,14.446,12.069,12.809,3507,0
20090331,13.222,13.763,13.187,13.197,1165,0
20090401,13.541,13.541,13.541,13.541,433,0
20090402,13.903,14.64,13.903,14.446,5430,0
20090403,14.331,14.392,14.331,14.383,1789,0
20090406,14.289,14.289,14.289,14.289,225,0
20090407,14.006,14.178,13.919,13.919,7437,0
20090409,15.246,15.246,14.383,14.383,463,0
20090414,14.375,14.702,14.178,14.615,5706,0
20090415,14.599,14.599,14.473,14.473,232,0
20090416,14.693,14.693,14.693,14.693,463,0
20090417,14.968,14.968,14.968,14.968,142,0
20090420,13.488,14.559,13.488,14.339,3370,0
20090421,14.481,14.567,14.481,14.523,4881,0
20090422,14.667,14.693,14.667,14.693,807,0
20090423,14.882,14.882,14.882,14.882,406,0
20090427,15.038,15.089,15.038,15.089,1068,0
20090428,14.599,14.649,14.599,14.649,1482,0
20090430,15.495,16.185,14.446,14.936,16877,0
20090501,15.752,15.752,15.452,15.452,272,0
20090504,16.053,16.063,16.053,16.053,1226,0
20090505,16.621,16.621,15.926,16.044,736,0
20090507,15.452,17.525,15.452,16.382,1539,0
20090508,16.648,16.648,16.648,16.648,339,0
20090511,16.347,16.347,16.347,16.347,113,0
20090512,17.086,17.086,16.338,16.338,742,0
20090513,16.088,16.088,15.752,15.837,2433,0
20090514,15.804,15.804,15.752,15.752,355,0
20090515,16.262,16.262,16.149,16.149,740,0
20090518,16.234,16.262,16.234,16.262,743,0
20090519,16.664,16.664,16.664,16.664,273,0
20090520,17.465,17.465,16.889,16.889,5724,0
20090528,16.87,16.87,16.87,16.87,129,0
20090529,17.104,17.104,17.104,17.104,195,0
20090601,16.87,17.671,16.87,17.671,4159,0
20090602,17.562,17.562,17.423,17.423,2324,0
20090603,17.404,17.423,17.404,17.423,547,0
20090604,17.261,17.261,17.261,17.261,594,0
20090605,18.473,18.473,17,17,8366,0
20090608,16.957,16.957,16.843,16.843,324,0
20090609,17.855,17.957,17.086,17.243,2049,0
20090611,17.57,17.689,17.57,17.689,557,0
20090612,17.457,17.491,17.457,17.491,1543,0
20090615,17.562,17.562,17.216,17.216,1279,0
20090617,16.957,16.957,14.428,16.528,8081,0
20090618,16.761,16.88,16.234,16.476,6853,0
20090619,16.537,18.078,16.486,16.486,4444,0
20090622,16.209,16.209,15.192,15.967,4677,0
20090623,15.985,16.044,15.985,16.044,245,0
20090624,16.587,17.473,16.373,16.39,2438,0
20090625,16.45,16.604,16.338,16.604,1172,0
20090626,16.571,16.725,16.571,16.725,1909,0
20090629,16.914,16.914,16.88,16.88,518,0
20090701,16.931,16.984,16.827,16.827,1827,0
20090702,16.518,16.528,16.518,16.528,378,0
20090706,16.185,16.185,16.167,16.176,2030,0
20090708,16.002,16.002,16.002,16.002,463,0
20090709,16.194,16.194,16.194,16.194,233,0
20090710,15.83,15.909,15.83,15.909,663,0
20090713,15.933,16.044,15.933,16.044,1094,0
20090714,16.209,16.243,16.209,16.243,812,0
20090715,16.495,16.587,16.495,16.587,2825,0
20090716,16.788,16.905,16.788,16.88,4397,0
20090717,16.852,16.87,16.852,16.861,812,0
20090720,17.028,17.243,17.028,17.175,2870,0
20090721,17.396,17.414,17.378,17.378,1436,0
20090722,17.423,17.68,17.423,17.57,4015,0
20090723,17.671,17.855,17.671,17.855,1225,0
20090724,17.715,17.855,17.715,17.855,755,0
20090727,17.82,17.836,17.775,17.775,2308,0
20090728,17.758,17.846,17.603,17.664,2602,0
20090729,17.622,17.664,17.562,17.562,901,0
20090730,17.758,17.957,17.758,17.94,2784,0
20090731,17.87,18.179,17.855,18.179,2192,0
20090803,18.525,18.636,18.525,18.549,1245,0
20090804,19.05,19.05,18.558,18.585,1279,0
20090805,18.5,18.5,18.5,18.5,317,0
20090806,18.594,18.594,18.386,18.465,784,0
20090810,18.5,18.5,18.473,18.473,779,0
20090811,18.309,18.327,18.309,18.327,357,0
20090812,18.327,18.603,18.318,18.386,3147,0
20090814,18.914,18.914,18.764,18.764,1265,0
20090817,18.078,18.078,18.078,18.078,612,0
20090818,18.376,18.376,18.376,18.376,582,0
20090819,18.171,18.549,18.171,18.549,525,0
20090820,18.748,18.748,18.748,18.748,142,0
20090821,19.213,19.213,19.16,19.16,232,0
20090824,19.317,19.317,19.317,19.317,142,0
20090825,19.482,19.482,19.456,19.456,476,0
20090826,19.274,19.3,19.265,19.265,2370,0
20090827,19.1,19.37,19.1,19.351,1673,0
20090828,19.463,19.463,19.395,19.403,4364,0
20090831,19.247,19.247,19.213,19.221,1576,0
20090901,18.748,18.963,18.549,18.558,6918,0
20090902,18.153,18.774,17.423,18.774,2895,0
20090903,18.929,18.929,18.929,18.929,10107,0
20090904,18.713,18.981,18.713,18.981,7437,0
20090908,19.499,19.575,19.482,19.575,1127,0
20090909,19.756,19.885,19.756,19.885,1163,0
20090910,20.099,20.125,20.058,20.058,743,0
20090911,20.262,20.262,20.236,20.236,592,0
20090914,20.03,20.177,19.877,20.152,1964,0
20090915,20.211,20.28,20.116,20.169,2835,0
20090916,20.566,20.643,20.469,20.607,3105,0
20090917,20.797,20.805,20.514,20.677,9044,0
20090918,20.736,20.736,20.598,20.607,6048,0
20090921,20.254,20.324,20.125,20.202,3309,0
20090922,20.505,20.727,20.505,20.727,9083,0
20090923,20.822,20.822,20.54,20.625,8141,0
20090924,20.28,20.28,20.177,20.228,2300,0
20090925,20.271,20.271,20.074,20.074,1724,0
20090928,20.039,20.254,20.039,20.245,6121,0
20090929,20.058,20.116,20.049,20.116,2357,0
20090930,20.082,20.298,19.994,20.125,46607,0
20091001,19.671,19.671,19.627,19.627,2495,0
20091002,19.134,19.361,19.016,19.326,7348,0
20091005,19.361,19.617,19.361,19.601,8773,0
20091006,19.937,21.004,19.877,19.994,4909,0
20091007,19.877,19.877,19.833,19.833,929,0
20091008,20.28,20.454,20.28,20.35,2266,0
20091009,20.427,20.427,20.16,20.315,3607,0
20091012,20.797,20.797,20.505,20.607,40280,0
20091013,20.651,20.651,20.359,20.436,1241,0
20091014,20.909,20.962,20.677,20.953,10523,0
20091015,20.872,21.021,20.797,21.021,5528,0
20091016,20.763,20.763,20.574,20.711,2346,0
20091019,20.953,21.03,20.909,21.03,9565,0
20091020,21.082,21.082,20.582,20.727,4999,0
20091021,20.736,20.995,20.736,20.771,6679,0
20091022,20.419,20.651,20.419,20.651,2462,0
20091023,20.839,20.962,20.523,20.582,7797,0
20091026,20.333,20.333,20.116,20.211,3253,0
20091027,20.012,20.09,19.841,19.841,929,0
20091028,19.833,19.833,19.37,19.37,2576,0
20091029,19.773,19.977,19.773,19.97,3232,0
20091030,19.395,19.395,19.16,19.326,2211,0
20091102,19.617,19.617,19.361,19.361,597,0
20091103,19.403,19.403,19.247,19.386,408,0
20091104,19.799,19.806,19.645,19.765,2854,0
20091105,19.977,19.977,19.859,19.868,1316,0
20091106,19.895,20.012,19.824,19.877,3131,0
20091109,20.391,20.469,20.391,20.469,818,0
20091110,20.401,20.401,20.401,20.401,232,0
20091111,20.582,20.589,20.496,20.496,2030,0
20091112,20.469,20.469,20.245,20.245,3712,0
20091113,20.505,20.505,20.271,20.333,4567,0
20091116,20.718,20.789,20.66,20.745,1017,0
20091117,20.557,20.557,20.391,20.391,1723,0
20091118,20.616,20.616,20.523,20.532,1097,0
20091119,20.262,20.262,19.833,20.09,2821,0
20091120,19.994,19.994,19.895,19.994,765,0
20091123,20.35,20.384,20.35,20.384,256,0
20091124,20.177,20.177,20.143,20.143,830,0
20091125,20.598,20.598,20.574,20.598,1441,0
20091127,19.986,20.03,19.986,20.03,235,0
20091130,20.254,20.254,19.739,19.97,986,0
20091201,20.66,20.814,20.66,20.814,1176,0
20091202,20.814,20.814,20.685,20.685,1073,0
20091203,20.745,20.745,20.745,20.745,463,0
20091204,20.66,20.67,20.454,20.461,1892,0
20091207,20.28,20.532,20.28,20.401,1474,0
20091208,20.125,20.341,20.125,20.307,1743,0
20091209,20.143,20.202,20.143,20.202,812,0
20091210,20.03,20.262,20.03,20.107,9428,0
20091216,20.548,20.643,20.505,20.505,6412,0
20091217,20.012,20.012,20.012,20.012,222,0
20091218,19.806,19.841,19.806,19.841,407,0
20091221,20.202,20.202,20.202,20.202,463,0
20091222,20.228,20.228,20.134,20.134,972,0
20091223,20.193,20.35,20.193,20.228,3733,0
20091224,20.461,20.461,20.461,20.461,113,0
20091228,20.557,20.598,20.54,20.582,2224,0
20091229,20.727,20.727,20.643,20.66,1575,0
20091230,20.523,20.532,20.41,20.532,1103,0
20091231,20.557,20.557,20.557,20.557,1142,0
20100104,21.186,21.186,20.832,20.832,1498,0
20100105,21.107,21.221,21.107,21.142,5035,0
20100106,21.159,21.261,21.159,21.261,1743,0
20100107,21.142,21.195,20.962,21.065,2742,0
20100108,21.298,21.599,21.298,21.564,7203,0
20100111,21.658,21.762,21.617,21.762,93920,0
20100112,21.582,21.694,21.399,21.417,1839,0
20100113,21.424,21.71,21.322,21.667,9607,0
20100114,21.821,21.821,21.658,21.702,28983,0
20100115,21.804,21.804,21.476,21.633,10249,0
20100119,21.546,21.625,21.168,21.625,3802,0
20100120,21.34,21.34,20.814,20.995,1568,0
20100121,20.701,20.899,20.67,20.771,16220,0
20100122,20.727,20.727,20.107,20.377,929,0
20100125,20.574,20.574,20.574,20.574,15218,0
20100126,20.634,20.677,20.532,20.616,1517,0
20100127,20.401,20.532,20.35,20.532,3333,0
20100128,20.254,20.271,20.134,20.193,14645,0
20100129,20.22,20.245,20.066,20.066,2025,0
20100201,20.074,20.469,20.03,20.401,53232,0
20100202,20.574,20.701,20.574,20.701,586,0
20100203,20.701,20.701,20.487,20.505,8064,0
20100204,20.202,20.245,19.799,19.824,3889,0
20100205,19.438,19.438,19.031,19.292,33230,0
20100208,19.419,19.419,19.334,19.395,984,0
20100209,19.627,19.703,19.447,19.703,40270,0
20100210,19.609,19.609,19.584,19.584,344,0
20100211,19.773,19.903,19.773,19.885,1223,0
20100212,19.517,19.584,19.428,19.428,1202,0
20100216,19.447,19.977,19.447,19.977,1581,0
20100217,20.012,20.049,20.012,20.049,1035,0
20100218,20.074,20.16,20.074,20.16,808,0
20100219,19.79,20.021,19.79,19.877,734,0
20100222,20.125,20.245,20.125,20.211,12448,0
20100223,20.245,20.245,20.002,20.03,1233,0
20100225,19.711,19.961,19.711,19.912,4294,0
20100226,20.03,20.03,20.03,20.03,113,0
20100301,20.289,20.35,20.211,20.211,1806,0
20100302,20.574,20.616,20.384,20.384,14507,0
20100303,20.701,20.909,20.701,20.779,6029,0
20100304,20.643,20.651,20.557,20.557,3351,0
20100305,20.805,21.038,20.771,20.918,3047,0
20100308,21.012,21.012,20.953,20.953,260,0
20100309,20.789,21.012,20.771,20.977,1544,0
20100310,20.977,21.168,20.977,21.151,2277,0
20100312,21.539,21.539,21.253,21.408,3028,0
20100315,21.09,21.322,21.074,21.298,6590,0
20100316,21.424,21.476,21.332,21.365,3002,0
20100317,21.649,21.702,21.503,21.52,2461,0
20100318,21.399,21.53,21.399,21.53,2131,0
20100319,21.417,21.424,21.214,21.34,2903,0
20100322,20.805,21.433,20.805,21.433,2152,0
20100323,21.391,21.494,21.391,21.417,1351,0
20100324,21.289,21.322,21.168,21.322,7531,0
20100325,21.316,21.417,21.316,21.332,15334,0
20100326,21.417,21.433,21.417,21.433,549,0
20100329,21.762,21.762,21.46,21.539,7352,0
20100330,21.677,21.71,21.503,21.503,3648,0
20100331,21.787,21.787,21.512,21.625,11726,0
20100401,21.967,22.027,21.845,22.019,2592,0
20100405,22.192,22.192,22.036,22.097,1177,0
20100406,21.975,22.131,21.907,22.131,4802,0
20100407,21.845,21.916,21.77,21.916,2407,0
20100408,21.779,21.994,21.582,21.994,7725,0
20100409,22.053,22.115,22.027,22.072,1584,0
20100412,22.122,22.32,22.122,22.149,14086,0
20100413,22.063,22.176,22.063,22.176,767,0
20100414,22.253,22.518,22.253,22.518,2068,0
20100415,22.303,22.545,22.303,22.414,2607,0
20100416,22.106,22.106,21.967,21.967,637,0
20100419,21.898,21.967,21.796,21.916,25666,0
20100420,22.149,22.167,22.149,22.167,348,0
20100421,22.158,22.167,21.925,22.089,3859,0
20100422,21.694,21.821,21.694,21.813,736,0
20100423,21.635,22.22,21.635,22.214,12145,0
20100426,22.26,22.399,22.185,22.185,3894,0
20100427,21.735,21.95,21.391,21.424,10725,0
20100428,21.391,21.391,20.789,21.307,7265,0
20100429,21.374,21.744,21.374,21.744,2741,0
20100430,21.821,21.821,21.468,21.468,1443,0
20100503,21.64,21.658,21.52,21.609,12860,0
20100504,20.771,20.771,20.736,20.754,3639,0
20100505,20.384,20.496,20.177,20.271,20377,0
20100506,20.177,24.136,12.233,19.334,8938,0
20100507,19.636,19.636,19.041,19.351,18284,0
20100510,20.368,20.54,20.202,20.368,57187,0
20100511,20.289,20.487,20.289,20.487,1401,0
20100512,20.532,20.701,20.532,20.625,915,0
20100513,20.736,20.789,20.377,20.377,2324,0
20100514,20.377,20.377,19.859,20.074,2538,0
20100517,19.533,19.977,19.37,19.977,16646,0
20100518,19.961,19.961,19.686,19.686,956,0
20100519,19.386,19.463,19.221,19.256,2544,0
20100520,18.938,18.938,18.731,18.938,4164,0
20100521,18.611,19.16,18.611,19.059,1591,0
20100524,18.783,19.068,18.783,18.801,1162,0
20100525,18.078,18.576,18.017,18.576,11069,0
20100526,18.508,18.826,18.508,18.531,5162,0
20100527,19.247,19.456,19.247,19.412,2350,0
20100601,19.447,19.447,18.929,18.929,6417,0
20100602,19.37,19.37,19.37,19.37,113,0
20100603,19.679,19.679,19.679,19.679,113,0
20100604,19.125,19.125,18.739,18.739,484,0
20100607,18.531,18.687,18.404,18.404,1273,0
20100608,18.361,18.531,18.361,18.531,780,0
20100609,18.99,18.99,18.92,18.92,6024,0
20100610,19.308,19.575,19.308,19.386,10086,0
20100611,19.379,19.386,19.3,19.386,842,0
20100614,19.799,19.903,19.781,19.781,782,0
20100615,20.22,20.35,20.186,20.35,2745,0
20100616,20.262,20.262,20.177,20.236,13927,0
20100617,20.186,20.245,20.099,20.125,1767,0
20100618,20.16,20.193,20.002,20.193,3414,0
20100621,20.419,20.419,20.228,20.228,877,0
20100622,20.324,20.324,19.977,19.977,1727,0
20100623,19.903,19.928,19.895,19.928,1230,0
20100624,19.781,19.85,19.558,19.558,1973,0
20100625,20.28,20.28,19.627,19.85,1536,0
20100628,20.446,20.454,19.694,19.765,7241,0
20100629,19.1,19.108,18.929,18.929,639,0
20100630,18.939,18.939,18.736,18.736,1274,0
20100701,19.125,19.125,18.801,18.801,1679,0
20100702,19.16,19.16,19.16,19.16,113,0
20100706,19.584,19.592,19.428,19.428,1443,0
20100707,19.79,19.79,19.781,19.781,484,0
20100708,19.815,20.074,19.815,19.994,2025,0
20100709,19.815,20.09,19.815,20.09,2363,0
20100712,19.533,19.946,19.533,19.946,9874,0
20100713,20.228,20.245,20.228,20.245,830,0
20100714,20.41,20.41,20.333,20.333,453,0
20100715,20.368,20.368,20.368,20.368,1287,0
20100716,20.058,20.058,19.97,20.049,1678,0
20100719,19.928,19.928,19.928,19.928,113,0
20100720,19.85,20.012,19.85,19.97,5103,0
20100721,19.72,19.859,19.72,19.859,1437,0
20100722,20.574,20.574,20.419,20.419,1047,0
20100723,20.718,20.822,20.718,20.822,248,0
20100726,20.745,20.745,20.745,20.745,232,0
20100727,20.643,20.643,20.643,20.643,113,0
20100728,20.643,20.643,20.643,20.643,113,0
20100729,20.66,20.677,20.66,20.66,1393,0
20100802,21.099,21.348,21.047,21.186,39591,0
20100803,21.261,21.424,21.159,21.236,182492,0
20100804,21.221,21.307,21.115,21.27,48363,0
20100805,21.316,21.433,21.253,21.382,156836,0
20100806,21.279,21.451,21.021,21.417,124233,0
20100809,21.582,21.582,21.332,21.417,7659,0
20100810,21.057,21.244,20.927,21.186,5266,0
20100811,20.487,20.487,20.152,20.152,3004,0
20100812,20.169,20.236,20.012,20.236,4025,0
20100813,20.177,20.228,20.107,20.211,4196,0
20100816,20.28,20.28,20.228,20.228,722,0
20100817,20.574,20.616,20.401,20.514,11299,0
20100818,20.505,20.67,20.505,20.67,3373,0
20100819,20.616,20.616,20.202,20.341,4246,0
20100820,20.058,20.066,19.799,20.066,6546,0
20100823,19.868,19.868,19.868,19.868,484,0
20100824,19.463,19.499,19.37,19.37,14450,0
20100825,19.308,19.473,19.308,19.473,1442,0
20100826,19.703,19.748,19.525,19.575,7754,0
20100827,19.729,19.928,19.729,19.885,11465,0
20100830,19.928,19.928,19.213,19.654,1174,0
20100831,19.708,19.812,19.691,19.691,6285,0
20100901,20.202,20.478,20.202,20.315,27576,0
20100902,20.377,20.523,20.377,20.514,10648,0
20100903,20.685,20.718,20.685,20.718,2859,0
20100907,20.634,20.634,20.487,20.487,823,0
20100908,20.814,20.814,20.616,20.643,8032,0
20100909,20.839,20.909,20.607,20.718,17951,0
20100910,20.927,20.927,20.822,20.822,5285,0
20100913,21.159,21.186,21.142,21.168,1935,0
20100914,21.228,21.399,21.221,21.221,7998,0
20100915,21.279,21.322,21.204,21.322,4502,0
20100916,21.27,21.316,21.244,21.307,6285,0
20100917,21.253,21.34,21.221,21.228,5294,0
20100920,21.486,21.633,21.486,21.617,2627,0
20100921,21.787,21.821,21.486,21.686,28505,0
20100922,21.686,21.694,21.609,21.686,3547,0
20100923,21.468,21.582,21.289,21.298,7919,0
20100924,21.898,22.019,21.804,22.002,1922,0
20100927,23.215,23.215,21.863,22.072,12306,0
20100928,22.097,22.122,21.889,22.122,1517,0
20100929,22.209,22.337,22.063,22.337,4223,0
20100930,22.298,22.298,21.971,22.135,8131,0
20101001,22.354,22.373,22.002,22.185,17735,0
20101004,22.14,22.176,21.863,21.932,85001,0
20101005,22.337,22.432,22.337,22.406,804,0
20101006,22.46,22.7,22.46,22.632,17692,0
20101007,22.605,22.632,22.536,22.623,1418,0
20101008,22.666,22.915,22.659,22.881,8384,0
20101011,22.95,22.95,22.845,22.896,1509,0
20101012,22.845,22.872,22.571,22.872,3144,0
20101013,23.243,23.329,23.164,23.234,8449,0
20101014,23.12,23.407,23.12,23.285,19902,0
20101015,23.535,23.535,23.137,23.304,21776,0
20101018,23.215,23.26,23.146,23.26,3312,0
20101019,22.983,23,22.632,22.724,6090,0
20101020,22.958,23.304,22.941,23.225,6931,0
20101021,23.353,23.466,23.027,23.225,6841,0
20101022,23.338,23.338,23.189,23.294,6630,0
20101025,23.527,23.527,23.344,23.371,6408,0
20101026,23.07,23.155,23.009,23.128,6689,0
20101027,22.95,22.95,22.666,22.786,6021,0
20101028,23.045,23.045,22.905,22.983,3163,0
20101029,22.829,22.977,22.829,22.897,3816,0
20101101,23.07,23.095,22.888,22.896,4668,0
20101102,23.128,23.285,23.128,23.234,4254,0
20101103,23.277,23.362,23.104,23.362,1757,0
20101104,23.887,23.887,23.775,23.861,6336,0
20101105,23.844,23.913,23.717,23.827,9227,0
20101108,23.81,23.905,23.775,23.887,12634,0
20101109,24.067,24.067,23.594,23.594,100054,0
20101110,23.819,23.819,23.389,23.757,14294,0
20101111,23.545,23.545,23.38,23.501,8464,0
20101112,23.439,23.492,23.181,23.181,73245,0
20101115,23.501,23.501,23.353,23.353,3522,0
20101116,23.027,23.027,22.596,22.65,5831,0
20101117,22.623,22.872,22.623,22.872,3660,0
20101118,23.155,23.448,23.155,23.448,1327,0
20101119,23.225,23.424,23.225,23.398,847,0
20101122,23.215,23.329,23.12,23.304,10585,0
20101123,22.751,22.786,22.588,22.605,3025,0
20101124,22.896,23.112,22.896,23.112,3788,0
20101126,22.872,22.915,22.829,22.881,2606,0
20101129,22.666,22.896,22.46,22.845,200732,0
20101130,22.497,22.671,22.418,22.524,3811,0
20101201,23.06,23.243,23.027,23.243,2053,0
20101202,23.448,23.767,23.448,23.757,10092,0
20101203,23.793,23.972,23.793,23.964,2575,0
20101206,23.861,24.007,23.852,23.964,3948,0
20101207,24.319,24.319,24.007,24.007,10189,0
20101208,24.007,24.077,23.878,24.032,9276,0
20101209,23.647,23.861,23.647,23.861,9421,0
20101210,23.861,23.913,23.775,23.913,7168,0
20101213,24.144,24.31,24.093,24.206,3826,0
20101214,24.249,24.36,24.144,24.257,6795,0
20101215,23.989,24.266,23.981,23.981,12048,0
20101216,24.067,24.171,23.997,24.144,5860,0
20101217,24.023,24.023,23.887,23.964,11163,0
20101220,24.136,24.136,23.869,24.023,7773,0
20101221,24.31,24.31,24.077,24.206,2321,0
20101222,24.18,24.214,24.093,24.18,3162,0
20101223,24.102,24.111,24.032,24.111,3164,0
20101227,24.231,24.231,24.102,24.102,12197,0
20101228,24.31,24.31,24.102,24.189,4941,0
20101229,24.421,24.479,24.356,24.384,11289,0
20101230,24.296,24.365,24.279,24.314,4068,0
20101231,24.3,24.451,24.254,24.345,8358,0
20110103,24.608,24.747,24.608,24.732,4126,0
20110104,24.772,24.772,24.627,24.653,2484,0
20110105,24.345,24.507,24.275,24.369,4886,0
20110106,24.568,24.568,24.283,24.283,4691,0
20110107,24.414,24.414,24.171,24.292,2226,0
20110110,23.989,24.275,23.921,24.275,30021,0
20110111,24.44,24.662,24.44,24.618,8220,0
20110112,24.868,24.973,24.842,24.894,11493,0
20110113,25.119,25.161,24.956,24.956,11706,0
20110114,24.965,25.152,24.885,25.144,8879,0
20110118,25.335,25.335,25.092,25.135,29935,0
20110119,25.187,25.205,24.885,25.024,7198,0
20110120,24.808,24.885,24.618,24.826,27896,0
20110121,24.947,24.947,24.732,24.826,2984,0
20110124,24.782,24.93,24.782,24.911,4162,0
20110125,24.973,25.024,24.851,24.938,3641,0
20110126,25.23,25.335,25.179,25.319,2125,0
20110127,25.428,25.428,25.291,25.394,5486,0
20110128,25.23,25.309,24.782,24.826,5843,0
20110131,25.071,25.088,24.957,25.008,2616,0
20110201,25.335,25.471,25.274,25.437,70498,0
20110202,25.274,25.3,25.161,25.274,5952,0
20110203,25.249,25.309,24.965,25.274,6934,0
20110204,25.309,25.344,25.119,25.344,6165,0
20110207,25.507,25.507,25.344,25.454,58580,0
20110208,25.551,25.551,25.344,25.437,21765,0
20110209,25.602,25.602,25.283,25.445,6259,0
20110210,25.187,25.205,24.903,25.205,7975,0
20110211,25.135,25.36,25.049,25.344,14833,0
20110214,25.386,25.419,25.352,25.412,6508,0
20110215,25.36,25.36,25.144,25.274,10634,0
20110216,25.462,25.541,25.386,25.412,7043,0
20110218,25.608,25.651,25.541,25.643,15788,0
20110222,25.144,25.144,24.772,24.808,18092,0
20110223,25.032,25.049,24.576,24.834,17183,0
20110224,24.938,24.947,24.808,24.92,3728,0
20110225,25.214,25.214,25.032,25.171,19816,0
20110228,25.503,25.574,25.337,25.414,5568,0
20110301,25.564,25.574,25.13,25.209,27810,0
20110302,25.244,25.364,25.183,25.262,13464,0
20110303,25.467,25.709,25.467,25.709,3119,0
20110304,25.651,25.651,25.377,25.377,836,0
20110307,25.651,25.651,25.221,25.23,1511,0
20110308,25.221,25.445,25.221,25.36,5368,0
20110309,25.412,25.507,25.319,25.48,6083,0
20110310,24.993,24.993,24.717,24.776,5112,0
20110311,24.528,24.683,24.528,24.664,14683,0
20110314,24.007,24.111,23.887,24.111,4580,0
20110315,22.95,23.869,22.682,23.819,19784,0
20110316,23.717,23.801,22.863,23.164,24030,0
20110317,23.849,23.98,23.668,23.771,81491,0
20110318,24.294,24.416,24.198,24.32,26714,0
20110321,24.829,25.088,24.776,25.071,50862,0
20110322,24.993,25,24.75,24.845,18751,0
20110323,24.683,24.932,24.656,24.932,2097,0
20110324,25.147,25.408,25.124,25.373,165248,0
20110325,25.192,25.209,25.019,25.019,35763,0
20110328,25.147,25.147,25.044,25.053,3675,0
20110329,24.829,25.166,24.829,25.139,8892,0
20110330,25.382,25.538,25.364,25.476,56432,0
20110331,25.452,25.515,25.416,25.434,2780,0
20110401,25.364,25.674,25.364,25.64,11816,0
20110404,25.683,25.821,25.574,25.665,3671,0
20110405,25.34,25.556,25.27,25.476,20175,0
20110406,25.547,25.547,25.39,25.476,6064,0
20110407,25.34,25.34,25.096,25.279,17252,0
20110408,25.547,25.614,25.424,25.433,25278,0
20110411,25.408,25.467,25.235,25.235,3527,0
20110412,25.088,25.088,25.044,25.044,2190,0
20110413,25.305,25.399,25.147,25.217,4859,0
20110414,25.062,25.322,25.062,25.322,1807,0
20110415,25.253,25.253,25.192,25.192,1991,0
20110418,24.656,24.767,24.594,24.767,3456,0
20110419,25,25.079,24.951,25.071,3845,0
20110420,25.582,25.701,25.582,25.701,5782,0
20110421,25.914,25.968,25.872,25.872,1519,0
20110425,25.838,25.924,25.778,25.898,4060,0
20110426,25.995,26.098,25.977,26.037,8493,0
20110427,26.098,26.329,25.914,26.27,174293,0
20110428,26.468,26.591,26.468,26.591,10243,0
20110429,26.605,26.79,26.605,26.72,6363,0
20110502,26.729,26.84,26.687,26.797,3957,0
20110503,26.643,26.643,26.329,26.374,2416,0
20110504,26.134,26.226,26.134,26.142,3651,0
20110505,25.769,25.914,25.76,25.855,1553,0
20110506,26.125,26.134,25.683,25.683,1878,0
20110509,25.941,26.054,25.735,25.968,16954,0
20110510,26.202,26.279,26.185,26.279,1199,0
20110511,25.977,25.995,25.735,25.769,3182,0
20110512,25.64,26.037,25.547,25.821,39368,0
20110513,25.796,25.924,25.494,25.547,52828,0
20110516,25.467,25.735,25.408,25.408,46475,0
20110517,25.34,25.556,25.192,25.45,4741,0
20110518,25.408,25.648,25.408,25.648,5584,0
20110519,25.735,25.863,25.674,25.804,15482,0
20110520,25.513,25.631,25.279,25.485,8554,0
20110523,24.845,24.889,24.734,24.776,3375,0
20110524,25.114,25.114,24.855,25.036,992,0
20110525,25.096,25.096,25.053,25.053,506,0
20110526,25.079,25.235,25.053,25.183,4427,0
20110527,25.459,25.459,25.459,25.459,334,0
20110531,25.897,25.949,25.826,25.913,2639,0
20110601,25.905,25.905,25.467,25.467,1985,0
20110602,25.519,25.606,25.34,25.494,12328,0
20110603,25.399,25.614,25.331,25.614,2894,0
20110606,25.314,25.441,25.147,25.174,9533,0
20110607,25.494,25.494,25.389,25.494,3814,0
20110608,25.25,25.25,24.953,24.953,6822,0
20110609,25.312,25.312,25.267,25.267,745,0
20110610,24.699,24.802,24.663,24.802,4202,0
20110613,24.897,24.897,24.611,24.776,72544,0
20110614,25.152,25.25,25.152,25.25,1612,0
20110615,24.812,24.812,24.446,24.446,1199,0
20110616,24.296,24.446,24.12,24.208,113543,0
20110617,24.455,24.601,24.428,24.428,1332,0
20110620,24.333,24.402,24.314,24.402,1750,0
20110621,24.576,24.962,24.576,24.934,3732,0
20110622,24.864,24.89,24.734,24.846,1034,0
20110623,24.155,24.375,24.12,24.375,3557,0
20110624,24.533,24.533,24.243,24.243,885,0
20110627,24.384,24.384,24.342,24.375,2483,0
20110628,24.479,24.645,24.479,24.593,834,0
20110629,24.934,25.293,24.898,25.284,20599,0
20110630,25.469,25.691,25.408,25.664,8248,0
20110701,25.737,25.737,25.737,25.737,259,0
20110705,25.737,25.737,25.737,25.737,244,0
20110706,25.615,25.624,25.494,25.519,28020,0
20110707,25.737,25.859,25.737,25.825,3250,0
20110708,25.547,25.547,25.346,25.346,4349,0
20110711,24.812,24.812,24.725,24.767,1071,0
20110712,24.654,24.846,24.637,24.716,5775,0
20110713,24.97,25.363,24.97,25.075,5376,0
20110714,25.083,25.083,24.802,24.882,3021,0
20110715,24.812,24.812,24.812,24.812,117,0
20110718,24.365,24.421,24.208,24.393,1950,0
20110719,24.882,24.882,24.708,24.708,790,0
20110720,24.934,25.127,24.934,25.003,1401,0
20110721,25.119,25.449,25.119,25.414,4946,0
20110722,25.459,25.641,25.423,25.607,1450,0
20110725,25.363,25.423,25.363,25.423,811,0
20110726,25.44,25.52,25.346,25.44,5881,0
20110727,25.03,25.1,24.802,24.82,1551,0
20110728,24.862,24.915,24.652,24.652,1746,0
20110729,24.661,24.961,24.661,24.783,2570,0
20110801,25.065,25.065,24.287,24.428,4335,0
20110802,24.275,24.275,23.756,23.756,3598,0
20110803,23.771,23.789,23.406,23.528,8147,0
20110804,22.705,22.74,22.006,22.006,24652,0
20110805,22.33,22.504,21.657,22.223,12730,0
20110808,21.438,21.58,20.598,20.598,10048,0
20110809,21.499,21.847,21.186,21.847,7062,0
20110810,21.253,21.253,20.949,20.965,6511,0
20110811,21.081,21.847,21.081,21.797,4955,0
20110812,21.919,21.997,21.797,21.892,7393,0
20110815,22.33,22.391,22.33,22.33,1051,0
20110816,22.112,22.252,21.864,22.174,9697,0
20110817,22.453,22.453,22.183,22.183,925,0
20110818,21.141,21.151,20.868,21.097,5160,0
20110819,21.063,21.063,20.616,20.695,20952,0
20110822,20.959,20.959,20.677,20.739,3311,0
20110823,20.973,21.319,20.973,21.319,1809,0
20110824,21.509,21.509,21.081,21.281,2977,0
20110825,21.325,21.325,20.886,20.923,4816,0
20110826,20.923,21.325,20.868,21.325,3726,0
20110829,21.632,21.735,21.632,21.735,1868,0
20110830,21.762,21.762,21.526,21.735,75586,0
20110831,22.207,22.356,22.144,22.259,5222,0
20110901,22.138,22.174,21.935,21.935,1829,0
20110902,21.496,21.533,21.372,21.372,1685,0
20110906,20.398,20.608,20.364,20.608,5034,0
20110907,21.004,21.304,21.004,21.304,2913,0
20110908,20.976,21.066,20.749,20.749,2177,0
20110909,20.258,20.311,19.909,19.975,4391,0
20110912,19.682,19.92,19.569,19.786,7756,0
20110913,19.926,20.188,19.926,20.117,4309,0
20110914,20.196,20.435,20.196,20.435,1428,0
20110915,20.756,20.851,20.703,20.851,5533,0
20110916,21.048,21.048,20.82,20.82,80932,0
20110919,20.179,20.266,20.179,20.214,1287,0
20110920,20.417,20.696,20.364,20.468,4091,0
20110921,20.557,20.557,19.984,19.984,2836,0
20110922,19.231,19.268,19.075,19.268,2299,0
20110923,19.16,19.489,19.16,19.489,706,0
20110926,19.399,19.416,19.381,19.416,500,0
20110927,20.205,20.398,20.1,20.1,816,0
20110928,20.029,20.029,19.819,19.873,23632,0
20110929,20.284,20.284,19.846,19.993,3626,0
20111003,19.152,19.152,18.766,18.776,3447,0
20111004,18.311,18.627,18.083,18.538,5222,0
20111005,18.829,18.968,18.766,18.892,77273,0
20111006,19.249,19.524,19.206,19.515,7962,0
20111007,19.784,19.882,19.497,19.723,10341,0
20111010,20.058,20.347,20.058,20.311,3761,0
20111011,20.17,20.398,20.154,20.364,1391,0
20111012,20.776,21.091,20.731,20.82,3993,0
20111013,20.679,20.784,20.679,20.705,3346,0
20111014,21.162,21.162,20.961,21.021,2041,0
20111017,20.696,20.712,20.679,20.688,2620,0
20111018,21.216,21.216,21.216,21.216,112,0
20111019,20.758,20.862,20.731,20.784,1031,0
20111020,20.364,20.599,20.162,20.599,2130,0
20111021,20.952,21.075,20.952,21.048,947,0
20111024,21.406,21.548,21.406,21.548,682,0
20111025,21.249,21.486,21.241,21.38,38999,0
20111026,21.713,21.713,21.117,21.337,2448,0
20111027,22.494,22.785,22.399,22.713,15257,0
20111028,22.521,22.521,22.363,22.39,3141,0
20111031,21.66,21.669,21.436,21.491,14218,0
20111101,20.364,20.679,20.364,20.679,4163,0
20111103,21.199,21.433,21.199,21.433,11605,0
20111104,21.017,21.133,21.017,21.133,2531,0
20111107,21.109,21.18,20.961,21.135,19810,0
20111108,21.329,21.45,21.232,21.372,578763,0
20111109,20.898,20.898,20.398,20.461,15339,0
20111110,20.417,20.688,20.417,20.557,474,0
20111111,20.934,21.19,20.926,21.19,7768,0
20111114,20.961,20.961,20.749,20.81,6668,0
20111115,20.731,20.837,20.712,20.801,3684,0
20111116,20.54,20.557,20.389,20.389,12117,0
20111117,20.039,20.117,20.02,20.02,33949,0
20111118,20.205,20.223,20.205,20.223,342,0
20111121,19.664,19.688,19.444,19.655,598623,0
20111122,19.524,19.637,19.524,19.609,9274,0
20111123,19.302,19.302,19.075,19.075,1065,0
20111125,19.099,19.206,18.978,18.987,6064,0
20111128,19.776,19.784,19.618,19.705,9869,0
20111129,19.993,20.039,19.909,19.943,32008,0
20111130,20.69,20.832,20.673,20.832,27647,0
20111201,20.758,20.81,20.671,20.776,2061,0
20111202,20.804,20.848,20.724,20.724,5249,0
20111205,21.039,21.066,20.828,20.934,6915,0
20111206,20.698,20.804,20.698,20.804,1755,0
20111207,20.549,20.873,20.549,20.733,2431,0
20111208,20.282,20.38,20.282,20.38,318,0
20111209,20.415,20.583,20.415,20.583,566,0
20111212,20.09,20.108,20.066,20.066,1292,0
20111213,19.865,19.901,19.846,19.901,9294,0
20111214,19.856,19.856,19.574,19.687,3462,0
20111215,19.768,19.768,19.696,19.696,2448,0
20111216,19.776,19.776,19.776,19.776,128,0
20111219,19.626,19.626,19.431,19.431,2155,0
20111220,19.987,20.103,19.987,20.103,3667,0
20111221,20.069,20.069,19.97,19.97,593,0
20111222,20.004,20.14,20.004,20.14,339,0
20111223,20.192,20.192,20.112,20.192,4680,0
20111227,20.192,20.254,20.192,20.21,644,0
20111228,20.103,20.201,19.911,19.97,8443,0
20111229,20.086,20.228,20.086,20.228,870,0
20111230,20.387,20.485,20.37,20.414,3240,0
20120103,20.938,21.081,20.938,21.081,455,0
20120105,20.724,20.769,20.59,20.724,4150,0
20120106,20.38,20.38,20.38,20.38,1246,0
20120109,20.433,20.532,20.396,20.532,138678,0
20120110,20.839,20.892,20.787,20.839,16478,0
20120111,20.839,20.856,20.769,20.814,5707,0
20120112,20.832,20.981,20.832,20.981,1589,0
20120113,20.707,20.804,20.707,20.778,4334,0
20120117,21.169,21.188,21.106,21.133,2026,0
20120118,21.506,21.559,21.506,21.559,4136,0
20120119,21.709,21.781,21.685,21.745,4551,0
20120120,21.718,21.718,21.718,21.718,248,0
20120123,21.993,22.027,21.966,22.002,2073,0
20120124,21.693,21.816,21.693,21.816,456,0
20120125,21.718,22.064,21.718,22.064,1327,0
20120126,22.188,22.188,22.091,22.091,1466,0
20120127,22.181,22.232,22.181,22.232,2061,0
20120130,21.772,21.913,21.772,21.877,4420,0
20120131,22.087,22.094,21.924,22.04,12550,0
20120201,22.409,22.436,22.293,22.312,89960,0
20120202,22.446,22.446,22.393,22.393,2108,0
20120203,22.737,22.844,22.737,22.791,11426,0
20120206,22.718,22.896,22.685,22.799,122550,0
20120207,22.661,22.952,22.661,22.837,2197,0
20120208,22.828,22.96,22.818,22.915,8378,0
20120209,22.906,22.924,22.863,22.888,3019,0
20120210,22.516,22.516,22.472,22.472,770,0
20120213,22.661,22.783,22.661,22.783,1951,0
20120214,22.516,22.516,22.516,22.516,230,0
20120215,22.728,22.728,22.614,22.614,833,0
20120216,22.534,22.775,22.534,22.775,796,0
20120217,22.88,22.915,22.844,22.915,6925,0
20120221,23.118,23.145,23.101,23.127,1377,0
20120222,23.013,23.145,22.994,23.136,167875,0
20120223,22.968,23.226,22.968,23.154,1699,0
20120224,23.349,23.529,23.349,23.502,6379,0
20120227,23.05,23.307,23.04,23.28,1753,0
20120228,23.208,23.432,23.208,23.386,2682,0
20120301,23.377,23.414,23.307,23.341,128226,0
20120302,23.091,23.188,23.074,23.162,10625,0
20120305,22.968,23.05,22.934,22.934,13621,0
20120306,22.255,22.334,22.122,22.131,5772,0
20120307,22.461,22.461,22.406,22.452,5354,0
20120308,23.056,23.056,22.904,23.056,224,0
20120309,23.083,23.083,22.976,22.993,21660,0
20120312,22.818,22.924,22.818,22.888,4052,0
20120313,23.091,23.215,23.091,23.144,4702,0
20120314,23.021,23.021,23.021,23.021,2173,0
20120315,23.145,23.245,23.145,23.245,1711,0
20120316,23.405,23.457,23.395,23.395,1864,0
20120319,23.395,23.475,23.395,23.439,1543,0
20120320,23.197,23.207,23.099,23.108,10523,0
20120321,22.976,23.099,22.913,23.056,36561,0
20120322,22.692,22.763,22.692,22.735,7253,0
20120323,22.861,22.941,22.816,22.931,3931,0
20120326,23.262,23.297,23.262,23.297,611,0
20120327,23.287,23.287,23.287,23.287,2510,0
20120328,22.913,23.188,22.913,22.95,9838,0
20120329,22.835,22.835,22.835,22.835,686,0
20120402,22.861,23.262,22.816,23.262,118463,0
20120403,23.021,23.021,22.842,22.842,1171,0
20120404,22.361,22.361,22.212,22.299,1726,0
20120405,22.334,22.379,22.168,22.203,16073,0
20120409,22.14,22.237,22.051,22.237,1688,0
20120410,22.041,22.041,21.721,21.757,5416,0
20120411,22.079,22.122,22.041,22.069,3086,0
20120412,22.289,22.54,22.289,22.54,1165,0
20120413,22.14,22.158,22.122,22.14,891,0
20120416,22.218,22.218,22.218,22.218,111,0
20120417,22.317,22.593,22.317,22.593,5396,0
20120418,22.399,22.399,22.399,22.399,335,0
20120419,22.326,22.326,22.299,22.299,805,0
20120420,22.389,22.452,22.389,22.452,1011,0
20120423,21.793,21.943,21.793,21.943,9505,0
20120424,22.041,22.263,22.041,22.193,613,0
20120426,22.334,22.461,22.334,22.461,1127,0
20120430,22.516,22.516,22.445,22.445,1634,0
20120501,22.406,22.806,22.406,22.735,4050,0
20120502,22.399,22.461,22.352,22.379,4983,0
20120503,22.212,22.289,22.168,22.203,2115,0
20120504,21.82,21.934,21.802,21.934,6196,0
20120508,21.473,21.713,21.473,21.713,6845,0
20120509,21.126,21.375,21.09,21.348,3475,0
20120510,21.393,21.393,21.393,21.393,158,0
20120511,21.383,21.383,21.322,21.322,1258,0
20120514,20.823,20.912,20.823,20.912,2099,0
20120515,20.832,20.832,20.627,20.646,4514,0
20120516,20.476,20.583,20.379,20.512,141854,0
20120517,20.388,20.388,20.235,20.244,1123,0
20120518,20.218,20.218,20.218,20.218,111,0
20120522,20.698,20.698,20.698,20.698,442,0
20120523,20.28,20.28,20.101,20.101,734,0
20120524,20.371,20.371,20.371,20.371,787,0
20120525,20.128,20.271,20.128,20.191,4121,0
20120529,20.609,20.609,20.609,20.609,111,0
20120531,20.073,20.163,20.073,20.098,13604,0
20120604,19.518,19.661,19.518,19.641,5969,0
20120605,19.911,19.911,19.775,19.846,393,0
20120606,20.097,20.268,20.097,20.268,14973,0
20120607,20.45,20.475,20.359,20.359,5897,0
20120608,20.006,20.196,19.955,20.196,4711,0
20120611,20.138,20.2,20.111,20.111,1049,0
20120612,20.241,20.268,20.241,20.268,1149,0
20120613,20.064,20.064,19.947,20.016,1192,0
20120614,19.853,20.12,19.853,20.12,339,0
20120615,20.224,20.359,20.161,20.359,1277,0
20120618,20.323,20.341,20.232,20.286,3960,0
20120619,20.725,20.725,20.637,20.637,791,0
20120620,20.779,20.876,20.673,20.752,4930,0
20120621,20.673,20.673,20.249,20.249,4688,0
20120622,20.465,20.465,20.465,20.465,142,0
20120626,19.793,19.902,19.793,19.902,3231,0
20120627,20.071,20.071,20.071,20.071,283,0
20120629,20.862,20.936,20.862,20.869,1763,0
20120702,20.995,20.995,20.85,20.941,6980,0
20120703,21.058,21.058,21.058,21.058,224,0
20120705,21.058,21.077,21.058,21.077,252,0
20120706,20.806,20.806,20.681,20.69,6780,0
20120709,20.673,20.886,20.673,20.743,5259,0
20120710,20.797,20.867,20.664,20.664,1890,0
20120711,20.627,20.627,20.574,20.574,787,0
20120713,20.725,20.725,20.582,20.655,3979,0
20120716,20.715,20.771,20.715,20.771,2340,0
20120717,20.681,20.816,20.547,20.816,12430,0
20120718,20.602,20.853,20.602,20.827,3253,0
20120719,20.967,21.077,20.967,21.077,795,0
20120720,20.673,20.681,20.646,20.646,4022,0
20120723,20.115,20.241,20.071,20.205,2062,0
20120724,20.098,20.17,20.089,20.17,1603,0
20120725,20.35,20.35,20.232,20.35,11296,0
20120726,20.905,21.05,20.905,20.905,1073,0
20120731,21.132,21.169,21.088,21.088,1336,0
20120801,21.253,21.253,21.148,21.148,221,0
20120802,20.637,20.771,20.637,20.771,594,0
20120803,21.327,21.327,21.327,21.327,470,0
20120806,21.589,21.598,21.58,21.598,464,0
20120808,21.678,21.678,21.659,21.659,333,0
20120809,21.739,21.739,21.739,21.739,221,0
20120810,21.793,21.793,21.793,21.793,893,0
20120813,21.633,21.633,21.616,21.616,730,0
20120816,21.872,21.872,21.872,21.872,1113,0
20120817,22.017,22.025,21.927,21.927,2703,0
20120820,21.891,21.954,21.881,21.927,1619,0
20120821,22.134,22.134,22.034,22.034,31351,0
20120822,21.739,21.981,21.739,21.981,1857,0
20120823,21.845,21.891,21.802,21.802,3575,0
20120824,21.688,21.793,21.688,21.784,1123,0
20120827,21.776,21.776,21.758,21.758,1205,0
20120828,21.641,21.641,21.641,21.641,110,0
20120830,21.47,21.47,21.32,21.362,2007,0
20120831,21.546,21.564,21.546,21.546,1041,0
20120904,21.375,21.411,21.322,21.348,1943,0
20120905,21.286,21.286,21.286,21.286,684,0
20120906,21.602,21.726,21.602,21.726,502,0
20120907,22.148,22.148,22.04,22.04,2387,0
20120910,22.117,22.125,22.117,22.117,2032,0
20120911,22.197,22.197,22.197,22.197,110,0
20120912,22.33,22.411,22.33,22.357,5479,0
20120913,22.313,22.744,22.313,22.744,2143,0
20120914,23.064,23.226,23.064,23.126,2120,0
20120917,23.05,23.05,22.968,22.968,1673,0
20120918,22.822,22.832,22.76,22.787,3042,0
20120919,22.75,22.884,22.75,22.876,2084,0
20120920,22.589,22.669,22.589,22.669,2340,0
20120921,22.822,22.822,22.731,22.731,1558,0
20120924,22.435,22.525,22.426,22.525,2759,0
20120925,22.625,22.662,22.373,22.373,2226,0
20120926,22.14,22.14,22.14,22.14,779,0
20120927,22.373,22.571,22.354,22.571,1941,0
20120928,22.18,22.18,22.043,22.089,1990,0
20121001,22.408,22.408,22.247,22.247,1448,0
20121003,22.186,22.282,22.167,22.282,1269,0
20121004,22.344,22.525,22.344,22.525,1881,0
20121005,22.849,22.849,22.635,22.635,1138,0
20121008,22.489,22.489,22.416,22.48,2644,0
20121009,22.113,22.113,22.113,22.113,221,0
20121010,22.03,22.03,22.013,22.013,365,0
20121015,22.186,22.282,22.186,22.282,289,0
20121016,22.597,22.597,22.597,22.597,110,0
20121017,22.787,22.787,22.787,22.787,180,0
20121019,22.76,22.76,22.616,22.616,643,0
20121023,22.176,22.203,22.176,22.203,384,0
20121024,22.272,22.272,22.272,22.272,9799,0
20121025,22.408,22.408,22.318,22.318,2226,0
20121026,22.218,22.247,22.218,22.247,223,0
20121031,22.435,22.435,22.282,22.282,1308,0
20121101,22.507,22.571,22.507,22.571,2009,0
20121102,22.562,22.562,22.562,22.562,719,0
20121105,22.381,22.381,22.381,22.381,301,0
20121106,22.489,22.589,22.489,22.589,361,0
20121107,22.309,22.344,22.309,22.328,667,0
20121109,22.04,22.193,22.04,22.193,2017,0
20121113,21.841,21.968,21.841,21.931,1740,0
20121114,21.781,21.781,21.771,21.771,893,0
20121115,21.726,21.726,21.611,21.611,850,0
20121116,21.564,21.716,21.564,21.716,1335,0
20121119,22.049,22.103,22.049,22.103,234,0
20121123,22.644,22.644,22.607,22.607,1222,0
20121126,22.607,22.607,22.607,22.607,221,0
20121127,22.669,22.669,22.607,22.607,779,0
20121128,22.653,22.714,22.625,22.714,7281,0
20121129,22.893,22.893,22.893,22.893,332,0
20121204,23.048,23.145,23.048,23.135,1045,0
20121205,23.181,23.181,23.163,23.163,556,0
20121206,23.181,23.181,23.181,23.181,1455,0
20121207,23.217,23.217,23.217,23.217,181,0
20121211,23.351,23.37,23.351,23.361,1436,0
20121212,23.487,23.552,23.487,23.552,3754,0
20121214,23.487,23.487,23.487,23.487,167,0
20121217,23.56,23.56,23.451,23.56,453,0
20121218,23.746,23.81,23.746,23.793,892,0
20121219,23.988,24.007,23.988,23.997,767,0
20121221,23.836,24.092,23.836,24.056,2597,0
20121224,24.01,24.028,24.01,24.028,489,0
20121226,23.929,23.929,23.929,23.929,189,0
20121227,24.01,24.01,23.973,23.973,435,0
20121228,23.92,23.929,23.92,23.929,2347,0
20121231,23.764,24.142,23.764,24.142,661,0
20130102,24.58,24.634,24.552,24.552,447,0
20130103,24.515,24.515,24.515,24.515,1429,0
20130104,24.461,24.461,24.461,24.461,5644,0
20130107,24.342,24.488,24.342,24.488,3134,0
20130108,24.286,24.286,24.13,24.203,1972,0
20130109,24.416,24.416,24.416,24.416,252,0
20130110,24.652,24.827,24.652,24.761,57245,0
20130111,24.761,24.863,24.671,24.789,34222,0
20130114,24.798,24.918,24.742,24.827,3950,0
20130115,24.736,24.752,24.642,24.752,4736,0
20130116,24.69,24.761,24.69,24.761,326,0
20130117,24.89,24.89,24.78,24.836,10599,0
20130118,24.742,24.817,24.727,24.77,3259,0
20130122,24.956,24.956,24.844,24.882,5628,0
20130123,24.854,24.854,24.854,24.854,791,0
20130124,24.946,24.956,24.89,24.89,4398,0
20130125,25.175,25.175,25.084,25.138,2489,0
20130128,25.092,25.092,24.992,25.038,49824,0
20130129,25.065,25.084,25.065,25.075,4986,0
20130130,25.203,25.212,25.138,25.166,8404,0
20130131,25.128,25.396,24.966,25.065,12763,0
20130201,25.203,25.414,25.203,25.267,39540,0
20130204,24.872,24.937,24.742,24.808,10386,0
20130205,24.872,24.974,24.863,24.89,7353,0
20130206,24.817,24.992,24.761,24.836,26047,0
20130207,24.752,24.966,24.717,24.808,17707,0
20130208,24.872,24.909,24.854,24.909,2798,0
20130211,24.863,24.982,24.817,24.937,4304,0
20130212,24.928,25.019,24.899,25.019,8010,0
20130213,25.295,25.295,25.101,25.203,5215,0
20130214,25.084,25.156,25.019,25.156,9454,0
20130215,25.203,25.203,25.128,25.128,798,0
20130219,25.467,25.467,25.304,25.304,2878,0
20130220,25.396,25.432,25.259,25.259,1970,0
20130221,25.038,25.038,24.836,24.836,1161,0
20130222,25.185,25.212,25.156,25.194,1115,0
20130225,25.138,25.138,24.709,24.709,327,0
20130226,24.89,24.89,24.863,24.863,750,0
20130227,25.277,25.342,25.277,25.342,3185,0
20130228,25.317,25.317,25.214,25.307,2706,0
20130301,25.084,25.277,25.084,25.277,1774,0
20130304,25.019,25.277,25.019,25.277,517,0
20130305,25.487,25.562,25.487,25.562,1385,0
20130306,25.553,25.581,25.515,25.515,3666,0
20130307,25.699,25.699,25.699,25.699,439,0
20130308,25.66,25.66,25.591,25.624,5180,0
20130311,25.659,25.724,25.659,25.724,1601,0
20130312,25.599,25.699,25.572,25.572,1336,0
20130313,25.553,25.572,25.478,25.572,1420,0
20130315,25.762,25.772,25.66,25.66,12243,0
20130318,25.689,25.844,25.66,25.669,3042,0
20130319,25.808,25.808,25.515,25.652,3215,0
20130320,25.844,25.89,25.79,25.844,2194,0
20130322,25.615,25.624,25.581,25.624,876,0
20130325,25.478,25.478,25.24,25.351,2211,0
20130326,25.534,25.581,25.497,25.534,1357,0
20130327,25.24,25.36,25.23,25.36,3211,0
20130328,25.351,25.478,25.351,25.478,893,0
20130401,25.387,25.387,25.23,25.25,1780,0
20130402,25.277,25.368,25.212,25.342,2189,0
20130403,25.22,25.22,25.075,25.075,971,0
20130404,25.185,25.332,25.185,25.277,903,0
20130405,25.101,25.203,24.936,25.203,1136,0
20130408,25.037,25.194,25.037,25.194,2002,0
20130409,25.23,25.414,25.23,25.387,5034,0
20130410,25.689,25.762,25.689,25.752,1162,0
20130411,25.983,26.075,25.955,26.02,3223,0
20130412,25.652,25.78,25.652,25.78,996,0
20130415,25.572,25.591,25.128,25.128,27245,0
20130416,25.351,25.553,25.259,25.553,18700,0
20130417,24.89,25.009,24.854,25.009,4765,0
20130418,24.807,24.807,24.807,24.807,168,0
20130419,24.917,24.981,24.89,24.936,4625,0
20130422,24.936,24.936,24.881,24.881,1526,0
20130424,25.599,25.669,25.599,25.669,1435,0
20130425,25.762,25.762,25.762,25.762,114,0
20130426,25.679,25.679,25.679,25.679,108,0
20130429,25.808,26.132,25.808,25.983,5383,0
20130430,25.997,25.997,25.997,25.997,143,0
20130501,25.882,26.093,25.882,26.093,672,0
20130502,25.78,25.872,25.772,25.872,5503,0
20130503,26.23,26.23,26.214,26.214,335,0
20130506,26.122,26.122,26.122,26.122,641,0
20130507,26.176,26.312,26.176,26.302,2624,0
20130508,26.563,26.563,26.563,26.563,278,0
20130509,26.655,26.675,26.581,26.581,473,0
20130510,26.425,26.451,26.425,26.451,938,0
20130513,26.442,26.517,26.416,26.434,3215,0
20130514,26.636,26.636,26.581,26.617,3163,0
20130515,26.608,26.665,26.581,26.617,6481,0
20130516,26.59,26.675,26.59,26.617,8172,0
20130517,26.617,26.762,26.599,26.762,4841,0
20130520,26.627,26.837,26.627,26.837,521,0
20130521,27.122,27.142,27.075,27.075,635,0
20130522,27.397,27.583,27.158,27.158,2106,0
20130523,26.257,26.524,25.993,26.487,4567,0
20130524,26.194,26.221,26.194,26.221,792,0
20130528,26.331,26.524,26.312,26.312,3073,0
20130529,26.071,26.071,25.858,25.932,984,0
20130530,26.093,26.359,26.093,26.359,2708,0
20130531,25.81,25.81,25.607,25.607,532,0
20130604,25.886,25.886,25.886,25.886,159,0
20130605,25.537,25.537,25.325,25.344,578,0
20130606,25.177,25.389,25.148,25.389,9485,0
20130607,25.389,25.453,25.353,25.453,1701,0
20130611,25.325,25.527,25.325,25.517,3936,0
20130612,25.927,25.927,25.46,25.46,1737,0
20130613,25.414,25.66,25.414,25.562,559,0
20130614,25.317,25.317,25.317,25.317,6220,0
20130617,26.029,26.029,25.899,25.899,7884,0
20130618,25.997,26.061,25.97,26.061,2616,0
20130619,26.192,26.192,25.858,25.858,1269,0
20130620,25.232,25.232,24.844,24.918,5444,0
20130621,24.928,25.112,24.669,24.835,12916,0
20130624,24.31,24.549,24.134,24.319,41653,0
20130625,24.422,24.549,24.422,24.541,1336,0
20130626,24.459,24.725,24.459,24.725,2974,0
20130627,24.863,24.863,24.779,24.863,13928,0
20130628,24.807,24.89,24.741,24.741,5157,0
20130701,25.047,25.148,25.038,25.148,3335,0
20130702,25.168,25.168,25.01,25.01,796,0
20130703,24.974,24.974,24.974,24.974,279,0
20130705,25.129,25.129,24.918,24.918,910,0
20130709,25.453,25.453,25.317,25.317,417,0
20130710,25.37,25.618,25.37,25.618,707,0
20130711,26.192,26.192,26.061,26.061,3787,0
20130712,26.192,26.274,26.183,26.255,6611,0
20130715,26.255,26.255,26.255,26.255,108,0
20130716,26.227,26.227,26.227,26.227,920,0
20130717,26.423,26.441,26.384,26.423,1425,0
20130718,26.505,26.654,26.476,26.654,31512,0
20130719,26.476,26.476,26.476,26.476,2928,0
20130722,26.505,26.635,26.505,26.635,4703,0
20130723,26.571,26.69,26.571,26.69,732,0
20130724,26.625,26.625,26.441,26.495,2004,0
20130725,26.338,26.485,26.338,26.441,9571,0
20130726,26.264,26.264,26.264,26.264,635,0
20130730,26.245,26.245,26.146,26.146,215,0
20130731,26.192,26.192,26.192,26.192,501,0
20130801,26.589,26.607,26.449,26.58,7731,0
20130802,26.7,26.7,26.674,26.7,2284,0
20130805,26.69,26.709,26.69,26.709,1356,0
20130806,26.709,26.828,26.709,26.809,3192,0
20130807,26.718,26.727,26.718,26.727,358,0
20130808,26.809,26.892,26.709,26.873,2667,0
20130809,26.753,26.92,26.753,26.846,1634,0
20130812,26.828,26.902,26.828,26.902,4048,0
20130813,26.882,26.986,26.809,26.986,2385,0
20130814,27.04,27.04,27.03,27.04,7108,0
20130815,26.664,26.929,26.664,26.864,21714,0
20130819,26.948,26.967,26.818,26.828,2289,0
20130820,26.524,26.524,26.524,26.524,125,0
20130821,26.571,26.589,26.441,26.476,7119,0
20130822,26.635,27.123,26.635,26.727,11867,0
20130823,26.864,26.995,26.864,26.939,2277,0
20130826,26.818,26.855,26.735,26.735,488,0
20130827,26.457,26.467,26.299,26.299,980,0
20130828,26.155,26.155,26.007,26.091,1950,0
20130829,26.129,26.274,26.129,26.274,4821,0
20130830,25.84,26.025,25.84,26.016,1872,0
20130903,26.494,26.503,26.383,26.503,3224,0
20130904,26.345,26.855,26.308,26.827,4428,0
20130905,26.735,27.021,26.735,27.021,10024,0
20130906,26.957,27.123,26.845,27.123,10259,0
20130909,26.855,27.558,26.855,27.558,24955,0
20130910,27.687,27.962,27.687,27.845,35391,0
20130911,27.52,27.953,27.52,27.806,4471,0
20130912,27.886,27.989,27.723,27.878,19138,0
20130913,27.953,28.397,27.62,27.64,28604,0
20130916,28.434,28.434,28.008,28.111,16300,0
20130917,28.213,28.213,28.046,28.165,12294,0
20130918,28.204,29.174,28.102,29.174,7989,0
20130919,29.007,29.007,28.731,28.943,4580,0
20130920,28.832,28.832,28.629,28.629,3736,0
20130923,28.629,28.629,28.544,28.544,1559,0
20130924,28.602,28.813,28.258,28.593,8875,0
20130925,28.573,28.757,28.573,28.695,4918,0
20130926,28.695,28.943,28.675,28.731,4169,0
20130927,28.685,28.841,28.685,28.803,1829,0
20130930,28.361,28.454,28.231,28.444,4024,0
20131001,28.508,28.637,28.508,28.637,2350,0
20131002,28.48,28.85,28.48,28.48,21004,0
20131003,28.323,28.508,28.323,28.508,1360,0
20131004,28.278,28.371,28.174,28.371,4955,0
20131007,28,28.174,28,28.064,10337,0
20131008,27.962,27.962,27.953,27.953,350,0
20131009,28.046,28.258,27.981,28.249,13914,0
20131010,28.046,28.602,28.046,28.602,4503,0
20131011,28.629,28.695,28.62,28.655,11908,0
20131014,28.665,28.731,28.544,28.646,12670,0
20131015,28.583,28.583,28.249,28.527,3771,0
20131016,28.24,28.665,28.24,28.655,19785,0
20131017,28.675,28.731,28.602,28.629,6415,0
20131018,28.573,29.042,28.573,29.033,5948,0
20131021,29.007,29.108,29.007,29.099,1746,0
20131022,29.422,29.477,29.35,29.442,11999,0
20131023,29.072,29.192,29.072,29.127,3272,0
20131024,29.422,29.496,29.36,29.469,18200,0
20131025,29.239,29.294,29.229,29.294,3893,0
20131028,29.378,29.378,29.099,29.127,7437,0
20131029,29.201,29.239,29.099,29.156,3484,0
20131030,29.239,29.239,29.062,29.062,3461,0
20131031,29.033,29.147,28.906,29.007,3678,0
20131101,28.859,28.859,28.859,28.859,903,0
20131104,28.859,28.869,28.813,28.813,1660,0
20131105,28.747,28.747,28.685,28.713,1460,0
20131106,28.979,29.099,28.48,29.007,3286,0
20131107,29.015,29.015,28.426,28.426,1317,0
20131108,28.713,28.841,28.407,28.813,5324,0
20131111,29.072,29.072,28.361,29.033,12387,0
20131112,28.832,28.832,28.731,28.731,474,0
20131113,28.685,28.731,28.315,28.407,18420,0
20131114,28.371,29.165,28.371,28.731,225553,0
20131115,29.268,29.268,29.156,29.156,1755,0
20131118,29.322,29.322,28.897,29.211,6159,0
20131119,28.38,29.052,28.38,28.916,4625,0
20131120,28.989,29.023,28.841,28.841,2235,0
20131121,28.695,28.916,28.655,28.916,789,0
20131125,28.989,29.033,28.775,28.906,6714,0
20131126,28.925,28.933,28.841,28.859,3512,0
20131127,29.248,29.248,29.072,29.072,595,0
20131129,29.192,29.248,29.192,29.248,11689,0
20131202,28.869,28.979,28.85,28.979,16499,0
20131203,28.784,28.784,28.444,28.637,1120,0
20131204,28.268,28.517,28.268,28.517,1302,0
20131205,28.278,28.323,28.138,28.148,7872,0
20131206,28.298,28.471,28.288,28.454,2634,0
20131209,28.813,28.813,28.426,28.665,23699,0
20131210,28.583,28.583,28.527,28.527,813,0
20131211,28.536,28.536,28.213,28.213,910,0
20131212,28.074,28.307,28.074,28.222,6930,0
20131213,28.222,28.222,28.112,28.148,586,0
20131216,28.416,28.416,28.333,28.397,15850,0
20131217,28.38,28.407,28.155,28.389,8341,0
20131218,28.602,28.602,28.454,28.554,1217,0
20131219,28.685,28.823,28.685,28.823,1384,0
20131220,28.917,28.917,28.803,28.803,1866,0
20131223,28.803,29.12,28.803,29.12,1894,0
20131224,28.832,29.025,28.832,28.898,3688,0
20131226,29.12,29.447,29.12,29.325,5814,0
20131227,29.529,29.529,29.317,29.482,3364,0
20131230,29.373,29.725,29.373,29.725,4477,0
20131231,29.697,29.773,29.575,29.773,979,0
20140102,29.65,29.65,29.364,29.364,1493,0
20140103,29.492,29.492,29.186,29.466,2877,0
20140106,29.509,29.509,29.261,29.373,3950,0
20140107,29.111,29.437,29.111,29.437,1570,0
20140108,29.456,29.492,29.354,29.492,33830,0
20140109,29.509,29.539,29.195,29.539,15071,0
20140110,29.242,29.584,29.242,29.584,1993,0
20140113,29.288,29.755,29.288,29.584,22414,0
20140114,29.584,29.764,29.584,29.755,4467,0
20140115,29.373,29.837,29.373,29.827,4653,0
20140116,29.93,30.014,29.93,29.976,2378,0
20140117,30.051,30.061,29.827,29.939,74137,0
20140121,29.985,30.237,29.967,30.061,3479,0
20140122,30.023,30.023,29.864,29.864,2583,0
20140123,29.882,29.882,29.584,29.584,4377,0
20140124,29.317,29.317,28.739,29.044,4059,0
20140127,28.525,29.101,28.525,28.654,3140,0
20140128,29.288,29.288,29.271,29.271,1286,0
20140129,29.017,29.025,28.775,28.813,3058,0
20140130,28.645,29.074,28.645,29.074,4995,0
20140131,28.498,28.775,28.469,28.73,8977,0
20140203,28.654,28.654,27.79,28.152,4049,0
20140204,27.735,28.219,27.735,27.966,8548,0
20140205,28.395,28.395,27.89,28.169,11640,0
20140206,28.572,28.61,28.245,28.525,9311,0
20140207,28.46,28.961,28.451,28.961,3158,0
20140210,28.917,28.917,28.654,28.694,1839,0
20140211,28.654,29.261,28.654,29.242,5520,0
20140212,29.232,29.232,29.214,29.222,5510,0
20140213,28.89,29.14,28.89,29.14,9151,0
20140214,28.88,29.288,28.88,29.242,4200,0
20140218,28.98,29.4,28.98,29.4,1835,0
20140219,29.15,29.519,29.14,29.15,5782,0
20140220,29.205,29.281,29.177,29.177,2333,0
20140221,29.392,29.4,29.354,29.373,3324,0
20140224,29.64,29.688,29.298,29.482,2827,0
20140225,29.707,29.707,29.364,29.474,970,0
20140226,29.725,29.725,29.373,29.373,1047,0
20140227,29.158,29.67,29.158,29.575,10637,0
20140228,29.854,29.891,29.688,29.827,8696,0
20140303,29.492,29.492,28.98,29.186,31865,0
20140304,29.773,29.827,29.755,29.773,12636,0
20140305,29.707,29.707,29.611,29.611,975,0
20140306,29.827,30.087,29.827,30.043,7676,0
20140310,29.764,29.764,29.482,29.725,3800,0
20140311,29.557,29.678,29.456,29.456,3937,0
20140312,29.12,29.298,29.12,29.167,16700,0
20140313,29.345,29.345,28.572,28.757,18187,0
20140314,28.684,28.784,28.619,28.619,2427,0
20140317,29.12,29.12,29.008,29.101,4106,0
20140318,28.898,29.186,28.898,29.177,3281,0
20140319,29.14,29.195,28.89,28.89,1601,0
20140320,28.794,28.794,28.721,28.757,831,0
20140321,28.861,28.982,28.675,28.695,4617,0
20140324,28.645,28.713,28.619,28.713,803,0
20140325,29.027,29.076,28.992,29.076,2956,0
20140326,29.291,29.301,29.094,29.094,3213,0
20140327,28.908,29.122,28.899,29.122,2454,0
20140328,29.542,29.832,29.42,29.42,3074,0
20140331,29.72,29.72,29.664,29.673,2215,0
20140401,29.802,29.905,29.802,29.859,2925,0
20140402,29.943,30.009,29.849,30.009,38291,0
20140403,29.887,29.905,29.832,29.877,2263,0
20140404,29.999,30.056,29.905,29.905,4446,0
20140407,29.768,29.768,29.682,29.758,901,0
20140408,29.31,29.654,29.31,29.644,1438,0
20140409,29.812,30.028,29.812,30.028,2900,0
20140410,29.934,29.934,29.533,29.533,679,0
20140411,29.42,29.42,29.264,29.264,3209,0
20140414,29.197,29.207,29.076,29.207,2423,0
20140415,29.179,29.179,28.766,28.814,27106,0
20140416,29.468,29.625,29.225,29.367,7132,0
20140417,29.692,29.776,29.523,29.701,15807,0
20140421,29.776,29.972,29.411,29.625,3929,0
20140422,29.476,29.812,29.476,29.812,4081,0
20140423,29.812,29.812,29.485,29.793,3666,0
20140424,29.72,29.72,29.597,29.597,606,0
20140425,29.44,29.523,29.44,29.523,459,0
20140428,29.842,29.842,29.468,29.468,4327,0
20140429,29.644,29.758,29.542,29.72,4985,0
20140430,29.849,29.849,29.793,29.822,3599,0
20140501,29.812,30.047,29.71,29.71,28889,0
20140502,29.849,29.915,29.654,29.654,2460,0
20140505,29.606,29.692,29.561,29.682,10251,0
20140506,29.776,30.13,29.692,29.701,2595,0
20140507,29.71,29.71,29.523,29.615,2174,0
20140508,29.749,29.776,29.644,29.776,10029,0
20140509,29.57,29.57,29.561,29.561,974,0
20140512,29.812,29.934,29.802,29.934,4559,0
20140513,30.195,30.195,29.963,30.101,8612,0
20140514,30.327,30.327,29.99,29.99,7421,0
20140515,29.905,29.905,29.729,29.776,4832,0
20140516,29.664,29.664,29.57,29.57,417,0
20140519,29.768,29.768,29.634,29.768,3483,0
20140520,29.692,29.692,29.523,29.542,2913,0
20140521,29.682,29.682,29.597,29.634,1402,0
20140522,29.739,29.739,29.739,29.739,201,0
20140523,29.859,29.877,29.859,29.867,1491,0
20140527,30.121,30.233,30.074,30.101,4062,0
20140528,30.233,30.233,30.093,30.14,1452,0
20140529,30.223,30.327,30.223,30.327,609,0
20140602,30.335,30.449,30.335,30.392,8117,0
20140603,30.298,30.298,30.298,30.298,289,0
20140604,30.363,30.363,30.363,30.363,410,0
20140605,30.589,30.738,30.589,30.738,2117,0
20140606,30.728,31.063,30.728,31.063,33966,0
20140609,30.906,30.906,30.774,30.876,3110,0
20140610,30.925,31.029,30.692,30.774,2600,0
20140611,30.662,30.662,30.372,30.533,14954,0
20140612,30.543,30.58,30.449,30.552,26507,0
20140613,30.466,30.466,30.382,30.382,2003,0
20140616,30.382,30.503,30.382,30.503,5943,0
20140617,30.439,30.449,30.335,30.335,1209,0
20140618,30.449,30.533,30.382,30.533,3966,0
20140619,30.952,30.962,30.738,30.738,2022,0
20140620,30.962,30.962,30.708,30.866,12662,0
20140623,30.595,30.631,30.538,30.631,7329,0
20140624,30.595,30.595,30.462,30.462,2694,0
20140625,30.433,30.518,30.413,30.518,5005,0
20140626,30.367,30.576,30.367,30.558,2499,0
20140627,30.538,30.669,30.376,30.669,1188,0
20140630,30.631,30.669,30.631,30.669,1720,0
20140702,30.839,30.866,30.839,30.866,3184,0
20140703,30.962,30.989,30.962,30.972,1918,0
20140707,30.848,30.848,30.659,30.669,3195,0
20140708,30.348,30.452,30.338,30.443,1627,0
20140709,30.423,30.548,30.338,30.338,26552,0
20140710,29.942,30.151,29.886,29.914,66815,0
20140714,30.225,30.225,30.179,30.188,8973,0
20140715,29.972,29.999,29.972,29.999,533,0
20140716,30.254,30.321,30.245,30.272,4962,0
20140717,30.197,30.254,30.047,30.047,11363,0
20140718,30.179,30.179,30.151,30.151,595,0
20140721,29.933,30.094,29.933,30.094,5325,0
20140722,30.141,30.321,30.141,30.321,1362,0
20140723,30.33,30.357,30.33,30.348,962,0
20140724,30.406,30.406,30.386,30.386,1122,0
20140725,30.348,30.518,30.282,30.33,1419,0
20140728,30.206,30.321,30.206,30.321,1862,0
20140729,30.367,30.376,30.292,30.301,10608,0
20140730,30.141,30.188,30.047,30.188,5348,0
20140731,29.756,29.756,29.726,29.726,2031,0
20140801,29.556,29.556,29.472,29.472,3111,0
20140804,29.876,29.876,29.398,29.444,2417,0
20140805,29.256,29.284,29.056,29.095,1573,0
20140806,28.991,29.027,28.991,29.027,1836,0
20140807,28.763,28.763,28.763,28.763,10519,0
20140808,28.812,28.907,28.792,28.907,2005,0
20140811,29.209,29.237,28.935,29.199,2615,0
20140812,29.237,29.237,29.123,29.189,49662,0
20140813,29.369,29.389,29.237,29.331,1787,0
20140814,29.499,29.499,29.36,29.444,1447,0
20140818,29.631,29.66,29.631,29.64,9674,0
20140819,29.756,29.774,29.756,29.774,508,0
20140820,29.547,29.708,29.547,29.631,4831,0
20140821,29.717,29.784,29.717,29.784,366,0
20140822,29.565,29.631,29.565,29.584,995,0
20140825,29.774,29.774,29.774,29.774,218,0
20140826,29.847,29.847,29.784,29.791,929,0
20140827,29.904,29.924,29.847,29.895,3765,0
20140828,29.67,29.765,29.67,29.765,1562,0
20140829,29.717,29.726,29.67,29.67,3231,0
20140902,29.784,29.784,29.66,29.774,3387,0
20140903,29.857,29.99,29.857,29.914,1886,0
20140904,29.866,29.866,29.866,29.866,286,0
20140905,29.67,29.765,29.67,29.746,21600,0
20140908,29.679,29.679,29.538,29.538,7617,0
20140909,29.463,29.528,29.444,29.499,1648,0
20140910,29.594,29.594,29.434,29.575,1411,0
20140911,29.341,29.398,29.294,29.398,10657,0
20140912,29.294,29.341,29.284,29.284,850,0
20140915,29.104,29.256,29.104,29.199,848,0
20140916,29.209,29.313,29.209,29.313,686,0
20140917,29.266,29.266,29.266,29.266,260,0
20140918,29.322,29.35,29.322,29.35,5620,0
20140919,29.226,29.226,29.226,29.226,254,0
20140922,29.188,29.188,29.188,29.188,699,0
20140924,28.961,29.045,28.944,29.045,4293,0
20140925,28.84,28.858,28.679,28.679,12285,0
20140926,28.849,28.849,28.84,28.849,3571,0
20140929,28.689,28.726,28.659,28.689,10593,0
20140930,28.565,28.649,28.537,28.585,1790,0
20141001,28.207,28.253,28.094,28.094,10098,0
20141002,27.735,27.97,27.735,27.735,798,0
20141003,27.913,27.913,27.913,27.913,326,0
20141006,28.141,28.141,27.875,27.875,1247,0
20141008,27.293,27.395,27.293,27.293,6516,0
20141009,27.405,27.454,27.028,27.028,6426,0
20141010,26.479,27.084,26.479,26.499,1342,0
20141013,26.651,26.689,26.613,26.622,4756,0
20141014,26.603,26.699,26.547,26.651,5388,0
20141015,26.338,26.396,26.019,26.396,2650,0
20141016,26.17,26.556,26.161,26.434,4250,0
20141017,26.671,26.671,26.566,26.651,7422,0
20141020,26.858,26.858,26.762,26.839,2140,0
20141021,26.963,27.112,26.963,27.112,1459,0
20141022,27.198,27.217,27.094,27.122,2215,0
20141023,27.319,27.415,27.319,27.385,2936,0
20141027,27.245,27.275,27.245,27.275,1776,0
20141028,27.509,27.537,27.509,27.537,5556,0
20141029,27.66,27.66,27.499,27.611,8053,0
20141030,27.547,27.66,27.547,27.66,565,0
20141031,28.094,28.293,28.056,28.293,5928,0
20141103,28.131,28.253,28.084,28.253,2580,0
20141105,27.875,27.97,27.866,27.97,7636,0
20141106,27.857,27.875,27.792,27.792,1179,0
20141107,27.802,27.802,27.782,27.782,494,0
20141110,28.075,28.084,28.075,28.075,14359,0
20141111,28.094,28.235,28.047,28.226,63243,0
20141112,27.952,28.056,27.932,27.932,1636,0
20141113,28.056,28.075,27.903,28.018,84043,0
20141114,27.913,27.913,27.913,27.913,565,0
20141117,27.735,27.782,27.66,27.764,1435,0
20141118,27.913,28.075,27.913,28.075,2485,0
20141119,27.922,28.008,27.848,27.942,2223,0
20141120,27.782,27.875,27.782,27.866,2657,0
20141121,28.187,28.187,28.008,28.094,776,0
20141124,28.293,28.293,28.177,28.187,10891,0
20141125,28.303,28.348,28.263,28.303,6815,0
20141126,28.377,28.47,28.312,28.444,33640,0
20141201,27.989,27.989,27.913,27.97,1741,0
20141202,27.97,28.037,27.97,28.037,2620,0
20141203,27.857,28.047,27.857,28.047,6046,0
20141204,28.047,28.047,27.932,28.047,4520,0
20141205,28.027,28.047,28.008,28.027,12246,0
20141208,27.744,27.744,27.744,27.744,1805,0
20141209,27.463,27.463,27.405,27.405,2832,0
20141210,27.405,27.405,27.235,27.235,280,0
20141211,27.301,27.329,27.151,27.151,3377,0
20141212,27.075,27.075,26.934,26.934,635,0
20141215,26.328,26.914,26.328,26.566,13297,0
20141216,26.743,26.972,26.743,26.858,5343,0
20141217,26.876,27.075,26.848,27.057,65964,0
20141218,27.425,27.489,27.293,27.481,24093,0
20141219,27.473,27.569,27.473,27.53,17472,0
20141222,27.559,27.673,27.559,27.569,2385,0
20141223,27.604,27.643,27.604,27.623,2557,0
20141224,27.578,27.852,27.578,27.852,428,0
20141229,27.643,27.653,27.569,27.653,1964,0
20141230,27.406,27.587,27.378,27.378,8380,0
20141231,27.386,27.559,27.309,27.309,4828,0
20150102,27.309,27.309,27.309,27.309,58288,0
20150105,26.59,26.695,26.59,26.695,1205,0
20150106,26.36,26.473,26.36,26.473,1931,0
20150107,26.531,26.531,26.438,26.438,63524,0
20150108,26.827,26.827,26.827,26.827,158,0
20150112,26.722,26.722,26.666,26.666,3599,0
20150113,26.961,27.018,26.676,26.749,2557,0
20150114,26.695,26.74,26.581,26.731,3530,0
20150115,27.008,27.008,26.788,26.798,4137,0
20150120,27.188,27.217,27.188,27.207,3628,0
20150121,27.329,27.329,27.284,27.284,3100,0
20150122,27.455,27.633,27.309,27.587,25528,0
20150123,27.569,27.569,27.569,27.569,1306,0
20150126,27.587,27.826,27.587,27.816,39675,0
20150127,27.613,27.71,27.559,27.71,3648,0
20150128,27.719,27.719,27.7,27.7,631,0
20150129,27.53,27.613,27.53,27.613,1088,0
20150130,27.455,27.491,27.358,27.491,882,0
20150202,27.539,27.653,27.539,27.643,3055,0
20150203,27.852,27.852,27.845,27.845,745,0
20150204,27.995,27.995,27.826,27.835,581,0
20150205,28.128,28.204,28.128,28.174,3664,0
20150206,27.966,28.024,27.767,27.826,8759,0
20150209,27.767,27.767,27.758,27.758,585,0
20150210,27.845,27.966,27.826,27.966,1962,0
20150211,27.719,27.816,27.719,27.816,838,0
20150212,28.174,28.271,28.174,28.271,1295,0
20150213,28.386,28.386,28.376,28.386,956,0
20150217,28.386,28.386,28.356,28.386,214,0
20150218,28.68,28.842,28.67,28.842,7127,0
20150219,28.899,28.899,28.793,28.88,705,0
20150220,28.983,29.222,28.947,29.183,3086,0
20150223,29.03,29.088,29.03,29.059,1818,0
20150224,29.107,29.107,29.079,29.079,4598,0
20150225,29.126,29.174,29.117,29.146,670,0
20150226,29.136,29.136,29.039,29.039,642,0
20150302,29.039,29.039,29.039,29.039,104,0
20150303,28.919,28.993,28.842,28.842,4000,0
20150304,28.69,28.745,28.69,28.736,3157,0
20150305,28.851,28.88,28.774,28.87,2106,0
20150306,28.622,28.622,28.424,28.452,8314,0
20150309,28.452,28.499,28.452,28.452,2315,0
20150310,28.184,28.184,28.184,28.184,104,0
20150311,28.251,28.251,28.128,28.214,1053,0
20150312,28.443,28.528,28.414,28.508,6841,0
20150313,28.461,28.489,28.328,28.489,14943,0
20150316,28.754,28.754,28.754,28.754,210,0
20150317,28.66,28.754,28.66,28.754,525,0
20150318,28.793,29.326,28.793,29.326,631,0
20150319,28.973,28.973,28.87,28.89,1788,0
20150320,29.149,29.505,29.149,29.34,4649,0
20150323,29.557,29.596,29.499,29.596,4614,0
20150324,29.557,29.557,29.528,29.528,629,0
20150325,29.652,29.652,29.463,29.463,1469,0
20150326,29.215,29.215,29.139,29.177,1469,0
20150327,29.139,29.253,29.1,29.253,9544,0
20150330,29.177,29.303,29.119,29.253,6711,0
20150331,28.892,28.892,28.834,28.882,1120,0
20150401,28.921,29.005,28.921,28.985,1991,0
20150402,29.406,29.406,29.177,29.243,9019,0
20150406,29.518,29.567,29.49,29.49,2831,0
20150407,29.652,29.652,29.518,29.518,38268,0
20150408,29.701,29.768,29.453,29.453,16361,0
20150409,29.528,29.528,29.424,29.424,4384,0
20150410,29.49,29.538,29.368,29.538,2517,0
20150413,29.49,29.49,29.349,29.349,838,0
20150414,29.453,29.596,29.453,29.567,3252,0
20150415,29.642,29.795,29.642,29.795,5577,0
20150416,29.729,29.959,29.729,29.959,2421,0
20150417,29.528,29.528,29.499,29.499,419,0
20150420,29.49,29.508,29.49,29.508,3347,0
20150421,29.872,29.91,29.853,29.91,2833,0
20150422,29.787,29.863,29.729,29.758,1463,0
20150423,29.692,30.063,29.692,30.053,2831,0
20150424,30.12,30.17,30.006,30.006,1765,0
20150427,30.358,30.415,30.206,30.387,27268,0
20150428,30.235,30.263,30.13,30.13,4961,0
20150429,30.016,30.1,30.016,30.1,734,0
20150430,29.835,29.835,29.739,29.739,734,0
20150501,29.94,29.94,29.94,29.94,4405,0
20150504,30.044,30.073,29.891,30.063,10592,0
20150505,29.682,29.682,29.682,29.682,838,0
20150506,29.805,29.996,29.749,29.749,3044,0
20150507,29.749,29.749,29.749,29.749,163,0
20150508,29.949,30.1,29.949,30.082,1258,0
20150511,29.891,30.016,29.882,29.882,3568,0
20150512,29.805,29.949,29.805,29.949,1174,0
20150513,30.073,30.16,30.073,30.13,1501,0
20150514,30.292,30.455,30.292,30.455,419,0
20150515,30.397,30.561,30.197,30.561,40770,0
20150518,30.473,30.473,30.415,30.415,399,0
20150519,30.321,30.321,30.272,30.321,801,0
20150520,30.14,30.263,30.14,30.263,1803,0
20150521,30.377,30.465,30.301,30.407,4614,0
20150522,30.387,30.387,30.254,30.272,2726,0
20150526,30.625,30.625,30.035,30.092,7927,0
20150527,30.225,30.33,30.225,30.33,2412,0
20150528,30.188,30.188,30.13,30.13,1868,0
20150529,29.71,29.93,29.71,29.845,5140,0
20150601,29.845,29.969,29.795,29.9,7415,0
20150602,29.987,29.987,29.987,29.987,523,0
20150603,30.178,30.216,30.178,30.216,2937,0
20150604,30.216,30.216,30.216,30.216,104,0
20150605,29.642,29.739,29.642,29.739,1258,0
20150608,29.586,29.672,29.576,29.613,35134,0
20150609,29.388,29.586,29.378,29.508,3673,0
20150610,29.863,30.025,29.853,30.016,3171,0
20150611,30.016,30.016,29.872,29.92,20564,0
20150612,29.586,29.701,29.508,29.596,151237,0
20150615,29.406,29.499,29.368,29.499,4405,0
20150616,29.349,29.388,29.312,29.388,1782,0
20150617,29.062,29.062,29.062,29.062,944,0
20150618,29.48,29.749,29.424,29.49,1679,0
20150619,29.591,29.591,29.543,29.543,416,0
20150622,29.86,29.976,29.775,29.775,5626,0
20150623,29.898,29.898,29.842,29.842,743,0
20150624,29.707,29.707,29.668,29.678,3335,0
20150625,29.785,29.785,29.543,29.543,1459,0
20150626,29.562,29.581,29.533,29.581,728,0
20150629,29.121,29.121,28.882,28.892,1771,0
20150630,29.131,29.131,28.69,28.746,9214,0
20150701,29.015,29.024,28.902,28.912,3750,0
20150702,28.872,28.931,28.815,28.931,2293,0
20150706,28.45,28.632,28.353,28.353,3750,0
20150707,28.248,28.277,27.836,28.277,2293,0
20150708,27.853,27.853,27.827,27.853,1043,0
20150709,28.112,28.316,27.93,27.93,3542,0
20150710,28.613,28.719,28.613,28.719,3126,0
20150713,28.872,28.882,28.844,28.882,2293,0
20150714,28.976,29.034,28.94,29.034,3267,0
20150715,28.902,28.986,28.872,28.872,2676,0
20150716,29.141,29.169,29.141,29.151,3126,0
20150717,29.112,29.112,29.034,29.054,833,0
20150720,29.054,29.054,29.054,29.054,103,0
20150721,29.151,29.151,28.949,29.024,1146,0
20150722,28.94,28.94,28.94,28.94,938,0
20150723,28.931,28.957,28.931,28.931,625,0
20150724,28.507,28.507,28.401,28.431,938,0
20150727,28.345,28.345,28.248,28.325,20108,0
20150728,28.287,28.517,28.287,28.517,1355,0
20150729,28.411,28.544,28.411,28.544,2083,0
20150730,28.507,28.527,28.507,28.527,416,0
20150731,28.834,28.912,28.719,28.746,12920,0
20150803,28.949,28.949,28.949,28.949,379,0
20150804,28.756,28.756,28.756,28.756,103,0
20150805,28.922,28.957,28.922,28.957,938,0
20150806,28.825,28.834,28.785,28.785,2227,0
20150807,28.776,28.834,28.756,28.834,2189,0
20150810,28.986,29.064,28.986,29.064,21463,0
20150811,28.68,28.68,28.613,28.68,5273,0
20150812,28.316,28.517,28.21,28.517,7292,0
20150813,28.603,28.632,28.603,28.622,4167,0
20150814,28.603,28.66,28.603,28.66,5001,0
20150817,28.421,28.421,28.421,28.421,2604,0
20150818,28.373,28.383,28.373,28.383,1146,0
20150819,28.027,28.027,27.93,27.978,5107,0
20150820,27.623,27.623,27.365,27.393,31465,0
20150821,27.212,27.221,26.712,26.741,16565,0
20150824,25.119,26.481,24.486,25.992,10839,0
20150825,26.694,26.704,26.118,26.118,1875,0
20150826,26.205,26.731,26.205,26.731,27609,0
20150827,26.933,27.125,26.904,27.02,53447,0
20150828,27.192,27.24,27.192,27.24,1146,0
20150831,27.115,27.183,27.115,27.183,2918,0
20150901,26.636,26.636,26.136,26.222,58031,0
20150902,26.579,26.579,26.443,26.452,5001,0
20150903,26.607,26.646,26.52,26.549,11355,0
20150904,26.186,26.186,26.108,26.108,728,0
20150908,26.579,26.675,26.539,26.675,7605,0
20150909,26.875,26.875,26.704,26.731,2918,0
20150910,26.875,26.913,26.808,26.808,916,0
20150911,26.808,26.885,26.779,26.885,1355,0
20150914,26.885,26.885,26.885,26.885,103,0
20150915,26.721,26.846,26.721,26.818,8544,0
20150916,27.096,27.173,27.096,27.173,4480,0
20150917,26.992,27.403,26.992,27.403,13483,0
20150918,26.588,26.619,26.389,26.427,4677,0
20150921,26.484,26.484,26.369,26.369,4786,0
20150922,25.753,25.763,25.716,25.763,6348,0
20150923,25.763,25.763,25.763,25.763,37,0
20150924,25.763,25.763,25.763,25.763,10,0
20150925,25.858,25.898,25.706,25.706,5724,0
20150928,25.706,25.706,25.706,25.706,2716,0
20150929,25.255,25.352,25.245,25.352,3851,0
20150930,25.563,25.563,25.408,25.524,5204,0
20151001,25.956,25.956,25.639,25.686,2498,0
20151002,25.917,26.138,25.878,26.138,4475,0
20151005,26.572,26.811,26.572,26.811,3501,0
20151006,26.802,26.898,26.802,26.898,7595,0
20151007,27.157,27.206,27.157,27.206,1811,0
20151008,27.216,27.503,27.216,27.503,25807,0
20151009,27.503,27.503,27.503,27.503,103,0
20151012,27.571,27.571,27.513,27.541,1804,0
20151013,27.301,27.33,27.254,27.254,1042,0
20151014,27.292,27.292,27.206,27.234,2290,0
20151015,27.503,27.657,27.503,27.58,1353,0
20151016,27.33,27.349,27.33,27.349,312,0
20151019,27.224,27.224,27.224,27.224,943,0
20151020,27.254,27.283,27.167,27.177,4786,0
20151021,27.475,27.475,27.407,27.407,312,0
20151022,27.657,27.723,27.657,27.723,1353,0
20151023,27.916,27.916,27.897,27.906,6973,0
20151026,27.867,27.887,27.867,27.887,832,0
20151027,27.637,27.637,27.561,27.561,936,0
20151028,27.551,27.686,27.493,27.608,5100,0
20151029,27.571,27.571,27.571,27.571,208,0
20151030,27.753,27.753,27.637,27.667,1873,0
20151102,27.763,27.867,27.763,27.858,8881,0
20151103,27.676,27.916,27.647,27.906,34999,0
20151104,27.763,27.763,27.694,27.694,930,0
20151105,27.551,27.667,27.541,27.667,416,0
20151106,27.561,27.599,27.561,27.599,208,0
20151109,27.31,27.466,27.283,27.466,1466,0
20151110,27.466,27.466,27.466,27.466,103,0
20151111,27.493,27.571,27.466,27.475,9886,0
20151112,27.234,27.359,27.234,27.234,6348,0
20151113,26.956,26.985,26.936,26.936,727,0
20151116,27.013,27.013,27.013,27.013,208,0
20151117,27.475,27.475,27.397,27.397,936,0
20151118,27.466,27.723,27.466,27.723,6973,0
20151119,27.791,27.791,27.791,27.791,416,0
20151120,27.848,27.906,27.771,27.791,2290,0
20151123,27.723,27.763,27.617,27.617,2290,0
20151124,27.763,27.763,27.763,27.763,1145,0
20151125,27.781,27.781,27.743,27.743,832,0
20151127,27.723,27.723,27.723,27.723,624,0
20151130,27.858,27.858,27.791,27.791,2601,0
20151201,27.925,27.973,27.877,27.973,22793,0
20151202,27.887,27.887,27.704,27.704,4897,0
20151203,27.599,27.599,27.427,27.427,945,0
20151204,27.571,27.714,27.522,27.714,1457,0
20151207,27.714,27.714,27.714,27.714,103,0
20151208,27.139,27.139,27.139,27.139,246,0
20151209,27.091,27.091,27.063,27.063,2185,0
20151210,27.099,27.099,27.099,27.099,727,0
20151211,26.668,26.668,26.629,26.629,416,0
20151214,26.562,26.639,26.532,26.639,6012,0
20151215,26.734,26.772,26.697,26.762,5724,0
20151216,26.936,27.119,26.849,27.119,13112,0
20151217,26.859,26.966,26.859,26.907,9573,0
20151218,26.581,26.633,26.581,26.633,728,0
20151221,26.796,27.039,26.476,26.584,5061,0
20151222,26.844,26.893,26.825,26.893,1184,0
20151223,27.136,27.193,27.136,27.184,2788,0
20151224,27.237,27.252,27.138,27.252,1341,0
20151228,27.054,27.054,27.054,27.054,602,0
20151229,27.358,27.358,27.348,27.358,2384,0
20151230,27.138,27.138,27.137,27.137,681,0
20151231,26.947,26.948,26.873,26.873,1949,0
20160104,26.312,26.428,26.312,26.428,773,0
20160105,26.428,26.428,26.311,26.399,18219,0
20160106,26.012,26.012,25.855,25.982,9811,0
20160107,25.697,25.741,25.538,25.6,22214,0
20160108,25.44,25.487,25.315,25.315,1593,0
20160111,25.232,25.45,25.232,25.401,23757,0
20160112,25.489,25.489,25.315,25.489,27106,0
20160113,25.428,25.433,25.102,25.121,6736,0
20160114,25.082,25.518,25.039,25.387,51267,0
20160115,24.685,24.73,24.433,24.616,7090,0
20160119,25.014,25.082,24.87,24.927,1446,0
20160120,24.229,24.317,23.862,24.317,24294,0
20160121,24.094,24.457,24.094,24.337,9389,0
20160122,24.889,25.073,24.889,25.061,65626,0
20160125,24.898,25.024,24.772,24.772,11183,0
20160126,25.186,25.257,25.186,25.257,5535,0
20160127,25.372,25.469,25.077,25.077,3402,0
20160128,25.363,25.392,25.155,25.335,39822,0
20160129,25.433,25.652,25.432,25.652,2166,0
20160201,25.671,25.701,25.61,25.701,2387,0
20160202,25.227,25.258,25.111,25.217,6308,0
20160203,25.217,25.237,24.84,25.237,3053,0
20160204,25.387,25.51,25.372,25.43,8225,0
20160205,25.217,25.217,25.217,25.217,3780,0
20160208,24.578,24.578,24.568,24.568,6637,0
20160209,24.317,24.656,24.317,24.636,1388,0
20160210,24.704,24.704,24.501,24.501,15782,0
20160211,24.104,24.161,24.07,24.161,3495,0
20160212,24.116,24.345,24.116,24.317,6917,0
20160216,25.024,25.13,24.87,25.063,21681,0
20160217,25.44,25.719,25.44,25.652,7329,0
20160218,25.701,25.731,25.701,25.731,4616,0
20160219,25.525,25.637,25.514,25.615,3228,0
20160222,26.002,26.002,25.971,25.982,2608,0
20160223,25.875,25.875,25.731,25.731,1102,0
20160224,25.343,25.497,25.335,25.497,3686,0
20160225,25.9,25.904,25.885,25.885,3904,0
20160226,26.177,26.177,25.845,25.861,2089,0
20160229,25.767,25.767,25.767,25.767,168,0
20160301,26.147,26.215,26.147,26.215,384,0
20160302,26.225,26.291,26.215,26.291,1267,0
20160303,26.651,26.709,26.594,26.651,7210,0
20160304,27.02,27.02,27.02,27.02,436,0
20160307,27.019,27.019,26.844,26.867,2699,0
20160308,26.747,26.768,26.728,26.768,851,0
20160309,26.664,26.806,26.664,26.784,26122,0
20160310,26.921,27.039,26.567,26.728,17458,0
20160311,27,27.251,27,27.242,831,0
20160314,27.257,27.299,27.213,27.213,1959,0
20160315,26.921,27.029,26.921,26.972,35522,0
20160316,26.941,27.039,26.941,27,3645,0
20160317,27.318,27.628,27.318,27.609,2158,0
20160321,27.551,27.658,27.482,27.612,4561,0
20160322,27.59,27.773,27.59,27.771,2813,0
20160323,27.456,27.456,27.311,27.311,61433,0
20160324,27.048,27.163,26.983,27.163,2727,0
20160328,27.416,27.416,27.308,27.338,2402,0
20160329,27.299,27.368,27.299,27.368,1812,0
20160330,27.862,28.071,27.862,27.949,11598,0
20160331,27.77,27.881,27.687,27.833,70726,0
20160401,27.161,27.304,27.161,27.304,2322,0
20160404,27.465,27.493,27.338,27.338,1891,0
20160405,26.882,26.882,26.882,26.882,265,0
20160406,26.98,27.135,26.805,27.13,3731,0
20160407,27.068,27.068,26.72,26.862,9384,0
20160408,27.338,27.493,27.338,27.493,791,0
20160412,27.532,27.803,27.532,27.803,5659,0
20160413,28.171,28.231,28.09,28.207,20689,0
20160414,28.279,28.304,28.231,28.269,2906,0
20160415,28.171,28.211,28.123,28.123,2521,0
20160418,28.187,28.356,28.187,28.31,1729,0
20160419,28.764,28.891,28.764,28.818,3218,0
20160420,28.931,28.995,28.891,28.93,32454,0
20160421,28.779,28.779,28.69,28.719,4985,0
20160422,28.707,28.716,28.637,28.637,1964,0
20160425,28.531,28.531,28.502,28.512,1093,0
20160426,28.66,28.66,28.57,28.57,3834,0
20160427,28.395,28.672,28.395,28.672,1528,0
20160428,28.385,28.386,28.288,28.288,2331,0
20160429,28.191,28.221,28.006,28.089,6044,0
20160503,27.949,27.998,27.929,27.998,794,0
20160504,27.638,27.705,27.638,27.705,421,0
20160505,27.602,27.628,27.6,27.628,1212,0
20160506,27.685,27.739,27.685,27.739,393,0
20160509,27.735,27.745,27.655,27.745,2714,0
20160510,27.765,28.056,27.765,28.056,2045,0
20160511,28.037,28.037,27.94,27.94,499,0
20160512,27.871,27.988,27.843,27.959,1298,0
20160513,27.638,27.638,27.531,27.531,792,0
20160516,27.92,27.92,27.89,27.89,486,0
20160517,28.007,28.033,27.998,28.017,1067,0
20160518,27.758,28.047,27.677,27.765,5966,0
20160520,27.837,27.837,27.793,27.793,1803,0
20160523,27.783,27.862,27.773,27.823,14911,0
20160524,27.978,28.035,27.978,28.028,1534,0
20160525,28.143,28.221,28.143,28.201,13501,0
20160526,28.25,28.269,28.25,28.269,299,0
20160527,28.318,28.318,28.211,28.221,10070,0
20160531,28.339,28.389,28.218,28.218,1452,0
20160601,28.113,28.157,28.104,28.157,6069,0
20160602,27.93,27.93,27.93,27.93,754,0
20160603,28.259,28.259,28.259,28.259,1120,0
20160606,28.554,28.558,28.498,28.498,1231,0
20160607,28.744,28.836,28.735,28.803,1522,0
20160608,28.89,28.89,28.856,28.856,1348,0
20160609,28.493,28.589,28.454,28.579,7460,0
20160610,27.852,27.852,27.694,27.694,16703,0
20160613,27.465,27.484,27.302,27.308,12893,0
20160614,27.163,27.163,27.163,27.163,1206,0
20160615,27.311,27.311,27.299,27.299,1795,0
20160616,26.876,27.161,26.876,27.161,1434,0
20160617,27.095,27.095,27.095,27.095,665,0
20160620,28.224,28.224,28.195,28.195,2000,0
20160621,28.219,28.351,28.219,28.351,3213,0
20160622,28.439,28.439,28.164,28.164,1182,0
20160624,27.086,27.086,26.662,26.662,633,0
20160627,26.132,26.254,25.884,25.964,7622,0
20160628,26.564,26.643,26.436,26.594,26082,0
20160629,27.173,27.23,27.144,27.192,2518,0
20160630,27.419,27.439,27.37,27.409,1980,0
20160705,27.134,27.19,26.977,26.977,1002,0
20160706,26.819,26.927,26.819,26.927,576,0
20160707,27.072,27.072,26.828,26.871,1359,0
20160708,27.203,27.221,27.192,27.221,1359,0
20160711,27.841,27.929,27.841,27.882,4235,0
20160712,28.125,28.145,28.107,28.107,636,0
20160713,28.154,28.154,28.154,28.154,826,0
20160715,28.234,28.235,28.234,28.235,684,0
20160718,28.231,28.253,28.195,28.195,1076,0
20160719,28.066,28.071,28.038,28.038,3148,0
20160720,28.273,28.342,28.263,28.308,27835,0
20160721,28.115,28.263,28.115,28.263,1068,0
20160722,28.096,28.263,28.096,28.179,28687,0
20160725,28.194,28.204,28.194,28.204,420,0
20160726,28.352,28.361,28.284,28.351,1338,0
20160727,28.441,28.51,28.381,28.381,967,0
20160728,28.47,28.538,28.431,28.538,4483,0
20160729,28.784,28.825,28.784,28.825,303,0
20160801,28.677,28.677,28.54,28.54,757,0
20160802,28.45,28.45,28.332,28.401,2046,0
20160804,28.381,28.471,28.381,28.471,978,0
20160808,28.696,28.744,28.686,28.726,653,0
20160809,29.02,29.111,29.02,29.02,1149,0
20160810,29.226,29.226,29.226,29.226,127,0
20160811,29.411,29.471,29.411,29.471,606,0
20160812,29.394,29.394,29.394,29.394,129,0
20160815,29.53,29.628,29.501,29.566,54293,0
20160816,29.481,29.51,29.444,29.509,1235,0
20160817,29.345,29.56,29.325,29.52,28154,0
20160818,29.55,29.658,29.54,29.658,792,0
20160819,29.51,29.565,29.51,29.54,771,0
20160822,29.574,29.678,29.57,29.678,2743,0
20160823,29.913,29.922,29.786,29.786,1371,0
20160824,29.805,29.805,29.757,29.757,9651,0
20160825,29.727,29.727,29.57,29.57,1253,0
20160826,29.618,29.825,29.335,29.355,1972,0
20160829,29.501,29.57,29.491,29.57,591,0
20160830,29.451,29.51,29.426,29.471,939,0
20160831,29.52,29.53,29.394,29.394,1185,0
20160901,29.579,29.628,29.54,29.55,1983,0
20160902,29.777,29.893,29.777,29.845,2448,0
20160906,30.127,30.183,30.127,30.183,818,0
20160907,30.326,30.326,30.199,30.276,8054,0
20160908,30.199,30.258,30.14,30.153,4200,0
20160909,29.777,29.777,29.573,29.599,7983,0
20160912,29.325,29.657,29.325,29.657,1000,0
20160913,29.362,29.384,29.148,29.148,3964,0
20160914,29.266,29.266,29.208,29.208,2189,0
20160916,29.145,29.192,29.114,29.164,3538,0
20160919,29.379,29.379,29.278,29.278,951,0
20160921,29.656,29.684,29.656,29.664,758,0
20160922,30.403,30.403,30.235,30.241,1371,0
20160923,29.989,30.072,29.989,30.072,737,0
20160926,29.694,29.783,29.684,29.743,11274,0
20160927,29.727,29.861,29.727,29.861,400,0
20160928,29.9,30.038,29.9,29.98,1537,0
20160929,29.97,29.989,29.703,29.703,5164,0
20160930,29.861,29.993,29.796,29.97,3069,0
20161003,29.91,29.93,29.835,29.9,3554,0
20161004,30.028,30.028,29.841,29.9,1275,0
20161005,29.968,29.968,29.968,29.968,390,0
20161006,29.871,29.94,29.821,29.93,28167,0
20161011,29.421,29.427,29.421,29.427,387,0
20161012,29.335,29.406,29.335,29.406,1629,0
20161013,29.178,29.36,29.167,29.332,9784,0
20161014,29.506,29.575,29.389,29.389,8605,0
20161017,29.291,29.33,29.291,29.33,233,0
20161018,29.604,29.743,29.549,29.644,46880,0
20161019,29.783,29.791,29.664,29.763,37512,0
20161020,29.723,29.753,29.634,29.723,3451,0
20161021,29.654,29.654,29.506,29.604,6531,0
20161024,29.684,29.684,29.619,29.619,4606,0
20161025,29.604,29.634,29.579,29.634,9558,0
20161026,29.415,29.556,29.415,29.506,1546,0
20161027,29.32,29.32,29.32,29.32,124,0
20161028,29.284,29.32,29.281,29.291,1419,0
20161031,29.182,29.261,29.182,29.221,31785,0
20161101,29.259,29.31,29.057,29.087,2046,0
20161102,28.995,28.995,28.923,28.923,622,0
20161104,28.818,28.818,28.68,28.748,71154,0
20161107,29.081,29.081,29.081,29.081,325,0
20161108,29.082,29.115,29.082,29.115,549,0
20161109,28.857,29.148,28.857,29.148,967,0
20161110,29.231,29.389,29.231,29.389,3685,0
20161111,29.015,29.015,29.015,29.015,269,0
20161114,28.837,28.837,28.837,28.837,1191,0
20161115,29.015,29.051,29.015,29.032,423,0
20161116,28.907,28.907,28.788,28.847,7425,0
20161117,28.962,28.962,28.962,28.962,266,0
20161118,28.748,28.748,28.748,28.748,281,0
20161121,28.946,28.975,28.907,28.975,432,0
20161123,28.824,29.001,28.824,28.958,784,0
20161125,28.93,28.93,28.93,28.93,114,0
20161128,28.877,28.917,28.867,28.867,14510,0
20161129,28.965,29.123,28.946,29.046,2122,0
20161130,29.171,29.171,29.003,29.015,923,0
20161201,28.956,28.985,28.926,28.985,1431,0
20161202,28.887,28.887,28.822,28.867,2016,0
20161205,29.267,29.307,29.267,29.307,879,0
20161206,29.325,29.34,29.325,29.34,490,0
20161207,29.34,29.644,29.34,29.616,2293,0
20161208,29.614,29.659,29.585,29.585,1724,0
20161209,29.497,29.644,29.497,29.644,2379,0
20161212,29.499,29.499,29.499,29.499,149,0
20161213,29.804,29.804,29.733,29.733,588,0
20161214,29.671,29.817,29.516,29.516,914,0
20161215,29.22,29.22,29.153,29.184,1591,0
20161216,29.143,29.143,29.143,29.143,219,0
20161219,29.326,29.326,29.226,29.226,2197,0
20161220,29.273,29.304,29.234,29.304,851,0
20161221,29.302,29.32,29.271,29.271,2651,0
20161222,29.287,29.319,29.287,29.319,1018,0
20161227,29.29,29.29,29.274,29.274,980,0
20161228,29.192,29.197,29.192,29.197,684,0
20161229,29.116,29.134,29.116,29.132,808,0
20161230,29.354,29.354,29.144,29.212,4451,0
20170103,29.251,29.36,29.221,29.36,1392,0
20170104,29.586,29.725,29.577,29.646,25375,0
20170105,29.98,30.072,29.953,30.072,34951,0
20170106,29.913,29.934,29.814,29.894,21005,0
20170109,29.801,29.864,29.791,29.811,7532,0
20170110,29.913,29.963,29.814,29.893,3497,0
20170111,29.839,30.035,29.819,30.035,1653,0
20170112,30.207,30.207,30.044,30.149,4186,0
20170113,30.211,30.319,30.211,30.3,1009,0
20170117,30.042,30.24,30.042,30.24,1067,0
20170118,30.058,30.101,30.03,30.03,1939,0
20170119,29.973,30.012,29.844,30.012,27413,0
20170120,30.221,30.221,30.156,30.186,1565,0
20170123,30.227,30.381,30.21,30.349,3573,0
20170124,30.438,30.596,30.417,30.517,4349,0
20170125,30.735,30.764,30.735,30.745,837,0
20170126,30.768,30.804,30.711,30.711,43569,0
20170127,30.715,30.715,30.633,30.656,5811,0
20170130,30.497,30.497,30.294,30.428,3217,0
20170131,30.378,30.566,30.35,30.388,3031,0
20170201,30.695,30.814,30.623,30.804,5743,0
20170202,30.631,30.636,30.631,30.636,578,0
20170203,30.586,30.733,30.576,30.618,11084,0
20170206,30.507,30.507,30.3,30.487,1460,0
20170207,30.537,30.537,30.448,30.448,13821,0
20170208,30.659,30.659,30.557,30.557,21768,0
20170209,30.586,30.656,30.586,30.656,3377,0
20170210,30.747,30.834,30.747,30.834,1415,0
20170213,31.002,31.057,30.986,31.042,2792,0
20170214,30.923,30.992,30.835,30.96,11029,0
20170216,31.012,31.049,30.973,31.002,2509,0
20170217,30.871,30.913,30.871,30.913,392,0
20170221,30.893,31.139,30.893,31.139,857,0
20170222,31.04,31.04,31.002,31.019,676,0
20170223,31.201,31.23,31.17,31.17,1383,0
20170224,30.844,30.863,30.784,30.784,1869,0
20170227,30.892,30.892,30.892,30.892,429,0
20170228,31.072,31.072,31.06,31.06,639,0
20170302,31.261,31.261,31.21,31.21,1130,0
20170303,31.239,31.239,31.032,31.23,18367,0
20170308,31.071,31.121,31.002,31.006,63421,0
20170309,30.784,31.012,30.784,30.982,6799,0
20170310,31.129,31.179,31.129,31.16,2158,0
20170313,31.357,31.357,31.21,31.279,975,0
20170314,31.139,31.139,31.085,31.085,1296,0
20170315,31.21,31.264,31.21,31.264,814,0
20170316,31.723,31.842,31.723,31.749,5698,0
20170317,31.711,31.807,31.711,31.807,959,0
20170320,31.81,31.869,31.797,31.8,78086,0
20170321,31.968,31.968,31.621,31.621,2526,0
20170322,31.483,31.77,31.483,31.77,1592,0
20170323,31.81,31.958,31.81,31.938,2846,0
20170324,31.958,31.958,31.958,31.958,317,0
20170328,32.037,32.158,32.037,32.158,12635,0
20170329,32.067,32.067,32.067,32.067,745,0
20170330,32.067,32.077,32.067,32.077,459,0
20170403,31.816,31.968,31.816,31.968,768,0
20170405,31.958,32.067,31.918,31.933,8978,0
20170406,31.968,31.978,31.968,31.978,568,0
20170407,31.988,31.988,31.889,31.948,1588,0
20170410,31.906,31.968,31.879,31.879,2817,0
20170411,31.97,32.087,31.97,32.068,3549,0
20170412,31.948,32.062,31.889,32.062,3381,0
20170413,31.9,31.908,31.81,31.842,1492,0
20170417,31.968,32.067,31.968,31.989,4627,0
20170418,31.83,31.874,31.78,31.78,1158,0
20170419,31.889,31.949,31.829,31.829,2723,0
20170420,32.057,32.225,32.057,32.176,15548,0
20170421,32.166,32.176,32.11,32.132,5045,0
20170424,32.799,32.987,32.799,32.987,11538,0
20170425,33.24,33.324,33.199,33.199,3015,0
20170426,33.096,33.304,33.096,33.252,4678,0
20170427,33.245,33.284,33.221,33.279,4107,0
20170428,33.277,33.309,33.237,33.309,3284,0
20170501,33.403,33.408,33.371,33.408,473,0
20170502,33.393,33.631,33.393,33.527,31883,0
20170503,33.462,33.551,33.334,33.474,13928,0
20170504,33.601,33.819,33.601,33.819,50791,0
20170505,33.818,34.125,33.818,34.116,2417,0
20170508,33.838,33.843,33.793,33.843,1158,0
20170509,33.745,33.745,33.631,33.631,623,0
20170510,33.7,33.759,33.649,33.73,5754,0
20170511,33.353,33.551,33.334,33.413,7157,0
20170512,33.589,33.719,33.532,33.594,8602,0
20170515,33.779,33.779,33.779,33.779,435,0
20170516,33.868,33.935,33.868,33.894,2639,0
20170517,33.611,33.63,33.472,33.472,5204,0
20170518,33.472,33.566,33.472,33.472,2012,0
20170519,33.898,33.901,33.801,33.898,1099,0
20170522,33.977,34.017,33.928,34.017,5818,0
20170523,33.947,33.992,33.908,33.947,934,0
20170524,34.046,34.111,33.908,34.046,2555,0
20170525,34.234,34.239,34.116,34.125,26288,0
20170526,34.066,34.135,33.997,34.135,2708,0
20170530,34.155,34.224,34.086,34.145,4397,0
20170531,34.125,34.343,34.106,34.263,4818,0
20170601,34.51,34.51,34.51,34.51,383,0
20170602,35.021,35.021,35.021,35.021,164,0
20170605,34.789,34.912,34.789,34.848,9074,0
20170606,34.659,34.734,34.659,34.719,2541,0
20170607,34.676,34.858,34.551,34.739,15739,0
20170608,34.601,34.709,34.284,34.67,13093,0
20170609,34.62,34.64,34.546,34.546,5691,0
20170612,34.359,34.452,34.359,34.401,2933,0
20170613,34.69,34.789,34.662,34.739,3046,0
20170614,34.996,35.021,34.579,34.579,7623,0
20170615,34.205,34.452,34.096,34.452,1940,0
20170616,34.54,34.6888,34.54,34.6888,1051,0
20170619,35.06,35.06,34.95,34.95,777,0
20170620,34.83,34.83,34.6787,34.72,3077,0
20170621,34.71,34.72,34.4745,34.72,2565,0
20170622,34.6,34.73,34.6,34.6408,2083,0
20170623,34.83,34.835,34.564,34.82,2988,0
20170626,35.02,35.02,34.7,34.7001,2489,0
20170627,34.431,34.5773,34.431,34.5184,2611,0
20170628,34.73,34.85,34.62,34.8,5140,0
20170629,34.47,34.49,34.393,34.3997,1691,0
20170630,34.5393,34.582,34.27,34.32,4946,0
20170703,34.537,34.57,34.41,34.57,3962,0
20170705,34.29,34.535,34.2367,34.535,2198,0
20170706,34.24,34.33,34.13,34.215,7773,0
20170707,34.3,34.8,34.26,34.48,1555,0
20170710,34.34,34.53,34.27,34.5,14683,0
20170711,34.25,34.447,34.25,34.41,59672,0
20170712,34.85,34.8742,34.83,34.83,2682,0
20170713,34.72,35.3087,34.53,34.65,183020,0
20170714,34.83,35.0299,34.76,34.9353,52560,0
20170717,34.8,34.9399,34.71,34.75,42303,0
20170718,34.7963,34.95,34.76,34.87,7736,0
20170719,34.86,35.0693,34.791,34.86,15664,0
20170720,35.1,35.1,34.895,34.895,30737,0
20170721,34.74,34.902,34.66,34.902,4693,0
20170724,34.54,34.71,34.52,34.71,20424,0
