Date,Open,High,Low,Close,Volume,OpenInt
20130723,47.102,47.102,46.641,46.66,4949,0
20130724,46.55,46.595,46.55,46.595,342,0
20130725,46.595,46.837,46.578,46.837,3048,0
20130726,46.68,46.793,46.53,46.614,3209,0
20130729,46.923,46.923,46.784,46.784,1271,0
20130730,46.875,46.969,46.856,46.969,1178,0
20130731,47.054,47.054,46.846,46.846,2463,0
20130802,47.193,47.409,47.193,47.409,3689,0
20130805,47.838,47.838,47.391,47.418,807,0
20130806,47.344,47.344,47.102,47.165,80919,0
20130807,47.511,47.511,46.846,46.969,17235,0
20130808,47.373,47.373,47.025,47.193,4176,0
20130809,47.156,47.156,47.025,47.093,103510,0
20130812,47.288,47.288,46.905,46.942,77083,0
20130813,47.24,47.259,47.22,47.22,749,0
20130814,47.279,47.279,46.905,46.905,65240,0
20130815,46.585,46.585,46.195,46.232,25970,0
20130816,46.27,46.306,46.08,46.099,30771,0
20130819,46.27,46.27,46.046,46.046,5917,0
20130820,46.511,46.511,46.287,46.409,1230,0
20130821,48.29,48.29,45.98,46.38,8201,0
20130822,46.409,49.793,46.371,46.736,2994,0
20130823,46.746,46.774,46.595,46.7,37784,0
20130826,47.211,47.211,46.632,46.632,18709,0
20130827,46.65,46.65,45.801,45.875,12120,0
20130828,46.278,46.278,45.99,46.055,9763,0
20130829,46.242,46.278,46.137,46.167,8887,0
20130830,46.414,46.414,45.965,46.03,21551,0
20130903,46.306,46.306,45.961,46.07,28106,0
20130904,46.167,46.53,46.167,46.465,27868,0
20130905,46.55,46.595,46.521,46.521,2018,0
20130906,46.323,46.774,46.323,46.755,43864,0
20130909,46.755,47.063,46.755,47.016,2437,0
20130910,47.717,47.717,47.259,47.288,4425,0
20130911,47.202,47.455,47.202,47.455,931,0
20130912,49.859,49.859,47.418,47.511,2814,0
20130913,47.783,47.783,47.55,47.634,4278,0
20130916,47.812,47.905,47.708,47.708,1328,0
20130917,47.931,47.971,47.905,47.971,1818,0
20130918,48.232,48.654,48.232,48.605,12598,0
20130919,48.886,48.886,48.605,48.671,6418,0
20130920,48.847,48.847,48.325,48.477,8953,0
20130923,47.931,48.325,47.931,48.213,7597,0
20130924,48.111,48.3,48.064,48.064,1040,0
20130925,48.019,48.019,47.849,47.869,4830,0
20130926,48.215,48.215,47.999,48.139,15227,0
20130927,48.401,48.401,47.859,47.922,39332,0
20130930,47.829,47.829,47.201,47.624,7697,0
20131001,47.922,47.999,47.745,47.859,3865,0
20131002,47.793,47.972,47.726,47.932,1866,0
20131003,48.336,48.336,47.314,47.588,44417,0
20131004,47.999,47.999,47.491,47.803,11428,0
20131007,47.783,47.783,47.408,47.435,31410,0
20131008,47.118,47.324,46.706,46.706,27645,0
20131009,47.277,47.277,46.423,46.743,9184,0
20131010,47.559,47.559,47.257,47.417,21592,0
20131011,47.67,47.896,47.67,47.829,27491,0
20131014,48.158,48.263,47.689,48.195,97324,0
20131015,48.551,48.551,47.829,47.896,35977,0
20131016,48.589,48.589,48.205,48.523,48339,0
20131017,48.798,48.798,48.225,48.711,48578,0
20131018,49.266,49.266,48.89,49.18,41819,0
20131021,49.501,49.501,49.142,49.275,49521,0
20131022,49.754,49.754,49.302,49.462,74519,0
20131023,49.462,49.462,49.229,49.405,40084,0
20131024,49.744,49.744,49.405,49.545,136343,0
20131025,49.847,49.847,49.612,49.668,45746,0
20131028,50.176,50.176,49.771,49.902,58938,0
20131029,50.22,50.22,49.931,50.22,38784,0
20131030,50.644,50.644,49.959,50.118,51958,0
20131031,49.866,50.168,49.866,49.94,29669,0
20131101,50.466,50.466,49.724,49.978,15669,0
20131104,50.568,50.568,49.996,50.204,48231,0
20131105,50.118,50.267,49.875,50.195,57923,0
20131106,50.727,50.727,50.239,50.45,52465,0
20131107,50.52,50.52,49.714,49.8,15261,0
20131108,49.988,50.229,49.94,50.229,32594,0
20131111,50.353,50.466,50.277,50.4,46349,0
20131112,50.53,50.53,50.229,50.43,54086,0
20131113,50.344,50.898,50.344,50.898,42040,0
20131114,51.046,51.207,51.046,51.207,22650,0
20131115,51.534,51.534,51.177,51.439,34821,0
20131118,51.489,51.544,51.112,51.132,34342,0
20131119,51.3,51.347,51.105,51.197,28820,0
20131120,51.225,51.3,50.889,51.019,33593,0
20131121,51.517,51.517,51.187,51.459,51071,0
20131122,51.449,51.636,51.439,51.636,63128,0
20131125,52.024,52.024,51.581,51.581,34215,0
20131126,51.842,51.842,51.59,51.76,13268,0
20131127,52.069,52.069,51.806,51.918,10552,0
20131129,52.088,52.113,51.995,51.995,6345,0
20131202,52.277,52.277,51.75,51.75,12174,0
20131203,51.676,51.724,51.459,51.628,35112,0
20131204,51.779,51.779,51.215,51.581,72437,0
20131205,51.628,51.628,51.385,51.449,168607,0
20131206,51.731,51.937,51.628,51.835,32730,0
20131209,52.249,52.249,51.91,51.995,27980,0
20131210,52.05,52.05,51.696,51.75,39716,0
20131211,51.862,51.862,51.263,51.263,21551,0
20131212,51.318,51.318,51.036,51.15,20230,0
20131213,51.15,51.15,50.88,51.027,11418,0
20131216,51.439,51.517,51.253,51.366,134416,0
20131217,51.656,51.656,51.085,51.167,68524,0
20131218,51.347,51.937,50.924,51.901,322809,0
20131219,51.947,52.031,51.797,51.985,201455,0
20131220,52.05,52.416,52.05,52.332,39218,0
20131223,52.704,53.099,52.451,52.619,112849,0
20131224,52.768,52.768,52.619,52.722,31369,0
20131226,52.657,53.061,52.657,53.061,231232,0
20131227,53.25,53.25,52.921,52.976,80200,0
20131230,53.126,53.126,52.874,52.976,59288,0
20131231,53.232,53.305,53.004,53.184,58661,0
20140102,53.126,53.41,52.639,52.787,83461,0
20140103,53.232,53.232,52.599,52.684,80856,0
20140106,52.676,52.676,52.344,52.478,67179,0
20140107,52.797,52.938,52.713,52.903,91518,0
20140108,53.052,53.052,52.694,52.884,75708,0
20140109,53.042,53.061,52.619,52.855,77189,0
20140110,52.835,53.07,52.732,52.966,18123,0
20140113,53.014,53.033,52.128,52.235,42894,0
20140114,52.497,52.855,52.382,52.835,21009,0
20140115,53.061,53.184,52.938,53.099,41914,0
20140116,53.135,53.135,52.921,53.126,18466,0
20140117,53.232,53.232,52.893,52.985,27003,0
20140121,53.511,53.511,52.806,53.194,28997,0
20140122,53.108,53.108,52.903,53.061,27390,0
20140123,52.948,52.948,52.372,52.667,28759,0
20140124,52.29,52.327,51.574,51.574,377720,0
20140127,51.574,51.708,50.831,51.159,70190,0
20140128,51.32,51.32,51.019,51.254,39414,0
20140129,51.076,51.133,50.605,50.811,35186,0
20140130,51.292,51.311,50.933,51.188,25646,0
20140131,50.624,51.208,50.624,50.953,46697,0
20140203,51.086,51.086,49.693,49.757,55557,0
20140204,49.863,50.21,49.863,50.145,389071,0
20140205,50.049,50.135,49.617,50.003,74376,0
20140206,50.155,50.615,50.155,50.615,12479,0
20140207,50.962,51.405,50.774,51.405,22030,0
20140210,51.555,51.555,51.264,51.518,38392,0
20140211,51.63,52.109,51.574,52.073,33936,0
20140212,52.195,52.344,52.092,52.186,26397,0
20140213,52.019,52.58,51.96,52.526,24328,0
20140214,52.639,52.825,52.441,52.751,36339,0
20140218,52.893,52.948,52.694,52.938,38202,0
20140219,52.903,53.061,52.544,52.551,57487,0
20140220,52.507,52.948,52.451,52.948,36483,0
20140221,53.061,53.145,52.835,52.835,22450,0
20140224,53.061,53.351,52.966,53.126,66836,0
20140225,52.966,53.269,52.966,53.061,19936,0
20140226,53.351,53.448,53.042,53.241,36661,0
20140227,53.41,53.439,53.061,53.38,14877,0
20140228,53.194,53.702,53.126,53.448,64804,0
20140303,53.361,53.361,52.639,52.938,87860,0
20140304,53.711,53.88,53.615,53.832,30009,0
20140305,53.946,53.946,53.634,53.693,28863,0
20140306,53.946,53.946,53.634,53.73,29312,0
20140307,53.832,54.048,53.476,53.577,13086,0
20140310,53.577,53.674,53.4,53.674,15389,0
20140311,53.871,53.889,53.439,53.54,5615,0
20140312,53.615,53.615,53.135,53.56,24581,0
20140313,53.664,53.664,52.694,52.855,32715,0
20140314,52.639,52.966,52.639,52.694,19384,0
20140317,52.806,53.332,52.806,53.241,26501,0
20140318,53.486,53.739,53.351,53.711,13312,0
20140319,53.889,53.889,53.004,53.323,55804,0
20140320,53.099,53.52,53.099,53.39,12763,0
20140321,53.625,53.739,53.014,53.108,225881,0
20140324,53.361,53.361,52.609,53.004,26548,0
20140325,53.62,53.62,52.837,53.187,25633,0
20140326,53.309,53.639,52.743,52.743,46804,0
20140327,52.571,52.658,52.308,52.562,15884,0
20140328,52.905,53.073,52.6,52.695,19467,0
20140331,53.073,53.3,53.026,53.197,9828,0
20140401,53.461,53.716,53.461,53.716,14430,0
20140402,53.772,53.952,53.679,53.857,13317,0
20140403,53.799,53.923,53.48,53.649,9409,0
20140404,53.763,53.763,52.695,52.827,214609,0
20140407,52.752,52.752,52.099,52.372,207792,0
20140408,52.372,52.571,52.127,52.402,33151,0
20140409,52.705,53.128,52.562,53.128,11413,0
20140410,53.271,53.271,51.969,52.146,13956,0
20140411,51.696,52.053,51.41,51.508,31519,0
20140414,51.911,52.044,51.599,51.893,28469,0
20140415,52.018,52.372,51.468,52.335,30507,0
20140416,52.658,52.94,52.571,52.94,26906,0
20140417,52.932,53.128,52.695,53.045,46693,0
20140421,52.867,53.167,52.867,53.158,45449,0
20140422,53.365,53.565,53.225,53.451,26416,0
20140423,53.309,53.309,53.167,53.197,21409,0
20140424,53.461,53.565,52.913,53.245,16162,0
20140425,53.055,53.083,52.789,52.847,17861,0
20140428,53.093,53.263,52.676,53.235,31864,0
20140429,53.48,53.555,53.346,53.516,352292,0
20140430,53.235,53.659,53.235,53.591,96740,0
20140501,53.772,53.857,53.516,53.669,41959,0
20140502,53.789,53.857,53.525,53.545,8513,0
20140505,53.573,53.799,53.29,53.789,27517,0
20140506,53.582,53.716,53.336,53.355,7008,0
20140507,53.451,53.451,52.847,53.317,10344,0
20140508,53.317,53.772,53.28,53.336,9819,0
20140509,53.451,53.565,53.309,53.565,10853,0
20140512,53.838,54.131,53.838,54.131,9758,0
20140513,54.206,54.339,54.149,54.225,11301,0
20140514,54.225,54.225,53.905,53.905,41775,0
20140515,53.707,53.707,53.187,53.346,25931,0
20140516,53.326,53.611,53.167,53.611,11910,0
20140519,53.535,53.847,53.516,53.799,75891,0
20140520,53.659,53.725,53.326,53.471,57032,0
20140521,53.679,53.847,53.629,53.847,12904,0
20140522,53.895,54.104,53.847,53.98,44682,0
20140523,54.112,54.254,54.112,54.254,10002,0
20140527,54.376,54.509,54.358,54.461,20714,0
20140528,54.566,54.594,54.414,54.452,17669,0
20140529,54.517,54.659,54.499,54.659,15205,0
20140530,54.726,54.839,54.612,54.839,45557,0
20140602,54.839,55,54.659,54.877,282738,0
20140603,54.736,54.81,54.631,54.756,13622,0
20140604,54.537,55.047,54.509,54.877,11783,0
20140605,54.98,55.284,54.857,55.217,10654,0
20140606,55.359,55.442,55.349,55.432,15141,0
20140609,55.566,55.596,55.432,55.482,14817,0
20140610,55.472,55.51,55.284,55.369,19695,0
20140611,55.274,55.294,55.086,55.187,13682,0
20140612,55.217,55.217,54.537,54.659,56222,0
20140613,54.773,54.857,54.669,54.726,8138,0
20140616,54.594,54.933,54.594,54.82,5427,0
20140617,54.764,54.943,54.716,54.923,25376,0
20140618,54.895,55.086,54.736,55.086,11852,0
20140619,55.225,55.312,55.114,55.235,14243,0
20140620,55.255,55.349,55.225,55.312,27107,0
20140623,55.405,55.405,55.197,55.312,24927,0
20140624,55.197,55.491,54.895,54.971,22231,0
20140625,54.934,55.219,54.934,55.219,14001,0
20140626,54.934,55.124,54.878,55.124,10446,0
20140627,55.068,55.324,55.068,55.247,57146,0
20140630,55.352,55.381,55.143,55.16,25571,0
20140701,55.362,55.797,55.362,55.75,35508,0
20140702,55.797,55.844,55.76,55.797,15929,0
20140703,55.93,56.11,55.93,56.11,3993,0
20140707,56.091,56.11,55.921,55.94,9608,0
20140708,55.75,55.75,55.39,55.646,29032,0
20140709,55.656,55.912,55.656,55.826,35930,0
20140710,55.362,55.712,55.179,55.504,13173,0
20140711,55.599,55.627,55.362,55.56,13167,0
20140714,55.835,55.969,55.835,55.912,25546,0
20140715,55.797,55.912,55.608,55.656,9871,0
20140716,55.912,55.912,55.693,55.74,12909,0
20140717,55.627,55.778,55.078,55.078,14584,0
20140718,55.435,55.797,55.324,55.797,40622,0
20140721,55.656,55.656,55.425,55.59,5025,0
20140722,55.969,56.101,55.903,55.979,20763,0
20140723,56.159,56.281,56.149,56.251,7291,0
20140724,56.186,56.216,56.033,56.091,17267,0
20140725,55.93,56.005,55.806,55.835,13438,0
20140728,55.921,56.139,55.656,56.033,30379,0
20140729,56.081,56.129,55.76,55.835,10853,0
20140730,56.023,56.023,55.693,55.844,20106,0
20140731,55.523,55.523,54.716,54.746,32342,0
20140801,54.612,54.821,54.291,54.517,23974,0
20140804,54.687,54.868,54.357,54.868,13348,0
20140805,54.527,54.811,54.033,54.452,11913,0
20140806,54.309,54.746,54.204,54.603,13811,0
20140807,54.622,54.774,54.157,54.252,21537,0
20140808,54.309,54.887,54.252,54.878,211332,0
20140811,55.134,55.189,55.011,55.011,16982,0
20140812,54.944,55.068,54.756,54.963,10952,0
20140813,55.088,55.381,55.078,55.315,46370,0
20140814,55.455,55.59,55.399,55.58,9169,0
20140815,55.806,55.912,55.39,55.636,29230,0
20140818,55.959,56.232,55.959,56.196,52571,0
20140819,56.395,56.67,56.385,56.614,27068,0
20140820,56.574,56.851,56.574,56.851,24651,0
20140821,56.925,56.962,56.907,56.907,18606,0
20140822,56.887,57.021,56.887,56.897,14350,0
20140825,57.162,57.266,57.067,57.114,9570,0
20140826,57.124,57.295,57.114,57.22,13335,0
20140827,57.23,57.23,57.021,57.076,23801,0
20140828,56.887,57.096,56.868,57.03,4798,0
20140829,57.172,57.172,56.907,57.124,7441,0
20140902,57.266,57.266,56.992,57.257,64474,0
20140903,57.458,57.458,56.982,57.021,246752,0
20140904,57.105,57.314,56.822,56.887,22402,0
20140905,56.822,57.172,56.725,57.133,11213,0
20140908,57.143,57.172,56.962,57.105,8025,0
20140909,56.868,57.133,56.679,56.773,7090,0
20140910,56.687,57.124,56.687,57.124,7041,0
20140911,56.972,57.012,56.754,56.953,9535,0
20140912,56.878,56.897,56.564,56.725,550510,0
20140915,56.614,56.661,56.442,56.574,86439,0
20140916,56.425,57.105,56.385,57.04,22221,0
20140917,57.086,57.192,56.745,57.03,22156,0
20140918,57.201,57.429,57.201,57.429,573121,0
20140919,57.541,57.607,57.285,57.429,33371,0
20140922,57.249,57.249,56.851,57.012,9903,0
20140923,56.935,56.992,56.687,56.706,19486,0
20140924,56.692,57.282,56.675,57.282,16937,0
20140925,56.598,56.892,56.312,56.312,59536,0
20140926,56.549,56.892,56.409,56.892,147339,0
20140929,56.379,56.807,55.922,56.807,44550,0
20140930,56.72,56.902,56.53,56.682,12132,0
20141001,56.608,56.608,55.694,55.885,245631,0
20141002,55.761,56.026,55.362,55.895,84911,0
20141003,56.094,56.558,56.036,56.474,22045,0
20141006,56.71,56.71,56.245,56.36,16906,0
20141007,56.007,56.094,55.542,55.542,132080,0
20141008,55.436,56.558,55.306,56.558,40217,0
20141009,56.409,56.409,55.426,55.552,232453,0
20141010,55.417,55.713,54.714,54.772,105861,0
20141013,54.734,54.857,53.774,53.84,28016,0
20141014,54.21,54.41,53.791,53.916,75734,0
20141015,53.155,53.726,52.555,53.64,102228,0
20141016,53.033,53.916,52.433,53.621,36339,0
20141017,54.116,54.535,53.84,54.21,194597,0
20141020,54.078,54.515,53.945,54.486,35440,0
20141021,54.963,55.6,54.963,55.552,262120,0
20141022,55.732,55.732,55.257,55.257,195515,0
20141023,55.818,56.245,55.752,56.036,22016,0
20141024,56.112,56.474,56.026,56.438,10635,0
20141027,56.341,56.558,56.225,56.549,54191,0
20141028,56.72,57.11,56.701,57.11,65738,0
20141029,57.072,57.273,56.749,57.008,41440,0
20141030,57.197,57.747,56.92,57.654,95807,0
20141031,58.462,58.462,57.987,58.196,89043,0
20141103,58.317,58.317,58.063,58.109,72453,0
20141104,58.034,58.044,57.71,57.957,17361,0
20141105,58.243,58.395,57.938,58.091,75318,0
20141106,58.109,58.367,57.977,58.367,51547,0
20141107,58.415,58.415,58.167,58.3,21486,0
20141110,58.357,58.661,58.357,58.614,24500,0
20141111,58.756,58.774,58.594,58.681,29700,0
20141112,58.584,58.783,58.501,58.756,10821,0
20141113,58.918,59.003,58.575,58.813,43535,0
20141114,58.783,58.833,58.442,58.736,494699,0
20141117,58.71,58.765,58.584,58.614,189830,0
20141118,58.691,59.013,58.691,58.89,150626,0
20141119,58.756,58.871,58.556,58.756,22121,0
20141120,58.604,58.984,58.604,58.927,46866,0
20141121,59.51,59.727,59.08,59.223,53377,0
20141124,59.48,59.48,59.317,59.421,134132,0
20141125,59.61,59.61,59.373,59.373,219085,0
20141126,59.393,59.519,59.345,59.51,36830,0
20141128,59.451,59.764,59.451,59.528,8527,0
20141201,59.345,59.451,59.184,59.232,32406,0
20141202,59.299,59.591,59.28,59.536,67852,0
20141203,59.718,59.849,59.528,59.82,110373,0
20141204,59.727,59.945,59.573,59.811,167575,0
20141205,59.829,60.021,59.811,59.879,39129,0
20141208,59.811,59.909,59.27,59.431,140770,0
20141209,58.89,59.536,58.783,59.528,38334,0
20141210,59.403,59.441,58.442,58.527,23607,0
20141211,58.793,59.47,58.138,58.843,25438,0
20141212,58.671,58.918,58.005,58.005,15314,0
20141215,58.357,58.462,57.474,57.718,41651,0
20141216,57.338,58.072,57.017,57.036,57180,0
20141217,57.273,58.099,57.017,57.987,58622,0
20141218,58.833,59.63,58.803,59.63,22999,0
20141219,59.811,60.07,59.5,59.889,31739,0
20141222,59.601,59.889,59.591,59.889,30299,0
20141223,60.078,60.097,59.783,59.909,16775,0
20141224,60.032,60.108,59.83,60.012,4656,0
20141226,60.042,60.242,60.042,60.155,30555,0
20141229,60.222,60.242,60.09,60.175,19093,0
20141230,60.032,60.032,59.783,59.946,35804,0
20141231,60.042,60.175,59.402,59.411,31730,0
20150102,59.84,59.85,58.943,59.402,31098,0
20150105,59.088,59.088,58.352,58.506,22332,0
20150106,58.63,58.706,57.646,57.999,28129,0
20150107,58.217,58.667,58.095,58.657,19432,0
20150108,59.222,59.754,59.222,59.754,536173,0
20150109,59.746,59.764,59.069,59.24,71635,0
20150112,59.278,59.288,58.59,58.752,43897,0
20150113,59.353,59.65,58.267,58.59,558344,0
20150114,58.171,58.476,57.885,58.362,53415,0
20150115,58.771,58.771,57.819,57.819,96802,0
20150116,57.685,58.6,57.636,58.6,34263,0
20150120,58.81,58.963,58.2,58.869,285207,0
20150121,58.687,59.097,58.667,58.981,38281,0
20150122,59.268,59.926,58.8,59.926,262318,0
20150123,59.926,60.108,59.793,59.793,35850,0
20150126,59.746,59.917,59.535,59.9,27610,0
20150127,58.981,59.308,58.64,58.897,1750613,0
20150128,59.298,59.345,58.342,58.342,89434,0
20150129,58.322,58.953,57.921,58.906,27321,0
20150130,58.81,59.134,58.332,58.382,44963,0
20150202,58.657,58.943,57.819,58.906,112216,0
20150203,59.402,59.793,59.049,59.793,42359,0
20150204,59.402,59.68,59.258,59.362,104530,0
20150205,59.821,60.09,59.68,60.09,40817,0
20150206,59.983,60.193,59.601,59.689,30012,0
20150209,59.573,59.793,59.345,59.499,32921,0
20150210,59.85,60.137,59.62,60.127,85394,0
20150211,60.175,60.252,59.9,60.155,109161,0
20150212,60.309,60.7,60.309,60.651,63049,0
20150213,60.891,61.024,60.729,61.024,60367,0
20150217,61.072,61.148,60.824,61.063,195564,0
20150218,61.044,61.206,60.91,61.186,26070,0
20150219,61.091,61.407,61.091,61.3,25389,0
20150220,61.129,61.749,61.091,61.749,29455,0
20150223,61.645,61.798,61.52,61.798,35965,0
20150224,61.798,62.015,61.711,61.932,32747,0
20150225,61.932,62.151,61.806,62.025,26483,0
20150226,61.961,62.103,61.835,61.989,95680,0
20150227,61.874,62.084,61.864,61.894,42601,0
20150302,61.997,62.381,61.989,62.371,33320,0
20150303,61.979,62.351,61.72,62.015,96500,0
20150304,61.578,61.932,61.472,61.759,53647,0
20150305,61.912,61.979,61.72,61.951,37930,0
20150306,61.645,61.73,60.947,61.015,53647,0
20150309,61.111,61.463,61.054,61.358,304064,0
20150310,60.871,60.919,60.338,60.338,41281,0
20150311,60.375,60.51,59.992,60.032,30071,0
20150312,60.328,60.671,60.137,60.661,27556,0
20150313,60.51,60.548,59.975,60.252,26089,0
20150316,60.558,61.138,60.558,61.138,34682,0
20150317,60.824,61.063,60.68,60.871,45579,0
20150318,60.767,61.806,60.413,61.617,37510,0
20150319,61.578,61.654,61.417,61.607,51759,0
20150320,61.941,62.351,61.932,62.199,34263,0
20150323,62.112,62.256,62.103,62.189,17812,0
20150324,61.969,62.246,61.759,61.759,16973,0
20150325,61.965,62.089,60.815,60.872,26521,0
20150326,60.471,61.017,60.471,60.776,915400,0
20150327,60.786,60.912,60.72,60.806,98568,0
20150330,61.351,61.542,61.276,61.506,41766,0
20150331,61.256,61.4,60.912,60.921,579707,0
20150401,60.882,60.882,60.221,60.558,88545,0
20150402,60.538,60.835,60.441,60.672,53146,0
20150406,60.251,61.18,60.251,61.007,36128,0
20150407,61.16,61.439,61.121,61.121,38239,0
20150408,61.17,61.371,60.978,61.199,30280,0
20150409,61.303,61.532,61.121,61.506,42901,0
20150410,61.515,61.754,61.476,61.658,18794,0
20150413,61.793,61.946,61.439,61.457,27773,0
20150414,61.496,61.496,61.083,61.303,80294,0
20150415,61.592,61.84,61.523,61.688,28391,0
20150416,61.542,61.668,61.448,61.532,226682,0
20150417,61.074,61.16,60.576,60.759,75490,0
20150420,61.15,61.515,61.065,61.43,31311,0
20150421,61.725,61.725,61.448,61.486,32978,0
20150422,61.552,61.974,61.43,61.85,32401,0
20150423,61.744,62.29,61.744,62.147,51895,0
20150424,62.358,62.454,62.167,62.378,255082,0
20150427,62.405,62.654,62.061,62.138,587016,0
20150428,62.185,62.3,61.639,62.204,210081,0
20150429,61.869,62.099,61.582,61.85,46361,0
20150430,61.63,61.658,60.854,61.026,605185,0
20150501,61.611,61.956,61.448,61.898,44168,0
20150504,62.195,62.348,62.031,62.031,1020023,0
20150505,61.946,62.012,61.303,61.39,82277,0
20150506,61.572,61.582,60.74,61.046,24454,0
20150507,60.931,61.496,60.912,61.371,120563,0
20150508,62.128,62.29,61.984,62.29,16916,0
20150511,62.213,62.28,62.061,62.099,18585,0
20150512,61.611,62.089,61.43,61.908,40553,0
20150513,62.021,62.272,61.83,61.889,31532,0
20150514,62.252,62.654,62.242,62.636,40825,0
20150515,62.691,62.701,62.472,62.683,18568,0
20150518,62.701,62.98,62.539,62.855,31245,0
20150519,63.047,63.113,62.799,62.912,35083,0
20150520,62.951,63.009,62.74,62.847,14306,0
20150521,62.72,63.009,62.701,62.951,38112,0
20150522,62.921,62.951,62.76,62.76,31637,0
20150526,62.654,62.654,61.859,61.993,20814,0
20150527,62.176,62.569,62.031,62.5,88856,0
20150528,62.463,62.5,62.309,62.463,38901,0
20150529,62.444,62.5,61.936,61.956,27773,0
20150601,62.061,62.328,61.773,62.118,20466,0
20150602,61.859,62.309,61.859,62.061,26693,0
20150603,62.3,62.434,62.08,62.176,37904,0
20150604,61.927,62.041,61.532,61.611,21614,0
20150605,61.582,61.611,61.237,61.486,23494,0
20150608,61.361,61.361,61.093,61.093,19733,0
20150609,61.14,61.199,60.902,61.083,47314,0
20150610,61.466,62.012,61.39,61.917,28043,0
20150611,62.176,62.223,62.021,62.167,21569,0
20150612,61.773,61.879,61.601,61.668,24955,0
20150615,61.093,61.381,61.036,61.341,28608,0
20150616,61.39,61.821,61.219,61.744,38006,0
20150617,61.869,62.099,61.542,61.984,25164,0
20150618,62.118,62.73,62.118,62.626,39572,0
20150619,62.701,62.701,62.3,62.424,26521,0
20150622,62.72,62.837,62.559,62.645,28608,0
20150623,62.691,62.76,62.415,62.539,43977,0
20150624,62.428,62.573,62.168,62.197,15070,0
20150625,62.4,62.504,61.937,61.966,35023,0
20150626,61.966,62.159,61.763,61.909,36063,0
20150629,61.301,61.465,60.513,60.532,44689,0
20150630,61.227,61.227,60.608,60.811,54675,0
20150701,61.409,61.409,60.917,61.118,30971,0
20150702,61.311,61.329,60.975,61.217,39701,0
20150706,60.725,61.254,60.618,60.955,35334,0
20150707,61.08,61.379,60.37,61.379,16836,0
20150708,60.917,61.043,60.407,60.445,27437,0
20150709,61.339,61.339,60.542,60.628,56743,0
20150710,61.32,61.359,61.071,61.264,43232,0
20150713,61.581,62.101,61.571,62.082,18083,0
20150714,62.063,62.448,62.063,62.351,52459,0
20150715,62.476,62.563,62.206,62.311,62617,0
20150716,62.735,62.765,62.563,62.755,44170,0
20150717,63.083,63.187,62.917,63.187,36168,0
20150720,63.217,63.468,63.187,63.323,162128,0
20150721,63.438,63.438,63.015,63.14,110165,0
20150722,62.851,63.111,62.745,62.88,147161,0
20150723,62.957,62.986,62.4,62.543,46974,0
20150724,62.225,62.448,61.561,61.611,26191,0
20150727,61.475,61.475,61.137,61.217,47807,0
20150728,61.601,62.12,61.301,62.023,24838,0
20150729,62.235,62.64,62.225,62.553,97589,0
20150730,62.428,62.784,62.159,62.755,15798,0
20150731,62.957,62.957,62.467,62.563,504986,0
20150803,62.65,62.65,62.043,62.311,179366,0
20150804,62.381,62.543,62.178,62.331,124504,0
20150805,62.725,63.13,62.725,62.843,121388,0
20150806,62.937,62.937,61.928,62.082,71652,0
20150807,61.985,61.985,61.591,61.947,32739,0
20150810,62.361,62.755,62.235,62.659,40530,0
20150811,62.523,62.523,61.89,62.168,38462,0
20150812,61.812,62.265,61.245,62.255,119830,0
20150813,62.283,62.543,62.053,62.265,37101,0
20150814,62.225,62.438,62.053,62.408,36168,0
20150817,62.245,62.735,62.004,62.735,25669,0
20150818,62.784,62.88,62.631,62.659,90209,0
20150819,62.484,62.745,62.063,62.418,145084,0
20150820,61.87,61.975,61.118,61.118,35232,0
20150821,60.542,60.562,58.869,58.963,131781,0
20150824,55.058,58.463,39.546,56.711,147513,0
20150825,57.28,58.83,56.048,56.048,125130,0
20150826,56.867,58.638,56.731,58.628,86779,0
20150827,59.205,59.829,58.705,59.81,90002,0
20150828,59.541,59.965,59.474,59.829,48119,0
20150831,59.484,59.667,59.061,59.175,68177,0
20150901,58.588,58.588,57.27,57.558,60694,0
20150902,58.126,58.559,57.8,58.559,81687,0
20150903,58.906,59.215,58.512,58.685,53523,0
20150904,58.146,58.166,57.539,57.848,462582,0
20150908,58.84,59.262,58.579,59.262,83765,0
20150909,59.8,59.8,58.3,58.3,399083,0
20150910,58.318,59.061,58.318,58.675,59829,0
20150911,58.521,59.041,58.454,59.041,30659,0
20150914,59.195,59.195,58.695,58.8,51235,0
20150915,59.051,59.715,58.849,59.56,65891,0
20150916,59.657,60.042,59.523,59.965,51235,0
20150917,59.983,60.735,59.869,59.899,67517,0
20150918,59.07,59.608,58.869,58.992,54977,0
20150921,59.34,59.667,58.906,59.252,122324,0
20150922,58.503,58.771,58.252,58.761,59239,0
20150923,58.559,58.859,58.378,58.628,89587,0
20150924,58.242,58.559,57.829,58.463,73184,0
20150925,59.008,59.047,58.224,58.515,533204,0
20150928,58.224,58.224,57.142,57.231,235248,0
20150929,57.365,57.721,57.095,57.404,1642255,0
20150930,58.099,58.419,57.751,58.409,365233,0
20151001,58.632,58.632,57.82,58.399,51644,0
20151002,57.731,59.171,57.501,59.171,119122,0
20151005,59.615,60.148,59.615,60.109,58752,0
20151006,60.091,60.091,59.77,59.898,41916,0
20151007,60.311,60.487,59.916,60.38,166213,0
20151008,60.284,61.066,60.138,60.969,108462,0
20151009,61.076,61.142,60.775,61.018,667128,0
20151012,60.998,61.027,60.892,60.949,27546,0
20151013,60.709,61.008,60.457,60.506,44813,0
20151014,60.506,60.66,60.052,60.138,84142,0
20151015,60.331,61.057,60.302,61.057,55370,0
20151016,61.259,61.405,61.037,61.405,91903,0
20151019,61.212,61.481,61.172,61.481,912720,0
20151020,61.385,61.628,61.345,61.501,59872,0
20151021,61.771,61.839,61.307,61.355,327457,0
20151022,61.732,62.845,61.628,62.727,484873,0
20151023,63.384,63.394,62.863,63.317,105048,0
20151026,63.28,63.336,63.123,63.26,137543,0
20151027,63.086,63.191,62.93,63.123,233588,0
20151028,63.25,63.751,62.96,63.751,519647,0
20151029,63.616,63.781,63.404,63.705,391313,0
20151030,63.858,63.898,63.463,63.463,338324,0
20151102,63.607,64.158,63.558,64.081,313369,0
20151103,64.071,64.564,63.908,64.389,400835,0
20151104,64.488,64.488,64.061,64.195,255191,0
20151105,64.101,64.158,63.685,63.917,265464,0
20151106,63.858,63.936,63.414,63.936,188878,0
20151109,63.751,63.751,62.979,63.231,565981,0
20151110,63.067,63.364,63.008,63.364,237520,0
20151111,63.463,63.548,63.201,63.211,48953,0
20151112,62.806,62.92,62.321,62.331,398353,0
20151113,62.129,62.196,61.519,61.578,148101,0
20151116,61.519,62.524,61.519,62.514,88695,0
20151117,62.757,62.94,62.408,62.534,126988,0
20151118,62.708,63.529,62.564,63.511,239900,0
20151119,63.548,63.675,63.473,63.529,127300,0
20151120,63.936,64.081,63.751,63.839,92732,0
20151123,63.898,64.101,63.741,63.908,73480,0
20151124,63.587,64.081,63.423,63.945,315763,0
20151125,63.984,64.119,63.888,63.994,600063,0
20151127,63.984,64.139,63.898,64.071,74827,0
20151130,64.119,64.186,63.724,63.741,322698,0
20151201,63.974,64.225,63.848,64.168,370123,0
20151202,64.195,64.255,63.587,63.666,1293689,0
20151203,63.791,63.791,62.468,62.708,130814,0
20151204,62.786,64.158,62.786,64.11,89110,0
20151207,63.954,63.974,63.483,63.781,197157,0
20151208,63.27,63.685,63.086,63.414,77947,0
20151209,63.211,63.858,62.613,62.845,151827,0
20151210,62.882,63.443,62.825,63.038,107737,0
20151211,62.331,62.458,61.722,61.781,113327,0
20151214,61.849,62.196,61.316,62.196,162035,0
20151215,62.66,63.028,62.65,62.767,190535,0
20151216,63.161,63.666,62.727,63.558,90454,0
20151217,63.685,63.685,62.66,62.669,424640,0
20151218,62.438,62.438,61.491,61.511,162692,0
20151221,61.888,62.052,61.578,62.052,140133,0
20151222,62.341,62.669,61.973,62.574,830267,0
20151223,62.989,63.336,62.911,63.299,492222,0
20151224,63.231,63.389,63.143,63.231,64965,0
20151228,62.919,63.075,62.696,63.075,178247,0
20151229,63.424,63.842,63.424,63.743,146136,0
20151230,63.677,63.677,63.299,63.317,80857,0
20151231,63.201,63.218,62.629,62.649,102894,0
20160104,61.698,61.726,61.013,61.726,202694,0
20160105,61.882,62.037,61.455,61.892,559921,0
20160106,61.143,61.455,60.834,61.153,185652,0
20160107,60.018,60.63,59.572,59.7,171049,0
20160108,60.058,60.175,58.941,59.02,558002,0
20160111,59.349,59.398,58.428,59.107,284659,0
20160112,59.63,59.864,58.951,59.71,353238,0
20160113,59.931,60.028,58.287,58.356,219278,0
20160114,58.573,59.719,58.059,59.233,320950,0
20160115,57.36,58.33,57.36,58.059,657537,0
20160119,58.806,58.806,57.662,58.136,633763,0
20160120,57.283,57.932,56.138,57.419,884081,0
20160121,57.535,58.196,57.099,57.672,1453954,0
20160122,58.524,58.961,58.37,58.922,721502,0
20160125,58.767,58.855,58.02,58.02,235752,0
20160126,58.233,58.941,58.205,58.884,317308,0
20160127,58.632,59.088,57.822,58.146,795196,0
20160128,58.582,58.602,57.836,58.35,348464,0
20160129,58.642,59.814,58.602,59.756,376587,0
20160201,59.446,60.058,59.277,59.804,356959,0
20160202,59.302,59.302,58.622,58.806,709060,0
20160203,59.126,59.352,58.107,59.233,222316,0
20160204,59.107,59.562,58.86,59.349,510605,0
20160205,59.136,59.145,57.982,58.273,698300,0
20160208,57.613,57.885,56.923,57.672,633140,0
20160209,57.136,58.263,57.136,57.817,160542,0
20160210,58.233,58.757,57.846,57.885,373823,0
20160211,56.942,57.489,56.594,57.176,351605,0
20160212,57.642,58.214,57.458,58.186,555542,0
20160216,58.845,59.145,58.553,59.116,133446,0
20160217,59.525,60.068,59.525,59.989,206004,0
20160218,60.078,60.165,59.785,59.864,517294,0
20160219,59.591,59.844,59.417,59.804,128921,0
20160222,60.319,60.602,60.281,60.513,216681,0
20160223,60.397,60.455,59.814,59.854,1103287,0
20160224,59.388,60.262,59.049,60.175,126671,0
20160225,60.329,60.834,60.068,60.814,345190,0
20160226,61.153,61.193,60.534,60.562,1001655,0
20160229,60.562,60.959,60.115,60.115,181386,0
20160301,60.602,61.474,60.526,61.474,132794,0
20160302,61.337,61.601,61.153,61.581,461886,0
20160303,61.521,61.658,61.213,61.658,260251,0
20160304,61.678,61.998,61.347,61.795,191176,0
20160307,61.484,61.946,61.484,61.833,113894,0
20160308,61.513,61.882,61.417,61.427,1579180,0
20160309,61.688,61.833,61.328,61.541,107988,0
20160310,61.795,62.046,60.979,61.591,178285,0
20160311,62.153,62.502,62.066,62.474,119398,0
20160314,62.299,62.581,62.299,62.465,336488,0
20160315,62.134,62.531,62.134,62.531,103998,0
20160316,62.377,62.968,62.317,62.814,126485,0
20160317,62.823,63.444,62.726,63.309,713992,0
20160318,63.559,63.559,63.302,63.454,107851,0
20160321,63.327,63.656,63.327,63.589,84047,0
20160322,63.28,63.753,63.28,63.559,786589,0
20160323,63.392,63.463,63.197,63.251,90957,0
20160324,62.855,63.177,62.827,63.177,182810,0
20160328,63.305,63.435,63.177,63.266,126992,0
20160329,63.139,63.841,63.003,63.821,145443,0
20160330,64.144,64.328,63.984,64.144,507834,0
20160331,64.095,64.27,63.91,63.977,787708,0
20160401,63.636,64.494,63.557,64.465,261745,0
20160404,64.494,64.494,64.114,64.24,157591,0
20160405,63.88,64.094,63.732,63.792,136485,0
20160406,63.831,64.405,63.762,64.391,161732,0
20160407,64.035,64.065,63.451,63.705,206630,0
20160408,64.105,64.24,63.705,63.86,78326,0
20160411,64.035,64.367,63.675,63.695,165757,0
20160412,63.762,64.329,63.587,64.27,435097,0
20160413,64.581,64.835,64.425,64.806,184862,0
20160414,64.776,64.943,64.63,64.776,604193,0
20160415,64.776,64.873,64.64,64.786,231439,0
20160418,64.571,65.202,64.571,65.187,251161,0
20160419,65.43,65.527,65.108,65.332,631352,0
20160420,65.323,65.547,65.17,65.283,270022,0
20160421,65.303,65.323,64.855,64.933,1034300,0
20160422,64.816,64.972,64.553,64.845,253799,0
20160425,64.62,64.806,64.475,64.796,182566,0
20160426,64.913,65.108,64.698,64.893,692997,0
20160427,64.679,65.098,64.504,64.933,96696,0
20160428,64.611,65.021,64.2,64.329,170961,0
20160429,64.015,64.015,63.391,63.725,303233,0
20160502,63.948,64.358,63.811,64.299,349026,0
20160503,63.87,63.939,63.557,63.792,97284,0
20160504,63.471,63.587,63.285,63.392,136534,0
20160505,63.577,63.624,63.322,63.422,78329,0
20160506,63.236,63.607,63.08,63.567,85436,0
20160509,63.567,63.85,63.537,63.705,70818,0
20160510,63.948,64.445,63.948,64.425,407635,0
20160511,64.349,64.349,63.742,63.742,114509,0
20160512,64.085,64.163,63.519,63.87,69841,0
20160513,63.705,63.987,63.217,63.305,87104,0
20160516,63.324,64.065,63.324,63.91,81916,0
20160517,63.929,63.996,63.119,63.314,119832,0
20160518,63.236,63.636,62.885,63.217,284526,0
20160519,62.885,63.002,62.504,62.954,195922,0
20160520,63.177,63.451,63.122,63.243,56287,0
20160523,63.295,63.402,63.139,63.139,733215,0
20160524,63.547,64.21,63.547,64.105,193609,0
20160525,64.27,64.514,64.22,64.377,171370,0
20160526,64.485,64.514,64.299,64.358,201936,0
20160527,64.415,64.64,64.395,64.581,77793,0
20160531,64.806,64.806,64.182,64.405,98096,0
20160601,64.24,64.553,64.124,64.504,115203,0
20160602,64.395,64.553,64.139,64.553,229748,0
20160603,64.415,64.536,64.129,64.425,317977,0
20160606,64.563,64.916,64.475,64.835,234467,0
20160607,64.835,64.98,64.758,64.786,141030,0
20160608,64.776,65.03,64.776,64.982,117260,0
20160609,64.786,64.972,64.673,64.903,78220,0
20160610,64.415,64.571,64.153,64.377,450825,0
20160613,64.105,64.358,63.831,63.87,1654776,0
20160614,63.695,63.811,63.422,63.782,105308,0
20160615,63.91,63.977,63.537,63.607,367618,0
20160616,63.343,63.977,63.08,63.929,165573,0
20160617,63.939,63.939,63.431,63.675,279836,0
20160620,64.24,64.543,64.04,64.085,138648,0
20160621,64.287,64.356,64.133,64.207,181365,0
20160622,64.316,64.542,64.091,64.11,296198,0
20160623,64.639,64.924,64.502,64.924,348714,0
20160624,62.972,63.718,62.541,62.678,533343,0
20160627,62.227,62.227,61.424,61.717,1871715,0
20160628,62.404,62.737,62.149,62.737,162669,0
20160629,63.237,63.805,63.208,63.766,181692,0
20160630,63.855,64.718,63.814,64.718,150287,0
20160701,64.738,64.992,64.718,64.845,232544,0
20160705,64.59,64.59,64.287,64.453,82242,0
20160706,64.247,64.728,64.081,64.718,120249,0
20160707,64.826,65.08,64.463,64.678,163768,0
20160708,65.12,65.615,65.08,65.571,183365,0
20160711,65.727,65.934,65.639,65.747,115085,0
20160712,65.963,66.228,65.914,66.1,527789,0
20160713,66.199,66.316,65.952,66.091,206915,0
20160714,66.394,66.552,66.267,66.394,757012,0
20160715,66.542,66.678,66.247,66.404,106485,0
20160718,66.482,66.601,66.338,66.522,3298823,0
20160719,66.434,66.562,66.388,66.562,121343,0
20160720,66.787,66.928,66.64,66.864,255131,0
20160721,66.846,66.904,66.434,66.601,78045,0
20160722,66.65,66.934,66.572,66.924,78070,0
20160725,66.894,66.894,66.572,66.826,80315,0
20160726,66.698,66.836,66.404,66.659,143756,0
20160727,66.894,66.894,66.414,66.62,871926,0
20160728,66.582,66.718,66.316,66.64,58214,0
20160729,66.453,66.758,66.366,66.688,97799,0
20160801,66.688,66.846,66.492,66.65,187174,0
20160802,66.562,66.601,65.993,66.376,767459,0
20160803,66.306,66.473,66.202,66.473,122302,0
20160804,66.482,66.61,66.346,66.453,206876,0
20160805,66.768,67.013,66.73,67.013,158802,0
20160808,67.11,67.11,66.846,66.973,116228,0
20160809,67.023,67.1,66.85,66.924,82358,0
20160810,66.993,67.003,66.728,66.807,305255,0
20160811,67.033,67.258,66.958,67.159,146436,0
20160812,67.08,67.15,66.988,67.07,65486,0
20160815,67.229,67.375,67.229,67.258,137927,0
20160816,67.08,67.1,66.836,66.846,64713,0
20160817,66.817,67.08,66.668,67.043,81045,0
20160818,67.061,67.11,66.914,67.09,227137,0
20160819,66.944,67.11,66.799,67.08,85188,0
20160822,67.023,67.189,66.874,67.043,122908,0
20160823,67.219,67.385,67.159,67.189,123331,0
20160824,67.179,67.179,66.797,66.914,165921,0
20160825,66.836,67.051,66.797,66.914,131852,0
20160826,66.973,67.326,66.482,66.718,125850,0
20160829,66.777,67.033,66.777,66.954,81509,0
20160830,66.904,66.944,66.578,66.718,73837,0
20160831,66.64,66.671,66.296,66.542,131856,0
20160901,66.522,66.591,66.15,66.492,332852,0
20160902,66.787,66.928,66.601,66.807,62057,0
20160906,66.856,66.924,66.601,66.884,144483,0
20160907,66.894,66.894,66.678,66.894,127676,0
20160908,66.738,66.914,66.523,66.61,738820,0
20160909,66.189,66.189,65.09,65.103,181336,0
20160912,64.855,66.081,64.855,66.003,151203,0
20160913,65.61,65.713,65.022,65.198,2651267,0
20160914,65.257,65.591,65.002,65.198,2636237,0
20160915,65.169,65.953,65.06,65.835,668591,0
20160916,65.669,65.669,65.316,65.541,743842,0
20160919,65.757,65.993,65.521,65.62,129979,0
20160920,65.865,65.953,65.643,65.699,252892,0
20160921,65.914,66.434,65.659,66.394,209121,0
20160922,66.698,66.864,66.63,66.748,127345,0
20160923,66.61,66.708,66.326,66.326,114310,0
20160926,66.05,66.119,65.843,65.883,154119,0
20160927,65.823,66.267,65.745,66.257,250860,0
20160928,66.326,66.483,66.007,66.454,250964,0
20160929,66.435,66.563,65.745,65.873,686726,0
20160930,66.189,66.673,66.189,66.474,2057742,0
20161003,66.336,66.376,66.071,66.267,2230563,0
20161004,66.296,66.376,65.686,65.843,939731,0
20161005,66.021,66.208,65.972,66.09,796062,0
20161006,66.03,66.213,65.863,66.149,447345,0
20161007,66.218,66.317,65.745,65.952,168679,0
20161010,66.306,66.464,66.267,66.277,150780,0
20161011,66.208,66.208,65.331,65.548,67609,0
20161012,65.558,65.823,65.449,65.636,983640,0
20161013,65.252,65.682,65.006,65.489,237324,0
20161014,65.725,65.962,65.548,65.558,294040,0
20161017,65.538,65.631,65.346,65.449,107579,0
20161018,65.755,65.922,65.469,65.479,177983,0
20161019,65.617,65.725,65.489,65.598,199176,0
20161020,65.548,65.696,65.292,65.391,293540,0
20161021,65.233,65.371,65.095,65.282,106601,0
20161024,65.548,65.696,65.519,65.578,125898,0
20161025,65.449,65.519,65.203,65.282,77337,0
20161026,65.016,65.479,64.967,65.351,282026,0
20161027,65.519,65.608,65.085,65.095,187759,0
20161028,65.095,65.492,64.908,65.115,215527,0
20161031,65.164,65.302,65.056,65.115,239469,0
20161101,65.302,65.322,64.33,64.662,478003,0
20161102,64.514,64.662,64.288,64.337,119942,0
20161103,64.415,64.582,64.097,64.188,309024,0
20161104,64.238,64.485,64.081,64.081,568897,0
20161107,64.918,65.459,64.908,65.43,572817,0
20161108,65.459,65.972,65.405,65.745,184910,0
20161109,65.115,66.69,65.115,66.523,702773,0
20161110,66.858,67.073,66.257,66.612,782604,0
20161111,66.444,66.616,66.218,66.543,630625,0
20161114,66.67,66.812,66.149,66.366,522106,0
20161115,66.425,66.67,66.336,66.652,234846,0
20161116,66.573,66.77,66.563,66.76,1039441,0
20161117,66.819,67.074,66.745,67.074,158664,0
20161118,67.104,67.104,66.867,66.957,197291,0
20161121,67.084,67.42,67.074,67.39,1806115,0
20161122,67.577,67.754,67.341,67.597,868327,0
20161123,67.233,67.42,67.233,67.4,323106,0
20161125,67.488,67.676,67.488,67.676,74402,0
20161128,67.597,67.715,67.429,67.449,324087,0
20161129,67.42,67.617,67.301,67.469,248975,0
20161130,67.626,67.646,67.094,67.094,251560,0
20161201,67.124,67.163,66.72,66.849,530651,0
20161202,66.849,66.992,66.726,66.849,84044,0
20161205,67.094,67.233,67.019,67.144,187541,0
20161206,67.233,67.262,67.029,67.262,168272,0
20161207,67.252,68.197,67.213,68.148,1262738,0
20161208,68.188,68.414,68.08,68.287,230069,0
20161209,68.375,68.651,68.375,68.651,395499,0
20161212,68.651,68.798,68.611,68.768,164839,0
20161213,69.035,69.36,69.035,69.261,133753,0
20161214,69.202,69.439,68.591,68.7,207711,0
20161215,68.749,69.192,68.7,68.887,310243,0
20161216,69.055,69.271,68.788,68.858,199898,0
20161219,68.947,69.146,68.897,68.995,176317,0
20161220,69.153,69.311,69.064,69.222,245475,0
20161221,69.212,69.261,69.045,69.045,1003115,0
20161222,69.057,69.155,68.819,69.007,808461,0
20161223,68.977,69.067,68.948,69.057,756075,0
20161227,69.097,69.335,69.097,69.117,567779,0
20161228,69.205,69.275,68.591,68.621,813714,0
20161229,68.671,68.819,68.611,68.701,591617,0
20161230,68.849,68.879,68.255,68.413,897694,0
20170103,68.789,69.027,68.591,68.909,863002,0
20170104,69.007,69.383,68.957,69.295,823527,0
20170105,69.225,69.463,69.017,69.225,173356,0
20170106,69.245,69.56,69.117,69.463,183155,0
20170109,69.383,69.463,69.097,69.117,187250,0
20170110,69.117,69.335,68.977,69.007,326310,0
20170111,69.007,69.111,68.74,69.047,255542,0
20170112,68.889,68.997,68.497,68.967,551278,0
20170113,68.939,69.137,68.939,68.967,290218,0
20170117,68.849,69.083,68.819,69.007,227581,0
20170118,69.087,69.175,68.935,69.127,196121,0
20170119,69.087,69.195,68.668,68.779,419211,0
20170120,68.919,69.097,68.711,68.967,136359,0
20170123,68.849,68.967,68.642,68.869,472793,0
20170124,68.957,69.423,68.957,69.335,172513,0
20170125,69.591,69.958,69.591,69.918,470743,0
20170126,69.849,69.958,69.661,69.75,1671793,0
20170127,69.74,69.839,69.562,69.651,80997,0
20170130,69.443,69.443,69.067,69.344,2321762,0
20170131,69.087,69.225,68.929,69.205,570365,0
20170201,69.364,69.493,68.978,69.107,277710,0
20170202,69.037,69.225,68.919,69.127,117866,0
20170203,69.463,69.657,69.348,69.631,311558,0
20170206,69.463,69.624,69.354,69.552,104734,0
20170207,69.671,69.77,69.601,69.661,1700666,0
20170208,69.483,69.646,69.407,69.631,295743,0
20170209,69.76,70.099,69.74,69.978,286905,0
20170210,70.077,70.433,70.077,70.314,288320,0
20170213,70.473,70.77,70.473,70.7,133355,0
20170214,70.641,71.008,70.555,71.008,119752,0
20170215,70.958,71.482,70.918,71.452,203146,0
20170216,71.462,71.542,71.239,71.532,220092,0
20170217,71.364,71.829,71.334,71.829,239141,0
20170221,71.859,72.225,71.859,72.146,98292,0
20170222,72.037,72.196,72.037,72.136,96043,0
20170223,72.304,72.403,72.046,72.344,226885,0
20170224,72.086,72.572,72.086,72.572,183876,0
20170227,72.522,72.641,72.413,72.562,95441,0
20170228,72.433,72.586,72.384,72.453,310776,0
20170301,72.938,73.551,72.928,73.403,251945,0
20170302,73.353,73.379,73.136,73.136,138861,0
20170303,73.117,73.205,72.9,73.107,262469,0
20170306,72.839,73.027,72.75,72.918,135745,0
20170307,72.74,72.987,72.636,72.73,218037,0
20170308,72.72,72.879,72.591,72.611,130220,0
20170309,72.631,72.691,72.314,72.611,539546,0
20170310,72.918,72.997,72.581,72.899,199200,0
20170313,72.869,72.935,72.717,72.909,126265,0
20170314,72.789,72.859,72.602,72.681,165870,0
20170315,72.879,73.481,72.87,73.353,118320,0
20170316,73.393,73.483,73.057,73.195,177153,0
20170317,73.295,73.473,73.185,73.185,61278,0
20170320,73.215,73.215,72.918,73.087,122145,0
20170321,73.255,73.393,72.324,72.364,93021,0
20170322,72.334,72.572,72.175,72.502,81800,0
20170323,72.423,72.829,72.344,72.413,456365,0
20170324,72.55,72.659,72.122,72.321,171565,0
20170327,71.794,72.291,71.625,72.192,111160,0
20170328,72.132,72.709,71.999,72.56,189538,0
20170329,72.53,72.57,72.371,72.49,274587,0
20170330,72.45,72.629,72.351,72.57,129785,0
20170331,72.5,72.659,72.42,72.42,136348,0
20170403,72.47,72.48,71.863,72.241,153403,0
20170404,72.102,72.241,72.012,72.221,131591,0
20170405,72.4,72.751,72.012,72.022,101866,0
20170406,72.082,72.331,71.983,72.192,71776,0
20170407,72.152,72.351,71.993,72.172,82636,0
20170410,72.192,72.463,72.072,72.172,112102,0
20170411,72.112,72.211,71.724,72.182,151260,0
20170412,72.082,72.142,71.86,71.953,156817,0
20170413,71.863,72.058,71.585,71.585,81708,0
20170417,71.704,72.132,71.704,72.122,78845,0
20170418,71.883,72.012,71.704,71.893,283035,0
20170419,71.963,72.052,71.585,71.644,88583,0
20170420,71.823,72.331,71.794,72.162,56847,0
20170421,72.122,72.221,71.913,72.032,77054,0
20170424,72.579,72.759,72.44,72.639,84862,0
20170425,72.908,73.196,72.908,73.127,281542,0
20170426,73.107,73.246,72.948,72.997,117686,0
20170427,73.067,73.137,72.868,73.057,62529,0
20170428,73.147,73.147,72.789,72.868,282085,0
20170501,72.928,72.987,72.749,72.788,83345,0
20170502,72.888,72.978,72.808,72.918,96580,0
20170503,72.778,72.898,72.579,72.818,151742,0
20170504,72.868,72.997,72.579,72.898,66908,0
20170505,72.938,73.156,72.908,73.147,155718,0
20170508,73.166,73.191,72.968,73.117,70608,0
20170509,73.156,73.234,72.999,73.107,158440,0
20170510,73.047,73.147,72.978,73.097,68490,0
20170511,72.938,73.077,72.589,72.928,80427,0
20170512,72.878,72.913,72.769,72.828,173719,0
20170515,72.967,73.271,72.967,73.246,136100,0
20170516,73.286,73.32,73.077,73.186,403762,0
20170517,72.659,72.853,72.211,72.251,129307,0
20170518,72.152,72.609,72.102,72.4,213012,0
20170519,72.5,72.956,72.448,72.778,98873,0
20170522,72.948,73.276,72.868,73.246,192557,0
20170523,73.345,73.544,73.216,73.216,117208,0
20170524,73.306,73.485,73.256,73.425,158671,0
20170525,73.584,73.922,73.564,73.853,58973,0
20170526,73.743,73.893,73.743,73.833,48549,0
20170530,73.704,73.843,73.644,73.793,65689,0
20170531,73.893,74.002,73.763,73.952,209869,0
20170601,74.102,74.46,73.972,74.46,556482,0
20170602,74.47,74.766,74.389,74.669,126388,0
20170605,74.659,74.738,74.593,74.619,194978,0
20170606,74.46,74.549,74.31,74.35,254370,0
20170607,74.46,74.569,74.247,74.41,1188006,0
20170608,74.45,74.609,74.291,74.489,68271,0
20170609,74.589,74.848,74.102,74.549,224657,0
20170612,74.37,74.539,74.271,74.509,384186,0
20170613,74.688,74.927,74.609,74.897,86259,0
20170614,74.977,75.047,74.599,74.877,365056,0
20170615,74.44,74.838,74.36,74.838,872235,0
20170616,74.818,74.897,74.499,74.897,336182,0
20170619,75.136,75.466,75.096,75.444,1081338,0
20170620,75.385,75.385,74.927,74.937,444169,0
20170621,75.037,75.086,74.757,74.868,63898,0
20170622,74.868,74.982,74.661,74.798,56720,0
20170623,74.738,75.027,74.629,74.927,73450,0
20170626,75.106,75.245,74.957,74.957,132899,0
20170627,74.95,74.99,74.42,74.42,270414,0
20170628,74.69,75.06,74.62,74.99,117809,0
20170629,74.94,74.94,73.7903,74.12,91740,0
20170630,74.49,74.68,74.3,74.37,103422,0
20170703,74.72,74.89,74.64,74.64,115465,0
20170705,74.71,74.71,74.4001,74.61,121333,0
20170706,74.37,74.49,73.9485,74,132801,0
20170707,74.14,74.58,74.14,74.49,219045,0
20170710,74.5,74.65,74.39,74.54,166517,0
20170711,74.46,74.51,73.96,74.32,78523,0
20170712,74.69,74.9797,74.69,74.92,60134,0
20170713,74.87,75.05,74.82,74.98,899194,0
20170714,75.1,75.57,75.066,75.44,2505653,0
20170717,75.34,75.46,75.292,75.36,77393,0
20170718,75.19,75.488,75.1,75.47,62052,0
20170719,75.52,75.74,75.48,75.7,321003,0
20170720,75.86,75.99,75.766,75.9,47571,0
20170721,75.73,75.88,75.7,75.88,94709,0
20170724,75.81,75.87,75.53,75.69,153237,0
20170725,75.89,76,75.68,75.79,45378,0
20170726,75.91,75.91,75.7,75.78,85575,0
20170727,75.73,75.73,75.275,75.68,137536,0
20170728,75.46,75.57,74.57,75.13,444877,0
20170731,75.17,75.24,75,75.13,79130,0
20170801,75.39,75.39,75.16,75.39,92417,0
