Date,Open,High,Low,Close,Volume,OpenInt
20121204,19.202,19.202,19.202,19.202,103,0
20121205,19.211,19.211,18.658,18.658,1710,0
20121206,18.541,18.561,18.541,18.561,1442,0
20121207,18.726,18.726,18.649,18.649,1133,0
20121211,19.143,19.143,19.143,19.143,103,0
20121212,19.415,19.415,19.415,19.415,103,0
20121213,19.105,19.105,19.105,19.105,103,0
20121214,19.143,19.143,19.143,19.143,103,0
20121218,19.707,19.707,19.454,19.454,411,0
20121220,19.172,19.172,19.172,19.172,103,0
20121224,19.018,19.018,19.018,19.018,103,0
20121226,19.095,19.095,19.095,19.095,309,0
20121227,19.182,19.813,19.172,19.813,464,0
20121228,19.076,19.085,19.076,19.085,206,0
20121231,19.328,19.512,19.328,19.512,206,0
20130102,20.337,20.804,20.211,20.221,2988,0
20130103,20.289,20.289,19.921,20.162,1887,0
20130107,19.901,19.901,19.901,19.901,206,0
20130108,19.872,19.931,19.872,19.931,1236,0
20130109,20.871,20.979,19.823,19.862,2009,0
20130110,20.211,20.347,20.211,20.337,2163,0
20130115,20.366,20.366,20.366,20.366,103,0
20130118,20.221,20.221,20.104,20.104,515,0
20130122,20.231,20.405,20.231,20.405,721,0
20130129,19.095,20.096,19.028,19.028,411,0
20130130,19.609,19.609,19.609,19.609,103,0
20130201,19.328,19.328,19.328,19.328,206,0
20130204,19.338,19.561,19.269,19.298,1442,0
20130206,19.483,19.483,19.483,19.483,206,0
20130211,20.143,20.143,18.989,19.076,8993,0
20130212,19.076,19.076,18.979,18.998,6828,0
20130213,19.095,19.095,19.028,19.028,2679,0
20130214,18.959,18.959,18.522,18.561,5294,0
20130215,18.59,18.59,18.25,18.25,515,0
20130219,18.493,19.697,18.152,18.152,3399,0
20130220,17.998,17.998,17.425,17.473,1438,0
20130221,17.473,17.473,16.794,16.833,21003,0
20130222,17.085,17.085,17.008,17.008,286,0
20130225,17.386,17.512,17.377,17.512,1338,0
20130226,17.406,17.406,17.406,17.406,103,0
20130228,17.047,17.047,16.93,16.93,1133,0
20130301,16.853,16.863,16.405,16.405,68812,0
20130304,16.425,16.444,16.076,16.076,50476,0
20130305,16.328,16.328,16.115,16.145,14545,0
20130306,16.211,16.25,16.096,16.145,9006,0
20130307,16.318,16.348,16.057,16.348,107699,0
20130308,16.154,16.989,16.154,16.358,5459,0
20130311,16.503,17.076,16.405,16.532,22806,0
20130312,16.959,16.959,16.843,16.843,4132,0
20130313,16.94,17.473,16.794,16.794,8241,0
20130314,17.241,17.241,16.785,16.872,1488,0
20130315,17.085,17.085,17.085,17.085,103,0
20130318,17.279,17.318,17.067,17.067,58702,0
20130319,16.872,16.95,16.503,16.513,8406,0
20130320,16.639,16.794,16.493,16.794,48106,0
20130321,17.095,17.125,17.028,17.057,2384,0
20130322,17.057,17.852,16.892,17.269,24193,0
20130325,17.105,17.105,16.94,16.94,3916,0
20130326,17.638,17.638,16.901,16.911,4752,0
20130327,16.94,16.94,16.843,16.93,2060,0
20130328,16.853,16.853,16.794,16.814,2389,0
20130401,16.95,17.396,16.503,16.503,5872,0
20130402,16.366,16.366,15.63,15.63,15040,0
20130403,15.493,15.561,14.765,14.93,6606,0
20130404,14.853,15.106,14.746,15.106,1752,0
20130405,15.241,15.386,15.241,15.377,1648,0
20130408,15.406,15.406,15.067,15.125,2574,0
20130409,15.591,15.648,15.591,15.648,927,0
20130410,15.367,15.367,15.221,15.28,6845,0
20130411,15.202,15.231,15.067,15.183,3502,0
20130412,14.755,14.755,14.174,14.396,7340,0
20130415,13.591,13.591,12.523,12.523,5112,0
20130416,12.872,12.921,12.397,12.397,3605,0
20130417,12.377,12.377,11.746,11.746,1760,0
20130418,12.048,12.154,12.048,12.154,773,0
20130419,12.067,12.213,11.989,12.213,5253,0
20130422,12.213,12.213,12.213,12.213,206,0
20130423,12.076,12.135,11.911,11.911,2482,0
20130424,12.135,12.377,12.086,12.377,3450,0
20130425,12.776,13.241,12.776,13.241,1133,0
20130426,13.299,13.299,13.144,13.203,3450,0
20130429,13.396,13.396,13.28,13.328,2214,0
20130430,13.347,13.347,13.173,13.173,2384,0
20130501,12.863,12.882,12.591,12.882,4625,0
20130502,13.135,13.183,13.116,13.116,2374,0
20130503,13.116,13.116,13.116,13.116,103,0
20130507,12.601,12.601,12.601,12.601,134,0
20130508,12.552,12.552,12.387,12.484,618,0
20130510,11.989,12.096,11.989,12.096,206,0
20130513,12.154,12.154,12.048,12.154,309,0
20130514,11.94,12.038,11.94,11.94,752,0
20130515,11.561,11.561,11.271,11.271,1287,0
20130516,11.271,11.271,11.271,11.271,515,0
20130517,11.271,11.271,11.116,11.126,6387,0
20130520,10.658,11.155,10.658,11.155,3533,0
20130521,11.086,11.155,11.086,11.126,5872,0
20130523,11.203,11.203,11.203,11.203,103,0
20130528,11.203,11.203,11.077,11.077,432,0
20130529,11.183,11.183,11.183,11.183,309,0
20130530,11.425,11.94,11.425,11.873,3090,0
20130531,11.591,11.591,11.591,11.591,103,0
20130603,11.853,11.901,11.853,11.863,871,0
20130605,11.746,11.891,11.746,11.775,8344,0
20130606,11.891,11.94,11.891,11.94,4175,0
20130607,11.62,11.834,11.6,11.717,3296,0
20130610,11.649,11.765,11.581,11.708,21941,0
20130611,11.523,11.542,11.319,11.435,26783,0
20130612,11.271,11.561,11.193,11.232,33478,0
20130613,11.474,11.474,11.116,11.126,4326,0
20130614,11.309,11.523,11.309,11.523,1143,0
20130617,11.155,11.232,10.96,10.96,13700,0
20130618,10.921,10.921,10.464,10.581,12837,0
20130619,10.853,10.853,10.299,10.717,2885,0
20130620,9.591,9.591,9.4651,9.4651,1545,0
20130624,9.4651,9.4651,8.931,8.931,515,0
20130625,8.9602,8.9602,8.9602,8.9602,103,0
20130627,8.7174,8.7174,8.7174,8.7174,309,0
20130628,8.7369,9.4063,8.7369,9.4063,3617,0
20130701,9.649,9.824,9.649,9.824,1133,0
20130702,9.533,9.659,9.0281,9.2517,12002,0
20130703,9.659,9.659,9.3869,9.552,4945,0
20130705,9.2324,9.3189,8.9892,9.1252,12053,0
20130708,9.4354,9.4354,9.0087,9.1834,16688,0
20130709,9.4258,9.513,9.3101,9.416,4121,0
20130710,9.2222,9.348,9.2028,9.2712,1956,0
20130711,10.097,10.328,10.038,10.328,2266,0
20130712,10.164,10.164,9.912,10.038,2060,0
20130715,9.679,9.892,9.679,9.892,2098,0
20130718,10.387,10.387,10.087,10.087,309,0
20130719,10.572,10.572,10.213,10.213,206,0
20130722,10.62,10.863,10.562,10.824,927,0
20130723,10.98,11.348,10.97,11.348,721,0
20130724,11.455,11.455,11.165,11.165,541,0
20130725,11.299,11.367,11.299,11.329,515,0
20130726,11.067,11.067,11.018,11.028,1030,0
20130729,10.99,11.299,10.99,11.299,1210,0
20130730,11.057,11.096,11.057,11.096,894,0
20130731,10.882,10.882,10.746,10.746,927,0
20130802,10.737,10.746,10.484,10.484,515,0
20130805,10.513,10.581,10.513,10.581,927,0
20130806,9.892,9.892,9.892,9.892,1153,0
20130809,10.455,10.863,10.416,10.863,2318,0
20130812,11.271,11.834,11.271,11.688,1545,0
20130813,11.891,11.891,11.542,11.542,1082,0
20130814,12.125,12.377,12.096,12.377,4796,0
20130815,12.658,12.698,12.658,12.698,206,0
20130816,13.29,14.037,12.969,13.135,13217,0
20130819,13.814,13.814,12.921,12.921,10940,0
20130820,12.435,13.008,12.435,12.921,4059,0
20130821,12.951,13.057,12.804,12.814,6438,0
20130822,12.717,12.794,12.629,12.668,3049,0
20130823,12.629,13.154,12.629,13.106,5924,0
20130826,12.872,13.455,12.872,13.455,12002,0
20130827,13.494,13.649,13.018,13.154,5115,0
20130828,13.309,13.309,12.912,12.912,3359,0
20130829,12.998,12.998,12.523,12.814,4185,0
20130830,12.824,12.824,12.619,12.678,2138,0
20130903,12.833,12.931,12.785,12.882,2523,0
20130904,13.008,13.008,12.668,12.707,4187,0
20130905,12.639,12.892,12.503,12.513,3883,0
20130906,12.824,12.824,12.639,12.639,1587,0
20130909,12.776,12.892,12.591,12.591,1752,0
20130910,12.425,12.425,12.233,12.233,2163,0
20130911,12.348,12.348,11.901,12.076,9627,0
20130912,11.523,11.669,11.484,11.484,15228,0
20130913,11.504,11.669,11.455,11.591,39736,0
20130916,11.455,11.649,11.455,11.62,3505,0
20130917,11.581,11.659,11.465,11.542,26578,0
20130918,11.386,12.766,11.28,12.717,16084,0
20130919,12.766,12.766,12.367,12.367,1350,0
20130920,11.873,11.901,11.659,11.805,3822,0
20130924,11.484,11.494,11.309,11.348,1944,0
20130925,11.63,11.726,11.63,11.726,411,0
20130926,11.6,11.6,11.396,11.396,1338,0
20130927,11.542,11.542,11.28,11.28,873,0
20130930,11.494,11.494,11.455,11.455,567,0
20131001,11.086,11.086,11.038,11.038,891,0
20131002,11.203,11.261,11.203,11.252,2009,0
20131003,11.309,11.309,11.252,11.252,2060,0
20131004,11.165,11.165,11.165,11.165,272,0
20131007,11.348,11.348,11.126,11.183,1272,0
20131008,11.329,11.329,11.126,11.126,2163,0
20131009,10.863,10.863,10.698,10.707,777,0
20131010,10.921,10.921,10.872,10.872,515,0
20131014,10.542,10.542,10.446,10.523,834,0
20131015,10.416,10.416,10.387,10.397,1338,0
20131016,10.387,10.436,10.318,10.367,4739,0
20131017,10.786,11.028,10.786,10.96,52484,0
20131018,11.018,11.018,10.941,10.951,927,0
20131021,10.921,11.29,10.921,11.173,937,0
20131022,11.561,11.814,11.504,11.785,4317,0
20131023,11.455,11.669,11.455,11.523,1545,0
20131024,11.756,11.765,11.756,11.765,567,0
20131025,11.726,11.805,11.726,11.805,1597,0
20131028,11.853,11.94,11.853,11.94,721,0
20131029,11.765,11.765,11.6,11.61,1247,0
20131030,11.775,11.844,11.551,11.551,21019,0
20131031,11.165,11.203,10.921,11.008,3744,0
20131101,10.678,10.833,10.668,10.668,4801,0
20131104,10.678,10.678,10.63,10.63,1854,0
20131105,10.513,10.513,10.513,10.513,206,0
20131106,10.62,10.62,10.62,10.62,2060,0
20131107,10.28,10.367,10.233,10.328,4698,0
20131108,10.077,10.318,9.814,10.318,2679,0
20131111,9.95,10.28,9.922,10.135,9683,0
20131112,10.193,10.272,9.94,9.999,29977,0
20131113,10.077,10.105,9.94,9.96,16008,0
20131114,10.328,10.328,10.328,10.328,206,0
20131115,10.387,10.387,10.203,10.28,1597,0
20131118,9.922,10.154,9.814,9.814,3090,0
20131119,9.824,9.824,9.824,9.824,515,0
20131120,9.814,9.844,9.61,9.61,1968,0
20131121,9.543,9.591,9.543,9.591,696,0
20131122,9.581,9.63,9.4939,9.552,825,0
20131125,9.3578,9.62,9.3285,9.62,3255,0
20131126,9.552,9.552,9.4651,9.4651,1133,0
20131127,9.639,9.639,9.4063,9.416,6284,0
20131202,9.2222,9.3771,9.1834,9.2222,2808,0
20131203,9.1252,9.1446,9.1252,9.1446,206,0
20131204,8.9116,9.1737,8.9116,9.1543,4223,0
20131205,9.1058,9.1058,8.931,8.9408,1770,0
20131206,8.9408,8.9408,8.9408,8.9408,2060,0
20131209,8.9892,8.9892,8.8631,8.931,4911,0
20131210,9.3674,9.3771,9.1737,9.3383,10010,0
20131211,9.4452,9.4452,9.3189,9.3189,8459,0
20131212,9.0378,9.0378,8.834,8.9408,16284,0
20131213,8.9795,8.9795,8.9795,8.9795,155,0
20131216,8.8729,8.9602,8.8729,8.9602,2500,0
20131217,8.9504,8.9504,8.9504,8.9504,169,0
20131218,8.9408,8.9408,8.931,8.931,206,0
20131219,8.6883,8.6883,8.5912,8.5912,4029,0
20131220,8.5912,8.5912,8.5912,8.5912,4996,0
20131223,8.3874,8.6689,8.3874,8.6689,309,0
20131224,8.698,8.7661,8.698,8.7661,9168,0
20131226,8.8631,8.8631,8.8631,8.8631,2680,0
20131227,8.9884,8.9982,8.9884,8.9884,2757,0
20131230,9.0857,9.0857,8.9496,8.9593,3527,0
20131231,8.833,9.0662,8.833,9.0662,2471,0
20140102,9.61,9.61,9.4939,9.562,897,0
20140103,9.679,9.679,9.649,9.649,212,0
20140106,9.474,9.727,9.474,9.669,1317,0
20140107,9.513,9.669,9.513,9.669,2371,0
20140108,9.552,9.679,9.552,9.679,6894,0
20140109,9.708,9.708,9.62,9.62,1002,0
20140110,9.824,9.824,9.756,9.765,1775,0
20140113,9.873,10.233,9.853,10.193,21186,0
20140114,10.184,10.184,10.184,10.184,155,0
20140115,10.184,10.184,10.184,10.184,126,0
20140116,10.31,10.388,10.31,10.388,789,0
20140117,10.64,11.068,10.64,11.058,10920,0
20140121,11.058,11.593,10.999,11.593,11839,0
20140122,11.583,11.661,11.321,11.331,12851,0
20140123,11.544,11.913,11.544,11.661,10403,0
20140124,11.855,11.855,11.233,11.321,21242,0
20140127,11.379,11.427,10.708,10.718,24387,0
20140128,10.689,10.796,10.689,10.718,6321,0
20140129,11.184,11.476,10.942,11.476,5429,0
20140130,11.009,11.117,11.009,11.117,2837,0
20140131,11.078,11.078,10.893,11.009,7692,0
20140203,11.223,11.223,11.009,11.009,1231,0
20140204,11.136,11.136,10.991,11.126,4500,0
20140205,11.34,11.359,11.126,11.126,13164,0
20140206,11.301,11.301,11.174,11.174,2696,0
20140207,11.447,11.748,11.253,11.738,39385,0
20140210,11.962,12.244,11.962,12.137,44229,0
20140211,12.39,12.622,12.39,12.428,43985,0
20140212,12.622,12.622,12.273,12.292,18199,0
20140213,12.302,12.875,12.147,12.875,13622,0
20140214,13.39,13.39,12.885,13.294,79460,0
20140218,13.634,14.022,13.497,13.789,78553,0
20140219,13.944,13.944,13.031,13.031,29377,0
20140220,13.206,13.634,12.817,13.526,48297,0
20140221,13.594,13.634,13.264,13.516,13210,0
20140224,13.565,14.061,13.565,13.808,57506,0
20140225,13.818,13.818,13.429,13.429,31689,0
20140226,13.459,13.459,12.632,12.817,53835,0
20140227,12.817,13.351,12.817,12.982,57080,0
20140228,12.905,13.157,12.866,12.962,27267,0
20140303,13.478,13.546,13.138,13.138,43549,0
20140304,13.021,13.07,12.934,13.021,11857,0
20140305,12.972,13.341,12.954,13.186,18486,0
20140306,13.555,13.555,13.254,13.303,22598,0
20140307,13.04,13.138,12.749,12.787,11227,0
20140310,12.934,12.934,12.38,12.39,28227,0
20140311,12.506,12.7,12.4,12.4,15886,0
20140312,12.496,12.779,12.496,12.691,25590,0
20140313,12.779,13.167,12.74,13.06,23944,0
20140314,13.459,13.526,12.797,13.186,17572,0
20140317,13.361,13.361,12.71,12.73,15725,0
20140318,12.594,12.594,12.263,12.39,29365,0
20140319,12.117,12.292,11.903,11.913,41957,0
20140320,11.777,12.312,11.476,11.893,22654,0
20140321,12.02,12.467,11.68,11.893,8585,0
20140324,11.34,11.563,10.971,11.136,81779,0
20140325,11.194,11.34,11.126,11.166,17637,0
20140326,11.039,11.243,10.514,10.514,25213,0
20140327,10.359,10.64,10.359,10.582,14395,0
20140328,10.883,11.039,10.825,10.913,59521,0
20140331,11.019,11.019,10.612,10.738,17492,0
20140401,10.524,10.864,10.524,10.738,25983,0
20140402,11.048,11.301,11.009,11.292,19969,0
20140403,11.019,11.166,10.991,11.166,15227,0
20140404,11.359,11.418,11.174,11.213,24582,0
20140407,11.321,11.515,10.952,11.048,22363,0
20140408,11.369,11.369,10.971,11.166,11833,0
20140409,10.981,11.223,10.961,11.223,8394,0
20140410,11.321,11.388,10.922,10.922,8934,0
20140411,10.816,10.961,10.738,10.825,7042,0
20140414,10.952,11.146,10.952,11.097,90735,0
20140415,10.786,10.932,10.543,10.689,16103,0
20140416,10.621,10.669,10.573,10.612,8571,0
20140417,10.612,10.612,10.446,10.446,4430,0
20140421,10.31,10.446,9.95,10.154,24260,0
20140422,10.154,10.3,10.125,10.3,4811,0
20140423,10.524,10.786,10.494,10.708,4915,0
20140424,10.485,10.873,10.485,10.669,12464,0
20140425,10.708,10.786,10.543,10.699,29440,0
20140428,11.019,11.331,10.669,10.679,4129,0
20140429,10.504,10.932,10.504,10.883,4113,0
20140430,10.437,11.029,10.437,10.834,6529,0
20140501,10.679,10.786,10.64,10.669,12113,0
20140502,10.64,10.999,10.64,10.942,3921,0
20140505,11.166,11.184,10.971,11.126,3419,0
20140506,11.233,11.233,10.942,10.942,7312,0
20140507,10.922,10.922,10.514,10.553,14268,0
20140508,10.592,10.679,10.223,10.504,1094,0
20140509,10.456,10.543,10.203,10.203,1513,0
20140512,10.388,10.465,10.388,10.407,1355,0
20140513,10.533,10.533,10.359,10.359,19257,0
20140514,10.981,10.981,10.592,10.806,19321,0
20140515,10.854,10.854,10.465,10.465,16025,0
20140516,10.378,10.563,10.378,10.553,3987,0
20140519,10.747,10.747,10.582,10.582,1134,0
20140521,10.398,10.398,10.339,10.339,840,0
20140522,10.602,10.602,10.446,10.494,810,0
20140523,10.446,10.485,10.349,10.349,835,0
20140527,10.378,10.378,9.912,9.94,9060,0
20140528,9.922,9.922,9.61,9.718,5401,0
20140529,9.765,9.863,9.669,9.834,13360,0
20140530,9.756,9.844,9.669,9.805,4159,0
20140602,9.679,9.922,9.679,9.922,2809,0
20140603,9.873,9.979,9.814,9.979,2640,0
20140604,9.912,10.028,9.883,9.97,3706,0
20140605,10.242,10.242,10.233,10.233,472,0
20140606,10.038,10.407,10.038,10.3,2542,0
20140609,10.3,10.524,10.203,10.203,1995,0
20140610,10.359,10.621,10.359,10.602,19553,0
20140611,10.699,10.825,10.679,10.728,1889,0
20140612,11.126,11.369,11.029,11.359,21416,0
20140613,11.875,11.875,11.331,11.388,81922,0
20140616,11.758,11.777,11.35,11.563,33327,0
20140617,11.233,11.661,11.058,11.661,15692,0
20140618,11.826,12.205,11.632,12.205,22601,0
20140619,12.574,13.497,12.457,13.478,53833,0
20140620,13.974,13.974,13.099,13.099,61128,0
20140623,12.914,13.429,12.875,13.39,20520,0
20140624,13.526,13.701,12.875,12.875,68979,0
20140625,12.759,13.089,12.759,12.962,41227,0
20140626,13.08,13.313,13.001,13.303,42191,0
20140627,12.632,13.332,12.632,12.924,36377,0
20140630,12.642,13.157,12.584,13.04,67826,0
20140701,13.206,13.264,12.905,13.05,22980,0
20140702,12.934,13.313,12.934,13.186,49705,0
20140703,13.206,13.206,13.001,13.119,24544,0
20140707,13.215,13.381,13.119,13.119,9616,0
20140708,13.361,13.361,13.021,13.361,31201,0
20140709,13.303,13.838,13.303,13.838,30479,0
20140710,14.41,14.449,13.507,13.507,50984,0
20140711,13.555,13.866,13.41,13.799,52485,0
20140714,13.701,13.721,13.206,13.565,43500,0
20140715,13.332,13.76,12.885,12.895,49675,0
20140716,12.895,13.206,12.875,12.944,20226,0
20140717,13.157,13.701,12.944,13.701,60511,0
20140718,13.39,13.546,13.39,13.488,20214,0
20140721,13.497,13.691,13.138,13.624,10211,0
20140722,13.779,13.779,13.468,13.555,34443,0
20140723,13.681,13.681,13.235,13.245,25763,0
20140724,13.303,13.313,12.827,12.924,19282,0
20140725,12.914,13.284,12.817,13.225,24856,0
20140728,13.225,13.634,13.157,13.614,28360,0
20140729,13.516,13.526,13.41,13.507,16418,0
20140730,13.361,13.526,13.021,13.381,12024,0
20140731,13.196,13.196,13.07,13.138,13933,0
20140801,13.313,13.313,13.011,13.021,26747,0
20140804,12.972,13.04,12.39,12.846,21289,0
20140805,12.749,12.875,12.37,12.807,27697,0
20140806,12.944,13.41,12.944,13.284,13745,0
20140807,13.215,13.41,13.147,13.196,7996,0
20140808,13.264,13.341,13.196,13.245,9757,0
20140811,13.215,13.614,13.215,13.42,4757,0
20140812,13.565,13.673,13.439,13.673,11273,0
20140813,13.516,13.546,13.138,13.254,15305,0
20140814,13.264,13.264,13.138,13.138,1436,0
20140815,12.827,13.313,12.331,12.962,36261,0
20140818,13.176,13.176,12.895,12.982,6118,0
20140819,12.924,13.109,12.836,12.866,22006,0
20140820,12.827,12.944,12.827,12.875,3071,0
20140821,12.827,12.866,12.574,12.691,13593,0
20140822,12.779,12.779,12.622,12.622,8140,0
20140825,12.584,12.652,12.38,12.38,11696,0
20140826,12.72,12.749,12.516,12.749,8579,0
20140827,12.71,12.836,12.652,12.769,4607,0
20140828,12.866,12.866,12.652,12.652,15237,0
20140829,12.779,12.866,12.632,12.759,24647,0
20140902,12.526,12.584,12.438,12.467,8161,0
20140903,12.467,12.555,12.467,12.535,12471,0
20140904,12.487,12.642,11.942,11.942,9692,0
20140905,11.661,11.913,11.661,11.846,29164,0
20140908,11.758,11.758,11.427,11.427,27353,0
20140909,11.506,11.632,11.398,11.583,12952,0
20140910,11.466,11.496,11.418,11.496,3216,0
20140911,11.359,11.506,11.204,11.506,20262,0
20140912,11.292,11.544,11.282,11.331,9359,0
20140915,11.311,11.379,11.311,11.379,994,0
20140916,11.331,11.544,11.243,11.476,6761,0
20140917,11.437,11.534,11.174,11.174,18664,0
20140918,11.174,11.184,11.009,11.097,8376,0
20140919,11.019,11.019,10.65,10.679,7493,0
20140922,10.359,10.592,10.009,10.009,30541,0
20140923,10.262,10.437,10.125,10.437,7379,0
20140924,10.242,10.242,10.154,10.154,12789,0
20140925,9.96,10.154,9.795,10.125,29119,0
20140926,10.067,10.164,9.989,9.999,3050,0
20140929,9.96,10.058,9.96,10.009,2263,0
20140930,9.863,9.94,9.718,9.746,23523,0
20141001,9.853,9.853,9.649,9.718,15891,0
20141002,9.63,9.892,9.2897,9.533,12755,0
20141003,9.0273,9.3869,9.0273,9.0564,17472,0
20141006,9.0759,9.4354,9.0273,9.3091,19649,0
20141007,9.3189,9.3189,9.0273,9.0759,5413,0
20141008,9.2314,9.698,8.8135,9.562,29494,0
20141009,9.659,9.795,9.3285,9.474,15232,0
20141010,9.4354,9.6,9.1731,9.3285,14229,0
20141013,9.533,9.863,9.533,9.863,29729,0
20141014,9.688,9.718,9.4258,9.4258,2755,0
20141015,9.6,9.669,9.552,9.552,10088,0
20141016,9.4258,9.649,9.4258,9.649,1906,0
20141017,9.698,9.698,9.3869,9.4354,12914,0
20141020,9.639,9.659,9.639,9.659,2445,0
20141021,9.765,9.765,9.62,9.688,4232,0
20141022,9.2605,9.62,9.1633,9.28,3995,0
20141023,9.0953,9.2509,8.9204,9.2509,42439,0
20141024,9.0662,9.28,9.0079,9.0564,5639,0
20141027,8.9301,9.0662,8.7747,8.7747,6273,0
20141028,8.8039,9.0857,8.8039,9.0857,5092,0
20141029,9.1148,9.1148,8.5707,8.5707,5162,0
20141030,8.5512,8.5803,8.007,8.007,51468,0
20141031,7.7738,7.7738,7.56,7.6669,81345,0
20141103,7.7349,7.9681,7.5406,7.9681,76600,0
20141104,7.7738,7.8516,7.5406,7.5406,10032,0
20141105,7.5115,7.5115,7.0645,7.1616,22370,0
20141106,7.2297,7.4629,6.9187,7.4046,7596,0
20141107,7.4046,8.0653,7.4046,7.9973,15587,0
20141110,7.9487,7.9487,7.6767,7.6961,3983,0
20141111,8.2013,8.4249,8.2013,8.318,5812,0
20141112,8.2597,8.4151,8.0264,8.1431,6947,0
20141113,8.2791,8.3471,7.7836,7.9584,17345,0
20141114,7.4726,8.4638,7.424,8.4638,21269,0
20141117,8.4638,8.5512,8.318,8.5512,11603,0
20141118,8.6387,9.1148,8.6387,9.1148,22638,0
20141119,9.037,9.1245,8.5998,8.6289,24681,0
20141120,8.7552,8.9108,8.6387,8.7552,39195,0
20141121,9.1342,9.3189,8.8135,8.833,12294,0
20141124,8.969,9.0468,8.8524,8.8524,14999,0
20141125,8.969,9.2314,8.969,9.1342,13587,0
20141126,9.0857,9.0857,8.901,8.901,6765,0
20141128,8.4929,8.4929,7.9973,8.0264,9156,0
20141201,8.3374,8.3957,8.0848,8.3957,24421,0
20141202,8.2306,8.2306,7.9001,7.9196,5368,0
20141203,8.0653,8.3666,8.0653,8.2693,5858,0
20141204,8.3277,8.3277,8.1237,8.1917,10630,0
20141205,8.007,8.075,7.7836,7.9196,17460,0
20141208,7.9584,7.9584,7.6183,7.9292,6937,0
20141209,8.318,8.4151,8.25,8.3471,7049,0
20141210,8.3471,8.3762,8.0945,8.0945,4216,0
20141211,7.9292,8.0361,7.9196,8.0361,1567,0
20141212,7.9487,7.9487,7.8127,7.8127,3138,0
20141215,7.8321,7.8321,7.2879,7.2879,11158,0
20141216,7.2588,7.5795,7.1033,7.181,12659,0
20141217,7.5115,7.5406,7.0159,7.5309,3113,0
20141218,7.7155,7.9779,7.6183,7.9779,9743,0
20141219,7.939,7.9779,7.871,7.9779,4877,0
20141222,7.7836,7.7836,7.3754,7.4142,7990,0
20141223,7.4337,7.628,7.2879,7.3948,11625,0
20141224,7.424,7.6183,7.424,7.6183,6031,0
20141226,7.8223,7.9001,7.7738,7.7738,558,0
20141230,7.9487,7.9487,7.8807,7.8904,6907,0
20141231,7.5115,7.9876,7.5115,7.9876,13152,0
20150102,7.803,8.2306,7.803,8.2306,1559,0
20150105,8.3082,8.4249,7.9779,8.4249,19652,0
20150106,8.4151,8.6483,8.3277,8.6094,12721,0
20150107,8.5803,8.7163,8.454,8.454,8096,0
20150108,8.5512,8.5609,8.0653,8.2791,7975,0
20150109,8.4054,8.522,8.3957,8.522,5296,0
20150112,8.5609,8.8039,8.5609,8.765,13914,0
20150113,8.8427,8.9496,8.5026,8.5512,11555,0
20150114,8.6387,8.6387,8.2306,8.2306,6839,0
20150115,8.765,8.8135,8.5609,8.7261,29620,0
20150116,8.7844,8.9301,8.6483,8.833,16666,0
20150120,9.0564,9.4651,9.0564,9.2605,12695,0
20150121,9.61,9.765,8.8719,9.0953,16234,0
20150122,9.0564,9.2022,8.901,8.901,8694,0
20150123,8.6483,8.8135,8.4054,8.5318,12780,0
20150126,8.3762,8.4151,8.0168,8.3762,9043,0
20150127,8.5803,8.8427,8.5803,8.8427,8007,0
20150128,8.5901,8.5901,8.2693,8.2791,4405,0
20150129,8.1722,8.1917,7.7447,7.939,14910,0
20150130,7.8612,8.1139,7.8127,8.0361,3327,0
20150202,8.0264,8.2597,8.0264,8.2111,2144,0
20150203,8.0459,8.2597,8.0459,8.1237,4384,0
20150204,8.1333,8.1333,8.075,8.0945,996,0
20150205,8.1819,8.1819,8.1237,8.1333,2625,0
20150206,8.0264,8.0264,7.871,7.871,3116,0
20150209,8.0361,8.0459,7.803,7.8127,6058,0
20150210,7.9779,7.9779,7.8807,7.9099,2470,0
20150211,7.7543,7.7738,7.6863,7.6863,1543,0
20150212,8.2013,8.2013,7.7932,7.871,2336,0
20150213,8.0848,8.0848,7.9779,7.9779,3292,0
20150217,7.7836,7.803,7.7641,7.7738,6645,0
20150218,7.7836,7.939,7.7349,7.939,2228,0
20150219,7.9099,7.9196,7.8612,7.8612,2649,0
20150220,7.7447,7.7447,7.5698,7.5698,4554,0
20150223,7.5891,7.628,7.3657,7.3851,13346,0
20150224,7.2879,7.5503,7.2879,7.5503,7282,0
20150225,7.4726,7.7058,7.4726,7.7058,3355,0
20150226,7.6767,7.7641,7.6767,7.6767,3507,0
20150227,7.7738,7.7738,7.6475,7.7058,4103,0
20150302,7.6767,7.6767,7.5309,7.5309,3602,0
20150303,7.356,7.5211,7.356,7.4822,515,0
20150304,7.3754,7.424,7.3657,7.3657,2881,0
20150305,7.3851,7.4337,7.3462,7.3462,5660,0
20150306,7.3462,7.3462,7.0741,7.1033,27888,0
20150309,7.045,7.045,6.7535,6.8507,13481,0
20150310,7.0547,7.0547,6.4328,6.4328,8850,0
20150311,6.1607,6.6175,6.1607,6.6077,4631,0
20150312,6.8021,6.8021,6.6077,6.6077,4528,0
20150313,6.4911,6.6175,6.4911,6.598,4219,0
20150316,6.5786,6.7438,6.4911,6.4911,2367,0
20150317,6.4814,6.4814,6.462,6.4814,824,0
20150318,6.4814,6.7729,6.4328,6.7535,8130,0
20150319,6.8021,6.9187,6.7535,6.8798,8850,0
20150320,7.0645,7.2879,7.0645,7.2685,6689,0
20150323,7.3366,7.3754,7.2588,7.2588,1441,0
20150324,7.3657,7.3948,7.3171,7.3754,1646,0
20150325,7.5017,7.5989,7.2005,7.2005,14716,0
20150326,7.2977,7.2977,7.1033,7.1421,2161,0
20150327,7.0547,7.2393,6.8118,7.181,1337,0
20150330,6.9187,6.9867,6.8992,6.9478,2470,0
20150331,6.6077,6.9478,6.6077,6.8896,2778,0
20150401,7.045,7.045,7.045,7.045,515,0
20150402,6.9381,6.9381,6.9187,6.9187,206,0
20150406,7.1519,7.1713,7.1228,7.1228,12349,0
20150407,6.9478,6.9965,6.9478,6.9965,761,0
20150408,7.1033,7.1033,6.8021,6.8701,5866,0
20150409,6.8312,6.8312,6.7632,6.7632,2398,0
20150410,6.7535,6.9576,6.6466,6.9478,10394,0
20150413,6.9187,6.9187,6.7632,6.7632,6072,0
20150414,6.7729,6.7729,6.734,6.7632,2058,0
20150415,6.8312,6.8896,6.8312,6.8798,3003,0
20150416,7.0159,7.2102,6.8992,6.9284,979,0
20150417,6.8021,6.8896,6.8021,6.8896,1544,0
20150420,6.7924,6.8896,6.7924,6.8896,4369,0
20150421,6.9478,6.9478,6.8312,6.8312,2002,0
20150422,6.8118,6.8118,6.7244,6.7438,2948,0
20150423,6.7729,6.8507,6.7729,6.8507,2676,0
20150424,6.8507,7.0352,6.8507,7.0159,13070,0
20150427,7.1616,7.2782,7.1325,7.1519,5454,0
20150428,7.3462,7.3462,7.2879,7.2879,2778,0
20150429,7.424,7.5698,7.424,7.4337,6174,0
20150430,7.3851,7.3851,7.045,7.2102,6792,0
20150501,7.6767,7.6767,7.0061,7.3074,12966,0
20150504,7.5503,7.56,7.3754,7.3754,2572,0
20150505,7.5891,7.5891,7.492,7.492,2985,0
20150506,7.3171,7.4822,7.3171,7.4726,7779,0
20150507,7.2393,7.3754,7.181,7.2005,7589,0
20150508,7.2879,7.4531,7.2879,7.356,4528,0
20150511,7.4822,7.4822,7.2588,7.3171,11011,0
20150512,7.5309,7.5309,7.5309,7.5309,1043,0
20150513,7.7543,7.8904,7.7155,7.8612,14922,0
20150514,7.939,8.0264,7.7641,7.7738,11320,0
20150515,7.8223,7.9681,7.8223,7.871,5547,0
20150518,7.939,8.0361,7.8223,7.9292,41300,0
20150519,7.9584,7.9584,7.5309,7.6863,15539,0
20150520,7.7349,7.7447,7.7058,7.7058,7100,0
20150521,7.6863,7.6961,7.6572,7.6572,6072,0
20150522,7.5795,7.8904,7.5795,7.6183,11114,0
20150526,7.3851,7.5503,7.1908,7.3948,16887,0
20150527,7.2977,7.6863,7.181,7.3366,8233,0
20150528,7.3366,7.3366,7.2879,7.3171,829,0
20150529,7.356,7.3948,7.2588,7.2588,8335,0
20150601,7.6767,7.6767,7.4337,7.4629,10421,0
20150602,7.6572,7.7155,7.5698,7.5698,4512,0
20150603,7.4531,7.8321,7.3754,7.8127,7718,0
20150604,7.3462,7.3948,7.3462,7.3948,926,0
20150605,7.0645,7.5891,6.3259,7.1033,32829,0
20150608,7.1033,7.1325,6.9381,7.0547,5352,0
20150609,7.2685,7.2782,6.7924,7.2685,2152,0
20150610,7.2491,7.2685,7.1616,7.2685,2281,0
20150611,7.2199,7.2393,7.1228,7.2393,6889,0
20150612,7.1713,7.2491,7.0936,7.2199,18524,0
20150615,7.1421,7.3074,7.1421,7.2685,6689,0
20150616,7.2491,7.2977,7.2393,7.2977,2161,0
20150617,7.424,7.4531,7.424,7.4531,206,0
20150618,7.628,7.628,7.5795,7.5795,2058,0
20150619,7.4726,7.6863,7.4726,7.5698,4013,0
20150622,7.2102,7.4629,7.2102,7.4435,3396,0
20150623,7.356,7.356,7.2782,7.3462,2844,0
20150624,7.4629,7.4629,7.3366,7.3366,824,0
20150625,7.2685,7.2977,7.2685,7.2977,4631,0
20150626,7.2879,7.3366,7.1908,7.3366,926,0
20150629,7.0936,7.1713,7.0936,7.1421,1750,0
20150630,7.0936,7.1713,6.9576,7.0256,9024,0
20150701,6.9576,6.9576,6.8604,6.8604,1441,0
20150702,6.8118,6.9965,6.8118,6.9965,3705,0
20150706,6.8701,7.0741,6.8604,7.0061,4837,0
20150707,6.8021,6.8215,6.6271,6.734,6380,0
20150708,6.6855,6.6855,6.5202,6.53,6587,0
20150709,6.5591,6.598,6.4814,6.4814,4734,0
20150710,6.6564,6.6564,6.5883,6.5883,1337,0
20150713,6.5202,6.6564,6.5202,6.6369,7615,0
20150714,6.7244,6.8021,6.6855,6.6855,2547,0
20150715,6.5495,6.5786,6.4231,6.4426,2017,0
20150716,6.5106,6.5591,6.4814,6.5202,3190,0
20150717,6.3259,6.3259,6.2676,6.3162,3705,0
20150720,5.9373,6.0927,5.704,5.704,16877,0
20150721,5.9178,5.9178,5.7624,5.7624,926,0
20150722,5.6943,5.8693,5.6457,5.7818,5660,0
20150723,5.6749,5.8012,5.4611,5.4708,9262,0
20150724,5.3543,5.6651,5.2182,5.6651,15746,0
20150727,5.7331,5.7331,5.4514,5.4611,4939,0
20150728,5.5777,5.6555,5.4999,5.5583,3498,0
20150729,5.6068,5.6651,5.5583,5.6555,4734,0
20150730,5.5194,5.5777,5.5194,5.5583,3190,0
20150731,5.6263,5.6263,5.6263,5.6263,206,0
20150803,5.5097,5.5194,5.4223,5.4514,4564,0
20150804,5.6068,5.6068,5.4611,5.5388,2367,0
20150805,5.3445,5.3736,5.2959,5.2959,3396,0
20150806,5.3348,5.393,5.3348,5.393,3323,0
20150807,5.5388,5.5777,5.5291,5.5291,1955,0
20150810,5.568,5.6846,5.4611,5.6846,2778,0
20150811,5.7429,5.9567,5.7429,5.8498,11135,0
20150812,6.0733,6.3259,6.0733,6.3259,12555,0
20150813,6.2579,6.2579,6.0344,6.0344,7204,0
20150814,5.9858,6.0441,5.9567,5.9567,6380,0
20150817,6.1025,6.1025,5.9956,6.0538,1132,0
20150818,5.9761,5.9761,5.84,5.84,3087,0
20150819,5.8984,6.1219,5.8887,6.1219,4322,0
20150820,6.0247,6.2094,5.9956,6.1219,18524,0
20150821,6.0733,6.0733,5.7915,5.7915,4837,0
20150824,5.5583,5.7915,5.2959,5.4514,28103,0
20150825,5.3834,5.3834,5.325,5.3445,1955,0
20150826,5.2667,5.2667,5.0529,5.0724,7924,0
20150827,5.0238,5.3056,5.0238,5.2279,8233,0
20150828,5.4805,5.4805,5.4708,5.4708,720,0
20150831,5.4514,5.5194,5.3834,5.393,1955,0
20150901,5.0822,5.0822,5.0822,5.0822,617,0
20150902,5.4805,5.4999,5.3056,5.3056,3087,0
20150903,5.4417,5.4417,5.2182,5.2182,2161,0
20150904,5.1793,5.1793,5.1793,5.1793,515,0
20150908,4.9753,5.2182,4.9753,5.2182,720,0
20150910,5.1793,5.1793,5.0044,5.0044,2272,0
20150911,4.9655,5.0433,4.878,5.0433,10085,0
20150914,4.9169,5.2279,4.9169,4.9558,4116,0
20150915,5.0529,5.4028,5.0529,5.4028,617,0
20150916,5.2862,5.4319,5.1502,5.4319,3705,0
20150917,5.3834,5.5874,5.2765,5.5874,1929,0
20150918,5.6263,5.6555,5.4708,5.5971,4734,0
20150921,5.4417,5.4417,5.4417,5.4417,1646,0
20150922,5.4903,5.4903,5.2182,5.2182,720,0
20150923,5.1016,5.1502,5.0918,5.1502,1132,0
20150924,5.4223,5.4319,5.3445,5.4223,2900,0
20150925,5.4223,5.4708,5.4223,5.4708,2676,0
20150928,5.3834,5.4805,4.9655,4.9753,4341,0
20150929,4.9558,5.2765,4.9558,5.1113,3602,0
20150930,5.0044,5.3348,5.0044,5.3154,1646,0
20151001,5.2473,5.2862,5.0724,5.0822,3498,0
20151002,5.3639,5.4999,5.3639,5.4805,7615,0
20151005,5.6263,5.7137,5.6068,5.704,2343,0
20151006,5.8887,5.9761,5.772,5.9761,20068,0
20151007,5.8304,5.9956,5.8304,5.8595,4219,0
20151008,5.8595,5.8595,5.8595,5.8595,824,0
20151009,5.9956,6.3842,5.9956,6.2676,11320,0
20151012,6.2676,6.2968,6.2385,6.2481,9956,0
20151013,5.8595,6.219,5.8595,6.219,3396,0
20151014,6.2968,6.5786,6.2968,6.5591,4939,0
20151015,6.6175,6.8312,6.4522,6.734,66377,0
20151016,6.7049,6.8312,6.6077,6.6175,12452,0
20151019,6.5689,6.5689,6.1025,6.1607,28300,0
20151020,6.0733,6.3842,6.0733,6.3842,9879,0
20151021,6.3454,6.3454,6.1121,6.1607,3396,0
20151022,6.1316,6.3648,6.1316,6.2774,10496,0
20151023,6.3357,6.462,6.2579,6.3454,2676,0
20151026,6.3648,6.3648,6.2968,6.3065,4631,0
20151027,6.2579,6.3162,6.2579,6.3162,5660,0
20151028,6.4231,6.4231,6.0733,6.1413,5557,0
20151029,6.1705,6.1705,5.7331,6.0247,32931,0
20151030,5.7624,6.0538,5.7526,6.0441,10394,0
20151102,5.9956,5.9956,5.6943,5.84,11449,0
20151103,5.7429,5.8887,5.6555,5.8887,10909,0
20151104,5.7818,5.7818,5.6166,5.6166,1610,0
20151105,5.6068,5.6068,5.5291,5.5777,3602,0
20151106,5.5194,5.7915,5.2279,5.3834,9159,0
20151109,5.257,5.5486,5.2085,5.5388,18369,0
20151110,5.4223,5.4708,5.3834,5.3834,4116,0
20151111,5.3834,5.4708,5.2862,5.4708,3705,0
20151112,5.2085,5.3154,5.2085,5.2182,1235,0
20151113,5.5097,5.5291,5.1598,5.3639,12040,0
20151116,5.6068,5.6068,5.3639,5.3639,2264,0
20151117,5.2182,5.2279,5.0142,5.1016,8335,0
20151118,5.2085,5.2182,5.1016,5.2182,2058,0
20151119,5.2667,5.3543,5.1502,5.3445,18112,0
20151120,5.3834,5.3834,5.0918,5.1987,15437,0
20151123,5.2085,5.2085,5.1016,5.1016,1029,0
20151124,5.2376,5.2959,5.1793,5.257,2778,0
20151125,5.3834,5.3834,5.2376,5.2376,926,0
20151127,5.2765,5.325,5.2765,5.325,824,0
20151130,5.2959,5.3543,5.189,5.2765,4426,0
20151201,5.257,5.3445,5.2376,5.257,10453,0
20151202,5.0822,5.2182,4.9849,5.1016,7472,0
20151203,5.2667,5.393,5.1016,5.3543,17608,0
20151204,5.3348,5.5388,5.325,5.4417,1955,0
20151207,5.4417,5.4417,5.2473,5.2473,7615,0
20151208,5.1307,5.1307,5.0433,5.0433,4176,0
20151209,5.0822,5.1598,5.0822,5.1598,617,0
20151210,5.2182,5.325,5.1113,5.1404,2676,0
20151211,5.0627,5.0627,5.0627,5.0627,515,0
20151214,5.0044,5.0724,4.9655,4.9655,3249,0
20151215,4.9947,5.0335,4.9558,4.9655,617,0
20151216,5.1502,5.2279,4.9558,5.2279,2881,0
20151217,5.2085,5.2085,4.946,4.946,1441,0
20151218,4.9655,5.0238,4.9655,5.0044,7100,0
20151221,5.0335,5.0918,5.0142,5.0724,4013,0
20151223,5.2765,5.2862,5.2376,5.257,2676,0
20151228,5.2959,5.4893,5.2959,5.2959,4033,0
20151229,5.1711,5.3228,5.1711,5.2705,1305,0
20151230,5.1711,5.2109,5.0517,5.0517,4812,0
20151231,5.1313,5.1472,5.0418,5.0418,7410,0
20160104,5.2397,5.35,5.0533,5.1512,6069,0
20160105,4.9961,5.1711,4.9961,5.1214,6148,0
20160106,5.1353,5.2953,5.0744,5.2953,603,0
20160107,5.181,5.2109,5.0219,5.191,12258,0
20160108,4.9737,5.1124,4.9637,5.1046,1810,0
20160111,5.0816,5.1214,4.836,4.8606,19661,0
20160112,4.823,4.8529,4.5447,4.644,5264,0
20160113,4.7345,4.7569,4.4849,4.5525,11778,0
20160114,4.4751,4.5645,4.3556,4.4849,13619,0
20160115,4.5147,4.6023,4.296,4.296,3688,0
20160119,4.4451,4.4451,4.2065,4.296,2615,0
20160120,4.4152,4.4152,4.0176,4.2761,21747,0
20160121,4.3159,4.3284,4.286,4.3284,16611,0
20160122,4.3457,4.4252,4.2587,4.4252,2450,0
20160125,4.4252,4.5943,4.4252,4.465,6027,0
20160126,4.6042,4.7101,4.4252,4.6936,2924,0
20160127,4.7335,4.833,4.7037,4.7435,8777,0
20160128,4.8031,4.8131,4.6543,4.6543,4646,0
20160129,4.9125,4.9323,4.6938,4.9225,2625,0
20160201,4.9125,4.9721,4.8926,4.9712,6201,0
20160202,4.8389,4.8484,4.819,4.8484,2012,0
20160203,4.7946,5.0816,4.7946,5.0369,29948,0
20160204,5.37,5.5251,5.1601,5.186,11557,0
20160205,5.2208,5.539,5.2208,5.539,11542,0
20160208,5.6683,5.9466,5.6683,5.7677,22241,0
20160209,5.8672,6.0651,5.7498,5.7498,9355,0
20160210,5.4695,5.6623,5.3998,5.6623,6365,0
20160211,6.0481,6.1734,6.0144,6.0661,15501,0
20160212,6.076,6.3942,6.0661,6.3942,16055,0
20160216,6.255,6.265,6.0163,6.0462,38898,0
20160217,6.4041,6.4041,6.2335,6.2785,2711,0
20160218,6.2948,6.802,6.2152,6.802,55328,0
20160219,6.9611,6.9611,6.6667,6.8029,70111,0
20160222,6.6528,6.9611,6.1456,6.6926,39560,0
20160223,6.6428,6.8666,6.4093,6.6528,50929,0
20160224,6.623,6.8416,6.5285,6.5931,32516,0
20160225,6.5533,6.7884,6.5533,6.7721,13712,0
20160226,6.7351,6.7954,6.5434,6.5434,20614,0
20160229,6.7622,6.8502,6.5732,6.7423,14468,0
20160301,6.6031,6.6627,6.3452,6.4739,21732,0
20160302,6.5135,6.7025,6.5135,6.6985,2697,0
20160303,6.6627,7.1401,6.3743,7.0491,18765,0
20160304,7.3091,7.8759,7.2793,7.2793,44746,0
20160307,7.6373,7.9057,7.5876,7.6721,118573,0
20160308,7.7168,7.8365,7.4981,7.5478,23314,0
20160309,7.2693,7.6472,7.1798,7.6472,41143,0
20160310,7.687,8.1246,7.687,8.1246,43880,0
20160311,8.1047,8.4826,7.7766,7.9953,48446,0
20160314,8.0649,8.2855,7.8063,7.8262,29014,0
20160315,7.7268,7.9555,7.4086,7.6671,45299,0
20160316,7.7467,8.2737,7.508,8.2737,46573,0
20160317,8.5024,8.8704,8.2638,8.4229,98657,0
20160318,8.4428,8.6217,8.3533,8.5918,44658,0
20160321,8.6218,8.8883,8.6218,8.8107,116931,0
20160322,8.9499,9.2284,8.7765,8.8604,111122,0
20160323,8.6914,8.7709,8.2737,8.403,89668,0
20160324,8.3036,8.4428,8.2439,8.4428,46033,0
20160328,8.6516,8.6516,8.1743,8.2041,34788,0
20160329,8.224,8.761,8.1769,8.7088,49045,0
20160330,8.8505,8.9201,8.4528,8.6218,23107,0
20160331,8.8405,8.8405,8.6019,8.6541,13716,0
20160401,8.4726,8.6317,8.0749,8.6317,34894,0
20160404,8.7013,8.7013,8.3931,8.4726,16877,0
20160405,8.751,9.0086,8.5523,8.6765,55954,0
20160406,8.6814,8.9798,8.5024,8.761,42553,0
20160407,8.8207,9.0991,8.771,8.9698,54969,0
20160408,9.1289,9.3875,9.1289,9.3477,72401,0
20160411,9.716,10.203,9.688,10.163,230375,0
20160412,10.292,10.839,10.173,10.442,339526,0
20160413,10.243,10.69,10.243,10.342,188511,0
20160414,10.282,10.282,9.785,10.091,107276,0
20160415,10.143,10.69,9.944,10.491,145660,0
20160418,10.74,11.043,10.572,11.017,281717,0
20160419,11.724,12.261,11.68,12.177,388273,0
20160420,12.48,12.818,11.943,12.033,454204,0
20160421,12.52,12.659,12.082,12.271,206427,0
20160422,12.311,12.49,11.615,11.973,181474,0
20160425,11.963,12.122,11.784,11.874,84640,0
20160426,12.092,12.45,11.72,12.45,136369,0
20160427,12.59,12.928,12.43,12.639,265318,0
20160428,12.918,13.301,12.729,13.017,360443,0
20160429,13.564,13.693,13.321,13.57,225074,0
20160502,13.823,14.151,12.948,13.037,466837,0
20160503,12.938,13.156,12.251,12.56,342130,0
20160504,12.291,12.49,11.446,11.635,451601,0
20160505,11.943,12.291,11.854,12.132,206055,0
20160506,12.45,12.948,12.281,12.788,282061,0
20160509,12.44,12.44,11.625,11.824,231738,0
20160510,11.744,12.285,11.734,12.212,155532,0
20160511,12.609,12.936,12.251,12.6,269967,0
20160512,12.878,12.898,12.44,12.689,175273,0
20160513,12.739,12.928,12.54,12.808,136277,0
20160516,13.266,13.425,12.938,13.127,306946,0
20160517,13.196,13.783,13.077,13.783,278891,0
20160518,13.584,13.727,12.57,12.739,327406,0
20160519,12.053,12.828,11.884,12.669,305791,0
20160520,12.967,13.076,12.401,12.878,292725,0
20160523,12.719,13.047,12.427,12.719,217073,0
20160524,12.371,12.48,11.764,11.774,283241,0
20160525,11.635,12.212,11.317,12.043,261087,0
20160526,12.301,12.629,12.033,12.112,229417,0
20160527,11.884,12.013,11.436,11.466,412160,0
20160531,11.366,11.903,10.997,11.645,315694,0
20160601,11.545,11.884,11.436,11.565,116574,0
20160602,11.744,11.873,11.5,11.714,95410,0
20160603,12.361,12.977,12.361,12.918,238996,0
20160606,13.296,13.335,12.938,13.335,329250,0
20160607,13.226,13.266,12.938,13.037,255212,0
20160608,13.683,13.957,13.524,13.803,298256,0
20160609,13.783,14.032,13.678,14.012,203502,0
20160610,14.101,14.325,13.674,13.783,251079,0
20160613,13.942,14.036,13.56,13.783,177485,0
20160614,13.932,13.932,13.077,13.405,131454,0
20160615,13.425,14.041,13.345,13.912,211995,0
20160616,14.34,14.409,13.256,13.365,333132,0
20160617,13.683,13.803,13.221,13.395,163321,0
20160620,12.997,13.614,12.689,13.455,206284,0
20160621,13.266,13.306,13.027,13.296,188871,0
20160622,13.256,13.296,12.868,13.286,147412,0
20160623,13.196,13.415,13.196,13.365,95699,0
20160624,14.648,15.066,13.435,13.584,325620,0
20160627,13.813,13.892,12.997,13.385,150860,0
20160628,12.997,13.574,12.997,13.465,158822,0
20160629,13.713,14.3,13.713,14.171,245804,0
20160630,14.39,14.597,14.081,14.544,239924,0
20160701,15.145,15.911,14.917,15.782,622523,0
20160705,16.07,16.329,15.424,15.981,501244,0
20160706,16.388,16.646,16.17,16.627,291855,0
20160707,16.537,16.627,15.762,15.821,298541,0
20160708,15.851,16.746,15.851,16.736,215722,0
20160711,16.736,17.313,16.557,17.104,534296,0
20160712,17.313,17.323,16.418,16.448,349256,0
20160713,16.955,17.403,16.697,17.323,313733,0
20160714,17.313,17.522,16.776,17.522,234546,0
20160715,17.194,17.501,17.074,17.293,257977,0
20160718,17.303,17.303,16.925,17.214,202074,0
20160719,17.015,17.234,16.826,16.925,139869,0
20160720,16.418,16.52,15.563,15.672,395055,0
20160721,15.802,16.488,15.732,16.408,316020,0
20160722,16.229,16.478,16.101,16.368,81255,0
20160725,15.881,16.01,15.324,15.623,417048,0
20160726,15.712,16.388,15.712,16.259,135792,0
20160727,16.339,17.258,16.16,17.094,260529,0
20160728,17.343,17.602,17.164,17.492,1176798,0
20160729,17.781,18.128,17.536,17.91,351255,0
20160801,18.238,18.497,17.999,18.497,487771,0
20160802,18.745,19.163,18.606,18.775,510309,0
20160803,18.676,18.745,18.258,18.646,192508,0
20160804,18.745,18.864,18.646,18.745,174074,0
20160805,18.198,18.397,17.751,18.178,264906,0
20160808,18.168,18.834,18.109,18.606,295296,0
20160809,18.795,19.063,18.705,18.765,321730,0
20160810,19.421,19.491,18.865,19.153,327649,0
20160811,19.322,19.67,18.974,19.203,269820,0
20160812,19.541,19.575,18.904,19.08,305589,0
20160815,19.133,19.332,19.032,19.093,187737,0
20160816,19.302,19.372,19.014,19.242,252013,0
20160817,19.123,19.173,18.338,18.775,285922,0
20160818,19.024,19.185,18.825,19.133,190584,0
20160819,18.795,18.795,18.318,18.387,275452,0
20160822,17.979,18.084,17.602,17.86,358049,0
20160823,18.039,18.139,17.641,17.651,131759,0
20160824,17.522,17.651,15.941,16.02,810925,0
20160825,15.921,16.716,15.643,16.259,448025,0
20160826,16.627,17.301,16.299,16.607,314251,0
20160829,16.349,16.836,16.329,16.697,229831,0
20160830,16.587,16.634,15.473,15.623,396403,0
20160831,15.404,15.598,15.115,15.324,313557,0
20160901,15.106,15.812,14.917,15.722,222506,0
20160902,16.339,16.695,16.07,16.657,284181,0
20160906,17.313,18.009,17.034,17.979,479428,0
20160907,17.95,18.058,17.456,18.039,258490,0
20160908,18.109,18.198,17.711,17.85,147091,0
20160909,17.592,17.592,16.309,16.378,727357,0
20160912,16,16.905,15.722,16.697,626925,0
20160913,16.667,16.667,15.493,15.662,330747,0
20160914,16.03,16.289,15.702,15.742,258866,0
20160915,15.782,16.15,15.344,15.782,84519,0
20160916,15.672,15.868,15.384,15.563,108216,0
20160919,15.991,16.15,15.633,15.702,104255,0
20160920,15.821,15.861,15.598,15.851,72848,0
20160921,16.259,16.985,16.08,16.905,343606,0
20160922,17.283,17.403,16.448,16.637,323480,0
20160923,16.448,16.627,15.921,15.991,132606,0
20160926,15.971,16.228,15.563,15.603,278307,0
20160927,15.354,15.473,15.053,15.384,201328,0
20160928,15.185,15.812,15.036,15.742,148918,0
20160929,15.652,15.856,15.503,15.633,86954,0
20160930,16.1,16.11,15.414,15.434,177619,0
20161003,15.364,15.652,15.125,15.275,149283,0
20161004,14.867,14.867,13.703,13.723,575697,0
20161005,13.813,13.977,13.395,13.693,301823,0
20161006,13.236,13.495,12.997,13.28,260869,0
20161007,13.634,13.952,13.311,13.594,175609,0
20161010,13.902,14.061,13.763,13.823,136756,0
20161011,13.773,13.773,13.326,13.385,105702,0
20161012,13.335,13.67,13.325,13.485,120194,0
20161013,13.584,13.962,13.475,13.743,70280,0
20161014,13.723,13.862,13.376,13.435,77144,0
20161017,13.435,13.674,13.425,13.594,119534,0
20161018,13.932,14.201,13.763,14.201,54412,0
20161019,14.469,14.698,14.27,14.559,130905,0
20161020,14.658,14.658,14.243,14.419,61449,0
20161021,14.26,14.419,14.23,14.35,64529,0
20161024,14.549,14.618,13.862,13.982,57508,0
20161025,14.061,14.519,14.061,14.399,64650,0
20161026,14.419,14.434,13.743,13.932,58178,0
20161027,13.922,14.151,13.665,13.723,52399,0
20161028,13.624,13.952,13.514,13.683,128400,0
20161031,13.693,14.032,13.664,14.002,75137,0
20161101,14.419,14.797,14.171,14.489,225763,0
20161102,14.827,15.135,14.32,14.439,246347,0
20161103,14.29,14.708,14.277,14.628,108285,0
20161104,14.569,14.738,14.147,14.37,101558,0
20161107,13.982,14.181,13.823,14.081,154776,0
20161108,14.181,14.469,13.834,14.061,77971,0
20161109,15.036,15.49,14.19,14.439,204913,0
20161110,14.429,14.429,13.435,13.504,196875,0
20161111,13.534,13.534,12.232,12.301,397991,0
20161114,11.993,12.619,11.665,12.261,434384,0
20161115,12.351,13.252,12.351,13.196,131456,0
20161116,13.306,13.306,12.78,12.928,80300,0
20161117,13.107,13.365,12.45,12.679,209640,0
20161118,12.47,12.659,12.341,12.59,75672,0
20161121,12.779,13.136,12.747,12.958,92490,0
20161122,12.958,13.23,12.679,13.216,86868,0
20161123,12.739,12.739,12.281,12.371,143337,0
20161125,12.391,12.609,12.391,12.48,117873,0
20161128,12.51,12.868,12.51,12.808,62916,0
20161129,12.51,12.937,12.51,12.904,37417,0
20161130,12.769,12.848,12.53,12.749,75885,0
20161201,12.679,12.966,12.301,12.689,86870,0
20161202,12.659,13.524,12.659,13.524,87951,0
20161205,13.375,13.837,13.117,13.614,102880,0
20161206,13.514,13.962,13.465,13.514,68729,0
20161207,13.723,14.081,13.677,13.753,102365,0
20161208,13.783,13.882,13.405,13.504,73934,0
20161209,13.475,13.504,12.699,12.709,249285,0
20161212,12.739,13.167,12.739,12.898,122673,0
20161213,12.997,13.266,12.908,13.166,37294,0
20161214,13.216,13.513,12.49,12.49,103614,0
20161215,12.102,12.102,11.516,11.655,253745,0
20161216,11.734,11.864,11.178,11.705,122294,0
20161219,11.734,11.804,11.337,11.535,96733,0
20161220,11.148,11.261,10.939,11.227,166462,0
20161221,11.217,11.411,11.133,11.177,103464,0
20161222,11.108,11.426,11.098,11.118,91407,0
20161223,11.108,11.275,11.088,11.257,88108,0
20161227,11.38,11.84,11.34,11.78,131095,0
20161228,11.81,11.83,11.55,11.82,103541,0
20161229,11.9,12.6653,11.9,12.64,209279,0
20161230,12.75,12.9692,11.9313,12.03,194020,0
20170103,12.14,12.79,12.14,12.79,188084,0
20170104,13,13.1259,12.75,13.04,119559,0
20170105,13.47,14.33,13.43,14.21,328725,0
20170106,14,14.109,13.27,13.61,187632,0
20170109,13.95,14.0517,13.64,13.71,166796,0
20170110,13.97,14.4,13.8807,14.09,126265,0
20170111,14.02,14.18,13.52,14.01,130222,0
20170112,14.36,14.4,13.63,13.82,179330,0
20170113,13.8,14.2107,13.6001,14.1965,108696,0
20170117,14.73,15.03,14.5246,14.63,279401,0
20170118,14.7,14.8,14.101,14.2899,118239,0
20170119,14,14.272,13.81,14.2,118819,0
20170120,14.29,14.5399,14.06,14.38,81482,0
20170123,14.5,14.87,14.5,14.801,189388,0
20170124,14.88,15.06,14.45,14.63,126004,0
20170125,14.3,14.59,14.15,14.3899,128315,0
20170126,13.99,14.1,13.75,13.98,101490,0
20170127,13.91,14.4052,13.85,14.36,57050,0
20170130,14.54,14.56,14.19,14.33,89284,0
20170131,14.63,14.92,14.63,14.88,96079,0
20170201,14.65,15.1,14.52,15.08,130999,0
20170202,15.47,15.5,15.1601,15.24,311578,0
20170203,15.33,15.47,15.13,15.29,214998,0
20170206,15.67,15.97,15.3977,15.9477,195766,0
20170207,15.91,16.23,15.7329,15.91,225676,0
20170208,16.21,16.27,15.91,16.04,164892,0
20170209,16.13,16.13,15.19,15.26,334542,0
20170210,15.1,15.74,15.0941,15.63,189995,0
20170213,15.49,15.65,15.41,15.43,141192,0
20170214,15.77,15.77,15.2209,15.4428,116049,0
20170215,15.26,15.2983,14.91,15.13,183973,0
20170216,15.31,15.5,15.26,15.34,163131,0
20170217,15.43,15.43,15.1518,15.17,81948,0
20170221,15.01,15.33,14.74,15.12,251504,0
20170222,15.12,15.1339,14.5403,14.82,213746,0
20170223,15.07,15.25,14.96,14.98,111504,0
20170224,15.34,15.34,14.72,14.81,158647,0
20170227,14.72,15.1099,13.7,13.7,283516,0
20170228,13.9,14.2971,13.7,13.84,253284,0
20170301,13.55,14.179,13.51,14.14,171374,0
20170302,13.7,13.979,12.93,12.97,351766,0
20170303,12.87,13.2,12.66,13.18,197766,0
20170306,13.18,13.18,12.43,12.51,188355,0
20170307,12.28,12.6311,12.25,12.41,189307,0
20170308,12.12,12.31,12.08,12.08,176363,0
20170309,12.1,12.2499,11.88,11.97,70825,0
20170310,11.99,12.55,11.99,12.46,63704,0
20170313,12.58,12.9,12.46,12.77,133801,0
20170314,12.77,12.8084,12.1035,12.166,104859,0
20170315,12.15,13.16,12.15,13.16,209031,0
20170316,13.48,13.7229,12.9991,13.06,121876,0
20170317,13.09,13.1965,12.73,12.79,126555,0
20170320,12.94,12.99,12.73,12.97,44939,0
20170321,13.05,13.2799,12.88,13.14,148425,0
20170322,13.25,13.25,12.95,13.05,52540,0
20170323,13.18,13.23,12.68,12.92,78748,0
20170324,12.82,12.95,12.78,12.79,25517,0
20170327,13.1,13.1899,12.83,13.09,78912,0
20170328,13.14,13.14,12.63,12.7576,80327,0
20170329,12.69,12.99,12.6541,12.88,53754,0
20170330,12.78,12.88,12.51,12.75,43519,0
20170331,12.78,13.05,12.7001,12.9455,41050,0
20170403,12.87,13.2162,12.76,13.15,67174,0
20170404,13.35,13.579,13.25,13.35,81209,0
20170405,13.25,13.35,13,13.32,36280,0
20170406,13.28,13.48,13.22,13.43,22224,0
20170407,13.76,13.822,13.3101,13.45,98684,0
20170410,13.28,13.41,13.09,13.39,94860,0
20170411,13.61,13.89,13.571,13.81,84637,0
20170412,13.85,13.85,13.5415,13.8162,29256,0
20170413,13.95,14.02,13.751,13.78,61841,0
20170417,13.88,13.9332,13.4,13.49,58791,0
20170418,13.4,13.46,13.2,13.46,89390,0
20170419,13.28,13.3,12.81,12.89,118874,0
20170420,12.86,13.05,12.79,12.98,24633,0
20170421,12.94,13.1494,12.9,12.98,32610,0
20170424,12.64,12.9058,12.64,12.81,33816,0
20170425,12.66,12.66,12.12,12.29,159804,0
20170426,12.25,12.599,12.19,12.43,85517,0
20170427,12.41,12.44,12.03,12.18,64486,0
20170428,12.16,12.44,12.16,12.36,74181,0
20170501,12.36,12.36,11.96,12.01,85403,0
20170502,12.01,12.1355,11.93,11.93,30664,0
20170503,12.04,12.24,11.8128,11.9,54654,0
20170504,11.75,11.75,11.23,11.27,108075,0
20170505,11.32,11.79,11.23,11.7,67362,0
20170508,11.63,11.7109,11.44,11.61,53626,0
20170509,11.33,11.636,11.33,11.58,243616,0
20170510,11.61,12,11.61,11.86,46940,0
20170511,11.86,12.3399,11.8,12.33,72585,0
20170512,12.47,12.6891,12.4,12.59,86566,0
20170515,12.76,12.99,12.57,12.75,135574,0
20170516,12.77,12.9535,12.77,12.94,44562,0
20170517,13.2,13.39,13.04,13.1,148781,0
20170518,13.1,13.1,12.66,12.66,48069,0
20170519,12.88,13,12.75,12.77,49596,0
20170522,12.94,13.0899,12.917,13.03,30385,0
20170523,13.03,13.1689,12.6901,12.72,60718,0
20170524,12.7,12.82,12.43,12.68,89634,0
20170525,12.67,12.78,12.56,12.66,30443,0
20170526,12.86,12.9907,12.8001,12.94,20594,0
20170530,12.9,12.9,12.61,12.61,22202,0
20170531,12.6,12.6705,12.35,12.51,41500,0
20170601,12.4,12.5618,12.147,12.49,80676,0
20170602,12.59,12.62,12.49,12.51,19872,0
20170605,12.54,12.54,12.32,12.47,48546,0
20170606,12.75,13.101,12.68,13.1,86267,0
20170607,13.03,13.1529,12.85,12.95,86166,0
20170608,12.78,12.84,12.6189,12.79,63513,0
20170609,12.49,12.7091,12.2111,12.59,90277,0
20170612,12.46,12.5599,12.44,12.46,32591,0
20170613,12.41,12.673,12.39,12.63,13992,0
20170614,12.86,12.86,12.0301,12.11,56456,0
20170615,12,12.2,11.6549,11.88,34092,0
20170616,11.89,12.05,11.79,11.89,36913,0
20170619,11.9,12.59,11.745,11.76,27928,0
20170620,11.68,11.7,11.5,11.55,28715,0
20170621,11.47,11.729,11.47,11.61,31051,0
20170622,11.86,12.05,11.82,11.82,52742,0
20170623,12,12.2,11.98,12.2,42355,0
20170626,12,12.27,12,12.16,48395,0
20170627,12.29,12.3708,12.1484,12.16,42559,0
20170628,12.18,12.43,12.12,12.43,47428,0
20170629,12.31,12.4,12.061,12.1578,30514,0
20170630,12.05,12.255,12.05,12.16,29331,0
20170703,12,12.0401,11.5,11.79,56884,0
20170705,11.78,11.78,11.5001,11.69,65743,0
20170706,11.65,11.7275,11.53,11.6,30431,0
20170707,11.52,11.705,11.25,11.28,69354,0
20170710,11.25,11.6,11.25,11.56,44730,0
20170711,11.57,11.74,11.43,11.74,31677,0
20170712,11.88,11.95,11.82,11.86,25789,0
20170713,11.83,11.92,11.61,11.69,25150,0
20170714,11.92,12.07,11.92,11.93,32662,0
20170717,12.12,12.25,12.12,12.16,39673,0
20170718,12.29,12.39,12.23,12.32,71284,0
20170719,12.38,12.4572,12.231,12.32,31703,0
20170720,12.33,12.46,12.2794,12.39,55471,0
20170721,12.5,12.5699,12.36,12.36,53418,0
20170724,12.42,12.42,12.21,12.28,49464,0
20170725,12.26,12.3999,12.25,12.34,10691,0
20170726,12.22,12.74,12.21,12.71,22226,0
20170727,12.8,12.8,12.341,12.38,46499,0
20170728,12.5,12.7054,12.5,12.7,51849,0
20170731,12.73,12.82,12.59,12.63,19506,0
20170801,12.55,12.75,12.55,12.56,20496,0
