Date,Open,High,Low,Close,Volume,OpenInt
20110927,24.492,24.492,23.985,24.052,2034,0
20110928,24.061,24.176,24.061,24.176,10068,0
20110929,24.139,24.139,23.897,23.927,3777597,0
20110930,24.016,24.132,23.92,24.113,22091,0
20111003,24.119,24.176,24.099,24.176,38075,0
20111004,24.101,24.101,23.87,23.889,61487,0
20111005,23.929,23.929,23.841,23.909,27387,0
20111006,23.937,23.967,23.899,23.967,13916,0
20111007,23.965,23.965,23.897,23.917,28734,0
20111010,23.917,23.975,23.917,23.975,2189,0
20111011,23.965,23.965,23.859,23.859,5922,0
20111012,23.829,23.878,23.774,23.809,18497,0
20111013,23.849,23.878,23.809,23.809,9874,0
20111014,23.87,23.909,23.85,23.909,7834,0
20111017,23.869,23.945,23.869,23.945,5421,0
20111018,23.985,23.985,23.955,23.985,90452,0
20111019,23.975,23.993,23.975,23.993,99226,0
20111020,24.003,24.003,23.975,23.993,3180,0
20111021,23.987,24.034,23.987,24.005,336011,0
20111024,23.975,23.993,23.975,23.993,25284,0
20111025,24.026,24.064,24.026,24.064,366701,0
20111026,24.022,24.032,23.975,24.022,19791,0
20111027,24.042,24.042,23.955,24.032,23246,0
20111028,24.024,24.063,24.024,24.063,35398,0
20111031,24.16,24.208,24.083,24.208,16481,0
20111101,24.189,24.277,24.17,24.208,24849,0
20111102,24.207,24.341,24.207,24.334,27009,0
20111103,24.287,24.306,24.247,24.306,90056,0
20111104,24.343,24.352,24.335,24.343,261636,0
20111107,24.367,24.367,24.341,24.341,12520,0
20111108,24.334,24.376,24.315,24.376,17431,0
20111109,24.316,24.316,24.267,24.306,9489,0
20111110,24.277,24.326,24.277,24.326,1188,0
20111111,24.295,24.325,24.275,24.325,1415,0
20111114,24.246,24.325,24.226,24.226,7903,0
20111115,24.151,24.275,24.131,24.275,6789,0
20111116,24.178,24.178,24.178,24.178,11367,0
20111117,24.091,24.151,24.015,24.151,52494,0
20111118,24.16,24.227,24.132,24.227,6096,0
20111121,24.315,24.315,24.044,24.091,18946,0
20111122,24.034,24.169,24.024,24.169,26822,0
20111123,24.121,24.169,23.784,24.169,17366,0
20111125,24.142,24.142,24.142,24.142,15194,0
20111128,24.111,24.169,24.063,24.169,10509,0
20111129,24.101,24.217,24.101,24.217,26573,0
20111130,24.174,24.203,24.117,24.193,8792,0
20111201,24.113,24.208,24.103,24.198,14907,0
20111202,24.179,24.237,24.122,24.152,27133,0
20111205,24.227,24.227,24.227,24.227,86564,0
20111206,24.142,24.208,24.103,24.208,18943,0
20111207,24.237,24.237,24.122,24.237,11379,0
20111208,24.142,24.237,24.055,24.055,49362,0
20111209,24.122,24.179,24.103,24.17,16675,0
20111212,24.17,24.17,24.045,24.16,26302,0
20111213,24.179,24.179,24.179,24.179,21255,0
20111214,24.132,24.132,24.026,24.132,36657,0
20111215,24.113,24.113,24.113,24.113,43876,0
20111216,24.132,24.132,24.122,24.122,20249,0
20111219,24.152,24.237,24.113,24.113,88523,0
20111220,24.103,24.179,24.103,24.179,37046,0
20111221,24.142,24.17,24.083,24.142,28594,0
20111222,24.083,24.122,24.064,24.103,47945,0
20111223,24.208,24.208,24.122,24.122,10937,0
20111227,24.045,24.113,23.968,24.113,12954,0
20111228,24.055,24.073,24.055,24.073,12375,0
20111229,24.113,24.113,23.996,23.996,23184,0
20111230,24.172,24.172,24.104,24.104,12272,0
20120103,24.103,24.103,24.103,24.103,58763,0
20120104,24.045,24.122,24.006,24.122,78808,0
20120105,24.055,24.208,24.045,24.198,22338,0
20120106,24.237,24.237,24.17,24.17,18373,0
20120109,24.208,24.247,24.083,24.247,16227,0
20120110,24.142,24.237,24.142,24.237,19584,0
20120111,24.377,24.377,24.217,24.296,19761,0
20120112,24.152,24.152,24.055,24.142,145542,0
20120113,23.92,24.045,23.92,24.036,11280,0
20120117,24.113,24.237,24.103,24.217,27999,0
20120118,24.217,24.217,24.122,24.208,265942,0
20120119,24.093,24.237,24.093,24.237,8366,0
20120120,24.103,24.16,24.103,24.16,2809,0
20120123,24.179,24.189,24.142,24.189,9532,0
20120124,24.189,24.189,24.189,24.189,49028,0
20120125,24.189,24.306,24.189,24.306,15569,0
20120126,24.326,24.36,24.306,24.36,33534,0
20120127,24.407,24.407,24.277,24.387,26602,0
20120130,24.377,24.447,24.377,24.407,18540,0
20120131,24.422,24.422,24.422,24.422,16724,0
20120201,24.427,24.466,24.427,24.466,11914,0
20120202,24.343,24.536,24.343,24.466,52552,0
20120203,24.427,24.486,24.36,24.387,64284,0
20120206,24.343,24.427,24.343,24.427,62659,0
20120207,24.407,24.417,24.397,24.397,16807,0
20120208,24.377,24.417,24.352,24.369,26637,0
20120209,24.352,24.352,24.352,24.352,49941,0
20120210,24.377,24.407,24.326,24.407,30751,0
20120213,24.387,24.496,24.369,24.407,56663,0
20120214,24.427,24.427,24.36,24.397,22811,0
20120215,24.496,24.496,24.377,24.417,20752,0
20120216,24.417,24.427,24.387,24.397,44122,0
20120217,24.407,24.407,24.352,24.377,18360,0
20120221,24.417,24.417,24.369,24.407,20405,0
20120222,24.437,24.476,24.427,24.447,30626,0
20120223,24.437,24.546,24.437,24.506,60968,0
20120224,24.506,24.506,24.486,24.486,8534,0
20120227,24.526,24.526,24.506,24.506,21257,0
20120228,24.536,24.546,24.486,24.486,21702,0
20120229,24.452,24.472,24.452,24.472,37336,0
20120301,24.417,24.466,24.417,24.456,17852,0
20120302,24.496,24.536,24.476,24.536,134927,0
20120305,24.526,24.546,24.476,24.476,76661,0
20120306,24.516,24.564,24.496,24.516,123252,0
20120307,24.546,24.546,24.506,24.506,124928,0
20120308,24.526,24.564,24.496,24.506,42617,0
20120309,24.486,24.622,24.476,24.554,26663,0
20120312,24.603,24.786,24.506,24.506,27995,0
20120313,24.554,24.593,24.427,24.427,23172,0
20120314,24.536,24.536,24.417,24.417,31675,0
20120315,24.496,24.603,24.427,24.427,10510,0
20120316,24.456,24.66,24.427,24.66,73690,0
20120319,24.69,24.69,24.369,24.387,28184,0
20120320,24.377,24.486,24.352,24.36,27444,0
20120321,24.377,24.516,24.335,24.377,66681,0
20120322,24.476,24.476,24.36,24.36,22192,0
20120323,24.486,24.536,24.343,24.377,70796,0
20120326,24.526,24.526,24.36,24.369,95554,0
20120327,24.554,24.843,24.397,24.486,32519,0
20120328,24.516,24.516,24.407,24.407,48883,0
20120329,24.486,24.526,24.456,24.526,26246,0
20120330,24.501,24.511,24.402,24.402,88011,0
20120402,24.526,24.583,24.437,24.456,90949,0
20120403,24.466,24.496,24.343,24.343,19266,0
20120404,24.369,24.447,24.352,24.377,30647,0
20120405,24.407,24.486,24.352,24.377,111448,0
20120409,24.526,24.573,24.397,24.427,71560,0
20120410,24.536,24.573,24.427,24.427,29782,0
20120411,24.486,24.603,24.456,24.486,69101,0
20120412,24.603,24.603,24.437,24.496,16817,0
20120413,24.476,24.554,24.456,24.476,23966,0
20120416,24.496,24.583,24.486,24.486,53910,0
20120417,24.512,24.569,24.472,24.532,14420,0
20120418,24.496,24.583,24.447,24.466,57123,0
20120419,24.526,24.526,24.417,24.417,40961,0
20120420,24.496,24.536,24.437,24.437,211597,0
20120423,24.526,24.546,24.456,24.456,70117,0
20120424,24.593,24.593,24.456,24.496,150300,0
20120425,24.476,24.554,24.447,24.516,105102,0
20120426,24.546,24.583,24.466,24.583,78703,0
20120427,24.516,24.631,24.516,24.526,43952,0
20120430,24.611,24.649,24.544,24.544,17377,0
20120501,24.579,24.618,24.542,24.609,200007,0
20120502,24.593,24.613,24.536,24.546,93154,0
20120503,24.551,24.609,24.522,24.522,69826,0
20120504,24.546,24.583,24.506,24.554,95435,0
20120507,24.554,24.554,24.496,24.526,78061,0
20120508,24.526,24.564,24.516,24.516,343186,0
20120509,24.561,24.569,24.502,24.542,433786,0
20120510,24.522,24.569,24.492,24.542,16278,0
20120511,24.516,24.554,24.496,24.536,133660,0
20120514,24.506,24.554,24.506,24.536,38233,0
20120515,24.516,24.554,24.506,24.506,25964,0
20120516,24.516,24.536,24.486,24.496,35378,0
20120517,24.466,24.526,24.456,24.486,22895,0
20120518,24.466,24.506,24.437,24.437,50778,0
20120521,24.476,24.536,24.476,24.476,44476,0
20120522,24.573,24.573,24.456,24.456,25813,0
20120523,24.466,24.476,24.427,24.437,6967,0
20120524,24.427,24.427,24.427,24.427,20872,0
20120525,24.423,24.423,24.423,24.423,258,0
20120529,24.447,24.476,24.397,24.397,192223,0
20120530,24.417,24.506,24.387,24.407,159656,0
20120531,24.414,24.454,24.375,24.424,24376,0
20120601,24.413,24.462,24.364,24.364,30195,0
20120604,24.331,24.452,24.311,24.311,41688,0
20120605,24.357,24.404,24.323,24.323,21318,0
20120606,24.34,24.414,24.313,24.313,43366,0
20120607,24.414,24.444,24.357,24.357,29313,0
20120608,24.492,24.492,24.374,24.374,13739,0
20120611,24.462,24.492,24.393,24.393,17660,0
20120612,24.432,24.492,24.374,24.374,17486,0
20120613,24.374,24.482,24.374,24.482,32156,0
20120614,24.492,24.542,24.403,24.492,71682,0
20120615,24.432,24.609,24.432,24.502,53526,0
20120618,24.589,24.589,24.502,24.522,37853,0
20120619,24.452,24.628,24.452,24.512,17569,0
20120620,24.618,24.628,24.472,24.472,15890,0
20120621,24.472,24.532,24.393,24.393,35249,0
20120622,24.375,24.484,24.348,24.474,26445,0
20120625,24.482,24.482,24.347,24.403,73740,0
20120626,24.423,24.423,24.331,24.331,29244,0
20120627,24.338,24.432,24.331,24.347,34217,0
20120628,24.432,24.432,24.311,24.311,64046,0
20120629,24.382,24.481,24.382,24.442,33619,0
20120702,24.384,24.504,24.384,24.474,1831967,0
20120703,24.464,24.514,24.404,24.404,591206,0
20120705,24.504,24.601,24.444,24.484,51409,0
20120706,24.474,24.563,24.444,24.553,38505,0
20120709,24.534,24.563,24.454,24.464,61838,0
20120710,24.514,24.534,24.474,24.474,45897,0
20120711,24.534,24.534,24.464,24.514,32095,0
20120712,24.524,24.544,24.444,24.514,120541,0
20120713,24.434,24.514,24.434,24.514,21230,0
20120716,24.563,24.572,24.494,24.494,27247,0
20120717,24.484,24.563,24.474,24.514,212736,0
20120718,24.563,24.689,24.504,24.504,28659,0
20120719,24.601,24.601,24.514,24.514,6145,0
20120720,24.534,24.62,24.494,24.514,193934,0
20120723,24.504,24.563,24.494,24.553,72028,0
20120724,24.563,24.563,24.494,24.494,716398,0
20120725,24.534,24.544,24.444,24.534,55013,0
20120726,24.504,24.504,24.444,24.504,182575,0
20120727,24.534,24.553,24.484,24.544,478081,0
20120730,24.544,24.544,24.504,24.504,39056,0
20120731,24.572,24.572,24.553,24.572,45549,0
20120801,24.766,24.766,24.544,24.563,269724,0
20120802,24.795,24.795,24.534,24.534,75732,0
20120803,24.582,24.582,24.544,24.582,67048,0
20120806,24.582,24.698,24.572,24.698,43827,0
20120807,24.649,24.659,24.572,24.63,83349,0
20120808,24.582,24.64,24.544,24.553,43333,0
20120809,24.544,24.63,24.544,24.611,39562,0
20120810,24.611,24.62,24.534,24.544,53548,0
20120813,24.64,24.64,24.553,24.64,43941,0
20120814,24.611,24.63,24.534,24.601,75014,0
20120815,24.563,24.601,24.484,24.534,284442,0
20120816,24.572,24.592,24.474,24.474,82319,0
20120817,24.563,24.572,24.464,24.534,186106,0
20120820,24.592,24.757,24.444,24.484,156942,0
20120821,24.592,24.611,24.454,24.484,135576,0
20120822,24.582,24.592,24.524,24.572,115328,0
20120823,24.582,24.64,24.572,24.62,148003,0
20120824,24.649,24.659,24.544,24.544,57428,0
20120827,24.649,24.649,24.582,24.64,105043,0
20120828,24.63,24.64,24.582,24.582,92092,0
20120829,24.63,24.669,24.553,24.582,484951,0
20120830,24.62,24.63,24.544,24.572,1136142,0
20120831,24.628,24.628,24.599,24.599,277863,0
20120904,24.669,24.669,24.611,24.649,205549,0
20120905,24.679,24.708,24.611,24.698,574643,0
20120906,24.649,24.708,24.592,24.669,739136,0
20120907,24.698,24.747,24.611,24.669,332641,0
20120910,24.728,24.728,24.649,24.649,581305,0
20120911,24.64,24.708,24.64,24.659,580570,0
20120912,24.601,24.718,24.601,24.689,731866,0
20120913,24.757,24.814,24.698,24.795,330438,0
20120914,24.902,24.949,24.833,24.902,603553,0
20120917,25.095,25.095,24.805,24.805,148926,0
20120918,24.902,24.902,24.747,24.747,180548,0
20120919,24.786,24.786,24.708,24.738,186958,0
20120920,24.708,24.786,24.708,24.728,230793,0
20120921,24.728,24.766,24.718,24.718,209970,0
20120924,24.708,24.718,24.689,24.698,199965,0
20120925,24.708,24.718,24.659,24.679,444139,0
20120926,24.679,24.708,24.63,24.649,431123,0
20120927,24.698,24.698,24.659,24.689,261688,0
20120928,24.706,24.726,24.647,24.716,301741,0
20121001,24.698,24.698,24.63,24.659,709338,0
20121002,24.679,24.698,24.659,24.698,248286,0
20121003,24.698,24.747,24.698,24.718,180039,0
20121004,24.757,24.786,24.718,24.757,171850,0
20121005,24.805,24.833,24.747,24.766,194436,0
20121008,24.843,24.853,24.738,24.853,140568,0
20121009,24.805,24.824,24.747,24.776,253331,0
20121010,24.805,24.814,24.708,24.728,77448,0
20121011,24.766,24.786,24.708,24.728,101884,0
20121012,24.728,24.738,24.689,24.689,92127,0
20121015,24.728,24.766,24.698,24.708,170965,0
20121016,24.795,24.795,24.689,24.698,136275,0
20121017,24.738,24.738,24.659,24.659,131232,0
20121018,24.708,24.708,24.64,24.659,161633,0
20121019,24.698,24.698,24.64,24.659,81611,0
20121022,24.63,24.64,24.62,24.63,70047,0
20121023,24.609,24.628,24.599,24.618,95724,0
20121024,24.649,24.649,24.592,24.601,97588,0
20121025,24.601,24.601,24.553,24.572,46324,0
20121026,24.63,24.63,24.572,24.601,96250,0
20121031,24.696,24.706,24.638,24.667,121365,0
20121101,24.679,24.689,24.64,24.669,99981,0
20121102,24.689,24.689,24.63,24.63,80797,0
20121105,24.659,24.708,24.63,24.659,139924,0
20121106,24.706,24.706,24.657,24.657,62383,0
20121107,24.687,24.687,24.657,24.677,246956,0
20121108,24.726,24.745,24.657,24.677,212966,0
20121109,24.708,24.738,24.64,24.669,55203,0
20121112,24.669,24.738,24.649,24.689,10383,0
20121113,24.728,24.728,24.659,24.669,22244,0
20121114,24.679,24.679,24.63,24.679,50718,0
20121115,24.728,24.728,24.64,24.64,38251,0
20121116,24.726,24.726,24.647,24.677,147894,0
20121119,24.689,24.708,24.669,24.689,76412,0
20121120,24.669,24.728,24.649,24.669,68551,0
20121121,24.708,24.708,24.649,24.669,157387,0
20121123,24.667,24.677,24.657,24.667,33068,0
20121126,24.718,24.747,24.679,24.698,42414,0
20121127,24.698,24.708,24.679,24.708,179066,0
20121128,24.708,24.718,24.698,24.718,43945,0
20121129,24.766,24.776,24.708,24.738,98798,0
20121130,24.784,24.793,24.726,24.726,81726,0
20121203,24.755,24.784,24.736,24.784,353129,0
20121204,24.803,24.813,24.755,24.764,112948,0
20121205,24.803,24.813,24.764,24.784,2086568,0
20121206,24.803,24.803,24.784,24.784,106578,0
20121207,24.803,24.823,24.774,24.774,98116,0
20121210,24.803,24.803,24.784,24.793,77302,0
20121211,24.793,24.793,24.764,24.793,79294,0
20121212,24.793,24.832,24.784,24.803,97346,0
20121213,24.813,24.823,24.755,24.784,109503,0
20121214,24.793,24.793,24.726,24.764,100046,0
20121217,24.793,24.793,24.716,24.736,169073,0
20121218,24.696,24.784,24.696,24.726,185393,0
20121219,24.736,24.736,24.696,24.736,117032,0
20121220,24.736,24.745,24.716,24.726,214992,0
20121221,24.716,24.745,24.716,24.736,229455,0
20121224,24.687,24.736,24.687,24.726,487667,0
20121226,24.755,24.755,24.726,24.745,108668,0
20121227,24.741,24.76,24.722,24.751,415161,0
20121228,24.751,24.809,24.712,24.809,84900,0
20121231,24.76,24.799,24.712,24.78,130518,0
20130102,24.712,24.741,24.712,24.741,252263,0
20130103,24.76,24.76,24.694,24.712,133078,0
20130104,24.694,24.694,24.664,24.694,144747,0
20130107,24.694,24.722,24.664,24.712,122412,0
20130108,24.694,24.732,24.694,24.732,92240,0
20130109,24.741,24.77,24.732,24.76,147681,0
20130110,24.78,24.79,24.741,24.741,199428,0
20130111,24.732,24.741,24.694,24.741,97359,0
20130114,24.78,24.78,24.664,24.722,187873,0
20130115,24.79,24.79,24.664,24.664,198954,0
20130116,24.751,24.76,24.732,24.76,196726,0
20130117,24.77,24.77,24.722,24.741,52767,0
20130118,24.751,24.76,24.732,24.76,79295,0
20130122,24.741,24.76,24.732,24.76,279920,0
20130123,24.76,24.76,24.741,24.76,66530,0
20130124,24.732,24.76,24.703,24.76,137041,0
20130125,24.722,24.741,24.703,24.732,63313,0
20130128,24.722,24.722,24.703,24.722,144508,0
20130129,24.77,24.77,24.712,24.741,169632,0
20130130,24.751,24.77,24.732,24.77,122106,0
20130131,24.78,24.79,24.77,24.79,136576,0
20130201,24.809,24.809,24.77,24.79,120250,0
20130204,24.809,24.819,24.79,24.809,189017,0
20130205,24.829,24.829,24.77,24.799,165250,0
20130206,24.799,24.809,24.799,24.799,139683,0
20130207,24.799,24.809,24.77,24.77,88140,0
20130208,24.78,24.78,24.751,24.78,167447,0
20130211,24.76,24.77,24.751,24.751,178438,0
20130212,24.741,24.76,24.722,24.76,91768,0
20130213,24.751,24.76,24.751,24.76,87898,0
20130214,24.77,24.79,24.76,24.79,146142,0
20130215,24.77,24.77,24.732,24.76,158407,0
20130219,24.77,24.77,24.741,24.76,340528,0
20130220,24.741,24.76,24.741,24.76,90508,0
20130221,24.751,24.751,24.732,24.741,145224,0
20130222,24.751,24.76,24.751,24.76,360859,0
20130225,24.799,24.799,24.751,24.78,89398,0
20130226,24.76,24.77,24.741,24.76,175713,0
20130227,24.77,24.77,24.741,24.741,91181,0
20130228,24.76,24.769,24.74,24.769,319432,0
20130301,24.732,24.77,24.732,24.77,162857,0
20130304,24.77,24.77,24.732,24.76,125074,0
20130305,24.76,24.78,24.751,24.78,108162,0
20130306,24.77,24.77,24.741,24.76,76276,0
20130307,24.741,24.751,24.741,24.751,86448,0
20130308,24.741,24.76,24.722,24.76,787278,0
20130311,24.76,24.79,24.751,24.76,788976,0
20130312,24.77,24.79,24.751,24.77,1504215,0
20130313,24.76,24.79,24.751,24.78,1574957,0
20130314,24.77,24.819,24.77,24.799,7726405,0
20130315,24.79,24.829,24.79,24.829,3116226,0
20130318,24.829,24.838,24.809,24.829,2947585,0
20130319,24.878,24.878,24.79,24.79,651053,0
20130320,24.809,24.809,24.79,24.809,433491,0
20130321,24.819,24.819,24.77,24.79,506627,0
20130322,24.809,24.809,24.78,24.79,420318,0
20130325,24.78,24.809,24.78,24.809,469736,0
20130326,24.79,24.809,24.77,24.809,519995,0
20130327,24.819,24.819,24.79,24.809,203577,0
20130328,24.809,24.829,24.799,24.829,204889,0
20130401,24.809,24.838,24.809,24.838,376542,0
20130402,24.838,24.838,24.79,24.829,319096,0
20130403,24.838,24.838,24.809,24.809,223006,0
20130404,24.819,24.829,24.799,24.829,498001,0
20130405,24.809,24.819,24.799,24.799,271023,0
20130408,24.819,24.819,24.76,24.78,76274,0
20130409,24.79,24.79,24.751,24.76,336553,0
20130410,24.732,24.751,24.712,24.732,172356,0
20130411,24.751,24.751,24.732,24.751,167255,0
20130412,24.77,24.78,24.751,24.77,233348,0
20130415,24.751,24.751,24.694,24.712,263543,0
20130416,24.703,24.712,24.684,24.703,673631,0
20130417,24.694,24.694,24.654,24.674,215221,0
20130418,24.694,24.694,24.566,24.586,179298,0
20130419,24.616,24.635,24.596,24.625,188541,0
20130422,24.644,24.644,24.625,24.644,268737,0
20130423,24.654,24.654,24.616,24.635,168817,0
20130424,24.644,24.654,24.625,24.654,228355,0
20130425,24.654,24.712,24.654,24.712,243202,0
20130426,24.722,24.732,24.722,24.722,160865,0
20130429,24.722,24.732,24.703,24.722,116217,0
20130430,24.711,24.711,24.672,24.692,274440,0
20130501,24.674,24.674,24.625,24.644,107159,0
20130502,24.642,24.652,24.614,24.642,199787,0
20130503,24.654,24.674,24.635,24.664,156869,0
20130506,24.664,24.684,24.654,24.674,252139,0
20130507,24.672,24.682,24.662,24.682,135406,0
20130508,24.672,24.682,24.662,24.672,265196,0
20130509,24.672,24.672,24.642,24.672,154981,0
20130510,24.664,24.664,24.616,24.654,109130,0
20130513,24.644,24.644,24.606,24.625,143764,0
20130514,24.606,24.635,24.596,24.616,180087,0
20130515,24.566,24.616,24.566,24.616,520256,0
20130516,24.576,24.606,24.576,24.596,161936,0
20130517,24.564,24.594,24.564,24.584,98304,0
20130520,24.586,24.586,24.566,24.586,147238,0
20130521,24.566,24.586,24.547,24.586,218677,0
20130522,24.586,24.586,24.518,24.528,139568,0
20130523,24.508,24.528,24.478,24.508,142438,0
20130524,24.486,24.536,24.486,24.536,324258,0
20130528,24.526,24.526,24.466,24.476,191919,0
20130529,24.446,24.476,24.426,24.436,252172,0
20130530,24.456,24.456,24.386,24.396,593674,0
20130531,24.406,24.426,24.376,24.426,1421462,0
20130603,24.416,24.466,24.386,24.446,114670,0
20130604,24.426,24.456,24.416,24.426,2578555,0
20130605,24.446,24.466,24.406,24.436,432789,0
20130606,24.416,24.436,24.367,24.436,137810,0
20130607,24.386,24.406,24.367,24.396,209668,0
20130610,24.367,24.396,24.35,24.358,205227,0
20130611,24.314,24.35,24.274,24.35,104510,0
20130612,24.324,24.35,24.274,24.274,255781,0
20130613,24.304,24.341,24.254,24.324,103726,0
20130614,24.367,24.367,24.341,24.341,185374,0
20130617,24.341,24.367,24.314,24.314,122478,0
20130618,24.333,24.386,24.333,24.376,209894,0
20130619,24.376,24.406,24.284,24.284,697505,0
20130620,24.224,24.254,24.157,24.195,193587,0
20130621,24.185,24.185,24.03,24.03,149192,0
20130624,23.854,24,23.854,23.992,128039,0
20130625,23.992,24.01,23.962,24.01,176862,0
20130626,24.04,24.059,24.01,24.059,134776,0
20130627,24.108,24.166,24.098,24.148,338806,0
20130628,24.138,24.185,24.098,24.157,372937,0
20130701,24.148,24.224,24.138,24.224,178791,0
20130702,24.234,24.264,24.215,24.264,163342,0
20130703,24.284,24.284,24.224,24.264,93715,0
20130705,24.224,24.244,24.195,24.234,136580,0
20130708,24.264,24.304,24.254,24.294,104285,0
20130709,24.294,24.314,24.284,24.304,125547,0
20130710,24.284,24.333,24.284,24.304,66539,0
20130711,24.35,24.367,24.324,24.358,105714,0
20130712,24.396,24.406,24.333,24.333,193863,0
20130715,24.358,24.376,24.333,24.376,211442,0
20130716,24.406,24.426,24.367,24.416,123562,0
20130717,24.456,24.456,24.406,24.436,77174,0
20130718,24.426,24.426,24.367,24.416,117864,0
20130719,24.406,24.426,24.396,24.396,69734,0
20130722,24.396,24.426,24.396,24.416,160488,0
20130723,24.386,24.396,24.367,24.396,163714,0
20130724,24.333,24.358,24.304,24.35,115861,0
20130725,24.314,24.341,24.284,24.341,1812363,0
20130726,24.304,24.341,24.294,24.333,230208,0
20130729,24.294,24.333,24.284,24.333,209033,0
20130730,24.324,24.333,24.284,24.294,249927,0
20130731,24.264,24.367,24.264,24.367,234450,0
20130801,24.376,24.376,24.314,24.358,314841,0
20130802,24.396,24.396,24.35,24.396,213804,0
20130805,24.386,24.386,24.35,24.386,239415,0
20130806,24.367,24.396,24.367,24.396,160406,0
20130807,24.367,24.396,24.367,24.386,97933,0
20130808,24.376,24.376,24.341,24.367,141778,0
20130809,24.35,24.367,24.341,24.367,118640,0
20130812,24.376,24.376,24.333,24.35,120056,0
20130813,24.358,24.358,24.304,24.333,285429,0
20130814,24.333,24.333,24.284,24.314,104934,0
20130815,24.274,24.274,24.224,24.264,262003,0
20130816,24.254,24.284,24.195,24.234,141002,0
20130819,24.195,24.215,24.166,24.205,153178,0
20130820,24.205,24.244,24.195,24.244,136289,0
20130821,24.244,24.244,24.176,24.195,257221,0
20130822,24.157,24.195,24.138,24.185,370044,0
20130823,24.157,24.244,24.157,24.244,241990,0
20130826,24.224,24.274,24.224,24.244,156930,0
20130827,24.284,24.314,24.274,24.284,780636,0
20130828,24.304,24.314,24.274,24.294,202256,0
20130829,24.244,24.294,24.244,24.274,197492,0
20130830,24.244,24.284,24.215,24.224,150702,0
20130903,24.234,24.254,24.205,24.244,115743,0
20130904,24.195,24.224,24.166,24.195,183167,0
20130905,24.148,24.148,24.118,24.148,304043,0
20130906,24.148,24.185,24.148,24.176,127624,0
20130909,24.166,24.205,24.166,24.195,103501,0
20130910,24.138,24.185,24.138,24.176,251414,0
20130911,24.195,24.205,24.166,24.205,116217,0
20130912,24.195,24.244,24.195,24.224,291360,0
20130913,24.215,24.224,24.195,24.224,158655,0
20130916,24.234,24.274,24.215,24.254,110879,0
20130917,24.264,24.264,24.215,24.244,138890,0
20130918,24.244,24.367,24.205,24.333,155564,0
20130919,24.341,24.341,24.274,24.324,1668928,0
20130920,24.324,24.324,24.274,24.314,165561,0
20130923,24.294,24.324,24.284,24.304,272177,0
20130924,24.274,24.294,24.254,24.284,132443,0
20130925,24.254,24.294,24.254,24.284,164455,0
20130926,24.254,24.294,24.254,24.284,137597,0
20130927,24.244,24.294,24.244,24.274,208731,0
20130930,24.224,24.274,24.224,24.274,103964,0
20131001,24.234,24.274,24.234,24.274,568697,0
20131002,24.254,24.304,24.244,24.304,220587,0
20131003,24.244,24.314,24.244,24.284,228364,0
20131004,24.264,24.304,24.264,24.294,203500,0
20131007,24.314,24.314,24.284,24.294,105508,0
20131008,24.304,24.304,24.234,24.274,214753,0
20131009,24.264,24.294,24.244,24.254,152383,0
20131010,24.284,24.314,24.274,24.304,95437,0
20131011,24.284,24.314,24.264,24.264,151804,0
20131014,24.284,24.324,24.234,24.284,66834,0
20131015,24.304,24.35,24.284,24.324,373207,0
20131016,24.274,24.35,24.264,24.324,100275,0
20131017,24.274,24.35,24.274,24.304,168326,0
20131018,24.304,24.333,24.294,24.333,181537,0
20131021,24.294,24.333,24.284,24.333,170876,0
20131022,24.324,24.341,24.314,24.333,114283,0
20131023,24.324,24.333,24.304,24.314,410460,0
20131024,24.294,24.314,24.274,24.294,460513,0
20131025,24.304,24.333,24.294,24.294,66745,0
20131028,24.314,24.333,24.284,24.304,226775,0
20131029,24.294,24.333,24.294,24.324,127435,0
20131030,24.284,24.35,24.284,24.314,165541,0
20131031,24.324,24.324,24.274,24.314,252711,0
20131101,24.254,24.284,24.234,24.234,645179,0
20131104,24.234,24.264,24.234,24.264,257113,0
20131105,24.264,24.274,24.224,24.264,153738,0
20131106,24.264,24.324,24.264,24.314,159151,0
20131107,24.284,24.324,24.264,24.264,73094,0
20131108,24.254,24.284,24.244,24.284,78120,0
20131111,24.314,24.314,24.244,24.294,57273,0
20131112,24.254,24.294,24.254,24.264,106711,0
20131113,24.274,24.324,24.274,24.314,159307,0
20131114,24.304,24.341,24.304,24.324,90704,0
20131115,24.324,24.341,24.314,24.341,116446,0
20131118,24.341,24.35,24.314,24.324,105255,0
20131119,24.304,24.333,24.284,24.314,174874,0
20131120,24.294,24.324,24.294,24.304,111383,0
20131121,24.294,24.324,24.264,24.314,190529,0
20131122,24.324,24.333,24.304,24.333,92180,0
20131125,24.324,24.324,24.294,24.314,110641,0
20131126,24.294,24.324,24.284,24.294,159804,0
20131127,24.294,24.314,24.274,24.314,220319,0
20131129,24.294,24.294,24.224,24.294,200698,0
20131202,24.274,24.274,24.224,24.274,327897,0
20131203,24.244,24.284,24.234,24.264,210040,0
20131204,24.224,24.284,24.224,24.234,117301,0
20131205,24.254,24.264,24.224,24.254,906143,0
20131206,24.244,24.264,24.215,24.224,195478,0
20131209,24.224,24.244,24.205,24.215,293378,0
20131210,24.254,24.254,24.224,24.254,313901,0
20131211,24.224,24.254,24.215,24.224,143748,0
20131212,24.224,24.234,24.195,24.224,128061,0
20131213,24.234,24.244,24.205,24.215,238983,0
20131216,24.224,24.254,24.224,24.234,278018,0
20131217,24.254,24.264,24.215,24.264,332565,0
20131218,24.234,24.304,24.215,24.264,180600,0
20131219,24.234,24.274,24.205,24.215,298411,0
20131220,24.254,24.254,24.195,24.224,269906,0
20131223,24.205,24.274,24.157,24.224,325251,0
20131224,24.205,24.234,24.205,24.205,262963,0
20131226,24.185,24.224,24.185,24.205,319013,0
20131227,24.205,24.244,24.205,24.234,194673,0
20131230,24.224,24.244,24.205,24.234,707120,0
20131231,24.244,24.304,24.205,24.244,582888,0
20140102,24.244,24.304,24.205,24.294,117993,0
20140103,24.244,24.284,24.234,24.254,115280,0
20140106,24.254,24.284,24.244,24.264,198429,0
20140107,24.224,24.274,24.224,24.274,167407,0
20140108,24.244,24.254,24.215,24.244,245160,0
20140109,24.215,24.264,24.215,24.254,203362,0
20140110,24.244,24.294,24.244,24.284,239191,0
20140113,24.264,24.294,24.254,24.294,176953,0
20140114,24.304,24.304,24.234,24.254,220173,0
20140115,24.234,24.254,24.215,24.254,194010,0
20140116,24.234,24.264,24.234,24.234,164153,0
20140117,24.234,24.244,24.205,24.244,203223,0
20140121,24.224,24.244,24.205,24.234,207920,0
20140122,24.224,24.224,24.185,24.215,147380,0
20140123,24.224,24.254,24.215,24.254,131864,0
20140124,24.244,24.264,24.224,24.264,151537,0
20140127,24.215,24.254,24.215,24.234,245592,0
20140128,24.224,24.264,24.224,24.254,150921,0
20140129,24.254,24.284,24.244,24.274,95078,0
20140130,24.254,24.284,24.244,24.254,69683,0
20140131,24.274,24.294,24.224,24.274,239257,0
20140203,24.284,24.324,24.264,24.314,161803,0
20140204,24.274,24.304,24.274,24.274,185515,0
20140205,24.294,24.304,24.254,24.294,373325,0
20140206,24.264,24.304,24.264,24.304,97835,0
20140207,24.284,24.333,24.284,24.333,69098,0
20140210,24.314,24.333,24.304,24.304,238537,0
20140211,24.314,24.324,24.294,24.294,155455,0
20140212,24.294,24.324,24.284,24.314,137791,0
20140213,24.304,24.333,24.294,24.333,188619,0
20140214,24.304,24.333,24.304,24.314,96620,0
20140218,24.314,24.35,24.304,24.324,97524,0
20140219,24.341,24.341,24.304,24.324,80035,0
20140220,24.314,24.324,24.284,24.314,355514,0
20140221,24.284,24.324,24.284,24.304,140620,0
20140224,24.314,24.324,24.294,24.304,137544,0
20140225,24.324,24.341,24.324,24.341,155739,0
20140226,24.341,24.358,24.314,24.35,235512,0
20140227,24.35,24.358,24.324,24.333,149492,0
20140228,24.35,24.35,24.324,24.333,364570,0
20140303,24.358,24.386,24.35,24.386,240738,0
20140304,24.358,24.358,24.341,24.341,136960,0
20140305,24.333,24.358,24.333,24.35,146370,0
20140306,24.341,24.358,24.333,24.35,124044,0
20140307,24.358,24.358,24.333,24.35,188403,0
20140310,24.35,24.358,24.333,24.35,178140,0
20140311,24.367,24.367,24.333,24.341,147629,0
20140312,24.341,24.367,24.333,24.333,149131,0
20140313,24.333,24.367,24.324,24.358,227383,0
20140314,24.358,24.367,24.341,24.358,126084,0
20140317,24.341,24.358,24.324,24.324,90114,0
20140318,24.333,24.35,24.324,24.324,281280,0
20140319,24.341,24.341,24.205,24.224,153417,0
20140320,24.195,24.215,24.176,24.215,140074,0
20140321,24.205,24.234,24.185,24.224,124471,0
20140324,24.215,24.215,24.185,24.185,61335,0
20140325,24.215,24.215,24.195,24.205,101477,0
20140326,24.205,24.234,24.195,24.234,111321,0
20140327,24.234,24.244,24.205,24.234,98611,0
20140328,24.244,24.244,24.215,24.234,181778,0
20140331,24.244,24.254,24.224,24.254,149272,0
20140401,24.254,24.254,24.224,24.244,161977,0
20140402,24.234,24.234,24.195,24.195,141725,0
20140403,24.224,24.234,24.205,24.205,123158,0
20140404,24.244,24.264,24.224,24.244,98068,0
20140407,24.284,24.284,24.244,24.264,104772,0
20140408,24.254,24.284,24.234,24.264,80617,0
20140409,24.234,24.304,24.234,24.304,142814,0
20140410,24.304,24.341,24.294,24.324,127231,0
20140411,24.324,24.341,24.304,24.333,91621,0
20140414,24.304,24.324,24.294,24.314,123622,0
20140415,24.304,24.341,24.304,24.333,131547,0
20140416,24.314,24.35,24.314,24.324,126150,0
20140417,24.333,24.376,24.324,24.367,73364,0
20140421,24.396,24.396,24.358,24.376,284228,0
20140422,24.367,24.376,24.35,24.358,100413,0
20140423,24.367,24.416,24.35,24.35,142576,0
20140424,24.376,24.376,24.35,24.376,82963,0
20140425,24.367,24.386,24.35,24.35,130372,0
20140428,24.358,24.367,24.341,24.341,112531,0
20140429,24.333,24.358,24.333,24.358,55471,0
20140430,24.35,24.367,24.35,24.367,225936,0
20140501,24.386,24.406,24.367,24.396,79829,0
20140502,24.358,24.396,24.358,24.396,87781,0
20140505,24.386,24.396,24.376,24.396,201054,0
20140506,24.376,24.386,24.367,24.376,154415,0
20140507,24.376,24.396,24.358,24.396,93390,0
20140508,24.376,24.416,24.376,24.416,61768,0
20140509,24.396,24.426,24.396,24.416,81920,0
20140512,24.386,24.416,24.376,24.406,172963,0
20140513,24.406,24.416,24.386,24.416,112261,0
20140514,24.456,24.476,24.426,24.446,118984,0
20140515,24.456,24.496,24.446,24.496,282851,0
20140516,24.496,24.506,24.486,24.496,80922,0
20140519,24.506,24.516,24.486,24.496,66077,0
20140520,24.486,24.516,24.486,24.516,247019,0
20140521,24.506,24.526,24.496,24.516,61038,0
20140522,24.496,24.536,24.496,24.536,117828,0
20140523,24.546,24.564,24.526,24.526,232047,0
20140527,24.526,24.546,24.516,24.516,187087,0
20140528,24.526,24.564,24.526,24.546,89737,0
20140529,24.555,24.584,24.516,24.555,124224,0
20140530,24.526,24.546,24.506,24.536,233949,0
20140602,24.505,24.535,24.495,24.505,115269,0
20140603,24.505,24.505,24.475,24.485,123404,0
20140604,24.485,24.485,24.455,24.475,131498,0
20140605,24.465,24.515,24.465,24.515,178210,0
20140606,24.525,24.525,24.475,24.495,96239,0
20140609,24.435,24.515,24.435,24.495,151964,0
20140610,24.495,24.505,24.475,24.505,122131,0
20140611,24.465,24.515,24.465,24.515,139434,0
20140612,24.535,24.554,24.505,24.545,136947,0
20140613,24.485,24.525,24.485,24.485,93230,0
20140616,24.495,24.515,24.475,24.515,71813,0
20140617,24.535,24.535,24.495,24.525,173754,0
20140618,24.515,24.574,24.505,24.535,110455,0
20140619,24.574,24.614,24.545,24.574,111414,0
20140620,24.554,24.604,24.554,24.604,74049,0
20140623,24.614,24.614,24.564,24.584,106371,0
20140624,24.574,24.614,24.574,24.614,91650,0
20140625,24.614,24.623,24.594,24.604,134126,0
20140626,24.614,24.623,24.594,24.594,89829,0
20140627,24.623,24.633,24.604,24.633,78063,0
20140630,24.623,24.633,24.604,24.623,124862,0
20140701,24.606,24.625,24.576,24.606,157990,0
20140702,24.576,24.596,24.566,24.586,115946,0
20140703,24.556,24.596,24.556,24.596,85074,0
20140707,24.586,24.596,24.556,24.586,354449,0
20140708,24.576,24.606,24.566,24.566,235272,0
20140709,24.556,24.596,24.527,24.576,109489,0
20140710,24.606,24.625,24.586,24.625,282398,0
20140711,24.606,24.625,24.586,24.606,73789,0
20140714,24.606,24.606,24.566,24.586,101736,0
20140715,24.586,24.596,24.537,24.537,65189,0
20140716,24.556,24.556,24.527,24.546,157142,0
20140717,24.566,24.586,24.527,24.586,108915,0
20140718,24.556,24.576,24.556,24.576,112467,0
20140721,24.566,24.586,24.546,24.566,152514,0
20140722,24.566,24.566,24.517,24.546,133732,0
20140723,24.546,24.546,24.527,24.546,146749,0
20140724,24.507,24.546,24.507,24.546,124572,0
20140725,24.546,24.566,24.527,24.566,142093,0
20140728,24.537,24.566,24.527,24.546,95015,0
20140729,24.537,24.566,24.527,24.546,110355,0
20140730,24.546,24.546,24.517,24.537,143005,0
20140731,24.487,24.546,24.487,24.517,172633,0
20140801,24.514,24.573,24.514,24.573,118652,0
20140804,24.573,24.573,24.534,24.553,125971,0
20140805,24.544,24.553,24.514,24.544,232856,0
20140806,24.563,24.573,24.544,24.563,311588,0
20140807,24.563,24.583,24.534,24.573,317629,0
20140808,24.573,24.593,24.553,24.563,84038,0
20140811,24.553,24.583,24.553,24.573,220705,0
20140812,24.553,24.583,24.553,24.573,131236,0
20140813,24.563,24.603,24.563,24.593,86343,0
20140814,24.593,24.613,24.573,24.583,538819,0
20140815,24.583,24.603,24.553,24.583,107035,0
20140818,24.553,24.573,24.534,24.553,351046,0
20140819,24.553,24.553,24.514,24.524,148293,0
20140820,24.514,24.524,24.474,24.484,86462,0
20140821,24.484,24.514,24.474,24.484,196492,0
20140822,24.504,24.514,24.464,24.494,404478,0
20140825,24.484,24.484,24.454,24.484,74311,0
20140826,24.484,24.494,24.474,24.494,178018,0
20140827,24.484,24.514,24.484,24.504,195092,0
20140828,24.504,24.524,24.484,24.484,83251,0
20140829,24.474,24.514,24.474,24.504,250401,0
20140902,24.464,24.484,24.434,24.434,173475,0
20140903,24.434,24.474,24.434,24.454,96834,0
20140904,24.464,24.484,24.434,24.434,76153,0
20140905,24.444,24.484,24.434,24.454,167437,0
20140908,24.434,24.454,24.394,24.404,209578,0
20140909,24.365,24.394,24.356,24.365,146395,0
20140910,24.338,24.365,24.319,24.329,103326,0
20140911,24.338,24.375,24.329,24.346,136918,0
20140912,24.346,24.375,24.338,24.365,267929,0
20140915,24.356,24.375,24.346,24.365,101553,0
20140916,24.365,24.384,24.356,24.365,125250,0
20140917,24.329,24.346,24.249,24.249,94076,0
20140918,24.239,24.269,24.229,24.259,99894,0
20140919,24.259,24.259,24.229,24.229,66068,0
20140922,24.229,24.249,24.219,24.249,118180,0
20140923,24.249,24.279,24.239,24.269,108778,0
20140924,24.249,24.289,24.249,24.269,110784,0
20140925,24.289,24.299,24.269,24.279,104854,0
20140926,24.269,24.289,24.229,24.259,72800,0
20140929,24.259,24.279,24.239,24.239,86184,0
20140930,24.259,24.269,24.219,24.219,283547,0
20141001,24.249,24.319,24.249,24.319,160972,0
20141002,24.289,24.309,24.259,24.269,75898,0
20141003,24.239,24.249,24.219,24.219,57184,0
20141006,24.239,24.269,24.21,24.259,83017,0
20141007,24.269,24.299,24.249,24.289,176837,0
20141008,24.289,24.356,24.259,24.356,124171,0
20141009,24.365,24.384,24.319,24.338,89711,0
20141010,24.346,24.346,24.309,24.346,115112,0
20141013,24.356,24.444,24.329,24.356,49114,0
20141014,24.309,24.346,24.309,24.346,175839,0
20141015,24.394,24.444,24.279,24.338,182945,0
20141016,24.319,24.346,24.289,24.319,288944,0
20141017,24.319,24.338,24.289,24.329,123598,0
20141020,24.338,24.338,24.299,24.338,69545,0
20141021,24.299,24.329,24.289,24.309,155400,0
20141022,24.299,24.346,24.269,24.299,118213,0
20141023,24.259,24.309,24.259,24.269,147835,0
20141024,24.289,24.299,24.249,24.289,177123,0
20141027,24.239,24.289,24.239,24.259,106574,0
20141028,24.279,24.299,24.239,24.289,92027,0
20141029,24.279,24.309,24.219,24.229,488406,0
20141030,24.229,24.279,24.229,24.269,338027,0
20141031,24.239,24.299,24.239,24.259,356082,0
20141103,24.239,24.269,24.219,24.239,109713,0
20141104,24.239,24.259,24.219,24.229,169957,0
20141105,24.219,24.269,24.219,24.219,358569,0
20141106,24.259,24.259,24.229,24.249,160108,0
20141107,24.259,24.319,24.239,24.319,147774,0
20141110,24.309,24.309,24.259,24.269,68504,0
20141111,24.289,24.356,24.249,24.249,64105,0
20141112,24.279,24.299,24.249,24.279,82731,0
20141113,24.259,24.279,24.229,24.229,741165,0
20141114,24.2,24.279,24.2,24.269,61525,0
20141117,24.229,24.259,24.229,24.249,66551,0
20141118,24.259,24.259,24.219,24.229,97135,0
20141119,24.21,24.229,24.19,24.19,66091,0
20141120,24.249,24.249,24.21,24.219,89475,0
20141121,24.249,24.269,24.239,24.249,97561,0
20141124,24.269,24.269,24.239,24.239,125772,0
20141125,24.259,24.259,24.219,24.219,398037,0
20141126,24.219,24.259,24.219,24.249,241422,0
20141128,24.219,24.229,24.132,24.21,86289,0
20141201,24.22,24.22,24.172,24.211,73166,0
20141202,24.181,24.181,24.123,24.133,201069,0
20141203,24.123,24.143,24.103,24.113,118195,0
20141204,24.133,24.153,24.113,24.123,152626,0
20141205,24.055,24.064,24.005,24.015,147264,0
20141208,24.015,24.025,23.987,23.987,178120,0
20141209,24.005,24.055,23.995,24.025,142235,0
20141210,24.015,24.064,24.005,24.055,403120,0
20141211,24.015,24.045,23.977,23.977,577052,0
20141212,23.977,24.015,23.927,23.957,107309,0
20141215,23.907,23.947,23.897,23.897,300499,0
20141216,23.947,23.957,23.907,23.937,363475,0
20141217,23.947,23.967,23.867,23.867,483668,0
20141218,23.877,23.877,23.827,23.827,533129,0
20141219,23.877,23.877,23.827,23.847,285035,0
20141222,23.867,23.887,23.837,23.877,505463,0
20141223,23.817,23.867,23.721,23.817,636906,0
20141224,23.798,23.817,23.761,23.808,914671,0
20141226,23.808,23.808,23.761,23.771,539438,0
20141229,23.759,23.836,23.729,23.759,281137,0
20141230,23.797,23.826,23.739,23.826,681474,0
20141231,23.836,23.856,23.749,23.826,665780,0
20150102,23.866,23.916,23.807,23.866,70631,0
20150105,23.846,23.876,23.836,23.856,205360,0
20150106,23.816,23.876,23.787,23.816,89576,0
20150107,23.797,23.846,23.778,23.836,45871,0
20150108,23.846,23.886,23.826,23.856,95778,0
20150109,23.866,23.916,23.866,23.886,124736,0
20150112,23.896,23.896,23.866,23.876,157681,0
20150113,23.846,23.886,23.816,23.866,123926,0
20150114,23.916,23.956,23.906,23.956,108988,0
20150115,23.946,24.034,23.946,24.014,227402,0
20150116,24.034,24.034,23.976,23.986,77840,0
20150120,24.004,24.004,23.946,23.976,222824,0
20150121,23.966,23.994,23.936,23.936,119842,0
20150122,23.956,23.976,23.936,23.966,179137,0
20150123,23.946,24.024,23.946,24.024,127057,0
20150126,23.976,24.024,23.966,24.014,114738,0
20150127,23.994,24.072,23.976,24.072,120346,0
20150128,24.044,24.082,24.014,24.034,70151,0
20150129,24.044,24.063,23.986,24.044,90423,0
20150130,24.122,24.152,24.092,24.132,294065,0
20150202,24.112,24.142,24.112,24.142,129375,0
20150203,24.152,24.161,24.112,24.142,230456,0
20150204,24.112,24.142,24.092,24.142,166267,0
20150205,24.122,24.142,24.102,24.122,121336,0
20150206,24.054,24.092,23.994,24.014,131197,0
20150209,23.986,24.004,23.976,23.994,246310,0
20150210,23.966,23.994,23.936,23.936,180132,0
20150211,23.956,23.966,23.906,23.916,169964,0
20150212,23.946,23.976,23.926,23.926,240593,0
20150213,23.936,23.956,23.926,23.926,172044,0
20150217,23.916,23.936,23.846,23.886,83605,0
20150218,23.866,23.946,23.856,23.926,325826,0
20150219,23.866,23.926,23.866,23.896,528971,0
20150220,23.936,23.946,23.866,23.876,88768,0
20150223,23.896,23.896,23.856,23.886,290653,0
20150224,23.866,23.946,23.856,23.916,233550,0
20150225,23.926,23.956,23.896,23.956,67189,0
20150226,23.966,24.004,23.956,23.976,178717,0
20150227,23.986,24.082,23.986,24.054,453644,0
20150302,24.014,24.072,23.966,23.966,118561,0
20150303,23.976,24.004,23.946,23.986,106530,0
20150304,23.976,24.014,23.976,24.004,256182,0
20150305,24.004,24.014,23.926,23.946,57394,0
20150306,23.926,23.966,23.876,23.876,170958,0
20150309,23.876,23.886,23.856,23.856,60758,0
20150310,23.856,23.876,23.836,23.836,81045,0
20150311,23.846,23.876,23.826,23.826,141395,0
20150312,23.876,23.896,23.826,23.826,62898,0
20150313,23.807,23.836,23.787,23.787,78803,0
20150316,23.797,23.807,23.769,23.769,154036,0
20150317,23.749,23.769,23.739,23.739,82777,0
20150318,23.749,23.966,23.729,23.916,139560,0
20150319,23.876,23.906,23.816,23.876,101228,0
20150320,23.916,23.926,23.886,23.926,90730,0
20150323,23.886,23.936,23.876,23.896,98069,0
20150324,23.936,23.966,23.896,23.956,348441,0
20150325,23.966,23.986,23.926,23.966,119273,0
20150326,23.946,23.976,23.926,23.976,192264,0
20150327,23.986,23.986,23.916,23.916,53725,0
20150330,23.926,23.946,23.886,23.896,94400,0
20150331,23.896,23.966,23.896,23.926,156002,0
20150401,23.986,24.044,23.956,24.024,145472,0
20150402,24.034,24.044,23.994,24.024,86652,0
20150406,24.092,24.122,24.063,24.092,240179,0
20150407,24.063,24.112,24.054,24.072,124748,0
20150408,24.044,24.063,24.004,24.024,132117,0
20150409,24.034,24.072,23.994,24.044,129735,0
20150410,24.034,24.034,23.986,23.994,101228,0
20150413,23.986,24.044,23.986,24.004,121923,0
20150414,24.044,24.072,24.034,24.034,130385,0
20150415,24.063,24.112,24.063,24.082,397203,0
20150416,24.112,24.142,24.063,24.132,85609,0
20150417,24.132,24.219,24.132,24.152,52705,0
20150420,24.2,24.2,24.122,24.161,192605,0
20150421,24.142,24.142,24.102,24.112,63582,0
20150422,24.082,24.122,24.072,24.092,61526,0
20150423,24.152,24.171,24.112,24.132,418068,0
20150424,24.171,24.18,24.132,24.152,73807,0
20150427,24.142,24.18,24.132,24.152,71055,0
20150428,24.132,24.161,24.102,24.102,61980,0
20150429,24.092,24.152,24.082,24.112,72583,0
20150430,24.112,24.152,24.082,24.152,185536,0
20150501,24.142,24.142,24.072,24.082,95521,0
20150504,24.092,24.132,24.063,24.063,163108,0
20150505,24.142,24.142,24.063,24.082,185536,0
20150506,24.082,24.102,24.044,24.044,69844,0
20150507,24.034,24.092,24.014,24.054,78004,0
20150508,24.082,24.152,24.063,24.092,111729,0
20150511,24.054,24.082,24.014,24.044,89507,0
20150512,24.024,24.063,24.014,24.063,103626,0
20150513,24.092,24.102,24.054,24.082,202968,0
20150514,24.063,24.122,24.063,24.102,98784,0
20150515,24.092,24.132,24.082,24.122,138016,0
20150518,24.082,24.142,24.072,24.112,213697,0
20150519,24.063,24.072,24.024,24.054,96847,0
20150520,24.044,24.102,24.044,24.063,114584,0
20150521,24.092,24.122,24.082,24.092,78700,0
20150522,24.102,24.132,24.082,24.082,96234,0
20150526,24.122,24.122,24.063,24.063,145877,0
20150527,24.044,24.063,24.024,24.054,85938,0
20150528,24.063,24.063,24.034,24.054,73868,0
20150529,24.102,24.142,24.072,24.102,161478,0
20150601,24.102,24.122,24.044,24.054,162870,0
20150602,24.063,24.072,24.024,24.054,139028,0
20150603,24.034,24.044,23.994,24.024,78292,0
20150604,24.014,24.054,24.004,24.014,62286,0
20150605,23.946,24.014,23.936,23.994,36393,0
20150608,24.014,24.044,24.004,24.004,72177,0
20150609,24.004,24.034,23.994,23.994,75899,0
20150610,23.994,24.044,23.986,23.994,69530,0
20150611,23.994,24.034,23.986,24.004,68597,0
20150612,24.014,24.054,24.004,24.014,70035,0
20150615,24.063,24.063,24.014,24.024,191347,0
20150616,24.034,24.102,24.034,24.072,80434,0
20150617,24.063,24.122,23.976,24.112,57087,0
20150618,24.102,24.142,24.082,24.102,69628,0
20150619,24.132,24.142,24.092,24.102,206334,0
20150622,24.082,24.102,24.054,24.082,93482,0
20150623,24.014,24.102,24.014,24.082,55340,0
20150624,24.054,24.092,24.044,24.063,73297,0
20150625,24.044,24.072,24.034,24.063,100719,0
20150626,24.024,24.072,24.014,24.044,66262,0
20150629,24.044,24.112,24.044,24.082,115400,0
20150630,24.112,24.142,24.072,24.112,282569,0
20150701,24.072,24.092,24.044,24.072,140579,0
20150702,24.082,24.161,24.082,24.142,123759,0
20150706,24.152,24.152,24.112,24.142,96539,0
20150707,24.171,24.171,24.112,24.112,54540,0
20150708,24.132,24.142,24.092,24.122,108568,0
20150709,24.112,24.142,24.092,24.092,90016,0
20150710,24.092,24.122,24.034,24.054,98374,0
20150713,24.044,24.063,24.014,24.044,39043,0
20150714,24.122,24.122,24.034,24.044,106902,0
20150715,24.063,24.063,24.024,24.044,42373,0
20150716,24.014,24.072,24.014,24.054,108979,0
20150717,24.004,24.054,24.004,24.024,363427,0
20150720,23.986,24.024,23.976,23.986,56985,0
20150721,23.976,24.054,23.976,24.024,151182,0
20150722,24.034,24.044,23.994,24.004,37719,0
20150723,23.994,24.034,23.986,24.004,146900,0
20150724,24.024,24.034,23.994,24.014,53725,0
20150727,24.004,24.034,23.986,24.014,127532,0
20150728,23.966,24.014,23.966,23.976,76458,0
20150729,23.976,24.004,23.966,23.986,101128,0
20150730,23.986,24.014,23.976,23.986,86142,0
20150731,23.986,24.044,23.986,24.014,95826,0
20150803,24.004,24.014,23.976,23.976,161797,0
20150804,23.994,23.994,23.906,23.906,226313,0
20150805,23.916,23.916,23.896,23.896,121720,0
20150806,23.886,23.916,23.876,23.916,165652,0
20150807,23.886,23.926,23.886,23.916,91954,0
20150810,23.916,23.946,23.896,23.946,58107,0
20150811,23.966,23.986,23.926,23.976,95197,0
20150812,24.004,24.024,23.946,23.956,121720,0
20150813,23.936,23.936,23.896,23.906,68404,0
20150814,23.856,23.916,23.846,23.876,80535,0
20150817,23.896,23.926,23.866,23.876,65856,0
20150818,23.886,23.896,23.856,23.866,102451,0
20150819,23.826,23.886,23.816,23.866,222950,0
20150820,23.846,23.896,23.816,23.866,119273,0
20150821,23.866,23.886,23.846,23.876,103676,0
20150824,23.886,23.886,23.826,23.846,117597,0
20150825,23.866,23.886,23.826,23.846,122535,0
20150826,23.826,23.886,23.807,23.836,160252,0
20150827,23.866,23.896,23.816,23.876,69729,0
20150828,23.916,23.946,23.886,23.906,64326,0
20150831,23.906,23.926,23.886,23.896,382796,0
20150901,23.886,23.926,23.886,23.886,217851,0
20150902,23.896,23.896,23.866,23.886,115705,0
20150903,23.906,23.916,23.876,23.876,71462,0
20150904,23.886,23.886,23.846,23.856,163516,0
20150908,23.836,23.866,23.836,23.846,108060,0
20150909,23.846,23.876,23.836,23.856,152610,0
20150910,23.866,23.896,23.846,23.866,65028,0
20150911,23.886,23.926,23.886,23.916,96132,0
20150914,23.896,23.906,23.866,23.866,143433,0
20150915,23.866,23.896,23.826,23.826,530307,0
20150916,23.876,23.896,23.846,23.846,148732,0
20150917,23.836,24.024,23.797,23.946,94050,0
20150918,23.936,23.956,23.926,23.956,87366,0
20150921,23.916,23.936,23.896,23.906,84714,0
20150922,23.906,23.946,23.886,23.946,67485,0
20150923,23.916,23.946,23.916,23.916,61880,0
20150924,23.916,23.956,23.906,23.916,135879,0
20150925,23.876,23.906,23.866,23.866,135584,0
20150928,23.866,23.886,23.836,23.836,75607,0
20150929,23.866,23.896,23.846,23.866,96234,0
20150930,23.896,23.926,23.876,23.916,179318,0
20151001,23.936,23.994,23.926,23.946,337736,0
20151002,24.004,24.034,23.976,24.024,103267,0
20151005,24.004,24.044,23.956,24.014,125570,0
20151006,24.014,24.054,23.994,24.044,116522,0
20151007,24.024,24.044,24.004,24.034,92768,0
20151008,24.044,24.063,24.014,24.044,67485,0
20151009,24.044,24.044,23.986,23.986,196240,0
20151012,23.976,24.044,23.976,24.004,40495,0
20151013,23.956,24.014,23.946,24.014,171265,0
20151014,23.994,24.024,23.976,24.024,141700,0
20151015,24.004,24.024,23.976,23.986,267498,0
20151016,23.976,24.004,23.966,23.994,140172,0
20151019,23.976,23.986,23.936,23.976,130078,0
20151020,23.956,23.976,23.926,23.946,122509,0
20151021,23.946,23.986,23.946,23.966,119783,0
20151022,23.956,23.994,23.946,23.966,289823,0
20151023,23.966,23.986,23.926,23.956,1889923,0
20151026,23.956,23.986,23.936,23.956,162598,0
20151027,23.956,23.986,23.956,23.966,200522,0
20151028,23.956,23.976,23.896,23.906,146389,0
20151029,23.896,23.916,23.876,23.906,148532,0
20151030,23.906,23.936,23.906,23.926,79820,0
20151102,23.916,23.926,23.886,23.916,174785,0
20151103,23.906,23.966,23.906,23.936,193896,0
20151104,23.916,23.936,23.856,23.876,260453,0
20151105,23.866,23.886,23.836,23.856,234366,0
20151106,23.826,23.836,23.787,23.836,346402,0
20151109,23.797,23.846,23.749,23.816,455494,0
20151110,23.846,23.866,23.807,23.826,186556,0
20151111,23.826,23.886,23.769,23.807,761311,0
20151112,23.797,23.826,23.797,23.807,128244,0
20151113,23.816,23.856,23.807,23.816,100311,0
20151116,23.826,23.836,23.797,23.816,124267,0
20151117,23.807,23.846,23.787,23.816,110200,0
20151118,23.826,23.846,23.749,23.826,113157,0
20151119,23.846,23.856,23.826,23.836,174322,0
20151120,23.836,23.866,23.826,23.846,124982,0
20151123,23.836,23.866,23.836,23.856,263012,0
20151124,23.876,23.896,23.856,23.896,215406,0
20151125,23.866,23.876,23.836,23.866,204701,0
20151127,23.876,23.906,23.866,23.886,64633,0
20151130,23.866,23.886,23.846,23.866,168308,0
20151201,23.866,23.916,23.866,23.906,122139,0
20151202,23.856,23.886,23.826,23.856,143756,0
20151203,23.846,23.866,23.826,23.836,300912,0
20151204,23.856,23.956,23.836,23.856,186251,0
20151207,23.826,23.836,23.797,23.816,140682,0
20151208,23.807,23.826,23.797,23.826,238399,0
20151209,23.826,23.836,23.739,23.807,250372,0
20151210,23.816,23.826,23.769,23.778,124677,0
20151211,23.797,23.826,23.787,23.807,138337,0
20151214,23.769,23.787,23.749,23.749,269071,0
20151215,23.778,23.778,23.749,23.759,421228,0
20151216,23.749,23.769,23.621,23.729,324790,0
20151217,23.719,23.769,23.709,23.749,324384,0
20151218,23.769,23.787,23.759,23.778,309804,0
20151221,23.719,23.787,23.719,23.749,472811,0
20151222,23.739,23.759,23.739,23.759,687243,0
20151223,23.749,23.787,23.739,23.769,656820,0
20151224,23.552,23.787,23.552,23.778,178716,0
20151228,23.759,23.787,23.729,23.759,223713,0
20151229,23.729,23.769,23.729,23.739,332892,0
20151230,23.729,23.759,23.719,23.749,164909,0
20151231,23.759,23.797,23.686,23.719,323639,0
20160104,23.816,23.846,23.769,23.816,247976,0
20160105,23.816,23.846,23.807,23.836,240792,0
20160106,23.816,23.836,23.797,23.816,133349,0
20160107,23.836,23.856,23.816,23.836,110497,0
20160108,23.832,23.863,23.826,23.852,99513,0
20160111,23.836,23.856,23.816,23.816,301697,0
20160112,23.836,23.856,23.816,23.826,135166,0
20160113,23.816,23.864,23.816,23.836,122569,0
20160114,23.866,23.876,23.826,23.856,55718,0
20160115,23.876,23.886,23.824,23.826,106765,0
20160119,23.846,23.866,23.797,23.836,169529,0
20160120,23.836,23.871,23.826,23.836,149369,0
20160121,23.836,23.866,23.816,23.836,104497,0
20160122,23.816,23.846,23.807,23.836,139092,0
20160125,23.836,23.856,23.826,23.856,177781,0
20160126,23.846,23.886,23.836,23.856,92574,0
20160127,23.836,23.906,23.826,23.891,267796,0
20160128,23.886,23.936,23.866,23.936,154158,0
20160129,23.946,23.976,23.926,23.976,372134,0
20160201,23.926,23.952,23.906,23.916,163501,0
20160202,23.942,23.946,23.916,23.936,74621,0
20160203,23.906,23.986,23.906,23.936,90767,0
20160204,23.946,23.994,23.936,23.956,62260,0
20160205,23.916,23.931,23.896,23.906,72363,0
20160208,23.912,23.926,23.876,23.876,75219,0
20160209,23.876,23.876,23.826,23.836,96126,0
20160210,23.826,23.886,23.826,23.886,53877,0
20160211,23.866,23.896,23.851,23.856,140167,0
20160212,23.876,23.896,23.856,23.866,136301,0
20160216,23.836,23.876,23.836,23.836,104679,0
20160217,23.562,23.876,23.562,23.836,137566,0
20160218,23.976,23.976,23.512,23.856,1105831,0
20160219,23.896,23.896,23.856,23.876,86562,0
20160222,23.876,23.916,23.866,23.896,140608,0
20160223,23.866,23.936,23.798,23.916,84818,0
20160224,23.926,23.976,23.926,23.946,31440,0
20160225,23.966,24.014,23.966,23.994,130037,0
20160226,23.992,23.994,23.956,23.986,81481,0
20160229,23.986,24.024,23.966,24.014,157370,0
20160301,23.994,24.004,23.966,23.994,89321,0
20160302,23.966,24.004,23.966,24.004,73065,0
20160303,24.01,24.024,23.986,24.004,80617,0
20160304,24.004,24.044,23.976,23.986,200713,0
20160307,23.979,24.004,23.966,23.994,72727,0
20160308,24.034,24.044,24.004,24.014,51709,0
20160309,24.034,24.044,24.004,24.014,181680,0
20160310,24.004,24.024,23.976,23.994,63129,0
20160311,23.976,24.014,23.976,23.986,61715,0
20160314,23.986,24.014,23.976,23.994,163868,0
20160315,23.993,23.993,23.956,23.976,85371,0
20160316,23.976,24.112,23.976,24.092,251662,0
20160317,24.112,24.15,24.102,24.112,263908,0
20160318,24.152,24.19,24.152,24.161,224148,0
20160321,24.132,24.189,24.132,24.161,1032569,0
20160322,24.161,24.18,24.132,24.132,88848,0
20160323,24.152,24.166,24.112,24.122,48849,0
20160324,24.132,24.142,24.082,24.122,51973,0
20160328,24.102,24.122,24.092,24.102,74572,0
20160329,24.122,24.229,24.122,24.19,197156,0
20160330,24.206,24.249,24.202,24.229,66382,0
20160331,24.2,24.269,24.19,24.239,154444,0
20160401,24.239,24.264,24.219,24.229,59130,0
20160404,24.229,24.249,24.224,24.249,66096,0
20160405,24.239,24.249,24.21,24.224,132915,0
20160406,24.21,24.239,24.2,24.21,137440,0
20160407,24.239,24.259,24.219,24.229,145752,0
20160408,24.229,24.259,24.219,24.249,80871,0
20160411,24.236,24.269,24.229,24.229,87290,0
20160412,24.229,24.239,24.21,24.239,104420,0
20160413,24.219,24.239,24.2,24.219,63201,0
20160414,24.2,24.21,24.171,24.18,184261,0
20160415,24.171,24.217,24.171,24.19,68723,0
20160418,24.161,24.2,24.161,24.195,126608,0
20160419,24.21,24.21,24.18,24.21,97336,0
20160420,24.204,24.219,24.161,24.161,82792,0
20160421,24.171,24.21,24.171,24.19,128581,0
20160422,24.18,24.21,24.18,24.18,42018,0
20160425,24.21,24.21,24.171,24.19,86531,0
20160426,24.171,24.2,24.171,24.19,66700,0
20160427,24.19,24.229,24.18,24.229,205910,0
20160428,24.229,24.289,24.229,24.279,744174,0
20160429,24.279,24.299,24.249,24.269,203322,0
20160502,24.269,24.269,24.215,24.229,131503,0
20160503,24.269,24.279,24.239,24.249,59310,0
20160504,24.239,24.266,24.22,24.239,52237,0
20160505,24.259,24.279,24.229,24.269,58231,0
20160506,24.256,24.289,24.249,24.269,104087,0
20160509,24.249,24.279,24.249,24.259,63930,0
20160510,24.279,24.299,24.266,24.295,126094,0
20160511,24.319,24.319,24.269,24.299,1088877,0
20160512,24.309,24.337,24.259,24.279,116539,0
20160513,24.299,24.299,24.269,24.289,35289,0
20160516,24.269,24.309,24.269,24.299,61126,0
20160517,24.309,24.329,24.279,24.289,134128,0
20160518,24.259,24.289,24.21,24.21,98131,0
20160519,24.2,24.229,24.185,24.229,97002,0
20160520,24.219,24.259,24.217,24.217,41482,0
20160523,24.21,24.239,24.2,24.219,106023,0
20160524,24.228,24.229,24.197,24.21,91070,0
20160525,24.2,24.239,24.2,24.229,58938,0
20160526,24.239,24.279,24.229,24.269,105036,0
20160527,24.249,24.279,24.21,24.21,57997,0
20160531,22.982,24.251,22.982,24.229,62208,0
20160601,24.2,24.254,24.2,24.21,110281,0
20160602,24.229,24.269,24.227,24.249,99165,0
20160603,24.346,24.349,24.319,24.319,64980,0
20160606,24.319,24.365,24.293,24.322,179883,0
20160607,24.375,24.384,24.346,24.375,60715,0
20160608,24.377,24.404,24.357,24.375,239374,0
20160609,24.376,24.404,24.375,24.385,39468,0
20160610,24.404,24.424,24.375,24.424,81206,0
20160613,24.384,24.414,24.365,24.404,61839,0
20160614,24.365,24.414,24.365,24.394,58229,0
20160615,24.365,24.434,24.365,24.414,120587,0
20160616,24.42,24.42,24.375,24.404,76081,0
20160617,24.405,24.405,24.375,24.384,168626,0
20160620,24.375,24.384,24.356,24.384,49172,0
20160621,24.365,24.375,24.338,24.338,64455,0
20160622,24.329,24.375,24.309,24.356,44774,0
20160623,24.384,24.384,24.346,24.356,48899,0
20160624,24.404,24.484,24.394,24.434,193702,0
20160627,24.414,24.444,24.394,24.414,110323,0
20160628,24.404,24.474,24.384,24.434,98357,0
20160629,24.474,24.474,24.434,24.454,195791,0
20160630,24.474,24.494,24.425,24.464,187475,0
20160701,24.499,24.548,24.489,24.52,79440,0
20160705,24.509,24.539,24.499,24.519,61392,0
20160706,24.509,24.548,24.509,24.531,92927,0
20160707,24.519,24.548,24.507,24.529,53986,0
20160708,24.499,24.519,24.489,24.519,409219,0
20160711,24.489,24.509,24.459,24.479,63815,0
20160712,24.469,24.509,24.459,24.499,206537,0
20160713,24.489,24.516,24.469,24.479,295931,0
20160714,24.489,24.499,24.449,24.469,161569,0
20160715,24.459,24.474,24.429,24.449,65911,0
20160718,24.485,24.489,24.439,24.439,100550,0
20160719,24.439,24.469,24.419,24.449,68486,0
20160720,24.409,24.439,24.399,24.439,107919,0
20160721,24.419,24.451,24.409,24.437,1128851,0
20160722,24.449,24.449,24.409,24.429,86807,0
20160725,24.429,24.429,24.379,24.399,116749,0
20160726,24.37,24.399,24.36,24.389,97664,0
20160727,24.392,24.409,24.36,24.389,128542,0
20160728,24.409,24.419,24.389,24.399,67755,0
20160729,24.273,24.539,24.273,24.459,744347,0
20160801,24.319,24.466,24.319,24.367,170997,0
20160802,24.406,24.406,24.329,24.357,100895,0
20160803,24.339,24.406,24.339,24.386,149051,0
20160804,24.456,24.466,24.406,24.426,230420,0
20160805,24.396,24.426,24.376,24.381,47563,0
20160808,24.376,24.441,24.367,24.416,84086,0
20160809,24.396,24.426,24.367,24.396,83823,0
20160810,24.446,24.446,24.386,24.396,148623,0
20160811,24.436,24.436,24.371,24.379,50225,0
20160812,24.386,24.446,24.386,24.414,63319,0
20160815,24.386,24.436,24.376,24.416,56645,0
20160816,24.348,24.386,24.279,24.386,77227,0
20160817,24.386,24.416,24.357,24.399,67048,0
20160818,24.416,24.466,24.416,24.456,123255,0
20160819,24.436,24.446,24.396,24.416,96558,0
20160822,24.406,24.446,24.406,24.441,357009,0
20160823,24.471,24.471,24.416,24.416,109386,0
20160824,24.476,24.476,24.406,24.416,108558,0
20160825,24.426,24.446,24.406,24.406,87246,0
20160826,24.436,24.446,24.357,24.357,135829,0
20160829,24.416,24.416,24.357,24.376,147214,0
20160830,24.37,24.396,24.357,24.386,170342,0
20160831,24.357,24.386,24.348,24.348,66961,0
20160901,24.376,24.376,24.338,24.348,70860,0
20160902,24.348,24.367,24.328,24.348,90019,0
20160906,24.348,24.416,24.348,24.406,109424,0
20160907,24.426,24.446,24.394,24.426,61649,0
20160908,24.446,24.446,24.396,24.406,48335,0
20160909,24.348,24.39,24.348,24.386,41154,0
20160912,24.386,24.406,24.344,24.386,61022,0
20160913,24.416,24.416,24.338,24.357,104766,0
20160914,24.348,24.396,24.348,24.386,114350,0
20160915,24.365,24.423,24.362,24.416,45068,0
20160916,24.406,24.435,24.386,24.426,73828,0
20160919,24.406,24.442,24.396,24.406,79412,0
20160920,24.396,24.426,24.376,24.396,60563,0
20160921,24.396,24.448,24.386,24.446,164407,0
20160922,24.456,24.5,24.426,24.476,153307,0
20160923,24.466,24.496,24.457,24.496,342126,0
20160926,24.506,24.516,24.476,24.506,165356,0
20160927,24.501,24.506,24.456,24.496,167445,0
20160928,24.486,24.536,24.486,24.506,84417,0
20160929,24.486,24.546,24.486,24.526,158886,0
20160930,24.547,24.555,24.526,24.546,95469,0
20161003,24.52,24.541,24.486,24.536,149096,0
20161004,24.526,24.526,24.476,24.496,46815,0
20161005,24.476,24.496,24.466,24.496,83937,0
20161006,24.476,24.506,24.472,24.496,121278,0
20161007,24.526,24.526,24.476,24.516,159316,0
20161010,24.416,24.506,24.416,24.476,62596,0
20161011,24.476,24.506,24.466,24.486,116128,0
20161012,24.506,24.506,24.459,24.496,55307,0
20161013,24.476,24.526,24.469,24.496,97464,0
20161014,24.531,24.531,24.496,24.506,103141,0
20161017,24.516,24.565,24.506,24.555,70801,0
20161018,24.555,24.56,24.526,24.536,114304,0
20161019,24.55,24.585,24.532,24.565,47510,0
20161020,24.563,24.575,24.526,24.555,99642,0
20161021,24.536,24.571,24.536,24.565,44364,0
20161024,24.536,24.563,24.516,24.546,34449,0
20161025,24.526,24.555,24.497,24.516,64967,0
20161026,24.496,24.546,24.483,24.546,109635,0
20161027,24.526,24.541,24.476,24.516,113754,0
20161028,24.549,24.575,24.496,24.536,158706,0
20161031,24.555,24.561,24.516,24.516,47748,0
20161101,24.546,24.555,24.506,24.555,87949,0
20161102,24.526,24.555,24.516,24.546,130916,0
20161103,24.526,24.555,24.506,24.52,67472,0
20161104,24.506,24.546,24.506,24.536,63786,0
20161107,24.496,24.536,24.494,24.526,88830,0
20161108,24.492,24.528,24.486,24.486,120835,0
20161109,24.516,24.565,24.456,24.466,41258,0
20161110,24.446,24.516,24.446,24.456,67015,0
20161111,24.416,24.496,24.416,24.436,34398,0
20161114,24.456,24.456,24.357,24.367,98731,0
20161115,24.357,24.416,24.357,24.396,165586,0
20161116,24.406,24.416,24.338,24.386,149034,0
20161117,24.43,24.454,24.376,24.386,104423,0
20161118,24.386,24.406,24.357,24.376,154324,0
20161121,24.446,24.446,24.357,24.396,157173,0
20161122,24.357,24.416,24.357,24.416,118918,0
20161123,24.386,24.436,24.348,24.367,180095,0
20161125,24.338,24.396,24.338,24.357,91062,0
20161128,24.386,24.411,24.357,24.357,59207,0
20161129,24.357,24.376,24.324,24.367,143587,0
20161130,24.426,24.426,24.367,24.426,126681,0
20161201,24.413,24.443,24.376,24.433,159958,0
20161202,24.393,24.463,24.393,24.433,230261,0
20161205,24.413,24.483,24.403,24.423,267277,0
20161206,24.413,24.463,24.393,24.443,98950,0
20161207,24.493,24.493,24.433,24.458,108401,0
20161208,24.473,24.483,24.443,24.473,86255,0
20161209,24.493,24.513,24.423,24.453,90970,0
20161212,24.473,24.483,24.443,24.453,89818,0
20161213,24.503,24.503,24.423,24.433,174679,0
20161214,24.443,24.493,24.348,24.348,222636,0
20161215,24.295,24.325,24.275,24.305,209041,0
20161216,24.325,24.325,24.275,24.285,249248,0
20161219,24.335,24.335,24.295,24.335,237914,0
20161220,24.325,24.393,24.315,24.364,220932,0
20161221,24.364,24.408,24.355,24.383,216756,0
20161222,24.375,24.424,24.346,24.394,169144,0
20161223,24.444,24.474,24.394,24.444,327709,0
20161227,24.424,24.508,24.384,24.394,238058,0
20161228,24.427,24.464,24.394,24.444,99286,0
20161229,24.454,24.479,24.444,24.454,171627,0
20161230,24.444,24.514,24.434,24.474,217597,0
20170103,24.504,24.514,24.465,24.494,142252,0
20170104,24.474,24.504,24.474,24.494,264459,0
20170105,24.514,24.544,24.484,24.504,166346,0
20170106,24.514,24.514,24.464,24.474,194552,0
20170109,24.474,24.504,24.454,24.494,211675,0
20170110,24.524,24.524,24.484,24.504,98216,0
20170111,24.529,24.563,24.474,24.524,281655,0
20170112,24.553,24.593,24.534,24.534,136847,0
20170113,24.544,24.544,24.484,24.514,91855,0
20170117,24.948,24.948,24.521,24.573,201289,0
20170118,24.583,24.583,24.514,24.524,343504,0
20170119,24.514,24.524,24.464,24.514,175148,0
20170120,24.504,24.553,24.501,24.534,438678,0
20170123,24.563,24.593,24.519,24.553,118137,0
20170124,24.544,24.573,24.534,24.553,124350,0
20170125,24.534,24.558,24.512,24.544,360978,0
20170126,24.524,24.573,24.524,24.573,106992,0
20170127,24.603,24.603,24.563,24.593,77401,0
20170130,24.613,24.613,24.553,24.593,203636,0
20170131,24.613,24.652,24.593,24.603,230480,0
20170201,24.623,24.682,24.573,24.603,79134,0
20170202,24.633,24.662,24.603,24.623,405086,0
20170203,24.662,24.672,24.603,24.613,392804,0
20170206,24.672,24.672,24.623,24.662,189758,0
20170207,24.652,24.652,24.593,24.593,282444,0
20170208,24.613,24.662,24.583,24.603,81594,0
20170209,24.613,24.623,24.573,24.583,113969,0
20170210,24.583,24.613,24.553,24.593,104245,0
20170213,24.613,24.613,24.544,24.573,113529,0
20170214,24.573,24.597,24.504,24.544,195167,0
20170215,24.563,24.577,24.524,24.573,151160,0
20170216,24.563,24.613,24.563,24.603,115868,0
20170217,24.623,24.623,24.583,24.603,144168,0
20170221,24.623,24.623,24.593,24.593,103005,0
20170222,24.623,24.633,24.573,24.613,143922,0
20170223,24.642,24.672,24.623,24.647,161723,0
20170224,24.677,24.692,24.654,24.682,104620,0
20170227,24.642,24.692,24.633,24.633,140856,0
20170228,24.603,24.654,24.603,24.633,147754,0
20170301,24.613,24.613,24.524,24.583,198262,0
20170302,24.553,24.563,24.524,24.553,169925,0
20170303,24.544,24.613,24.542,24.603,97754,0
20170306,24.583,24.613,24.578,24.588,256185,0
20170307,24.573,24.603,24.568,24.593,197262,0
20170308,24.613,24.613,24.514,24.544,978311,0
20170309,24.546,24.553,24.494,24.514,206873,0
20170310,24.553,24.553,24.494,24.509,178229,0
20170313,24.494,24.534,24.474,24.504,252656,0
20170314,24.434,24.504,24.434,24.494,194940,0
20170315,24.524,24.603,24.501,24.583,119132,0
20170316,24.573,24.6,24.563,24.563,433503,0
20170317,24.613,24.623,24.583,24.613,192022,0
20170320,24.623,24.633,24.593,24.623,163169,0
20170321,24.633,24.662,24.613,24.624,231577,0
20170322,24.642,24.652,24.613,24.642,201012,0
20170323,24.64,24.662,24.603,24.638,100576,0
20170324,24.603,24.662,24.603,24.642,171529,0
20170327,24.642,24.682,24.633,24.647,122134,0
20170328,24.635,24.662,24.616,24.633,192877,0
20170329,24.662,24.67,24.623,24.642,55300,0
20170330,24.652,24.662,24.637,24.649,64219,0
20170331,24.712,24.737,24.702,24.722,128878,0
20170403,24.699,24.719,24.669,24.699,129549,0
20170404,24.689,24.719,24.669,24.689,189332,0
20170405,24.709,24.729,24.669,24.719,158525,0
20170406,24.739,24.739,24.669,24.679,70207,0
20170407,24.709,24.709,24.629,24.669,84377,0
20170410,24.689,24.689,24.639,24.659,100331,0
20170411,24.689,24.709,24.654,24.689,95758,0
20170412,24.679,24.739,24.669,24.709,101870,0
20170413,24.729,24.828,24.689,24.729,65932,0
20170417,24.709,24.729,24.649,24.679,155703,0
20170418,24.699,24.699,24.649,24.679,131101,0
20170419,24.646,24.699,24.646,24.659,94655,0
20170420,24.649,24.679,24.639,24.669,150208,0
20170421,24.689,24.699,24.639,24.669,89884,0
20170424,24.659,24.682,24.619,24.649,112100,0
20170425,24.689,24.689,24.619,24.649,236215,0
20170426,24.654,24.679,24.629,24.669,181817,0
20170427,24.659,24.689,24.639,24.659,81872,0
20170428,24.669,24.689,24.619,24.649,206083,0
20170501,24.596,24.676,24.596,24.646,137858,0
20170502,24.656,24.656,24.611,24.636,110801,0
20170503,24.626,24.706,24.576,24.596,151235,0
20170504,24.576,24.616,24.531,24.546,106017,0
20170505,24.576,24.576,24.506,24.566,42123,0
20170508,24.556,24.577,24.516,24.526,38586,0
20170509,24.516,24.55,24.496,24.516,75294,0
20170510,24.568,24.568,24.516,24.536,74116,0
20170511,24.585,24.596,24.556,24.576,135899,0
20170512,24.596,24.616,24.556,24.579,114842,0
20170515,24.576,24.616,24.557,24.576,214475,0
20170516,24.574,24.586,24.546,24.566,115018,0
20170517,24.586,24.636,24.586,24.626,84889,0
20170518,24.606,24.656,24.571,24.596,580457,0
20170519,24.616,24.636,24.586,24.636,85974,0
20170522,24.606,24.627,24.596,24.606,64419,0
20170523,24.606,24.636,24.586,24.596,185463,0
20170524,24.606,24.626,24.576,24.606,94235,0
20170525,24.596,24.626,24.586,24.606,126507,0
20170526,24.596,24.649,24.596,24.596,237528,0
20170530,24.636,24.646,24.586,24.626,110387,0
20170531,24.636,24.656,24.591,24.646,86330,0
20170601,24.606,24.636,24.606,24.636,55101,0
20170602,24.646,24.676,24.636,24.646,77095,0
20170605,24.636,24.654,24.606,24.646,91517,0
20170606,24.646,24.676,24.636,24.656,103279,0
20170607,24.646,24.656,24.606,24.606,43658,0
20170608,24.616,24.616,24.581,24.616,92563,0
20170609,24.596,24.624,24.586,24.606,73613,0
20170612,24.606,24.61,24.566,24.586,91572,0
20170613,24.556,24.586,24.556,24.576,133046,0
20170614,24.586,24.586,24.495,24.516,66225,0
20170615,24.476,24.486,24.456,24.466,179790,0
20170616,24.496,24.506,24.476,24.486,97089,0
20170619,24.456,24.491,24.446,24.446,147536,0
20170620,24.439,24.471,24.426,24.453,67241,0
20170621,24.439,24.475,24.436,24.463,65016,0
20170622,24.456,24.496,24.456,24.481,47893,0
20170623,24.526,24.526,24.486,24.516,246237,0
20170626,24.506,24.536,24.499,24.526,65229,0
20170627,24.516,24.536,24.496,24.516,97725,0
20170628,24.516,24.556,24.506,24.556,196654,0
20170629,24.506,24.536,24.496,24.526,226913,0
20170630,24.546,24.546,24.486,24.491,81022,0
20170703,24.52,24.52,24.48,24.49,44032,0
20170705,24.51,24.5155,24.4749,24.5,130695,0
20170706,24.48,24.51,24.47,24.49,231392,0
20170707,24.48,24.48,24.43,24.46,56774,0
20170710,24.48,24.48,24.44,24.46,39995,0
20170711,24.45,24.49,24.44,24.48,81516,0
20170712,24.51,24.5397,24.49,24.51,149466,0
20170713,24.51,24.517,24.48,24.51,160438,0
20170714,24.52,24.525,24.4801,24.5,72705,0
20170717,24.49,24.52,24.49,24.51,89664,0
20170718,24.52,24.559,24.51,24.54,91027,0
20170719,24.52,24.55,24.52,24.5393,203105,0
20170720,24.58,24.65,24.5,24.51,845266,0
20170721,24.546,24.56,24.5,24.53,66285,0
20170724,24.51,24.54,24.51,24.52,87662,0
20170725,24.51,24.54,24.5,24.5,70463,0
20170726,24.5,24.6044,24.5,24.54,141971,0
20170727,24.5744,24.6016,24.54,24.57,168430,0
20170728,24.595,24.595,24.56,24.58,40004,0
20170731,24.56,24.585,24.56,24.57,125551,0
20170801,24.54,24.57,24.54,24.57,81659,0
