Date,Open,High,Low,Close,Volume,OpenInt
20121003,47.17,47.189,47.041,47.06,9826,0
20121004,47.365,47.365,47.365,47.365,5937,0
20121005,47.781,47.781,47.225,47.225,10403,0
20121009,46.531,46.643,46.531,46.643,1188,0
20121010,46.522,46.522,46.3,46.3,6230,0
20121011,46.568,46.568,46.522,46.522,2700,0
20121012,46.531,46.531,46.531,46.531,116825,0
20121015,46.679,46.763,46.679,46.763,2376,0
20121016,47.291,47.291,47.225,47.225,8468,0
20121017,47.235,47.55,47.235,47.55,5140,0
20121018,47.439,47.495,47.198,47.272,10903,0
20121019,46.716,46.792,46.716,46.792,6504,0
20121022,47.244,47.244,46.875,47.17,11500,0
20121024,46.551,46.551,46.551,46.551,6103,0
20121025,46.67,46.819,46.67,46.819,3156,0
20121026,46.522,46.577,46.522,46.541,9156,0
20121031,47.504,47.504,46.754,46.792,19327,0
20121101,47.117,47.198,47.089,47.198,30987,0
20121102,46.958,46.958,46.773,46.773,12475,0
20121105,46.977,47.16,46.977,47.032,5857,0
20121106,47.272,47.272,47.272,47.272,11387,0
20121107,46.754,46.763,46.336,46.763,38033,0
20121108,46.597,46.66,46.438,46.438,9123,0
20121109,46.699,46.699,46.607,46.607,13912,0
20121112,46.494,46.689,46.494,46.689,1296,0
20121113,46.254,46.318,46.217,46.217,16784,0
20121114,46.088,46.088,45.578,45.578,5291,0
20121115,45.633,45.698,45.625,45.698,5668,0
20121116,45.616,45.616,45.616,45.616,8745,0
20121119,46.135,46.197,46.135,46.197,4534,0
20121120,46.494,46.494,46.078,46.088,2482,0
20121121,46.088,46.272,46.088,46.272,16738,0
20121126,46.716,46.716,46.634,46.67,7234,0
20121127,46.725,46.911,46.494,46.494,18804,0
20121128,46.438,46.819,46.438,46.763,6781,0
20121129,46.819,47.003,46.819,47.003,15174,0
20121130,47.597,47.597,46.949,47.07,2042,0
20121203,47.208,47.217,47.032,47.032,26701,0
20121204,47.225,47.272,47.198,47.272,11973,0
20121205,47.727,47.791,47.681,47.718,24589,0
20121206,47.995,47.995,47.995,47.995,2969,0
20121207,47.949,48.079,47.949,48.079,11358,0
20121210,48.189,48.281,48.189,48.281,21078,0
20121211,48.477,48.477,48.347,48.384,5458,0
20121212,48.541,48.848,48.495,48.57,14290,0
20121213,48.485,48.726,48.42,48.726,9402,0
20121214,48.716,48.763,48.614,48.726,30809,0
20121217,48.579,49.005,48.579,48.94,27802,0
20121218,49.023,49.209,49.023,49.18,28409,0
20121219,49.235,49.235,48.977,48.977,38808,0
20121220,49.18,49.292,49.161,49.292,37507,0
20121221,48.763,49.811,48.736,48.81,24259,0
20121224,48.793,48.977,48.793,48.81,9611,0
20121226,49.07,49.07,49.07,49.07,3622,0
20121227,49.072,49.091,48.896,49.053,12416,0
20121228,49.785,49.785,49.246,49.246,20245,0
20121231,49.581,50.045,49.507,50.045,25624,0
20130102,50.619,51.064,50.481,50.953,17366,0
20130103,51.001,51.611,50.859,51.509,21548,0
20130104,51.872,51.872,50.462,51.084,48571,0
20130107,50.658,50.926,50.658,50.926,17474,0
20130108,50.378,50.545,50.156,50.387,24076,0
20130109,50.527,50.76,50.471,50.628,76211,0
20130110,50.842,51.001,50.842,51.001,38400,0
20130111,51.426,51.426,50.238,50.648,40753,0
20130114,50.638,50.648,50.61,50.648,1295,0
20130115,50.591,50.806,50.591,50.638,7767,0
20130116,50.341,50.787,50.341,50.535,4978,0
20130117,50.601,50.907,50.601,50.898,20076,0
20130118,50.898,51.037,50.898,51.037,8353,0
20130122,50.907,51.084,50.842,51.037,22382,0
20130123,50.76,51.213,50.703,50.74,32143,0
20130124,51.055,51.573,50.703,50.74,19992,0
20130125,50.684,50.684,50.238,50.434,32925,0
20130128,50.638,50.638,50.065,50.065,15495,0
20130129,50.36,50.658,50.156,50.581,12432,0
20130130,50.535,50.638,50.156,50.443,30461,0
20130131,50.619,50.72,50.136,50.509,47616,0
20130201,50.926,50.944,50.926,50.926,14341,0
20130204,50.49,50.545,50.11,50.286,27505,0
20130205,50.424,50.638,50.304,50.509,34486,0
20130206,50.165,50.628,49.925,50.211,19329,0
20130207,49.879,50.027,49.571,49.979,28432,0
20130208,50.481,50.481,49.869,50.323,25601,0
20130211,50.136,50.229,49.794,50.165,22463,0
20130212,49.886,50.545,49.86,50.35,34300,0
20130213,50.61,50.75,50.193,50.314,34008,0
20130214,50.415,50.619,50.323,50.518,23111,0
20130215,50.443,50.443,50.443,50.443,11888,0
20130219,50.424,50.619,50.369,50.443,25924,0
20130220,50.387,50.387,49.84,50.008,11627,0
20130221,49.701,50.5,49.201,49.507,34627,0
20130222,49.777,49.823,49.459,49.692,26178,0
20130225,50.341,50.341,49.134,49.134,14383,0
20130226,49.091,49.498,49.025,49.498,32714,0
20130227,49.628,50.248,49.284,49.962,27545,0
20130228,49.905,50.527,49.73,49.823,41684,0
20130301,49.608,50.117,49.469,49.925,47348,0
20130304,49.441,49.608,48.96,49.45,70468,0
20130305,49.313,50.248,49.294,50.027,59426,0
20130306,50.065,50.378,49.943,50.11,43955,0
20130307,50.572,50.572,49.915,50.295,34538,0
20130308,50.443,50.693,50.378,50.61,49544,0
20130311,50.509,50.527,50.509,50.509,10062,0
20130312,50.248,50.248,49.879,50.055,26696,0
20130313,49.794,49.794,49.459,49.655,27396,0
20130314,49.794,50.136,49.358,49.86,29883,0
20130315,49.59,49.915,49.459,49.489,35561,0
20130318,49.144,49.507,48.998,49.006,21492,0
20130319,48.857,48.857,48.133,48.301,71428,0
20130320,48.664,48.922,48.367,48.672,21337,0
20130321,48.449,48.765,48.32,48.385,88378,0
20130322,48.459,48.608,48.246,48.291,35364,0
20130325,48.515,48.765,48.376,48.394,34609,0
20130326,48.887,48.942,48.757,48.784,15182,0
20130327,48.58,49.035,48.58,48.942,8415,0
20130328,49.016,49.182,48.775,49.044,49024,0
20130401,48.738,48.821,48.376,48.664,11639,0
20130402,48.912,48.998,48.608,48.867,33933,0
20130403,48.664,48.664,48.117,48.291,11991,0
20130404,48.209,48.358,47.83,48.17,26448,0
20130405,46.735,48.043,46.735,48.014,79091,0
20130408,47.559,47.903,47.282,47.848,73494,0
20130409,47.774,48.394,47.774,48.237,18530,0
20130410,48.821,48.896,48.664,48.682,13528,0
20130411,48.84,48.96,48.757,48.757,16330,0
20130412,48.385,48.478,47.838,48.44,40460,0
20130415,47.698,47.698,47.142,47.142,15535,0
20130416,47.652,48.033,47.652,48.014,16136,0
20130417,47.43,47.559,47.208,47.43,30133,0
20130418,47.551,47.597,47.447,47.476,12028,0
20130419,47.976,48.024,47.931,48.024,3237,0
20130422,48.227,48.339,48.227,48.339,1134,0
20130423,48.348,48.571,48.348,48.515,12023,0
20130424,48.515,48.728,48.496,48.718,16903,0
20130425,49.082,49.413,48.989,49.163,10434,0
20130426,48.682,48.905,48.486,48.905,20899,0
20130429,49.006,49.229,49.006,49.163,15537,0
20130430,49.459,49.553,49.082,49.45,10868,0
20130501,49.517,49.517,48.979,48.979,23191,0
20130502,49.237,49.628,48.905,49.628,24188,0
20130503,49.999,50.082,49.794,49.813,14897,0
20130506,49.683,50.008,49.608,49.879,49011,0
20130507,50.074,50.276,50.018,50.276,22171,0
20130508,50.434,50.73,50.248,50.5,34980,0
20130509,50.674,50.674,50.165,50.221,16639,0
20130510,50.564,50.564,49.553,50.184,64711,0
20130513,49.925,50.018,49.618,49.701,48305,0
20130514,49.85,50.082,49.785,49.915,31641,0
20130515,49.979,50.165,49.833,49.895,32768,0
20130516,50.074,50.165,49.895,49.943,27103,0
20130517,49.999,50.126,49.879,50.065,19577,0
20130520,50.091,50.156,50.091,50.126,19818,0
20130521,50.165,50.267,49.869,50.211,23623,0
20130522,50.415,50.415,49.394,49.469,25414,0
20130523,49.016,49.59,48.867,49.284,20976,0
20130524,49.091,49.091,48.784,49.044,18629,0
20130528,49.655,49.655,49.163,49.34,9453,0
20130529,49.072,49.101,48.738,48.738,13643,0
20130530,48.58,49.016,48.58,48.738,33967,0
20130531,48.358,48.413,47.801,48.061,38907,0
20130603,47.607,48.543,47.588,48.256,69031,0
20130604,48.339,48.339,47.671,47.94,30892,0
20130605,47.514,47.588,47.107,47.291,62216,0
20130606,46.725,47.504,46.706,47.504,28117,0
20130607,47.235,47.542,47.099,47.179,35891,0
20130610,46.493,46.91,46.493,46.715,36997,0
20130611,46.355,46.373,45.511,46.115,66038,0
20130612,45.706,46.04,45.391,45.454,57098,0
20130613,45.723,46.253,45.464,46.253,68962,0
20130614,46.087,46.087,45.614,45.715,26242,0
20130617,46.299,46.428,45.882,45.975,19517,0
20130618,45.937,46.541,45.919,46.04,51447,0
20130619,46.521,46.521,44.965,44.965,23946,0
20130620,43.853,44.074,42.684,42.897,71635,0
20130621,43.582,43.925,42.489,43.416,77807,0
20130624,42.442,43.055,42.182,42.879,125576,0
20130625,43.092,43.167,42.516,42.98,122856,0
20130626,42.924,43.721,42.924,43.574,69022,0
20130627,44.176,44.399,43.992,44.352,25473,0
20130628,44.593,44.687,44.176,44.501,45956,0
20130701,45.194,45.194,44.687,44.713,110010,0
20130702,45.076,45.132,44.185,44.185,35012,0
20130703,44.093,44.195,43.806,44.159,2318,0
20130705,43.935,43.935,43.248,43.248,39311,0
20130708,43.721,43.917,43.443,43.714,31766,0
20130709,43.38,44.084,43.38,43.806,94879,0
20130710,43.945,43.963,43.667,43.685,25031,0
20130711,44.732,45.168,44.574,45.168,79534,0
20130712,45.019,45.204,44.751,45.086,112011,0
20130715,45.159,45.548,45.159,45.444,24286,0
20130716,45.454,45.548,45.177,45.484,18581,0
20130717,45.789,45.799,45.732,45.771,3021,0
20130718,45.232,45.511,45.232,45.382,15182,0
20130719,45.213,45.723,45.213,45.723,52220,0
20130722,45.715,45.715,45.715,45.715,216,0
20130723,46.058,46.159,46.011,46.159,3592,0
20130724,46.234,46.243,45.52,45.52,16779,0
20130725,46.011,46.011,45.771,45.985,21308,0
20130726,45.882,46.049,45.651,45.901,29679,0
20130729,45.501,45.511,45.362,45.511,31066,0
20130730,45.444,45.444,45.104,45.142,4299,0
20130731,45.104,45.429,44.836,45.316,28097,0
20130801,45.492,45.779,45.492,45.762,24863,0
20130802,45.891,45.891,45.177,45.873,8957,0
20130805,45.614,45.686,45.614,45.686,494,0
20130806,45.28,45.372,45.194,45.232,3905,0
20130807,44.732,44.806,44.641,44.667,15704,0
20130808,44.836,45.492,44.836,45.492,46868,0
20130809,45.501,45.742,45.501,45.742,3831,0
20130812,45.779,45.864,45.779,45.864,15200,0
20130813,45.835,46.124,45.835,46.124,13526,0
20130814,46.087,46.28,46.087,46.28,31184,0
20130815,45.891,45.891,45.576,45.891,32856,0
20130816,45.723,46.002,45.632,45.632,5114,0
20130819,45.251,45.382,44.872,44.872,5565,0
20130820,44.603,44.732,44.603,44.687,5630,0
20130821,44.389,44.389,43.862,43.935,24582,0
20130822,44.074,44.259,43.777,44.112,13591,0
20130823,44.268,44.631,44.268,44.631,7874,0
20130826,44.538,44.584,44.427,44.427,23073,0
20130827,43.806,43.806,43.435,43.435,17787,0
20130828,43.388,44.074,43.388,43.406,73978,0
20130829,43.536,43.806,43.536,43.786,30002,0
20130830,43.833,45.891,43.777,45.891,10995,0
20130903,45.057,45.057,44.055,44.362,24517,0
20130904,44.453,44.899,44.453,44.806,99695,0
20130905,44.889,45.298,44.853,45.251,46164,0
20130906,45.492,45.994,45.326,45.855,33727,0
20130909,45.985,46.808,45.985,46.808,29986,0
20130910,46.885,47.254,46.885,47.254,18409,0
20130911,47.986,47.986,46.634,47.291,115519,0
20130912,47.116,47.466,46.818,46.91,38847,0
20130913,47.079,47.356,47.002,47.217,101802,0
20130916,47.569,47.884,47.385,47.385,18973,0
20130917,47.616,47.821,47.476,47.504,17842,0
20130918,47.495,49.34,47.495,49.34,48677,0
20130919,48.811,49.016,48.794,49.016,18684,0
20130920,48.219,48.219,48.152,48.152,9498,0
20130923,48.478,48.682,48.18,48.421,6796,0
20130924,47.893,48.44,47.893,48.44,9673,0
20130925,47.913,50.229,47.913,48.014,49121,0
20130926,47.867,48.024,47.745,47.781,22424,0
20130927,47.542,47.542,47.421,47.466,12112,0
20130930,47.17,47.189,47.012,47.041,37024,0
20131001,53.772,53.772,47.634,47.838,13644,0
20131002,47.616,47.791,47.588,47.781,24421,0
20131003,48.152,48.152,47.83,47.83,6622,0
20131004,48.237,48.358,48.237,48.358,11752,0
20131007,48.071,48.071,47.931,47.931,2330,0
20131008,48.053,48.053,47.848,47.931,3021,0
20131009,48.486,48.486,48.071,48.152,2931,0
20131010,48.486,48.942,48.486,48.942,19993,0
20131011,48.96,49.274,48.922,49.274,7177,0
20131014,48.896,49.517,48.896,49.459,19368,0
20131015,49.255,49.413,48.969,48.969,40066,0
20131016,49.313,49.545,49.255,49.303,13364,0
20131017,49.404,49.561,49.404,49.507,10228,0
20131018,49.84,49.84,49.758,49.758,8080,0
20131021,49.785,49.785,49.571,49.608,5628,0
20131022,50.136,50.174,49.833,49.833,21180,0
20131023,48.951,49.527,48.951,49.237,14340,0
20131024,49.246,49.274,49.091,49.192,13720,0
20131025,49.035,49.322,48.979,49.322,18440,0
20131028,49.553,49.553,49.192,49.229,36262,0
20131029,49.571,49.571,49.404,49.404,7857,0
20131030,49.581,49.581,49.211,49.581,53119,0
20131031,49.284,49.367,49.108,49.108,11865,0
20131101,49.072,49.091,48.84,49.035,13326,0
20131104,49.035,49.063,49.035,49.063,20488,0
20131105,48.616,48.672,48.525,48.534,28283,0
20131106,48.589,48.691,48.496,48.506,13160,0
20131107,48.394,48.506,47.801,47.867,17284,0
20131108,47.456,47.913,47.411,47.821,76154,0
20131111,47.579,47.579,47.235,47.291,40367,0
20131112,47.642,47.642,47.07,47.142,52086,0
20131113,47.15,47.272,46.892,47.272,9487,0
20131114,47.225,47.745,47.225,47.745,13109,0
20131115,48.124,48.682,48.124,48.496,17000,0
20131118,48.932,49.211,48.784,48.804,26560,0
20131119,49.394,49.394,48.625,48.682,13461,0
20131120,48.625,48.821,48.264,48.32,8794,0
20131121,48.09,48.301,48.08,48.301,6924,0
20131122,48.515,48.515,48.071,48.272,36163,0
20131125,48.301,48.301,48.09,48.117,18038,0
20131126,48.08,48.108,48.033,48.09,17697,0
20131127,48.385,48.403,48.17,48.348,1058,0
20131129,48.728,48.728,48.608,48.608,2329,0
20131202,48.515,48.515,48.18,48.18,24332,0
20131203,48.099,48.099,47.821,47.959,75864,0
20131204,47.893,47.893,47.616,47.876,17985,0
20131205,47.801,47.903,47.745,47.801,15096,0
20131206,48.227,48.645,48.09,48.431,14187,0
20131209,48.44,48.85,48.44,48.645,58934,0
20131210,48.385,48.506,48.348,48.421,33195,0
20131211,48.162,48.162,47.718,47.811,13305,0
20131212,47.626,47.626,47.439,47.542,21195,0
20131213,47.597,47.597,47.337,47.337,17034,0
20131216,47.931,47.931,47.652,47.662,19140,0
20131217,47.476,47.524,47.411,47.486,52821,0
20131218,47.569,48.821,47.456,47.959,89662,0
20131219,47.486,47.486,46.791,47.385,63273,0
20131220,47.486,47.569,47.235,47.411,46027,0
20131223,48.071,48.071,47.282,47.728,170581,0
20131224,47.913,48.133,47.884,47.968,463223,0
20131226,48.061,48.061,47.811,47.838,37045,0
20131227,48.016,48.231,48.007,48.082,332752,0
20131230,48.241,48.559,48.231,48.512,94161,0
20131231,48.502,48.726,48.502,48.716,78966,0
20140102,48.073,48.073,47.295,47.323,20675,0
20140103,47.408,47.408,47.128,47.249,56730,0
20140106,47.073,47.092,46.856,46.969,48080,0
20140107,47.073,47.073,46.642,46.745,48564,0
20140108,46.839,46.902,46.698,46.745,10776,0
20140109,46.745,46.745,46.323,46.529,44734,0
20140110,46.792,47.063,46.792,47.053,16203,0
20140113,47.202,47.202,46.735,46.735,9361,0
20140114,47.034,47.202,47.034,47.164,20371,0
20140115,47.082,47.22,47.063,47.154,31059,0
20140116,45.67,47.987,45.67,47.987,4910,0
20140117,46.819,46.866,46.706,46.763,65029,0
20140121,46.745,46.912,46.549,46.605,13376,0
20140122,46.876,47.034,46.876,47.025,34059,0
20140123,46.605,46.605,45.988,46.342,22943,0
20140124,45.978,45.978,45.023,45.023,26714,0
20140127,45.118,45.164,44.632,44.705,22321,0
20140128,44.8,45.192,44.781,45.192,26919,0
20140129,44.642,44.922,44.575,44.697,22770,0
20140130,45.164,45.164,44.689,44.689,16985,0
20140131,44.575,44.856,44.491,44.725,16901,0
20140203,44.689,44.689,43.8,43.847,53912,0
20140204,43.968,44.652,43.968,44.594,25073,0
20140205,44.257,44.557,44.257,44.557,2306,0
20140206,44.669,45.128,44.632,45.09,82952,0
20140207,45.557,45.557,45.043,45.463,58875,0
20140210,45.128,45.138,44.978,45.118,7148,0
20140211,45.287,45.847,45.287,45.811,23605,0
20140212,45.997,46.081,45.632,45.865,27686,0
20140213,45.529,45.978,45.277,45.733,65588,0
20140214,45.997,46.37,45.997,46.37,72376,0
20140218,46.22,46.22,46.062,46.091,11079,0
20140219,46.072,46.147,45.697,45.697,73110,0
20140220,45.801,46.024,45.707,46.024,32455,0
20140221,46.285,46.285,45.997,46.005,41369,0
20140224,46.211,46.417,46.147,46.295,35234,0
20140225,46.091,46.091,45.651,45.651,9025,0
20140226,46.024,46.024,45.743,45.743,8377,0
20140227,46.182,46.464,46.163,46.464,17581,0
20140228,46.491,46.539,46.034,46.062,46772,0
20140303,45.623,45.997,45.229,45.594,24218,0
20140304,46.154,46.154,45.904,46.139,33453,0
20140305,46.072,46.22,46.034,46.163,5637,0
20140306,46.698,46.876,46.698,46.754,10051,0
20140307,46.481,46.481,46.267,46.342,7851,0
20140310,46.239,46.239,45.875,46.043,23515,0
20140311,45.969,45.969,45.716,45.763,3726,0
20140312,45.678,45.678,45.519,45.519,16070,0
20140313,45.576,45.576,44.978,44.978,8989,0
20140314,45.443,45.443,45.239,45.35,19206,0
20140317,45.632,45.707,45.632,45.707,24728,0
20140318,46.154,46.352,46.091,46.352,66311,0
20140319,46.024,46.1,45.632,45.651,55356,0
20140320,45.323,45.791,45.229,45.707,30890,0
20140321,45.894,46.23,45.884,45.884,23430,0
20140324,46.062,46.182,45.875,46.182,70580,0
20140325,46.305,46.511,46.305,46.435,2738,0
20140326,46.725,46.886,46.559,46.559,13477,0
20140327,46.659,46.922,46.659,46.922,4934,0
20140328,47.361,47.557,47.361,47.381,14117,0
20140331,47.68,47.811,47.586,47.773,16155,0
20140401,48.212,48.241,48.202,48.212,9349,0
20140402,48.305,48.474,48.305,48.474,12939,0
20140403,48.334,48.334,47.876,47.951,11061,0
20140404,48.371,48.661,48.231,48.231,11290,0
20140407,47.821,48.212,47.821,48.212,10086,0
20140408,48.745,48.82,48.502,48.502,18029,0
20140409,48.866,49.026,48.53,49.026,13920,0
20140410,49.054,49.213,48.632,48.736,24998,0
20140411,48.642,48.726,48.549,48.726,5280,0
20140414,48.773,48.886,48.549,48.652,13843,0
20140415,48.492,48.492,47.884,47.914,29741,0
20140416,48.512,48.512,48.155,48.483,13870,0
20140417,47.914,48.932,47.914,48.886,18385,0
20140421,48.942,49.203,48.435,49.203,28887,0
20140422,48.716,48.716,48.586,48.595,10267,0
20140423,48.577,48.577,48.092,48.334,11859,0
20140424,48.193,48.595,48.063,48.595,11332,0
20140425,47.754,47.754,47.64,47.64,4661,0
20140428,47.821,48.492,47.567,48.492,24453,0
20140429,47.977,48.334,47.977,48.127,8531,0
20140430,48.073,48.073,47.997,48.016,21668,0
20140501,48.11,48.389,47.941,47.941,28739,0
20140502,48.101,48.268,48.101,48.165,6186,0
20140505,48.155,48.241,48.11,48.221,3605,0
20140506,48.231,48.435,48.173,48.276,7171,0
20140507,48.353,48.745,48.353,48.689,8119,0
20140508,48.241,48.866,48.241,48.492,17326,0
20140509,48.445,48.763,48.334,48.568,14694,0
20140512,49.073,49.661,48.905,49.643,23083,0
20140513,49.231,49.503,48.912,49.184,22732,0
20140514,49.194,49.549,49.194,49.549,8075,0
20140515,49.325,49.325,48.969,49.127,14551,0
20140516,49.287,49.643,49.223,49.634,16125,0
20140519,49.595,49.764,49.595,49.764,3247,0
20140520,49.325,49.54,49.325,49.325,13354,0
20140521,49.68,49.68,49.643,49.652,2785,0
20140522,49.924,50.036,49.812,50.036,14121,0
20140523,50.045,50.074,50.018,50.055,4729,0
20140527,49.821,49.821,49.634,49.671,3387,0
20140528,49.831,49.942,49.708,49.904,14227,0
20140529,49.942,49.988,49.838,49.988,5244,0
20140530,49.624,49.624,49.464,49.531,5321,0
20140602,49.371,49.595,49.362,49.595,16854,0
20140603,49.698,50.018,49.557,49.867,11701,0
20140604,49.867,49.867,49.567,49.736,4582,0
20140605,49.894,50.074,49.867,49.961,11060,0
20140606,50.278,50.653,50.269,50.568,36365,0
20140609,50.297,50.513,50.297,50.494,47398,0
20140610,50.699,50.717,50.521,50.624,6525,0
20140611,50.596,50.671,50.408,50.521,20554,0
20140612,50.774,50.774,50.325,50.325,7548,0
20140613,50.363,50.521,50.259,50.513,8099,0
20140616,50.278,50.586,50.11,50.278,8198,0
20140617,49.595,50.278,49.595,50.222,3967,0
20140618,50.036,50.53,50.036,50.53,23646,0
20140619,50.39,50.539,50.39,50.485,72267,0
20140620,50.297,50.363,50.175,50.353,10090,0
20140623,50.24,50.25,50.091,50.091,9372,0
20140624,50.513,50.577,50.427,50.427,6370,0
20140625,50.204,50.38,50.204,50.344,31549,0
20140626,50.25,50.485,50.25,50.466,45327,0
20140627,50.521,50.53,50.344,50.494,10627,0
20140630,50.774,51.073,50.586,51.073,40262,0
20140701,51.11,51.316,50.99,51.129,9059,0
20140702,51.156,51.419,51.156,51.316,9627,0
20140703,51.475,51.531,51.475,51.531,2721,0
20140707,51.512,51.531,51.353,51.494,26225,0
20140708,51.559,51.559,51.316,51.38,49603,0
20140709,51.259,51.541,51.259,51.541,10831,0
20140710,51.223,51.531,50.839,51.419,33545,0
20140711,51.39,51.39,51.241,51.344,7266,0
20140714,51.596,51.615,51.447,51.615,6434,0
20140715,51.776,51.886,51.615,51.615,18142,0
20140716,51.737,51.793,51.606,51.606,22895,0
20140717,51.316,51.316,50.906,51.063,133899,0
20140718,50.952,51.606,50.952,51.606,11856,0
20140721,51.288,51.615,51.288,51.596,9852,0
20140722,51.895,52.195,51.662,52.195,34582,0
20140723,52.148,52.371,52.148,52.362,19002,0
20140724,52.344,52.457,52.213,52.298,9399,0
20140725,52.128,52.148,52.092,52.092,3836,0
20140728,52.065,52.315,52.018,52.315,4180,0
20140729,52.213,52.334,52.065,52.065,11402,0
20140730,52.119,52.119,51.801,51.942,11293,0
20140731,51.232,51.297,51.046,51.139,13188,0
20140801,51.046,51.185,50.933,51,15034,0
20140804,51.39,51.577,51.39,51.503,2909,0
20140805,51.438,51.485,51.027,51.185,5557,0
20140806,50.857,51.166,50.857,51.101,2144,0
20140807,50.857,50.876,50.485,50.485,15942,0
20140808,50.38,50.96,50.38,50.96,18766,0
20140811,51.11,51.606,51.092,51.587,33091,0
20140812,51.559,51.615,51.419,51.615,4191,0
20140813,52.166,52.176,51.858,51.858,17408,0
20140814,51.99,52.008,51.99,52.008,2450,0
20140815,51.962,52.119,51.718,52.074,11707,0
20140818,51.933,52.298,51.933,52.26,22816,0
20140819,52.315,52.597,52.315,52.597,10387,0
20140820,52.503,52.531,52.503,52.503,8581,0
20140821,52.494,52.549,52.41,52.549,4003,0
20140822,52.521,52.521,52.288,52.503,2964,0
20140825,52.41,52.457,52.334,52.4,6738,0
20140826,52.587,52.83,52.587,52.802,29664,0
20140827,52.924,52.98,52.775,52.98,5093,0
20140828,52.671,52.766,52.626,52.766,5215,0
20140829,52.539,52.766,52.539,52.616,13747,0
20140902,53.148,53.261,52.344,52.587,10647,0
20140903,53.56,53.56,53.157,53.297,14420,0
20140904,53.4,53.429,53.204,53.204,8850,0
20140905,53.345,53.485,53.287,53.485,8551,0
20140908,53.287,53.363,53.12,53.129,9279,0
20140909,52.568,52.568,52.362,52.391,4259,0
20140910,52.074,52.222,52.065,52.138,15190,0
20140911,51.848,52.055,51.801,52.055,24413,0
20140912,51.671,51.671,51.521,51.521,5905,0
20140915,51.249,51.335,51.147,51.335,7412,0
20140916,51.362,51.933,51.362,51.925,6608,0
20140917,51.718,51.718,51.503,51.503,6781,0
20140918,51.438,51.503,51.438,51.503,3667,0
20140919,51.344,51.344,51.166,51.166,3569,0
20140922,50.662,50.662,50.306,50.446,6485,0
20140923,50.316,50.427,50.194,50.194,8464,0
20140924,50.559,50.896,50.39,50.849,24250,0
20140925,50.11,50.11,49.858,49.924,8564,0
20140926,49.952,50.074,49.848,50.074,3013,0
20140929,49.248,49.248,49.026,49.045,5743,0
20140930,48.905,49.203,48.763,48.912,48203,0
20141001,48.755,48.755,48.241,48.259,7831,0
20141002,47.951,48.417,47.951,48.241,7416,0
20141003,48.483,48.755,48.483,48.755,10355,0
20141006,49.268,49.417,49.109,49.136,6942,0
20141007,49.127,49.335,48.896,49.136,7687,0
20141008,48.67,49.595,48.652,49.595,4497,0
20141009,48.951,49.258,48.642,48.793,12658,0
20141010,48.492,48.521,48.127,48.343,29124,0
20141013,48.652,48.857,48.54,48.54,30286,0
20141014,48.212,48.577,48.063,48.343,42635,0
20141015,47.773,47.867,47.073,47.867,20995,0
20141016,47.371,47.923,46.932,47.436,12766,0
20141017,48.389,48.389,47.577,47.66,32780,0
20141020,47.904,48.193,47.83,47.857,20617,0
20141021,47.848,48.343,47.838,48.173,8667,0
20141022,48.334,48.334,48.026,48.026,20460,0
20141023,47.932,48.241,47.932,48.082,7371,0
20141024,48.016,48.445,48.016,48.389,10845,0
20141027,47.633,47.884,47.595,47.884,12447,0
20141028,48.183,48.773,48.092,48.773,17974,0
20141029,48.502,49.036,48.334,48.334,24098,0
20141030,49.194,49.24,48.857,49.092,9195,0
20141031,49.277,49.474,49.146,49.474,6341,0
20141103,48.829,49.146,48.829,48.998,42242,0
20141104,48.896,49.165,48.866,48.96,19213,0
20141105,49.398,49.398,48.426,48.763,1712,0
20141106,48.334,48.389,48.146,48.165,3783,0
20141107,47.997,48.286,47.987,48.221,14985,0
20141110,48.521,48.716,48.408,48.435,6051,0
20141111,48.426,48.595,48.334,48.595,11478,0
20141112,48.549,48.605,48.426,48.474,5848,0
20141113,48.073,48.073,48.073,48.073,386,0
20141114,48.408,48.521,48.202,48.521,16088,0
20141117,48.035,48.25,47.997,48.165,5621,0
20141118,48.063,48.474,48.063,48.474,8633,0
20141119,47.997,48.286,47.997,48.286,10601,0
20141120,48.082,48.408,48.082,48.408,17286,0
20141121,48.96,49.306,48.773,49.092,28450,0
20141124,49.054,49.203,48.912,48.912,5098,0
20141125,49.277,49.277,48.839,48.839,35442,0
20141126,49.381,49.493,49.127,49.493,6937,0
20141128,48.866,48.866,48.689,48.829,8809,0
20141201,48.136,48.221,47.848,47.867,58854,0
20141202,47.848,48.092,47.764,47.821,27972,0
20141203,48.063,48.155,47.96,48.127,15253,0
20141204,47.941,48.315,47.857,47.884,49174,0
20141205,47.987,48.055,47.884,47.884,5279,0
20141208,47.64,47.64,47.259,47.259,3890,0
20141209,46.886,47.193,46.725,47.128,41409,0
20141210,46.613,46.932,46.277,46.323,39264,0
20141211,46.323,46.445,45.95,46.034,50822,0
20141212,45.828,45.856,45.229,45.229,113410,0
20141215,45.576,45.724,44.538,44.604,54291,0
20141216,44.276,45.156,44.21,44.575,71030,0
20141217,44.829,45.811,44.453,45.772,141688,0
20141218,46.015,46.015,45.483,45.988,43354,0
20141219,46.12,46.285,45.604,46.201,61085,0
20141222,46.472,46.679,46.22,46.585,141683,0
20141223,46.464,46.464,46.043,46.342,112922,0
20141224,46.191,46.529,45.959,46.455,132936,0
20141226,46.277,46.715,46.258,46.706,15305,0
20141229,46.832,46.832,46.287,46.297,123109,0
20141230,46.181,46.612,46.146,46.546,80369,0
20141231,46.468,46.736,46.181,46.259,75336,0
20150102,46.268,46.794,46.001,46.355,19209,0
20150105,45.935,45.974,45.477,45.524,29473,0
20150106,45.573,45.724,45.038,45.038,10214,0
20150107,45.917,46.345,45.849,46.345,12747,0
20150108,46.364,47.061,46.364,47.061,17380,0
20150109,46.985,47.042,46.564,47.042,5798,0
20150112,46.421,46.794,46.393,46.746,24318,0
20150113,47.289,47.317,46.669,46.842,12553,0
20150114,46.573,46.775,46.25,46.775,12502,0
20150115,46.985,47.012,46.765,46.765,1215,0
20150116,46.583,47.194,46.583,47.154,9362,0
20150120,46.746,47.164,46.746,47.119,65019,0
20150121,47.576,47.757,47.432,47.757,13219,0
20150122,47.985,48.482,47.681,48.472,7849,0
20150123,48.433,48.587,48.28,48.386,6900,0
20150126,48.423,48.472,48.215,48.472,10568,0
20150127,47.89,48.234,47.843,48.073,18967,0
20150128,47.92,48.101,47.45,47.45,10839,0
20150129,47.605,47.862,47.432,47.862,34145,0
20150130,46.507,47.366,46.507,46.651,27432,0
20150202,47.119,47.556,46.937,47.556,16973,0
20150203,47.519,48.28,47.519,48.28,54805,0
20150204,48.147,48.147,47.671,47.671,27465,0
20150205,47.709,48.147,47.699,47.92,7724,0
20150206,47.747,47.747,47.242,47.28,2731,0
20150209,47.251,47.537,47.251,47.317,5824,0
20150210,47.174,47.203,47.032,47.145,9473,0
20150211,46.822,46.937,46.746,46.927,19516,0
20150212,47.46,47.938,47.46,47.795,4042,0
20150213,47.976,48.175,47.976,48.137,56161,0
20150217,47.985,48.205,47.967,48.12,5772,0
20150218,48.166,48.175,47.985,48.157,4472,0
20150219,48.111,48.111,47.976,47.985,20179,0
20150220,48.015,48.396,47.88,48.31,6346,0
20150223,47.91,48.082,47.91,47.957,20354,0
20150224,47.976,48.405,47.957,48.319,7152,0
20150225,48.234,48.386,48.234,48.359,3712,0
20150226,48.52,48.54,48.329,48.405,12220,0
20150227,48.28,48.53,48.28,48.482,3865,0
20150302,48.319,48.549,48.319,48.549,5766,0
20150303,48.319,48.319,48.175,48.254,1992,0
20150304,47.661,47.938,47.605,47.767,9643,0
20150305,47.576,47.795,47.576,47.795,2306,0
20150306,47.432,47.432,47.051,47.051,5976,0
20150309,47.081,47.119,46.975,46.975,5766,0
20150310,46.163,46.307,46.03,46.03,3250,0
20150311,46.137,46.278,46.001,46.153,6708,0
20150312,46.698,46.746,46.487,46.507,30607,0
20150313,45.839,45.992,45.724,45.992,21383,0
20150316,46.315,46.487,46.315,46.364,2097,0
20150317,46.373,46.726,46.373,46.726,12579,0
20150318,46.746,47.681,46.698,47.681,15094,0
20150319,47.327,47.327,46.985,47.012,9015,0
20150320,47.88,47.967,47.529,47.967,3355,0
20150323,47.834,48.034,47.825,47.957,7128,0
20150324,47.89,48.034,47.862,47.967,8071,0
20150325,48.137,48.137,47.509,47.509,11949,0
20150326,47.595,47.605,47.222,47.222,26835,0
20150327,47.28,47.356,47.154,47.154,1467,0
20150330,47.852,48.082,47.852,48.082,33125,0
20150331,47.843,48.111,47.805,47.805,21278,0
20150401,48.511,48.54,48.3,48.329,6708,0
20150402,49.253,49.263,49.007,49.207,19183,0
20150406,49.883,50.237,49.846,49.846,14046,0
20150407,49.883,49.893,49.532,49.532,7004,0
20150408,50.658,50.792,50.362,50.638,14571,0
20150409,51.181,51.181,50.934,50.992,2703,0
20150410,51.181,51.181,50.972,50.972,21383,0
20150413,51.478,51.525,51.058,51.277,2621,0
20150414,51.229,51.4,51.229,51.362,6814,0
20150415,51.362,51.535,51.181,51.535,7864,0
20150416,51.659,51.984,51.563,51.849,7188,0
20150417,51.162,51.162,50.81,50.953,32286,0
20150420,51.22,51.22,51.02,51.02,1395,0
20150421,51.22,51.515,51.2,51.344,3608,0
20150422,51.478,51.887,51.478,51.811,3551,0
20150423,51.849,52.316,51.849,52.279,3564,0
20150424,52.325,52.441,52.325,52.431,10273,0
20150427,52.614,52.965,52.441,52.594,15620,0
20150428,52.709,52.919,52.709,52.919,6498,0
20150429,52.431,52.669,52.421,52.669,3040,0
20150430,52.078,52.078,51.515,51.515,93710,0
20150501,51.879,52.07,51.572,51.887,75891,0
20150504,52.041,52.116,51.935,52.116,3564,0
20150505,51.975,51.975,51.65,51.65,8595,0
20150506,51.716,51.736,51.105,51.105,23309,0
20150507,50.658,51.039,50.658,50.857,14656,0
20150508,51.267,51.553,51.22,51.535,32704,0
20150511,51.229,51.488,51.229,51.315,1887,0
20150512,50.934,50.992,50.866,50.943,15537,0
20150513,51.41,51.41,51.134,51.2,1678,0
20150514,51.621,51.65,51.449,51.621,2832,0
20150515,51.659,52.088,51.659,52.088,12015,0
20150518,51.687,51.83,51.687,51.784,6539,0
20150519,51.64,51.917,51.64,51.64,1467,0
20150520,51.621,51.792,51.621,51.64,2935,0
20150521,51.659,51.765,51.515,51.515,12264,0
20150522,51.726,51.821,51.631,51.745,7862,0
20150526,51.257,51.257,50.982,50.982,3268,0
20150527,51.049,51.162,50.962,51.162,18450,0
20150528,50.58,50.772,50.457,50.772,1730,0
20150529,50.362,50.447,50.171,50.171,16561,0
20150601,50.18,50.362,50.131,50.332,2725,0
20150602,50.417,50.6,50.246,50.379,8546,0
20150603,50.131,50.246,50.094,50.189,3250,0
20150604,49.617,49.789,49.349,49.349,14886,0
20150605,49.217,49.426,49.217,49.369,2097,0
20150608,49.235,49.245,49.139,49.139,1572,0
20150609,48.959,48.959,48.568,48.74,20230,0
20150610,49.359,49.359,49.074,49.217,21410,0
20150611,48.95,49.188,48.95,49.148,7775,0
20150612,48.968,49.158,48.95,49.158,6919,0
20150615,48.798,49.007,47.929,48.701,14152,0
20150616,48.501,48.863,48.501,48.863,1362,0
20150617,48.682,48.682,48.463,48.596,16143,0
20150618,49.607,49.607,49.102,49.312,7337,0
20150619,49.121,49.121,49.007,49.007,6498,0
20150622,49.312,49.579,49.312,49.426,31028,0
20150623,49.513,49.751,49.513,49.637,2818,0
20150624,49.484,49.818,49.484,49.569,4507,0
20150625,49.684,49.703,49.312,49.464,5766,0
20150626,49.188,49.322,48.95,48.988,13209,0
20150629,48.559,48.559,48.005,48.092,18973,0
20150630,48.453,48.587,48.359,48.396,8710,0
20150701,48.93,48.93,48.482,48.559,12579,0
20150702,48.798,49.016,48.798,48.845,7024,0
20150706,47.566,47.767,47.489,47.566,55242,0
20150707,46.421,46.593,46.011,46.593,2726,0
20150708,45.447,45.447,45.086,45.086,7337,0
20150709,46.088,46.22,45.792,45.792,100000,0
20150710,46.785,46.956,46.477,46.832,47695,0
20150713,47.232,47.556,47.119,47.547,27464,0
20150714,47.298,47.595,47.298,47.586,20532,0
20150715,47.164,47.298,46.907,46.907,15025,0
20150716,47.366,47.489,47.145,47.422,11634,0
20150717,47.366,47.366,47.28,47.28,3879,0
20150720,46.937,47.27,46.89,47.194,28932,0
20150721,47.327,47.376,47.012,47.071,62789,0
20150722,46.659,46.822,46.632,46.641,30713,0
20150723,46.497,46.641,46.191,46.191,55766,0
20150724,45.974,45.974,45.401,45.611,9433,0
20150727,44.761,44.885,44.438,44.849,52201,0
20150728,44.523,44.991,44.504,44.819,19393,0
20150729,44.904,45.172,44.904,45.028,68553,0
20150730,44.857,44.885,44.464,44.657,36897,0
20150731,45.295,45.295,44.867,45.115,18134,0
20150803,44.409,44.694,44.322,44.484,16788,0
20150804,44.638,44.895,44.608,44.694,33543,0
20150805,45.238,45.238,44.608,44.648,15827,0
20150806,44.666,44.666,44.361,44.379,5282,0
20150807,44.608,44.608,44.379,44.409,13418,0
20150810,44.79,45.077,44.79,45.077,6814,0
20150811,44.265,44.361,43.866,44.294,60430,0
20150812,43.33,43.521,43.33,43.521,147800,0
20150813,43.588,43.635,43.483,43.531,20126,0
20150814,43.759,43.788,43.55,43.713,2411,0
20150817,43.101,43.406,43.101,43.349,16143,0
20150818,42.883,42.978,42.662,42.93,26730,0
20150819,42.138,42.481,41.719,42.453,155976,0
20150820,41.556,41.709,41.232,41.279,61740,0
20150821,40.717,40.849,40.077,40.173,24109,0
20150824,37.969,39.324,37.902,39.124,166467,0
20150825,39.877,40.04,38.951,38.951,73585,0
20150826,37.941,39.81,37.941,39.58,200107,0
20150827,40.45,41.355,40.45,41.287,46858,0
20150828,40.927,41.251,40.84,40.974,104405,0
20150831,40.622,41.059,40.534,41.032,41300,0
20150901,40.067,40.908,39.552,39.954,131867,0
20150902,40.259,40.297,39.781,40.135,10587,0
20150903,40.43,40.649,40.21,40.344,15620,0
20150904,39.629,39.629,39.256,39.314,41406,0
20150908,40.268,40.307,40.011,40.154,68764,0
20150909,41.042,41.069,39.916,40.059,49476,0
20150910,40.478,40.955,40.278,40.879,79686,0
20150911,40.459,40.898,40.459,40.811,5660,0
20150914,40.534,40.821,40.506,40.658,46332,0
20150915,40.849,41.297,40.849,41.089,33753,0
20150916,41.823,42.128,41.68,42.042,10900,0
20150917,41.641,42.519,41.641,42.042,7611,0
20150918,41.832,41.928,40.994,41.05,22538,0
20150921,41.661,41.661,41.423,41.423,18659,0
20150922,40.707,40.859,40.43,40.688,6919,0
20150923,40.516,40.516,40.259,40.259,31972,0
20150924,39.754,39.964,39.552,39.715,14658,0
20150925,40.059,40.259,39.82,39.82,20126,0
20150928,39.152,39.37,39.124,39.142,24774,0
20150929,39.314,39.675,39.162,39.172,25575,0
20150930,39.858,40.229,39.858,40.096,26520,0
20151001,40.268,40.593,40.201,40.334,110168,0
20151002,40.059,41.156,40.059,41.022,121176,0
20151005,41.937,42.261,41.784,42.005,27947,0
20151006,42.014,42.195,41.996,42.148,64571,0
20151007,42.766,43.054,42.634,42.692,110064,0
20151008,43.064,43.54,42.825,43.387,71279,0
20151009,43.597,44.019,43.511,43.511,29560,0
20151012,43.721,43.721,43.234,43.234,31031,0
20151013,43.131,43.253,42.721,42.721,30924,0
20151014,43.177,43.196,42.883,42.901,16037,0
20151015,43.559,43.96,43.416,43.788,26414,0
20151016,43.96,43.999,43.778,43.913,6708,0
20151019,43.759,43.778,43.531,43.579,14989,0
20151020,43.674,43.851,43.559,43.588,7658,0
20151021,43.369,43.55,43.187,43.369,36478,0
20151022,43.511,44.161,43.511,43.883,50315,0
20151023,44.255,44.409,43.97,43.989,15200,0
20151026,43.739,44.638,43.73,44.019,16248,0
20151027,43.521,43.616,43.339,43.396,27254,0
20151028,43.694,43.769,42.815,42.987,15933,0
20151029,42.776,43.035,42.643,42.883,36897,0
20151030,43.045,43.045,42.672,42.883,46227,0
20151102,43.15,43.396,42.94,43.33,36500,0
20151103,43.234,43.922,43.234,43.645,39203,0
20151104,43.817,43.951,43.665,43.817,5773,0
20151105,43.655,43.846,43.55,43.588,7547,0
20151106,42.863,43.082,42.653,42.863,16248,0
20151109,42.605,42.711,42.138,42.424,48458,0
20151110,42.138,42.596,41.852,41.986,34593,0
20151111,42.28,42.28,41.9,42.071,23164,0
20151112,41.661,41.986,41.488,41.488,48009,0
20151113,41.576,41.576,41.032,41.059,44444,0
20151116,41.287,41.937,41.232,41.738,74528,0
20151117,41.651,41.937,41.527,41.631,27464,0
20151118,41.631,42.243,41.631,42.091,36058,0
20151119,42.118,42.577,42.052,42.453,91197,0
20151120,43.072,43.16,42.796,42.796,52516,0
20151123,42.94,42.996,42.481,42.672,42454,0
20151124,42.672,42.91,42.433,42.605,68868,0
20151125,42.672,42.682,42.31,42.586,56709,0
20151127,42.148,42.167,41.947,42.128,9538,0
20151130,42.014,42.014,41.498,41.689,59853,0
20151201,42.148,42.185,41.793,42.158,34584,0
20151202,42.071,42.167,41.508,41.508,123692,0
20151203,41.738,42.005,41.471,41.842,169364,0
20151204,41.9,42.158,41.576,41.832,145704,0
20151207,41.823,41.823,40.974,41.079,89099,0
20151208,40.525,40.869,40.324,40.324,125489,0
20151209,40.563,40.889,40.219,40.506,94969,0
20151210,40.229,40.469,40.096,40.135,101363,0
20151211,39.285,39.543,38.981,38.981,52096,0
20151214,39.38,39.467,39.066,39.457,85387,0
20151215,39.764,40.115,39.764,39.781,81656,0
20151216,40.649,40.859,40.04,40.229,75159,0
20151217,40.603,40.603,40.001,40.229,77883,0
20151218,40.02,40.688,40.02,40.287,174948,0
20151221,40.525,40.553,40.011,40.382,128617,0
20151222,40.583,40.821,40.297,40.793,129020,0
20151223,40.915,41.644,40.827,41.206,145735,0
20151224,41.421,41.488,41.216,41.216,126790,0
20151228,40.827,41.12,40.731,40.788,296259,0
20151229,41.149,41.283,40.915,41.236,114865,0
20151230,41.08,41.08,40.731,40.788,145150,0
20151231,40.671,41.047,40.574,40.594,195220,0
20160104,39.65,39.874,39.319,39.621,241899,0
20160105,39.805,40.02,39.615,39.621,60503,0
20160106,39.376,39.436,38.794,38.989,298015,0
20160107,38.275,38.814,38.006,38.006,54459,0
20160108,37.84,38.006,37.373,37.373,20040,0
20160111,38.065,38.065,37.072,37.373,43501,0
20160112,37.539,37.655,37.053,37.344,16421,0
20160113,37.421,37.421,36.857,36.877,92690,0
20160114,36.906,37.46,36.809,37.227,217423,0
20160115,35.846,36.108,35.379,36.07,13250,0
20160119,36.76,36.76,36.08,36.399,88078,0
20160120,35.515,35.846,34.61,35.398,165959,0
20160121,35.213,35.924,35.213,35.515,50105,0
20160122,36.235,36.585,36.09,36.458,19191,0
20160125,36.282,36.556,35.914,35.914,24288,0
20160126,36.206,36.623,36.196,36.497,38161,0
20160127,36.312,36.843,36.051,36.051,28976,0
20160128,36.78,36.78,36.438,36.536,15535,0
20160129,37.179,37.86,37.169,37.848,182059,0
20160201,37.033,37.577,37.004,37.265,432625,0
20160202,36.75,36.828,36.156,36.389,166941,0
20160203,36.458,37.043,36.157,36.834,43562,0
20160204,37.315,37.583,37.023,37.401,122295,0
20160205,37.265,37.344,36.701,36.75,74824,0
20160208,36.79,36.79,36.108,36.448,206671,0
20160209,36.245,36.663,35.787,36.254,77720,0
20160210,36.566,36.78,36.206,36.282,215104,0
20160211,35.981,36.409,35.485,36.001,149066,0
20160212,36.157,36.536,36.051,36.536,3794,0
20160216,36.838,37.072,36.428,36.906,200477,0
20160217,37.529,37.986,37.382,37.596,110612,0
20160218,37.636,37.918,37.411,37.421,9856,0
20160219,37.616,37.664,37.421,37.46,17108,0
20160222,38.112,38.336,37.996,38.132,119099,0
20160223,38.092,38.092,37.606,37.684,28257,0
20160224,37.195,37.694,37.139,37.587,27399,0
20160225,37.577,37.782,37.305,37.529,18770,0
20160226,37.45,37.684,37.199,37.315,26727,0
20160229,37.888,37.888,37.519,37.596,193522,0
20160301,38.191,39.028,38.191,38.735,222884,0
20160302,38.804,39.426,38.804,39.416,117894,0
20160303,39.338,39.942,39.319,39.864,203874,0
20160304,40.418,40.866,40.243,40.458,15858,0
20160307,40.36,40.925,40.36,40.438,5432,0
20160308,40.283,40.389,39.976,40.263,81172,0
20160309,40.263,40.624,40.088,40.263,158281,0
20160310,40.651,40.651,39.913,40.411,21883,0
20160311,41.013,41.371,40.837,41.293,165761,0
20160314,41.11,41.236,40.886,40.963,19322,0
20160315,40.253,40.584,40.176,40.399,115463,0
20160316,40.302,41.187,40.025,41.187,119501,0
20160317,41.654,42.063,41.527,41.79,17478,0
20160318,42.354,42.414,41.899,41.899,39688,0
20160321,42.337,42.337,42.016,42.309,71106,0
20160322,42.058,42.397,41.988,42.192,37326,0
20160323,41.978,41.978,41.49,41.519,12191,0
20160324,41.13,41.49,41.111,41.354,21440,0
20160328,41.782,41.782,41.383,41.452,26184,0
20160329,41.276,42.094,41.276,41.792,17862,0
20160330,42.61,42.795,42.241,42.241,4652,0
20160331,42.795,42.795,42.279,42.279,9223,0
20160401,42.065,42.523,41.686,42.523,180788,0
20160404,42.493,42.562,41.988,42.094,33541,0
20160405,41.676,41.676,41.334,41.344,13697,0
20160406,43.167,43.167,41.383,41.801,13204,0
20160407,41.315,41.461,40.974,41.051,7339,0
20160408,41.763,41.968,41.686,41.686,11935,0
20160411,42.601,42.679,42.221,42.221,98071,0
20160412,42.534,43.097,42.523,42.855,7230,0
20160413,43.643,43.779,43.292,43.683,8504,0
20160414,43.399,43.712,43.399,43.477,23701,0
20160415,43.468,43.468,43.321,43.371,19513,0
20160418,43.341,43.848,43.195,43.526,164052,0
20160419,43.789,44.169,43.739,43.896,26749,0
20160420,43.974,44.15,43.643,43.789,37576,0
20160421,43.739,43.739,43.312,43.455,17353,0
20160422,43.595,43.595,43.175,43.526,7675,0
20160425,43.419,43.419,42.99,43.049,39832,0
20160426,43.282,43.516,43.087,43.341,81254,0
20160427,43.263,43.613,42.825,43.56,52221,0
20160428,43.243,43.703,43.107,43.127,70378,0
20160429,43.049,43.137,42.689,42.922,106453,0
20160502,43.087,43.238,42.795,42.98,29564,0
20160503,42.367,42.367,41.871,41.871,68428,0
20160504,41.607,41.772,41.325,41.354,152372,0
20160505,41.539,41.745,41.334,41.354,56190,0
20160506,41.472,41.617,41.29,41.51,39369,0
20160509,41.403,41.462,41.051,41.051,42018,0
20160510,41.443,41.636,41.266,41.636,46757,0
20160511,41.745,41.861,41.554,41.636,32469,0
20160512,41.9,41.939,41.334,41.559,7021,0
20160513,41.413,41.443,40.936,40.984,89961,0
20160516,41.169,41.575,41.101,41.466,22396,0
20160517,41.208,41.276,40.887,41.033,39660,0
20160518,40.77,41.159,40.53,40.555,21271,0
20160519,40.204,40.419,40.068,40.381,56433,0
20160520,40.35,41.081,40.331,40.692,75505,0
20160523,40.41,40.784,40.41,40.487,73320,0
20160524,40.857,40.994,40.751,40.847,6896,0
20160525,41.305,41.472,41.121,41.238,66492,0
20160526,41.598,41.598,41.344,41.529,36617,0
20160527,41.579,41.579,41.315,41.403,7007,0
20160531,41.549,41.579,41.295,41.432,39212,0
20160601,41.433,41.646,41.315,41.443,26858,0
20160602,41.598,41.871,41.598,41.763,5332,0
20160603,42.178,42.474,42.026,42.327,10170,0
20160606,42.367,42.952,42.367,42.755,14201,0
20160607,43.243,43.321,43.167,43.175,3084,0
20160608,43.595,43.595,43.429,43.487,17531,0
20160609,43.331,43.331,43.087,43.137,7618,0
20160610,42.581,42.581,42.202,42.289,48971,0
20160613,41.948,41.958,41.617,41.617,6525,0
20160614,41.821,41.821,41.266,41.51,5889,0
20160615,41.919,42.112,41.851,41.851,15937,0
20160616,41.539,41.856,41.45,41.715,22394,0
20160617,41.938,41.938,41.452,41.686,24322,0
20160620,42.486,42.702,42.428,42.535,4581,0
20160621,42.594,42.839,42.495,42.672,15564,0
20160622,43.073,43.113,42.882,42.889,11942,0
20160623,43.348,43.652,43.299,43.652,10911,0
20160624,42.652,42.652,41.584,41.584,19671,0
20160627,41.285,41.378,40.771,40.977,12646,0
20160628,42.094,42.192,41.889,42.133,7221,0
20160629,42.937,43.034,42.839,42.907,3975,0
20160630,42.995,43.407,42.995,43.396,16721,0
20160701,43.622,43.711,43.594,43.672,4995,0
20160705,43.221,43.221,42.966,43.019,21848,0
20160706,42.418,42.947,42.388,42.839,7300,0
20160707,43.015,43.163,42.722,42.722,8993,0
20160708,43.378,43.702,43.378,43.524,21497,0
20160711,43.887,43.985,43.789,43.985,4039,0
20160712,44.328,44.544,44.269,44.357,6540,0
20160713,44.367,44.504,44.239,44.397,7899,0
20160714,44.876,45.065,44.546,44.994,3686,0
20160715,44.945,44.965,44.583,44.858,18677,0
20160718,44.818,45.043,44.818,45.043,12548,0
20160719,44.945,44.955,44.642,44.854,60748,0
20160720,44.906,45.004,44.848,45.004,4108,0
20160721,45.083,45.142,44.798,44.931,8468,0
20160722,44.926,45.249,44.896,45.249,10996,0
20160725,44.855,44.916,44.759,44.759,26475,0
20160726,45.199,45.2,44.975,45.112,12209,0
20160727,45.298,45.327,44.936,45.269,17763,0
20160728,45.269,45.464,45.102,45.337,22404,0
20160729,45.563,45.671,45.533,45.582,3803,0
20160801,46.033,46.033,45.523,45.523,7199,0
20160802,45.7,45.7,45.219,45.347,22667,0
20160803,45.259,45.71,45.259,45.543,17955,0
20160804,45.818,46.042,45.71,45.875,63671,0
20160805,46.102,46.464,46.102,46.278,7702,0
20160808,46.533,46.67,46.523,46.523,12416,0
20160809,46.797,47.147,46.797,46.964,14762,0
20160810,47.149,47.149,46.832,46.856,4475,0
20160811,47.218,47.443,47.13,47.287,14369,0
20160812,47.307,47.381,47.106,47.106,3719,0
20160815,47.542,47.807,47.542,47.659,9805,0
20160816,47.4,47.654,47.287,47.503,14848,0
20160817,47.072,47.218,46.357,47.042,30813,0
20160818,47.532,47.556,47.336,47.443,6780,0
20160819,47.045,47.346,46.954,47.346,60481,0
20160822,46.984,46.984,46.723,46.768,2422,0
20160823,47.102,47.102,46.718,46.718,5638,0
20160824,46.738,46.797,46.543,46.591,10719,0
20160825,46.651,46.856,46.635,46.66,1749,0
20160826,46.768,47.199,46.319,46.572,81322,0
20160829,46.66,46.886,46.66,46.807,3028,0
20160830,46.856,46.856,46.553,46.689,8243,0
20160831,46.641,46.641,46.209,46.434,10868,0
20160901,46.229,46.581,46.229,46.581,7666,0
20160902,47.209,47.273,46.954,47.169,18852,0
20160906,47.621,48.12,47.621,48.071,7168,0
20160907,48.267,48.267,46.959,47.992,7665,0
20160908,48.139,48.139,47.875,47.884,9849,0
20160909,47.268,47.268,46.621,46.621,11749,0
20160912,46.229,47.248,46.229,46.934,12640,0
20160913,46.347,46.347,45.651,45.728,17914,0
20160914,46.062,46.297,45.837,45.974,46354,0
20160915,46.132,46.797,46.132,46.657,10227,0
20160916,46.278,46.473,46.189,46.424,8583,0
20160919,46.976,47.045,46.707,46.748,6789,0
20160920,47.101,47.105,46.881,47.105,6619,0
20160921,47.143,48.104,47.143,47.866,9630,0
20160922,48.232,48.232,47.913,48.094,5104,0
20160923,47.678,47.965,47.49,47.707,13525,0
20160926,47.282,47.391,46.976,47.125,9142,0
20160927,47.352,47.638,47.17,47.569,6304,0
20160928,47.619,47.876,47.292,47.876,18789,0
20160929,47.757,47.807,46.986,47.401,13013,0
20160930,47.292,47.615,47.292,47.615,4025,0
20161003,47.493,47.836,47.342,47.648,10599,0
20161004,47.613,47.732,47.223,47.44,3049,0
20161005,47.52,47.876,47.49,47.876,2656,0
20161006,47.678,47.891,47.678,47.891,556,0
20161007,48.054,48.054,47.579,47.774,14437,0
20161010,48.074,48.123,47.767,47.767,4846,0
20161011,47.362,47.362,46.857,46.867,31088,0
20161012,46.887,47.173,46.748,47.075,5687,0
20161013,46.363,46.857,46.363,46.818,2232,0
20161014,47.067,47.085,46.778,46.871,3154,0
20161017,46.6,47.025,46.6,46.946,9744,0
20161018,47.49,47.846,47.446,47.797,31672,0
20161019,47.935,48.084,47.862,48.054,6663,0
20161020,47.747,47.817,47.5,47.767,9097,0
20161021,47.658,47.727,47.46,47.47,9782,0
20161024,47.873,47.885,47.747,47.836,10117,0
20161025,47.767,47.913,47.767,47.877,3272,0
20161026,47.629,47.629,47.47,47.54,5840,0
20161027,47.414,47.44,47.263,47.362,3790,0
20161028,47.265,47.368,46.947,47.075,7209,0
20161031,47.41,47.41,47.163,47.322,6939,0
20161101,47.105,47.282,46.709,46.946,34081,0
20161102,46.847,46.916,46.511,46.79,9093,0
20161103,46.669,46.838,46.274,46.274,4266,0
20161104,46.056,46.393,45.95,45.95,10883,0
20161107,46.471,47.312,46.471,47.025,7602,0
20161108,47.302,47.599,47.302,47.599,3065,0
20161109,46.65,47.163,46.65,46.808,23825,0
20161110,46.373,46.373,45.522,45.542,11714,0
20161111,44.948,45.314,44.74,45.027,11943,0
20161114,44.78,45.392,44.543,44.601,9710,0
20161115,44.939,45.424,44.699,45.424,3783,0
20161116,44.82,45.166,44.82,45.166,11360,0
20161117,45.097,45.107,44.889,44.899,4299,0
20161118,44.894,45.017,44.84,44.958,18647,0
20161121,44.998,45.334,44.81,45.334,44337,0
20161122,45.424,45.661,45.374,45.661,5965,0
20161123,45.137,45.414,45.137,45.304,4862,0
20161125,45.661,45.68,45.354,45.404,9980,0
20161128,45.502,45.829,45.502,45.764,12727,0
20161129,45.294,45.729,45.285,45.517,11868,0
20161130,45.839,45.839,45.522,45.739,19168,0
20161201,45.57,45.719,45.422,45.601,22507,0
20161202,45.68,45.789,45.562,45.562,28124,0
20161205,45.572,45.651,45.442,45.651,3628,0
20161206,45.849,46.086,45.749,46.086,24356,0
20161207,46.323,46.738,46.283,46.738,53306,0
20161208,46.283,46.748,46.274,46.64,36818,0
20161209,46.354,46.61,46.264,46.393,6486,0
20161212,46.194,46.293,46.042,46.086,15667,0
20161213,46.669,46.669,46.313,46.575,21155,0
20161214,46.214,46.343,45.68,45.68,6696,0
20161215,45.502,45.789,45.502,45.749,16824,0
20161216,45.512,45.769,45.299,45.324,21743,0
20161219,45.456,45.482,45.195,45.294,25002,0
20161220,45.215,45.462,45.037,45.205,55225,0
20161221,45.077,45.235,45.017,45.067,33531,0
20161222,44.956,44.976,44.538,44.578,50804,0
20161223,44.618,44.956,44.618,44.809,39120,0
20161227,45.076,45.255,44.927,44.927,53644,0
20161228,45.235,45.235,44.897,45.046,114580,0
20161229,45.644,45.952,45.425,45.952,96380,0
20161230,46.002,46.002,45.624,45.783,33023,0
20170103,46.052,46.391,46.032,46.211,36545,0
20170104,46.679,46.809,46.49,46.65,27077,0
20170105,46.57,47.118,46.57,47.01,21116,0
20170106,46.789,46.978,46.749,46.849,10206,0
20170109,46.689,46.928,46.657,46.759,28790,0
20170110,47.058,47.307,46.948,46.948,19372,0
20170111,47.098,47.396,46.958,47.396,5302,0
20170112,47.606,47.715,47.518,47.695,3977,0
20170113,47.546,47.894,47.516,47.845,77528,0
20170117,47.546,48.014,47.546,47.63,18346,0
20170118,47.795,47.795,47.496,47.526,26088,0
20170119,47.396,47.596,47.242,47.387,19452,0
20170120,47.526,47.635,47.367,47.506,28004,0
20170123,47.914,48.074,47.763,48.074,7352,0
20170124,48.412,48.651,48.372,48.432,68133,0
20170125,48.579,48.686,48.527,48.681,39199,0
20170126,48.442,48.651,48.432,48.56,17791,0
20170127,48.771,48.831,48.482,48.651,17160,0
20170130,48.602,48.636,48.203,48.402,14114,0
20170131,48.612,48.691,48.183,48.599,71061,0
20170201,49.249,49.269,48.731,48.791,15486,0
20170202,48.711,48.94,48.641,48.89,31454,0
20170203,48.959,49.279,48.959,49.09,24745,0
20170206,49.159,49.239,48.942,49.149,25946,0
20170207,48.87,49.119,48.87,48.91,39708,0
20170208,48.94,49.398,48.94,49.398,32841,0
20170209,49.707,49.745,49.508,49.568,15420,0
20170210,49.368,49.807,49.368,49.677,19170,0
20170213,59.885,59.885,49.568,49.996,24903,0
20170214,49.886,50.068,49.548,49.974,22818,0
20170215,50.215,50.464,49.707,50.414,22954,0
20170216,50.183,50.444,50.026,50.095,19557,0
20170217,49.842,49.986,49.687,49.717,26006,0
20170221,50.205,50.339,50.016,50.235,43352,0
20170222,50.484,50.553,50.285,50.398,10750,0
20170223,50.734,50.827,50.514,50.643,27032,0
20170224,50.195,50.344,50.095,50.125,10065,0
20170227,50.245,50.305,49.996,50.036,6867,0
20170228,50.195,50.205,49.846,49.896,45957,0
20170301,50.235,50.872,50.235,50.504,20187,0
20170302,50.076,50.414,49.767,49.767,19104,0
20170303,49.926,50.265,49.878,50.125,6934,0
20170306,50.076,50.175,49.926,50.006,25927,0
20170307,49.797,50.315,49.797,50.205,17420,0
20170308,50.135,50.2,49.817,49.856,36233,0
20170309,49.488,49.667,49.179,49.319,38179,0
20170310,49.548,49.827,49.548,49.817,98429,0
20170313,50.454,50.484,50.255,50.484,15190,0
20170314,50.334,50.494,50.156,50.255,66066,0
20170315,50.504,51.589,50.411,51.52,89870,0
20170316,51.898,51.898,51.572,51.649,72726,0
20170317,51.689,51.808,51.4,51.46,75590,0
20170320,52.087,52.177,51.948,52.107,28561,0
20170321,52.087,52.346,51.53,51.53,96380,0
20170322,51.779,52.018,51.53,51.868,47905,0
20170323,51.739,51.938,51.699,51.719,44237,0
20170324,51.868,51.998,51.739,51.968,39791,0
20170327,51.988,51.988,51.343,51.659,87579,0
20170328,51.46,51.848,51.46,51.709,18222,0
20170329,51.729,51.858,51.574,51.796,29897,0
20170330,51.589,51.818,51.589,51.629,39228,0
20170331,51.54,51.559,51.313,51.416,46586,0
20170403,52.705,52.705,51.241,51.699,44671,0
20170404,51.547,51.769,51.505,51.679,13175,0
20170405,52.018,52.067,51.41,51.589,20691,0
20170406,51.609,51.719,51.471,51.55,16064,0
20170407,51.55,51.689,51.424,51.424,31264,0
20170410,51.4,51.4,51.081,51.211,44113,0
20170411,51.241,51.241,50.743,51.047,49401,0
20170412,51.042,51.36,51.042,51.36,19206,0
20170413,51.589,51.619,51.061,51.061,14461,0
20170417,51.609,51.784,51.53,51.629,42286,0
20170418,51.281,51.281,50.946,50.952,10095,0
20170419,50.902,51.012,50.593,50.603,16653,0
20170420,51.032,51.231,50.982,51.101,24577,0
20170421,51.37,51.37,50.98,51.221,30165,0
20170424,50.743,51.733,50.743,51.619,6194,0
20170425,52.187,52.296,52.137,52.247,54249,0
20170426,52.107,52.177,51.928,51.928,40974,0
20170427,52.117,52.117,51.779,51.868,38176,0
20170428,51.958,52.057,51.798,52.057,10408,0
20170501,52.157,52.306,52.117,52.207,20813,0
20170502,52.396,52.526,52.356,52.516,9813,0
20170503,52.336,52.396,52.096,52.197,46898,0
20170504,51.988,52.038,51.735,51.749,39324,0
20170505,51.689,52.038,51.689,51.998,33635,0
20170508,51.873,52.038,51.859,51.968,14196,0
20170509,52.267,52.341,52.14,52.316,18347,0
20170510,52.535,52.629,52.416,52.535,8498,0
20170511,52.526,52.665,52.361,52.665,13108,0
20170512,52.715,52.944,52.436,52.934,28239,0
20170515,53.063,53.312,53.063,53.312,22456,0
20170516,53.253,53.392,53.226,53.382,14940,0
20170517,52.794,53.054,52.545,52.545,25851,0
20170518,51.649,52.207,51.649,51.769,20924,0
20170519,52.299,52.775,52.299,52.655,18160,0
20170522,52.535,52.824,52.535,52.725,15881,0
20170523,52.526,52.615,52.428,52.595,7615,0
20170524,52.685,52.804,52.575,52.794,23369,0
20170525,53.223,53.223,52.949,53.053,11286,0
20170526,53.183,53.282,53.163,53.253,5850,0
20170530,52.994,53.177,52.994,53.149,3799,0
20170531,53.093,53.143,52.864,52.894,29547,0
20170601,53.014,53.263,53.014,53.253,12044,0
20170602,53.691,53.691,53.518,53.621,9054,0
20170605,54.507,54.507,53.402,53.482,14623,0
20170606,53.596,53.751,53.589,53.601,10033,0
20170607,54.946,54.946,53.322,53.441,10135,0
20170608,53.591,53.691,53.492,53.651,10971,0
20170609,53.641,53.751,53.173,53.332,31436,0
20170612,53.472,53.472,53.043,53.113,13294,0
20170613,53.113,53.541,53.113,53.541,7889,0
20170614,53.77,53.93,53.482,53.482,17413,0
20170615,52.745,53.013,52.735,52.794,21738,0
20170616,52.794,53.113,52.794,52.934,18165,0
20170619,53.48,53.66,53.296,53.45,21720,0
20170620,53.06,53.06,52.45,52.45,55963,0
20170621,52.85,53.06,52.47,52.84,42729,0
20170622,52.98,53.22,52.98,53.06,15035,0
20170623,52.89,53.32,52.89,53.23,7434,0
20170626,53.55,53.78,53.42,53.42,27430,0
20170627,53.4,53.5881,53.12,53.12,19685,0
20170628,53.64,53.64,53.22,53.489,18592,0
20170629,53.85,53.85,52.7,52.95,11833,0
20170630,53.28,53.48,53.28,53.4,25419,0
20170703,53.56,53.6227,53.4,53.4324,5406,0
20170705,53.25,53.41,53.08,53.41,11237,0
20170706,53.39,53.39,53,53,8595,0
20170707,53.3423,53.3423,53.01,53.2299,52083,0
20170710,53.27,53.55,53.27,53.46,11716,0
20170711,53.641,53.77,53.5406,53.74,5858,0
20170712,54.03,54.73,54.03,54.63,38104,0
20170713,54.7351,54.92,54.63,54.9,13259,0
20170714,55.19,55.5799,55.19,55.53,32446,0
20170717,55.21,55.39,55.13,55.13,11584,0
20170718,55.3199,55.3754,55.1978,55.3754,22943,0
20170719,55.73,55.81,55.61,55.68,17488,0
20170720,55.82,55.86,55.696,55.79,91991,0
20170721,55.7299,55.7799,55.48,55.48,26852,0
20170724,55.46,55.91,55.46,55.75,91040,0
20170725,55.88,55.88,55.55,55.55,318006,0
20170726,55.74,55.9949,55.6366,55.98,17528,0
20170727,56.12,56.14,55.6328,55.79,30055,0
20170728,55.46,55.69,55.46,55.57,72469,0
20170731,55.6222,55.79,55.6222,55.72,66295,0
20170801,55.99,56.05,55.89,55.99,21507,0
