Date,Open,High,Low,Close,Volume,OpenInt
20161212,26.6,26.94,25.46,25.6,2419240,0
20161213,25.59,26.34,25.45,25.8,2587171,0
20161214,25.8,26.14,25.54,25.72,1547672,0
20161215,25.57,26.24,24.95,24.95,913363,0
20161216,25.08,25.75,24.91,25.61,919606,0
20161219,25.51,26.18,25.36,25.86,796520,0
20161220,26,26.21,25.45,25.48,833508,0
20161221,25.31,25.82,25.3,25.46,531298,0
20161222,25.29,25.78,25.17,25.66,376610,0
20161223,25.66,25.9,25.47,25.73,223438,0
20161227,25.9,25.9,25.52,25.79,394271,0
20161228,25.73,25.82,24.96,25.22,1176526,0
20161229,25.1,25.33,24.82,25.02,586108,0
20161230,24.97,25.28,24.46,24.54,824725,0
20170103,24.41,24.87,23.93,24.4,1759154,0
20170104,24.35,25.13,24.29,25.03,1350542,0
20170105,24.6,25.68,24.6,25.65,1351589,0
20170106,25.6,26.22,25.51,25.87,1297514,0
20170109,25.72,26.27,25.35,26.01,1187789,0
20170110,25.91,26.42,25.8514,26.2,818043,0
20170111,26.39,26.76,26.1,26.41,712358,0
20170112,26.27,26.45,26.09,26.18,702218,0
20170113,26.29,26.57,26.18,26.36,534122,0
20170117,26.45,26.59,26.04,26.2,643084,0
20170118,26.14,26.59,26,26.11,983488,0
20170119,25.85,26.22,25.83,25.94,575047,0
20170120,25.76,26.07,25.65,26.01,704528,0
20170123,25.8,26.29,25.75,26.03,792038,0
20170124,25.87,26.66,25.83,26.59,580262,0
20170125,26.55,26.9,26.42,26.73,437252,0
20170126,26.58,27.06,26.561,27.05,365686,0
20170127,27.1,27.14,26.69,26.76,606526,0
20170130,26.76,26.84,26.51,26.65,747710,0
20170131,26.6,26.98,26.41,26.79,654790,0
20170201,26.84,26.89,26.39,26.65,675995,0
20170202,26.69,26.69,26.43,26.6,385699,0
20170203,26.5,26.68,26.38,26.62,327518,0
20170206,26.45,26.56,26.14,26.54,388914,0
20170207,26.43,26.71,26.32,26.36,607437,0
20170208,26.12,26.2836,25.905,25.98,763521,0
20170209,25.65,26.39,25.51,26.27,650807,0
20170210,26.2,26.725,26.2,26.64,296624,0
20170213,26.14,26.83,25.87,26.5,566099,0
20170214,26.28,26.54,26.11,26.35,378917,0
20170215,26.23,26.55,26.13,26.28,679752,0
20170216,26.2,26.485,25.89,26.09,665131,0
20170217,25.95,26.22,25.68,25.81,248101,0
20170221,25.68,26.285,25.56,25.72,450163,0
20170222,25.59,25.76,25.54,25.68,283846,0
20170223,25.55,25.75,25.19,25.35,431512,0
20170224,25.11,25.32,24.99,25.16,303054,0
20170227,24.88,25.27,24.77,25.03,628514,0
20170228,24.99,25.12,24.9,24.98,951729,0
20170301,25.11,25.5,24.96,25.34,914438,0
20170302,25.25,25.39,24.69,24.72,381257,0
20170303,24.74,25.01,24.63,24.82,358780,0
20170306,24.83,24.88,24.48,24.64,412507,0
20170307,24.7,24.75,24.26,24.31,456362,0
20170308,24.13,24.69,24.13,24.44,468847,0
20170309,24.28,24.5,24.06,24.45,396908,0
20170310,24.6,24.78,24.12,24.18,408166,0
20170313,24.31,24.4,23.91,24.01,275733,0
20170314,23.86,23.93,23.68,23.73,281046,0
20170315,23.79,23.92,23.23,23.63,382007,0
20170316,23.74,23.9,23.54,23.7,274743,0
20170317,23.65,23.94,23.61,23.68,1037488,0
20170320,23.21,23.61,22.87,23.5,373012,0
20170321,23.6,23.65,22.72,22.98,606967,0
20170322,22.87,23.31,22.7401,23.2,352493,0
20170323,23.06,24.23,23.06,23.33,639277,0
20170324,23.44,24.14,23.24,23.93,815946,0
20170327,23.66,24.78,23.57,24.71,1240263,0
20170328,24.5,24.75,24.36,24.51,486451,0
20170329,24.52,24.85,24.49,24.63,370905,0
20170330,24.48,24.68,24.37,24.53,223832,0
20170331,24.52,24.62,24.28,24.38,379200,0
20170403,24.32,24.4375,24.01,24.3,690652,0
20170404,24.29,24.49,24.04,24.31,423383,0
20170405,24.28,24.48,23.69,23.75,439842,0
20170406,23.74,23.7953,23.15,23.23,351011,0
20170407,23.17,23.31,22.855,23.28,984546,0
20170410,23.12,23.31,23.02,23.16,527892,0
20170411,22.97,23.51,22.97,23.2,486029,0
20170412,23.26,23.42,23.11,23.28,243835,0
20170413,23.14,23.63,23.14,23.32,407174,0
20170417,23.28,23.58,23.18,23.54,400571,0
20170418,23.56,23.76,23.48,23.63,298706,0
20170419,23.82,23.91,23.69,23.73,261112,0
20170420,23.77,24.07,23.7,23.89,498183,0
20170421,23.82,24.16,23.81,23.9,347320,0
20170424,24.11,24.11,23.67,23.78,225719,0
20170425,23.88,24.2,23.7416,23.98,345425,0
20170426,24.22,24.2299,23.94,24.13,383919,0
20170427,24.18,24.385,23.96,24,478015,0
20170428,23.89,23.99,23.5,23.85,513392,0
20170501,23.97,24.09,23.66,23.83,462765,0
20170502,23.85,23.93,23.36,23.55,623316,0
20170503,23.43,23.43,22.85,22.89,742318,0
20170504,22.9,23.06,22.59,23.03,668711,0
20170505,23.01,23.1647,22.75,22.85,657285,0
20170508,22.85,22.97,22.68,22.85,557324,0
20170509,22.87,23.06,22.73,23.01,301461,0
20170510,22.95,23.42,22.72,23.37,547460,0
20170511,23.24,23.58,22.96,23.34,336953,0
20170512,23.24,23.77,23.24,23.72,528394,0
20170515,23.88,24.15,23.56,23.65,407716,0
20170516,23.59,23.73,23.27,23.29,192036,0
20170517,23,23.05,22.53,22.6,305534,0
20170518,22.51,22.82,22.5,22.72,251445,0
20170519,22.68,23.4699,22.68,23.38,492536,0
20170522,23.3,24.0099,23.3,23.82,382731,0
20170523,23.83,23.86,23.22,23.45,397524,0
20170524,23.32,23.54,23,23.14,592293,0
20170525,23.22,23.58,23,23.45,496955,0
20170526,23.77,25.75,23.77,25.56,885497,0
20170530,25.41,25.56,24.74,25.22,589507,0
20170531,25.09,25.37,24.59,25.29,941947,0
20170601,25.05,26.06,25.03,26.03,489652,0
20170602,26.25,26.35,25.9,25.96,629587,0
20170605,25.84,25.95,25.52,25.53,228911,0
20170606,25.33,25.53,25.258,25.47,213008,0
20170607,25.49,25.95,25.09,25.09,272523,0
20170608,24.96,25,24.42,24.47,315650,0
20170609,24.39,24.7469,24.26,24.57,1397289,0
20170612,24.38,25.24,24.38,24.9,516079,0
20170613,24.89,25.17,24.87,24.91,480426,0
20170614,24.91,25.04,24.82,24.9,437565,0
20170615,24.75,25.015,24.73,24.92,429304,0
20170616,24.87,25.05,24.82,25.05,711870,0
20170619,25.04,25.48,24.98,25.27,606061,0
20170620,25.21,25.32,24.625,24.79,344839,0
20170621,24.8,25.29,24.69,25.06,237470,0
20170622,25.14,25.15,24.72,25.04,219936,0
20170623,25.06,25.42,24.88,25.38,755266,0
20170626,25.4,26.39,25.23,26.29,266468,0
20170627,26.29,26.37,25.76,26.26,283135,0
20170628,26.48,26.88,26.24,26.68,453009,0
20170629,26.73,27.14,26.21,26.54,433399,0
20170630,26.58,26.58,26.19,26.28,452318,0
20170703,26.46,26.6,26.18,26.25,119300,0
20170705,26.19,26.23,25.78,25.91,178494,0
20170706,25.7,25.98,25.61,25.77,274173,0
20170707,25.93,26.13,25.51,25.95,211463,0
20170710,25.88,26.13,25.72,25.9,213845,0
20170711,26.01,26.23,25.63,26.05,204645,0
20170712,26.04,26.07,25.68,26,231772,0
20170713,26.03,26.47,25.98,26.32,281192,0
20170714,26.44,26.73,26.38,26.66,123918,0
20170717,26.55,26.701,26.44,26.45,320177,0
20170718,26.54,27,26.35,26.81,358203,0
20170719,27,27.75,27,27.53,617451,0
20170720,27.53,27.77,27.35,27.56,282991,0
20170721,27.6,27.83,27.36,27.56,451435,0
20170724,27.5,27.9,27.43,27.77,427277,0
20170725,27.83,27.94,27.61,27.62,234062,0
20170726,27.78,27.95,27.43,27.7,436348,0
20170727,27.64,28.21,27.63,27.83,377295,0
20170728,27.73,28.06,27.7,28.01,559790,0
20170731,27.9,28.192,27.34,27.51,125838,0
20170801,27.51,27.96,27.31,27.49,263939,0
