Date,Open,High,Low,Close,Volume,OpenInt
20140925,24.591,24.63,24.542,24.572,519155,0
20140926,24.503,24.542,24.395,24.464,978040,0
20140929,24.444,24.483,24.346,24.444,1071427,0
20140930,24.444,24.581,24.444,24.562,671673,0
20141001,24.572,24.591,24.483,24.523,1591994,0
20141002,24.532,24.552,24.464,24.542,524598,0
20141003,24.591,24.719,24.591,24.719,896670,0
20141006,24.709,24.728,24.63,24.728,290637,0
20141007,24.689,24.865,24.64,24.836,1827838,0
20141008,24.836,24.934,24.836,24.914,788351,0
20141009,24.865,24.895,24.758,24.807,1077484,0
20141010,24.816,24.816,24.679,24.738,95469,0
20141013,24.748,24.787,24.689,24.738,147231,0
20141014,24.748,24.797,24.738,24.797,91191,0
20141015,24.699,24.738,24.562,24.699,467799,0
20141016,24.601,24.728,24.532,24.679,259884,0
20141017,24.738,24.777,24.63,24.777,3160537,0
20141020,24.699,24.768,24.64,24.67,514256,0
20141021,24.67,24.719,24.66,24.67,269812,0
20141022,24.689,24.719,24.65,24.65,297353,0
20141023,24.689,24.719,24.65,24.67,129902,0
20141024,24.709,24.738,24.699,24.709,108258,0
20141027,24.719,24.719,24.65,24.679,156565,0
20141028,24.65,24.689,24.63,24.65,88956,0
20141029,24.689,24.728,24.65,24.719,536166,0
20141030,24.728,24.748,24.699,24.709,83625,0
20141031,24.758,24.807,24.679,24.699,240393,0
20141103,24.728,24.758,24.679,24.738,276206,0
20141104,24.748,24.836,24.738,24.768,470183,0
20141105,24.758,24.836,24.738,24.826,566461,0
20141106,24.846,24.885,24.797,24.816,46474,0
20141107,24.816,24.914,24.807,24.905,129276,0
20141110,24.885,24.924,24.885,24.895,119220,0
20141111,24.885,24.973,24.875,24.963,101059,0
20141112,24.954,25.061,24.934,25.032,763753,0
20141113,25.071,25.081,24.993,25.052,365520,0
20141114,25.042,25.081,25.032,25.071,47800,0
20141117,25.071,25.14,25.052,25.101,187644,0
20141118,25.15,25.15,25.052,25.061,300060,0
20141119,25.061,25.101,25.022,25.022,28421,0
20141120,25.022,25.061,24.963,24.983,660725,0
20141121,25.042,25.061,24.934,25.032,234440,0
20141124,25.061,25.071,24.993,25.052,29732,0
20141125,25.061,25.071,25.022,25.071,160261,0
20141126,25.101,25.159,25.052,25.159,34509,0
20141128,25.159,25.179,25.13,25.179,15489,0
20141201,25.208,25.208,25.071,25.14,58930,0
20141202,25.13,25.13,25.032,25.071,115630,0
20141203,25.12,25.13,24.963,25.052,62391,0
20141204,25.052,25.071,24.944,25.042,44093,0
20141205,25.042,25.071,24.963,25.061,229221,0
20141208,25.003,25.071,24.885,24.983,672754,0
20141209,24.963,25.012,24.885,24.924,141727,0
20141210,24.895,24.954,24.885,24.885,134226,0
20141211,24.983,25.042,24.934,24.993,49798,0
20141212,25.052,25.052,24.905,24.983,21637,0
20141215,25.012,25.032,24.836,24.914,67207,0
20141216,24.865,24.865,24.738,24.777,106221,0
20141217,24.699,24.954,24.699,24.885,95058,0
20141218,24.973,25.012,24.875,24.875,61609,0
20141219,24.914,24.963,24.826,24.895,270249,0
20141222,24.954,24.983,24.914,24.983,30318,0
20141223,24.983,25.052,24.954,25.052,106604,0
20141224,25.032,25.032,24.934,25.012,8539,0
20141226,25.022,25.071,24.963,25.032,70016,0
20141229,25.11,25.21,25.11,25.15,63663,0
20141230,25.21,25.27,25.17,25.17,64008,0
20141231,25.23,25.44,25.2,25.31,52240,0
20150102,25.38,25.49,25.3,25.37,181011,0
20150105,25.41,25.49,25.38,25.42,83192,0
20150106,25.45,25.49,25.38,25.45,592461,0
20150107,25.48,25.55,25.45,25.5,81014,0
20150108,25.52,25.59,25.45,25.56,231387,0
20150109,25.58,25.58,25.5,25.5,39921,0
20150112,25.56,25.6,25.5,25.55,90357,0
20150113,25.57,25.59,25.5,25.52,105051,0
20150114,25.54,25.62,25.46,25.6,262188,0
20150115,25.61,25.75,25.51,25.61,117926,0
20150116,25.66,25.66,25.46,25.46,194983,0
20150120,25.53,25.56,25.42,25.52,143672,0
20150121,25.52,25.58,25.48,25.56,102595,0
20150122,25.6,25.68,25.53,25.53,43180,0
20150123,25.58,25.65,25.57,25.64,89675,0
20150126,25.72,25.72,25.55,25.61,34266,0
20150127,25.62,25.73,25.57,25.65,35318,0
20150128,25.71,25.79,25.62,25.78,371208,0
20150129,25.83,25.92,25.79,25.8,456278,0
20150130,25.89,25.95,25.83,25.91,453269,0
20150202,25.96,26.12,25.93,26.08,154604,0
20150203,26.08,26.14,26.02,26.04,1396096,0
20150204,26.01,26.08,25.95,26,225248,0
20150205,25.93,26.06,25.93,25.95,390042,0
20150206,26,26.04,25.92,25.99,197578,0
20150209,25.99,26.09,25.99,26.04,149584,0
20150210,26.01,26.05,25.93,25.96,233742,0
20150211,25.99,26.04,25.95,25.96,173638,0
20150212,25.99,26.06,25.94,25.99,117787,0
20150213,26,26.06,25.95,25.95,251223,0
20150217,26.04,26.04,25.86,25.9,288947,0
20150218,25.96,25.96,25.75,25.87,233147,0
20150219,25.86,25.89,25.71,25.73,296337,0
20150220,25.9,25.9,25.73,25.78,338874,0
20150223,25.87,25.88,25.75,25.8,384990,0
20150224,25.82,25.95,25.81,25.92,357905,0
20150225,25.94,26.17,25.94,26.14,76191,0
20150226,26.14,26.22,26.07,26.22,59411,0
20150227,26.21,26.29,26.16,26.24,141283,0
20150302,26.25,26.3,26.25,26.25,50413,0
20150303,26.2,26.47,26.2,26.44,289483,0
20150304,26.41,26.44,26.35,26.39,142058,0
20150305,26.42,26.49,26.34,26.34,290738,0
20150306,26.29,26.3,26.12,26.15,66117,0
20150309,26.24,26.25,26.04,26.15,71785,0
20150310,26.19,26.19,26.11,26.19,63739,0
20150311,26.13,26.24,26.13,26.22,56552,0
20150312,26.19,26.21,26.15,26.15,48127,0
20150313,26.2,26.2,26.04,26.06,52773,0
20150316,26.1,26.15,26.07,26.07,135248,0
20150317,26.05,26.12,26.01,26.05,58852,0
20150318,26.14,26.26,26.07,26.23,196574,0
20150319,26.26,26.29,26.22,26.26,26522,0
20150320,26.3,26.41,26.24,26.32,45984,0
20150323,26.44,26.52,26.351,26.41,111947,0
20150324,26.52,26.65,26.499,26.53,108213,0
20150325,26.63,26.63,26.45,26.51,56901,0
20150326,26.56,26.56,26.44,26.52,250922,0
20150327,26.15,26.19,26.02,26.04,177703,0
20150330,26.05,26.1,26.03,26.04,132396,0
20150331,26.04,26.12,26.04,26.04,383704,0
20150401,26.08,26.08,26,26.04,336464,0
20150402,26.04,26.09,26.01,26.08,104898,0
20150406,26.1,26.12,26.04,26.11,407530,0
20150407,26.1,26.17,26.09,26.09,727046,0
20150408,26.12,26.17,26.09,26.13,245469,0
20150409,26.16,26.16,26.12,26.12,147268,0
20150410,26.15,26.15,26.09,26.11,197786,0
20150413,26.13,26.15,26.079,26.08,93916,0
20150414,26.13,26.13,26.05,26.08,53380,0
20150415,26.15,26.2,26.12,26.15,756860,0
20150416,26.19,26.19,26.11,26.14,85255,0
20150417,26.11,26.16,26.07,26.16,55618,0
20150420,26.13,26.18,26.12,26.12,63433,0
20150421,26.16,26.16,26.05,26.11,551335,0
20150422,26.14,26.18,26.05,26.07,346399,0
20150423,26.1,26.17,26.08,26.14,145347,0
20150424,26.18,26.18,26.13,26.15,347258,0
20150427,26.17,26.17,26.14,26.14,93734,0
20150428,26.18,26.26,26.15,26.21,819067,0
20150429,26.17,26.17,26.11,26.12,344865,0
20150430,26.08,26.14,26,26.1,285028,0
20150501,26.12,26.14,25.99,26.03,248212,0
20150504,26.09,26.11,26.05,26.05,169326,0
20150505,26.1,26.1,25.92,26.01,65910,0
20150506,26.01,26.02,25.55,25.78,339753,0
20150507,25.79,25.83,25.66,25.76,474404,0
20150508,25.92,25.96,25.82,25.888,286279,0
20150511,25.94,25.97,25.65,25.68,92749,0
20150512,25.45,25.78,25.45,25.71,318417,0
20150513,25.77,25.93,25.76,25.91,103471,0
20150514,25.91,26.08,25.9,25.99,196708,0
20150515,26.05,26.1,25.99,26.1,186097,0
20150518,26.05,26.05,25.93,25.98,149455,0
20150519,25.95,26.08,25.95,26.06,73683,0
20150520,26.08,26.08,26.01,26.02,47407,0
20150521,26.08,26.15,26.03,26.07,453720,0
20150522,26.08,26.15,26.06,26.11,38078,0
20150526,26.12,26.13,26.08,26.09,57214,0
20150527,26.1,26.14,26.05,26.14,250890,0
20150528,26.13,26.13,26.05,26.08,85646,0
20150529,26.14,26.15,26.08,26.11,148385,0
20150601,26.13,26.14,26.06,26.09,95548,0
20150602,26.06,26.08,25.94,26.049,76129,0
20150603,25.99,26.03,25.91,26,94792,0
20150604,26,26.07,25.99,26.07,48843,0
20150605,26.02,26.07,25.9,26.05,149781,0
20150608,26.06,26.06,25.95,26,55807,0
20150609,25.99,26.02,25.841,25.89,68988,0
20150610,25.86,25.89,25.77,25.83,193412,0
20150611,25.88,25.92,25.79,25.82,242630,0
20150612,25.84,25.86,25.79,25.8,90061,0
20150615,25.85,25.85,25.77,25.77,59160,0
20150616,25.84,25.91,25.78,25.78,109223,0
20150617,25.86,25.86,25.769,25.8,57081,0
20150618,25.85,25.89,25.76,25.8,79733,0
20150619,25.85,25.89,25.83,25.87,81850,0
20150622,25.88,25.88,25.83,25.85,80271,0
20150623,25.82,25.853,25.783,25.85,104235,0
20150624,25.86,25.92,25.79,25.92,716084,0
20150625,25.9,25.96,25.795,25.81,536174,0
20150626,25.45,25.56,25.41,25.54,196313,0
20150629,25.42,25.53,25.42,25.42,93947,0
20150630,25.45,25.5,25.43,25.46,281981,0
20150701,25.5,25.55,25.45,25.52,465769,0
20150702,25.54,25.64,25.54,25.61,82373,0
20150706,25.62,25.62,25.55,25.57,117942,0
20150707,25.6,25.6,25.5,25.5,93388,0
20150708,25.55,25.55,25.45,25.45,68374,0
20150709,25.51,25.55,25.42,25.42,191714,0
20150710,25.47,25.5,25.42,25.48,200991,0
20150713,25.54,25.54,25.444,25.48,115441,0
20150714,25.5,25.54,25.45,25.54,175000,0
20150715,25.54,25.68,25.535,25.65,230604,0
20150716,25.67,25.7,25.6,25.66,617370,0
20150717,25.7,25.75,25.66,25.7,113851,0
20150720,25.75,25.79,25.726,25.78,173176,0
20150721,25.78,25.78,25.7,25.71,258897,0
20150722,25.74,25.74,25.65,25.67,323305,0
20150723,25.7,25.7,25.63,25.66,123835,0
20150724,25.68,25.69,25.62,25.68,76556,0
20150727,25.69,25.69,25.59,25.603,138261,0
20150728,25.63,25.68,25.58,25.63,221666,0
20150729,25.66,25.7,25.59,25.64,159408,0
20150730,25.64,25.68,25.59,25.66,227132,0
20150731,25.68,25.75,25.62,25.75,77404,0
20150803,25.75,25.82,25.72,25.78,95449,0
20150804,25.78,25.8,25.72,25.73,242734,0
20150805,25.76,25.79,25.73,25.73,51419,0
20150806,25.77,25.77,25.7,25.7,452965,0
20150807,25.707,25.77,25.7,25.75,74958,0
20150810,25.77,25.8,25.75,25.76,77239,0
20150811,25.78,25.81,25.73,25.78,88090,0
20150812,25.78,25.79,25.746,25.77,64828,0
20150813,25.78,25.79,25.73,25.73,83650,0
20150814,25.77,25.79,25.73,25.75,217318,0
20150817,25.78,25.8,25.76,25.78,37833,0
20150818,25.8,25.83,25.756,25.78,57326,0
20150819,25.77,25.8,25.75,25.77,49258,0
20150820,25.78,25.78,25.69,25.695,197837,0
20150821,25.74,25.74,25.67,25.7,128523,0
20150824,25.6,25.6,25.26,25.4,159394,0
20150825,25.53,25.58,25.44,25.44,154903,0
20150826,25.57,25.57,25.445,25.5,252596,0
20150827,25.54,25.68,25.54,25.61,87070,0
20150828,25.72,25.74,25.62,25.69,159847,0
20150831,25.74,25.74,25.69,25.72,102081,0
20150901,25.69,25.74,25.62,25.65,540702,0
20150902,25.74,25.74,25.58,25.58,239724,0
20150903,25.68,25.71,25.62,25.64,99300,0
20150904,25.67,25.68,25.627,25.65,172567,0
20150908,25.71,25.71,25.64,25.67,39620,0
20150909,25.62,25.706,25.62,25.66,72866,0
20150910,25.66,25.66,25.62,25.62,75902,0
20150911,25.65,25.68,25.62,25.65,71748,0
20150914,25.68,25.7,25.64,25.64,34050,0
20150915,25.67,25.7,25.627,25.63,84542,0
20150916,25.64,25.67,25.627,25.645,103145,0
20150917,25.69,25.77,25.61,25.69,84183,0
20150918,25.69,25.73,25.66,25.68,201415,0
20150921,25.72,25.81,25.72,25.8,63840,0
20150922,25.77,25.79,25.73,25.75,448961,0
20150923,25.83,25.83,25.74,25.75,220881,0
20150924,25.77,25.79,25.74,25.75,124748,0
20150925,25.79,25.83,25.75,25.82,214152,0
20150928,25.43,25.45,25.34,25.38,75011,0
20150929,25.43,25.45,25.38,25.39,41180,0
20150930,25.44,25.5,25.42,25.44,105801,0
20151001,25.45,25.45,25.37,25.42,296541,0
20151002,25.41,25.45,25.334,25.427,141669,0
20151005,25.43,25.68,25.43,25.61,93575,0
20151006,25.61,25.645,25.58,25.58,57774,0
20151007,25.61,25.66,25.561,25.59,80834,0
20151008,25.62,25.62,25.5,25.58,110767,0
20151009,25.58,25.6,25.55,25.55,32405,0
20151012,25.62,25.63,25.56,25.62,66010,0
20151013,25.63,25.72,25.61,25.7,58012,0
20151014,25.7,25.7,25.6,25.62,83121,0
20151015,25.65,25.78,25.62,25.68,113952,0
20151016,25.7,25.75,25.64,25.7,192497,0
20151019,25.72,25.72,25.549,25.58,276417,0
20151020,25.59,25.64,25.586,25.62,70433,0
20151021,25.71,25.78,25.66,25.78,313779,0
20151022,25.81,25.85,25.75,25.78,137644,0
20151023,25.86,25.91,25.83,25.88,163442,0
20151026,25.94,26.05,25.923,25.93,168766,0
20151027,25.97,26.34,25.954,25.96,87146,0
20151028,26.02,26.05,25.95,25.98,226340,0
20151029,25.98,26,25.92,25.98,144078,0
20151030,25.97,25.97,25.9,25.9,54269,0
20151102,25.97,26.05,25.9,26.02,809774,0
20151103,26.02,26.14,25.993,26.02,116619,0
20151104,26.09,26.15,26.03,26.03,59509,0
20151105,26.1,26.14,26.03,26.14,71618,0
20151106,26.09,26.09,25.94,25.99,108878,0
20151109,25.87,25.9,25.77,25.9,116441,0
20151110,25.9,26.001,25.85,25.95,130336,0
20151111,26.02,26.1,25.973,26.05,18936,0
20151112,26.02,26.14,25.93,26.1,106052,0
20151113,26.12,26.25,26.094,26.15,61347,0
20151116,26.1,26.17,26.087,26.087,48745,0
20151117,26.17,26.24,26.08,26.24,70528,0
20151118,26.24,26.25,26.17,26.2,64565,0
20151119,26.23,26.25,26.14,26.24,39763,0
20151120,26.25,26.27,26.2,26.24,71420,0
20151123,26.27,26.37,26.24,26.26,153624,0
20151124,26.34,26.4,26.28,26.32,113868,0
20151125,26.39,26.45,26.3,26.3,77982,0
20151127,26.42,26.52,26.33,26.4,25122,0
20151130,26.52,26.52,26.33,26.39,132100,0
20151201,26.39,26.53,26.353,26.43,74073,0
20151202,26.5,26.509,26.36,26.36,47514,0
20151203,26.38,26.4,26.28,26.34,100920,0
20151204,26.36,26.391,26.3,26.35,86540,0
20151207,26.36,26.36,26.3,26.32,34578,0
20151208,26.35,26.35,26.28,26.29,125280,0
20151209,26.3,26.35,26.26,26.27,82392,0
20151210,26.31,26.32,26.26,26.27,119041,0
20151211,26.25,26.27,26.17,26.19,100027,0
20151214,26.23,26.23,25.77,25.86,85819,0
20151215,26,26.08,25.88,26.02,128156,0
20151216,26.02,26.17,26.012,26.09,71299,0
20151217,26.16,26.4,26.05,26.34,550694,0
20151218,26.34,26.34,26.2,26.26,125991,0
20151221,26.35,26.35,26.25,26.25,140943,0
20151222,26.3,26.3,26.2,26.23,145891,0
20151223,26.27,26.34,26.24,26.34,181212,0
20151224,26.32,26.44,26.3,26.44,42277,0
20151228,26.44,26.6,26.4,26.5,119832,0
20151229,26.29,26.49,26.246,26.44,189940,0
20151230,26.46,26.64,26.3639,26.61,70118,0
20151231,26.69,26.69,26.54,26.5679,34209,0
20160104,26.41,26.64,26.3766,26.64,300153,0
20160105,26.68,26.8,26.64,26.64,221351,0
20160106,26.53,26.6499,26.41,26.5285,238041,0
20160107,26.43,26.48,26.39,26.4,76224,0
20160108,26.41,26.5799,26.41,26.55,88031,0
20160111,26.55,26.55,26.44,26.48,113627,0
20160112,26.48,26.5031,26.38,26.42,150492,0
20160113,26.48,26.48,26.35,26.39,370527,0
20160114,26.39,26.43,26.23,26.4,87987,0
20160115,26.33,26.37,26.24,26.35,84115,0
20160119,26.34,26.34,26.34,26.34,0,0
20160120,26.04,26.228,25.89,26.05,248273,0
20160121,26.2,26.2,25.91,26.05,209338,0
20160122,26.18,26.18,26.06,26.08,78483,0
20160125,26.14,26.14,25.95,26.01,114306,0
20160126,26.08,26.08,25.959,26.02,102863,0
20160127,26.08,26.08,25.97,26.01,123287,0
20160128,26.14,26.14,25.97,26.02,162393,0
20160129,26.06,26.09,25.99,25.99,293603,0
20160201,26.03,26.03,25.982,26,196928,0
20160202,25.99,26.01,25.97,25.97,103363,0
20160203,26.07,26.08,25.82,25.95,155764,0
20160204,25.97,26,25.9131,25.95,132330,0
20160205,25.98,25.98,25.71,25.88,260529,0
20160208,25.84,25.84,24.953,25.12,250017,0
20160209,25,25,24.34,24.82,318541,0
20160210,25,25.1899,24.77,24.77,336853,0
20160211,24.6,24.6,23.7901,24.31,230312,0
20160212,24.5,24.62,24.31,24.51,151268,0
20160216,24.74,24.99,24.62,24.99,181949,0
20160217,25.11,25.33,25.077,25.16,265169,0
20160218,25.38,25.4,25.22,25.38,107270,0
20160219,25.37,25.4537,25.24,25.3,133373,0
20160222,25.35,25.4499,25.32,25.35,195087,0
20160223,25.43,25.43,25.28,25.41,155423,0
20160224,25.38,25.51,25.2506,25.48,88273,0
20160225,25.5,25.64,25.48,25.64,100241,0
20160226,25.59,25.71,25.59,25.6,92739,0
20160229,25.6,25.68,25.51,25.54,141967,0
20160301,25.61,25.72,25.5773,25.72,131997,0
20160302,25.73,25.79,25.62,25.62,76603,0
20160303,25.62,25.72,25.62,25.63,52798,0
20160304,25.72,25.73,25.63,25.73,46058,0
20160307,25.72,25.73,25.6978,25.71,57624,0
20160308,25.71,25.71,25.56,25.56,85973,0
20160309,25.65,25.7,25.63,25.67,57637,0
20160310,25.68,25.744,25.63,25.72,73795,0
20160311,25.75,25.87,25.73,25.8,109112,0
20160314,25.84,25.86,25.82,25.85,69160,0
20160315,25.84,25.87,25.75,25.78,62659,0
20160316,25.84,25.85,25.77,25.85,92059,0
20160317,25.92,25.92,25.85,25.85,39744,0
20160318,25.91,26.02,25.88,25.92,131192,0
20160321,26.04,26.04,25.87,25.96,112627,0
20160322,25.99,26.18,25.95,26.14,80520,0
20160323,26.16,26.1989,26.127,26.18,74184,0
20160324,26.16,26.21,26.13,26.2,71181,0
20160328,26.24,26.2471,26.21,26.21,101546,0
20160329,25.92,25.92,25.84,25.86,107665,0
20160330,25.95,26,25.91,25.94,73618,0
20160331,26,26.14,25.93,26.07,247452,0
20160401,26.12,26.12,25.84,25.87,139199,0
20160404,25.93,25.93,25.7,25.8,61216,0
20160405,25.81,25.86,25.58,25.75,127179,0
20160406,25.8,25.87,25.76,25.76,53676,0
20160407,25.85,25.865,25.69,25.76,118996,0
20160408,25.85,25.85,25.7697,25.78,72069,0
20160411,25.87,25.87,25.72,25.8,152177,0
20160412,25.79,25.87,25.79,25.8,70161,0
20160413,25.92,25.99,25.81,25.9,213561,0
20160414,25.96,26.08,25.88,26.02,156275,0
20160415,26.07,26.16,25.9948,26.15,91604,0
20160418,26.17,26.2399,26.1,26.19,87444,0
20160419,26.21,26.25,26.18,26.2,80568,0
20160420,26.21,26.29,26.2,26.22,110330,0
20160421,26.3,26.4,26.24,26.26,82869,0
20160422,26.34,26.34,26.24,26.24,74179,0
20160425,26.34,26.34,26.2401,26.28,61413,0
20160426,26.33,26.43,26.28,26.34,104687,0
20160427,26.36,26.38,26.34,26.34,73366,0
20160428,26.34,26.42,26.34,26.36,75505,0
20160429,26.41,26.59,26.4,26.52,107358,0
20160502,26.58,26.77,26.58,26.66,141598,0
20160503,26.63,26.77,26.61,26.74,88014,0
20160504,26.75,26.77,26.68,26.77,186717,0
20160505,26.78,26.84,26.7,26.77,111560,0
20160506,26.76,26.86,26.74,26.74,68891,0
20160509,26.75,26.85,26.75,26.84,124689,0
20160510,26.84,26.93,26.81,26.86,114060,0
20160511,26.93,26.99,26.8499,26.94,158001,0
20160512,27,27.03,26.93,26.93,133424,0
20160513,27,27.02,26.88,26.88,182845,0
20160516,26.88,26.93,26.8401,26.85,215411,0
20160517,26.92,26.97,26.87,26.87,161247,0
20160518,26.94,27,26.7801,26.81,89768,0
20160519,26.8,26.8499,26.67,26.72,145906,0
20160520,26.81,26.86,26.75,26.81,60081,0
20160523,26.89,26.95,26.85,26.85,100258,0
20160524,26.95,26.96,26.81,26.81,168475,0
20160525,26.89,26.93,26.88,26.92,154129,0
20160526,26.99,27.02,26.92,26.98,89057,0
20160527,27.04,27.1,26.99,27.05,47900,0
20160531,27.17,27.25,27.07,27.13,120984,0
20160601,27.22,27.3,27.15,27.22,54174,0
20160602,27.26,27.3,27.15,27.17,219263,0
20160603,27.24,27.43,27.2144,27.4,108483,0
20160606,27.39,27.44,27.3401,27.4,113300,0
20160607,27.42,27.45,27.38,27.42,92190,0
20160608,27.42,27.44,27.3503,27.42,60122,0
20160609,27.35,27.46,27.35,27.38,78833,0
20160610,27.38,27.38,27.21,27.21,112191,0
20160613,27.24,27.29,27.23,27.29,86419,0
20160614,27.29,27.29,27.12,27.12,163444,0
20160615,27.24,27.29,27.14,27.18,43639,0
20160616,27.24,27.24,27.1,27.11,65835,0
20160617,27.19,27.21,27.11,27.16,108307,0
20160620,27.21,27.53,27.1825,27.5,104758,0
20160621,27.57,27.6,27.33,27.48,123336,0
20160622,27.47,27.61,27.44,27.52,56595,0
20160623,27.51,27.64,27.48,27.48,59621,0
20160624,27.23,27.5499,27.01,27.25,180373,0
20160627,27.25,27.31,27.09,27.13,52918,0
20160628,27.01,27.05,26.83,26.98,150830,0
20160629,27.14,27.2574,27.03,27.03,106593,0
20160630,27.11,27.27,27.02,27.05,112641,0
20160701,27.2,27.23,27.08,27.13,82232,0
20160705,27.18,27.18,27.02,27.04,195654,0
20160706,27.13,27.21,26.9973,27.19,70058,0
20160707,27.23,27.38,27.17,27.32,67082,0
20160708,27.4,27.5,27.33,27.37,71310,0
20160711,27.49,27.49,27.41,27.42,69736,0
20160712,27.52,27.57,27.38,27.38,183258,0
20160713,27.47,27.64,27.47,27.5,54713,0
20160714,27.63,27.71,27.5,27.63,312339,0
20160715,27.68,27.99,27.679,27.99,105463,0
20160718,28.04,28.14,27.87,27.94,131892,0
20160719,28,28.09,27.98,28.05,65150,0
20160720,28.07,28.13,27.95,27.98,111765,0
20160721,28.04,28.08,27.92,27.94,70324,0
20160722,28.02,28.02,27.92,27.93,58248,0
20160725,28,28.04,27.91,27.91,96509,0
20160726,27.99,28.0099,27.91,27.91,73222,0
20160727,27.98,28.08,27.95,27.97,66157,0
20160728,28.02,28.14,27.96,27.96,74123,0
20160729,28.03,28.09,27.92,28.01,134095,0
20160801,28.12,28.24,28.06,28.09,46216,0
20160802,28.05,28.06,27.92,27.92,97752,0
20160803,27.95,27.95,27.88,27.88,95354,0
20160804,27.94,28.08,27.929,28.03,59704,0
20160805,28.1,28.14,27.9901,28.09,73017,0
20160808,28.15,28.44,28.0789,28.33,68957,0
20160809,28.42,28.72,28.27,28.31,131042,0
20160810,28.39,28.53,28.321,28.41,122380,0
20160811,28.53,28.53,28.29,28.34,186081,0
20160812,28.44,28.45,28.26,28.32,80365,0
20160815,28.34,28.34,28.2526,28.27,78942,0
20160816,28.28,28.35,28.1435,28.19,139820,0
20160817,28.23,28.2373,28.13,28.15,64088,0
20160818,28.19,28.27,28.16,28.26,389627,0
20160819,28.27,28.27,28.2,28.2,75953,0
20160822,28.25,28.2628,28.21,28.22,284030,0
20160823,28.29,28.42,28.25,28.42,324083,0
20160824,28.41,28.44,28.25,28.38,883950,0
20160825,28.43,28.441,28.39,28.42,37254,0
20160826,28.45,28.54,28.4401,28.51,52592,0
20160829,28.52,28.54,28.25,28.4,1173767,0
20160830,28.5,28.58,28.44,28.45,97938,0
20160831,28.5,28.51,28.44,28.45,86355,0
20160901,28.5,28.54,28.41,28.52,139698,0
20160902,28.54,28.55,28.33,28.3301,239224,0
20160906,28.39,28.42,28.325,28.42,36446,0
20160907,28.44,28.5,28.39,28.47,64441,0
20160908,28.46,28.49,28.41,28.49,39260,0
20160909,28.46,28.46,28.02,28.18,91712,0
20160912,28.13,28.21,27.93,28.21,78095,0
20160913,28.2,28.2,27.8,27.82,67704,0
20160914,27.9,27.9,27.585,27.76,52660,0
20160915,27.79,27.82,27.6,27.6401,58781,0
20160916,27.69,27.69,27.38,27.53,90555,0
20160919,27.6,27.6,27.31,27.48,104385,0
20160920,27.5,27.66,27.38,27.6,58573,0
20160921,27.67,27.95,27.6599,27.94,56572,0
20160922,28.09,28.17,28.0691,28.14,58999,0
20160923,28.23,28.3,28.11,28.26,93716,0
20160926,28.3,28.3,28.18,28.24,32817,0
20160927,28.15,28.45,28.1201,28.32,55248,0
20160928,28.05,28.098,27.95,28.05,43418,0
20160929,28.1,28.1,27.79,27.87,57103,0
20160930,27.87,27.94,27.77,27.87,57280,0
20161003,27.93,27.96,27.8301,27.8301,54311,0
20161004,27.94,27.94,27.76,27.76,54542,0
20161005,27.85,27.87,27.7,27.74,48563,0
20161006,27.73,27.755,27.6,27.65,57025,0
20161007,27.79,27.84,27.68,27.76,34363,0
20161010,27.79,27.79,27.7,27.73,31283,0
20161011,27.74,27.74,27.52,27.6,38161,0
20161012,27.59,27.59,27.18,27.18,97536,0
20161013,27.18,27.23,27,27.19,70467,0
20161014,27.38,27.45,27.2509,27.36,39397,0
20161017,27.48,27.52,27.35,27.42,79637,0
20161018,27.49,27.739,27.46,27.65,115221,0
20161019,27.61,27.83,27.59,27.67,84620,0
20161020,27.63,27.63,27.49,27.57,53639,0
20161021,27.69,27.69,27.44,27.61,123772,0
20161024,27.62,27.76,27.62,27.76,57702,0
20161025,27.65,27.85,27.65,27.85,275431,0
20161026,27.84,27.84,27.72,27.82,23428,0
20161027,27.8,27.8,27.5982,27.65,32823,0
20161028,27.57,27.64,27.5487,27.6,25010,0
20161031,27.63,27.65,27.48,27.6,42621,0
20161101,27.58,27.58,27.44,27.55,93806,0
20161102,27.55,27.55,27.26,27.37,44839,0
20161103,27.31,27.39,27.16,27.3,80972,0
20161104,27.3,27.32,27.205,27.28,76504,0
20161107,27.45,27.53,27.19,27.26,40701,0
20161108,27.33,27.33,27.13,27.29,40690,0
20161109,27.16,27.16,26.74,26.84,52518,0
20161110,26.85,26.85,26.15,26.33,108865,0
20161111,26.26,26.323,25.7718,26.07,83788,0
20161114,26,26,25.53,25.87,113778,0
20161115,25.95,26.4,25.81,26.23,603145,0
20161116,26.31,26.61,26.2784,26.51,93121,0
20161117,26.44,26.64,26.23,26.24,365792,0
20161118,26.27,26.36,25.8,25.93,176099,0
20161121,25.96,26.23,25.96,26.06,69241,0
20161122,26.08,26.3289,26.08,26.31,78657,0
20161123,26.19,26.34,26.12,26.34,61171,0
20161125,26.3,26.3562,26.22,26.26,23235,0
20161128,26.36,26.4,26.29,26.37,70477,0
20161129,26.26,26.35,26.2,26.31,67806,0
20161130,26.25,26.25,26,26.1,140950,0
20161201,26.08,26.08,25.66,25.89,159281,0
20161202,25.85,25.979,25.81,25.81,125265,0
20161205,25.72,25.88,25.72,25.82,93178,0
20161206,25.81,25.8948,25.81,25.89,58251,0
20161207,25.89,26.07,25.89,25.94,95516,0
20161208,25.79,25.93,25.79,25.85,73856,0
20161209,25.85,25.85,25.67,25.85,218499,0
20161212,25.72,25.815,25.6016,25.73,96490,0
20161213,25.81,25.81,25.61,25.68,302176,0
20161214,25.62,25.73,25.6,25.7,135666,0
20161215,25.62,25.81,25.49,25.79,147657,0
20161216,25.79,25.9399,25.7,25.8,145054,0
20161219,25.9,25.9707,25.79,25.95,598047,0
20161220,25.98,26.1,25.9181,26.07,62794,0
20161221,26.03,26.2,25.98,26.2,304108,0
20161222,26.19,26.41,26.12,26.32,65617,0
20161223,26.35,26.42,26.2985,26.35,33776,0
20161227,26.35,26.39,26.18,26.29,64160,0
20161228,25.99,25.99,25.75,25.8,98519,0
20161229,25.82,25.88,25.6701,25.6701,113842,0
20161230,25.67,25.775,25.66,25.73,392999,0
20170103,25.66,25.95,25.66,25.83,155249,0
20170104,25.96,26.064,25.95,26,154604,0
20170105,26.07,26.17,25.8997,26.09,252289,0
20170106,26.03,26.19,25.97,25.97,71085,0
20170109,26.02,26.23,26.02,26.05,225030,0
20170110,26.1,26.28,26.05,26.21,247107,0
20170111,26.19,26.3,26.1599,26.3,139384,0
20170112,26.3,26.37,26.25,26.285,71911,0
20170113,26.35,26.35,26.16,26.19,90519,0
20170117,26.38,26.42,26.2,26.38,100265,0
20170118,26.39,26.4,26.31,26.34,73640,0
20170119,26.32,26.34,26,26.05,95218,0
20170120,26.02,26.1062,25.88,26.1,50835,0
20170123,26.13,26.28,26.1141,26.26,94024,0
20170124,26.22,26.4007,26.1701,26.32,589408,0
20170125,26.28,26.4,26.18,26.29,988202,0
20170126,26.23,26.37,26.23,26.3,325323,0
20170127,26.41,26.5,26.25,26.44,181203,0
20170130,26.44,26.46,26.34,26.41,74739,0
20170131,26.41,26.49,26.35,26.49,494058,0
20170201,26.47,26.66,26.4,26.63,186967,0
20170202,26.54,26.6579,26.54,26.64,82557,0
20170203,26.59,26.82,26.59,26.71,67451,0
20170206,26.78,26.91,26.7406,26.82,72788,0
20170207,26.82,26.93,26.77,26.92,70000,0
20170208,26.93,27.12,26.92,26.9633,73595,0
20170209,26.94,27.073,26.87,26.92,43030,0
20170210,26.8,27.02,26.8,27.01,92963,0
20170213,26.92,27.14,26.92,27.14,58475,0
20170214,27.08,27.28,26.99,27.25,162258,0
20170215,27.17,27.3,27.12,27.25,74512,0
20170216,27.21,27.46,27.21,27.42,72484,0
20170217,27.32,27.4146,27.32,27.38,53699,0
20170221,27.29,27.44,27.27,27.28,44323,0
20170222,27.3,27.39,27.29,27.39,111954,0
20170223,27.39,27.59,27.39,27.54,66693,0
20170224,27.48,27.7,27.48,27.69,56428,0
20170227,27.69,27.84,27.66,27.75,60472,0
20170228,27.75,28.02,27.74,28.02,193710,0
20170301,27.88,27.92,27.76,27.8,201354,0
20170302,27.8,27.88,27.72,27.88,272352,0
20170303,27.84,27.9,27.75,27.89,108801,0
20170306,27.84,27.85,27.67,27.69,85752,0
20170307,27.67,27.75,27.61,27.65,159840,0
20170308,27.47,27.53,27.19,27.22,181364,0
20170309,27.02,27.19,26.73,26.885,61561,0
20170310,26.8,27.11,26.8,27.09,41013,0
20170313,27,27.1411,27,27.09,71503,0
20170314,27.03,27.24,27.03,27.24,81819,0
20170315,27.2,27.386,27.13,27.28,275733,0
20170316,27.35,27.4599,27.32,27.38,64725,0
20170317,27.39,27.52,27.39,27.44,63037,0
20170320,27.42,27.5,27.36,27.38,73004,0
20170321,27.36,27.405,27.34,27.34,162526,0
20170322,27.36,27.54,27.36,27.5,52587,0
20170323,27.55,27.6799,27.55,27.61,64323,0
20170324,27.57,27.67,27.5,27.55,101109,0
20170327,27.51,27.69,27.51,27.69,77735,0
20170328,27.72,27.7386,27.65,27.71,55588,0
20170329,27.32,27.42,27.31,27.41,144497,0
20170330,27.39,27.49,27.31,27.49,159518,0
20170331,27.45,27.66,27.42,27.66,44176,0
20170403,27.57,28.04,27.57,28.04,84009,0
20170404,27.9,28,27.84,27.95,64509,0
20170405,27.93,28.05,27.72,27.72,145440,0
20170406,27.72,27.84,27.65,27.84,141532,0
20170407,27.79,27.81,27.698,27.72,79401,0
20170410,27.7,27.77,27.7,27.74,97639,0
20170411,27.73,27.73,27.6499,27.69,38216,0
20170412,27.68,27.75,27.68,27.71,110762,0
20170413,27.72,27.77,27.64,27.7,97635,0
20170417,27.74,27.87,27.74,27.85,150691,0
20170418,27.79,27.94,27.75,27.81,693358,0
20170419,27.77,27.86,27.77,27.77,38337,0
20170420,27.75,27.8099,27.75,27.77,29786,0
20170421,27.82,27.86,27.74,27.8,37203,0
20170424,27.8,27.87,27.8,27.8,262635,0
20170425,27.8,27.85,27.69,27.7,68089,0
20170426,27.69,27.75,27.67,27.7,32823,0
20170427,27.7,27.8,27.7,27.78,50859,0
20170428,27.75,27.8,27.75,27.77,60022,0
20170501,27.76,27.7999,27.673,27.69,91661,0
20170502,27.66,27.8,27.66,27.8,398512,0
20170503,27.77,27.94,27.76,27.94,124553,0
20170504,27.86,27.9085,27.7893,27.83,42470,0
20170505,27.86,27.92,27.8,27.92,88976,0
20170508,27.82,28.02,27.82,28.02,41548,0
20170509,28,28.05,27.98,27.98,39559,0
20170510,27.91,28.09,27.91,28.09,53233,0
20170511,28.03,28.09,28,28.03,26730,0
20170512,27.98,28.07,27.96,28.05,46019,0
20170515,28.02,28.11,28.01,28.01,34886,0
20170516,28.02,28.12,28,28.12,39896,0
20170517,28.02,28.08,27.97,28,52759,0
20170518,27.96,28.05,27.94,27.95,43040,0
20170519,27.98,28.09,27.97,28.06,49243,0
20170522,28.03,28.15,27.96,28.12,35778,0
20170523,28.16,28.23,28.12,28.21,43578,0
20170524,28.17,28.25,28.11,28.17,82350,0
20170525,28.22,28.22,27.97,28,36591,0
20170526,28.01,28.1,27.86,27.87,60154,0
20170530,27.87,28.139,27.87,28.1,44169,0
20170531,28.03,28.13,28.03,28.08,31009,0
20170601,28.12,28.19,28.04,28.19,31459,0
20170602,28.12,28.29,28.12,28.19,49500,0
20170605,28.26,28.26,28.16,28.21,24332,0
20170606,28.13,28.25,28.13,28.22,17213,0
20170607,28.13,28.21,28.13,28.17,56049,0
20170608,28.19,28.19,28.06,28.19,45663,0
20170609,28.12,28.27,28.12,28.19,43427,0
20170612,28.17,28.22,28.15,28.21,32796,0
20170613,28.15,28.25,28.09,28.14,34029,0
20170614,28.14,28.2501,28.14,28.22,61414,0
20170615,28.18,28.25,28.18,28.22,19823,0
20170616,28.13,28.43,28.13,28.42,42378,0
20170619,28.31,28.51,28.31,28.4799,25999,0
20170620,28.38,28.71,28.38,28.56,46584,0
20170621,28.5,28.72,28.5,28.54,51998,0
20170622,28.67,28.68,28.48,28.53,31075,0
20170623,28.48,28.74,28.48,28.66,22174,0
20170626,28.73,28.73,28.65,28.65,55098,0
20170627,28.74,28.74,28.63,28.67,99997,0
20170628,28.33,28.64,28.26,28.47,309212,0
20170629,28.47,28.48,28.3448,28.42,37035,0
20170630,28.36,28.56,28.36,28.54,30399,0
20170703,28.45,28.66,28.45,28.65,19577,0
20170705,28.5401,28.85,28.5401,28.8,58785,0
20170706,28.66,28.74,28.66,28.68,114405,0
20170707,28.62,28.74,28.585,28.59,53668,0
20170710,28.59,28.66,28.55,28.6,41854,0
20170711,28.55,28.6,28.49,28.5537,28213,0
20170712,28.5,28.57,28.49,28.52,60536,0
20170713,28.6,28.6,28.52,28.55,17501,0
20170714,28.53,28.59,28.53,28.53,40534,0
20170717,28.63,28.68,28.58,28.65,86212,0
20170718,28.65,28.68,28.53,28.67,45585,0
20170719,28.65,28.77,28.65,28.75,63056,0
20170720,28.68,28.81,28.68,28.74,42418,0
20170721,28.81,29.01,28.75,29.01,85784,0
20170724,28.85,28.94,28.83,28.88,24506,0
20170725,28.81,28.89,28.74,28.74,93655,0
20170726,28.8,28.801,28.75,28.77,38873,0
20170727,28.76,28.87,28.74,28.79,29321,0
20170728,28.77,28.87,28.77,28.85,41684,0
20170731,28.81,28.86,28.78,28.81,71472,0
20170801,28.85,28.85,28.791,28.82,222838,0
