Date,Open,High,Low,Close,Volume,OpenInt
20090427,10.583,10.583,10.583,10.583,0,0
20090428,10.583,10.583,10.312,10.583,166816,0
20090429,10.583,10.59,10.583,10.583,40081,0
20090430,10.583,10.583,10.583,10.583,14712,0
20090501,10.583,10.583,10.545,10.545,1265,0
20090504,10.545,10.583,10.512,10.583,13300,0
20090505,10.583,10.583,10.583,10.583,688,0
20090506,10.604,11.044,10.583,10.653,17965,0
20090507,10.648,10.831,10.583,10.583,44462,0
20090512,10.512,10.725,10.512,10.512,3958,0
20090513,10.512,10.512,10.512,10.512,13151,0
20090518,10.545,10.682,10.545,10.583,10609,0
20090522,10.598,10.598,10.598,10.598,977,0
20090526,10.598,10.598,10.583,10.59,14652,0
20090527,10.477,10.583,10.477,10.583,1415,0
20090528,10.477,10.583,10.477,10.583,20950,0
20090529,10.583,10.583,9.501,10.439,7072,0
20090601,10.439,10.497,10.439,10.497,16753,0
20090602,10.491,10.497,10.491,10.497,16507,0
20090603,10.583,10.583,10.477,10.477,11317,0
20090604,10.477,10.545,10.477,10.477,15276,0
20090608,10.545,10.545,10.545,10.545,3111,0
20090609,10.545,10.545,10.539,10.539,1983,0
20090610,10.583,10.583,10.583,10.583,7927,0
20090612,10.439,10.576,10.439,10.491,2114,0
20090615,10.371,10.371,9.741,10.014,6789,0
20090616,10.031,10.031,9.888,9.896,1189,0
20090617,10.014,10.512,9.896,10.089,6991,0
20090618,10.227,10.258,9.883,9.883,7595,0
20090619,10.159,10.159,9.876,9.876,2680,0
20090622,9.734,9.734,8.6333,9.3466,44492,0
20090623,9.2766,9.4137,9.2766,9.4137,1836,0
20090624,9.4511,9.526,9.3466,9.3466,13439,0
20090625,9.4511,9.501,8.9964,9.174,17824,0
20090626,9.2379,9.3466,9.2379,9.3466,4951,0
20090629,9.4137,9.526,9.3879,9.3879,4528,0
20090630,9.4511,9.526,9.4511,9.4511,5801,0
20090701,9.4511,9.4511,9.3811,9.3811,4102,0
20090702,9.3811,9.4511,9.3811,9.4511,688,0
20090706,9.526,9.566,9.526,9.526,4018,0
20090707,9.526,9.661,9.526,9.596,8094,0
20090708,9.526,9.526,9.526,9.526,3482,0
20090710,9.574,9.574,9.574,9.574,107,0
20090713,9.544,9.558,9.544,9.558,860,0
20090714,9.537,9.537,9.526,9.526,932,0
20090715,9.596,9.661,9.596,9.661,2556,0
20090716,9.627,9.807,9.627,9.807,4102,0
20090717,9.876,10.089,9.876,10.089,2394,0
20090720,10.089,10.089,9.661,9.807,6647,0
20090721,9.876,10.512,9.876,10.179,15537,0
20090722,10.25,10.394,9.903,10.014,3819,0
20090723,9.861,10.145,9.861,10.145,6508,0
20090724,10.217,10.284,9.933,9.933,3294,0
20090727,10.003,10.217,10.003,10.188,2114,0
20090728,10.074,10.102,10.074,10.102,859,0
20090729,10.102,10.102,9.982,9.982,3252,0
20090730,9.888,10.357,9.627,10.357,11191,0
20090731,10.046,10.046,10.046,10.046,1983,0
20090803,9.91,10.312,9.903,10.052,3111,0
20090804,10.052,10.223,9.876,10.223,14712,0
20090805,10.008,10.477,10.008,10.477,10733,0
20090806,10.434,10.439,10.196,10.258,6560,0
20090807,10.447,10.477,10.052,10.124,4877,0
20090810,10.082,10.223,9.969,9.969,1415,0
20090811,9.946,9.946,9.876,9.876,11602,0
20090812,9.755,10.014,9.734,10.008,10039,0
20090813,9.903,10.059,9.791,9.807,17305,0
20090814,9.876,9.876,9.814,9.835,5088,0
20090817,9.755,9.807,9.734,9.807,8133,0
20090818,9.791,10.008,9.778,9.969,16125,0
20090819,10.003,10.003,9.842,9.876,15585,0
20090820,9.91,9.946,9.91,9.946,10750,0
20090821,10.003,10.108,10.003,10.108,18784,0
20090824,9.996,10.082,9.969,10.082,4896,0
20090825,10.089,10.108,9.982,10.031,7778,0
20090826,9.996,10.179,9.996,10.179,15391,0
20090827,10.223,10.242,10.223,10.242,2833,0
20090828,10.227,10.276,10.227,10.276,4244,0
20090831,10.357,10.462,10.357,10.439,5516,0
20090901,10.477,10.477,10.172,10.172,5552,0
20090902,10.227,10.512,10.227,10.439,11343,0
20090903,10.439,10.439,10.371,10.394,2966,0
20090904,10.439,10.439,10.343,10.343,8946,0
20090908,10.371,10.477,10.172,10.172,16239,0
20090909,10.25,10.512,10.196,10.409,21004,0
20090910,10.47,10.47,10.263,10.263,10270,0
20090914,10.47,10.47,10.258,10.336,13575,0
20090915,10.336,10.454,10.336,10.447,1836,0
20090916,10.497,10.576,10.304,10.439,9055,0
20090917,10.627,10.627,10.439,10.477,11593,0
20090918,10.477,10.545,10.276,10.477,11687,0
20090921,10.351,10.447,10.236,10.447,5517,0
20090922,10.351,10.423,10.242,10.312,22891,0
20090923,10.394,10.394,10.385,10.394,3819,0
20090924,10.439,10.439,10.227,10.319,16722,0
20090925,10.336,10.409,10.312,10.385,18470,0
20090928,10.25,10.447,10.25,10.439,16161,0
20090929,10.447,10.545,10.447,10.539,12528,0
20090930,10.512,10.512,10.263,10.291,34321,0
20091001,10.304,10.439,10.297,10.364,34357,0
20091002,10.364,10.512,10.357,10.364,18915,0
20091005,10.497,10.497,10.319,10.428,19808,0
20091006,10.409,10.497,10.409,10.428,14626,0
20091007,10.462,10.497,10.312,10.454,23332,0
20091008,10.343,10.434,10.27,10.434,8074,0
20091009,10.357,10.401,10.357,10.401,7214,0
20091012,10.304,10.328,10.27,10.328,2556,0
20091013,10.25,10.328,10.25,10.312,3132,0
20091014,10.297,10.351,10.196,10.258,12734,0
20091015,10.188,10.258,10.179,10.258,8913,0
20091016,10.196,10.263,10.196,10.263,22854,0
20091019,10.188,10.351,10.166,10.351,28162,0
20091020,10.351,10.351,10.343,10.351,2395,0
20091021,10.343,10.351,10.236,10.304,16800,0
20091022,10.227,10.236,10.159,10.159,43178,0
20091023,10.227,10.258,9.861,10.258,44908,0
20091026,10.27,10.297,10.263,10.291,11728,0
20091027,10.291,10.371,10.258,10.284,38704,0
20091028,10.351,10.371,10.336,10.336,14732,0
20091029,10.312,10.328,10.166,10.319,18340,0
20091030,10.328,10.371,10.328,10.328,16202,0
20091102,10.364,10.364,10.236,10.357,20941,0
20091103,10.357,10.357,10.227,10.328,21213,0
20091104,10.364,10.364,10.297,10.297,8547,0
20091105,10.297,10.328,10.27,10.328,3231,0
20091106,10.336,10.357,10.263,10.27,5684,0
20091109,10.291,10.364,10.276,10.276,16647,0
20091110,10.263,10.284,10.263,10.284,2114,0
20091111,10.328,10.371,10.297,10.297,12364,0
20091112,10.351,10.351,10.297,10.297,4528,0
20091113,10.357,10.357,10.336,10.336,3330,0
20091116,10.364,10.385,10.312,10.312,17894,0
20091117,10.328,10.336,10.328,10.336,1415,0
20091118,10.351,10.351,10.152,10.152,21769,0
20091119,10.188,10.188,10.022,10.116,23648,0
20091120,10.124,10.145,10.102,10.102,2395,0
20091123,10.116,10.385,10.031,10.385,22635,0
20091124,10.364,10.364,10.124,10.364,23490,0
20091125,10.379,10.379,10.351,10.357,1599,0
20091127,10.371,10.371,10.242,10.242,7214,0
20091130,10.304,10.312,10.242,10.276,4315,0
20091201,10.284,10.351,10.138,10.236,17772,0
20091202,10.553,10.553,10.152,10.258,16209,0
20091203,10.263,10.276,10.152,10.236,11613,0
20091204,10.242,10.276,10.116,10.132,7241,0
20091207,10.172,10.203,10.138,10.188,6123,0
20091208,10.209,10.276,10.172,10.172,14549,0
20091209,10.263,10.276,10.116,10.116,26536,0
20091210,10.188,10.242,10.172,10.172,7831,0
20091211,10.223,10.242,10.159,10.172,7429,0
20091214,10.242,10.258,10.166,10.172,7396,0
20091215,10.242,10.258,10.014,10.066,17582,0
20091216,10.116,10.236,10.116,10.179,9474,0
20091217,10.203,10.203,10.196,10.196,1647,0
20091218,10.209,10.227,10.166,10.227,6260,0
20091221,10.242,10.276,10.236,10.236,6224,0
20091222,10.297,10.297,10.138,10.223,9480,0
20091223,10.236,10.242,10.209,10.209,17264,0
20091224,10.236,10.297,10.236,10.297,2833,0
20091228,10.304,10.312,10.304,10.312,5801,0
20091229,10.312,10.312,10.263,10.27,1813,0
20091230,10.291,10.297,10.172,10.297,9620,0
20091231,10.304,10.357,10.242,10.357,5517,0
20100104,10.364,10.385,10.242,10.364,14566,0
20100105,10.428,10.428,10.138,10.364,13123,0
20100106,10.364,10.423,10.312,10.423,17376,0
20100107,10.423,10.423,10.423,10.423,573,0
20100108,10.439,10.454,10.276,10.364,7802,0
20100111,10.385,10.423,10.319,10.394,32099,0
20100112,10.364,10.447,10.364,10.423,22883,0
20100113,10.385,10.416,10.385,10.401,9055,0
20100114,10.416,10.423,10.401,10.401,10379,0
20100115,10.423,10.423,10.328,10.336,6359,0
20100119,10.385,10.423,10.217,10.263,35611,0
20100120,10.258,10.523,10.227,10.304,42782,0
20100121,10.364,10.364,10.236,10.328,18339,0
20100122,10.203,10.343,10.203,10.304,13428,0
20100125,10.351,10.351,10.227,10.276,12135,0
20100126,10.304,10.304,10.172,10.27,19430,0
20100127,10.27,10.304,10.258,10.258,2889,0
20100128,10.297,10.297,10.209,10.242,21976,0
20100129,10.227,10.242,10.227,10.227,5433,0
20100201,10.242,10.284,10.242,10.27,31828,0
20100202,10.336,10.343,10.263,10.343,2436,0
20100203,10.371,10.371,10.297,10.364,3949,0
20100204,10.336,10.343,10.276,10.343,7408,0
20100205,10.364,10.371,10.297,10.312,12327,0
20100208,10.343,10.343,10.343,10.343,107,0
20100209,10.304,10.364,10.276,10.343,3786,0
20100210,10.276,10.276,10.223,10.276,8384,0
20100211,10.328,10.336,10.319,10.336,9269,0
20100212,10.276,10.284,10.25,10.284,3958,0
20100216,10.284,10.343,10.258,10.304,16294,0
20100217,10.924,10.924,10.217,10.291,24518,0
20100218,10.291,10.343,10.179,10.291,31400,0
20100219,10.25,10.312,10.25,10.291,16947,0
20100222,10.258,10.263,10.179,10.209,11234,0
20100223,10.179,10.343,10.108,10.227,30242,0
20100224,10.108,10.312,10.108,10.223,16977,0
20100225,10.188,10.319,10.188,10.319,8504,0
20100226,10.319,10.319,10.236,10.319,26163,0
20100301,10.312,10.351,10.25,10.351,11235,0
20100302,10.491,10.491,10.336,10.343,7707,0
20100303,10.351,10.351,10.336,10.336,2559,0
20100304,10.351,10.351,10.343,10.351,5801,0
20100305,10.343,10.371,10.343,10.351,30711,0
20100308,10.371,10.401,10.328,10.328,10750,0
20100309,10.328,10.416,10.242,10.416,7418,0
20100310,10.423,10.423,10.276,10.371,21784,0
20100311,10.328,10.423,10.328,10.423,12339,0
20100312,10.423,10.423,10.385,10.385,1552,0
20100315,10.385,10.409,10.25,10.401,15631,0
20100316,10.371,10.371,10.351,10.351,4528,0
20100317,10.276,10.423,10.217,10.371,16550,0
20100318,10.379,10.409,10.371,10.409,6224,0
20100319,10.423,10.423,10.371,10.385,27019,0
20100322,10.423,10.454,10.423,10.423,22107,0
20100323,10.385,10.401,10.364,10.401,6084,0
20100324,10.401,10.409,10.385,10.385,13689,0
20100325,10.409,10.409,10.276,10.409,14140,0
20100326,10.371,10.409,10.258,10.351,25894,0
20100329,10.343,10.351,10.319,10.351,18586,0
20100330,10.336,10.336,10.27,10.312,23964,0
20100331,10.371,10.379,10.27,10.319,18302,0
20100401,10.517,10.517,10.379,10.423,29953,0
20100405,10.512,10.512,10.439,10.447,9513,0
20100406,10.523,10.523,10.385,10.385,17704,0
20100407,10.423,10.423,10.385,10.423,4240,0
20100409,10.385,10.497,10.357,10.434,6104,0
20100412,10.423,10.477,10.357,10.477,16487,0
20100413,10.423,10.428,10.319,10.364,10756,0
20100414,10.319,10.447,10.319,10.428,20704,0
20100415,10.423,10.439,10.364,10.439,14676,0
20100419,10.371,10.416,10.304,10.416,7807,0
20100420,10.439,10.454,10.439,10.447,7534,0
20100421,10.284,10.491,10.284,10.491,35112,0
20100422,10.483,10.483,10.483,10.483,107,0
20100423,10.492,10.492,10.478,10.478,1151,0
20100426,10.477,10.477,10.454,10.454,4609,0
20100427,10.423,10.454,10.364,10.423,36108,0
20100428,10.434,10.439,10.371,10.434,20367,0
20100429,10.439,10.491,10.439,10.491,20932,0
20100430,10.434,10.531,10.434,10.531,13843,0
20100503,10.553,10.56,10.47,10.504,26323,0
20100504,10.553,10.568,10.497,10.504,23568,0
20100505,10.539,10.545,10.504,10.504,12712,0
20100506,10.512,10.512,10.491,10.491,1983,0
20100507,10.491,10.491,10.423,10.423,5446,0
20100510,10.523,10.59,10.385,10.394,6438,0
20100511,10.394,10.477,10.394,10.477,6084,0
20100512,10.434,10.483,10.351,10.439,14391,0
20100513,10.447,10.454,10.401,10.454,4262,0
20100514,10.47,10.483,10.379,10.385,10387,0
20100517,10.401,10.401,10.371,10.401,8603,0
20100518,10.423,10.454,10.385,10.416,11082,0
20100519,10.439,10.439,10.379,10.394,4273,0
20100520,10.423,10.423,10.351,10.423,3751,0
20100521,10.454,10.491,10.351,10.454,8294,0
20100524,10.47,10.491,10.319,10.385,14080,0
20100525,10.312,10.385,10.312,10.371,4264,0
20100526,10.423,10.439,10.385,10.385,3786,0
20100527,10.434,10.434,10.423,10.423,1836,0
20100528,10.47,10.491,10.364,10.483,7072,0
20100601,10.47,10.59,10.428,10.504,7334,0
20100602,10.394,10.504,10.336,10.439,27921,0
20100603,10.454,10.47,10.434,10.47,3985,0
20100604,10.47,10.47,10.439,10.447,2903,0
20100607,10.454,10.454,10.447,10.447,2544,0
20100608,10.428,10.428,10.364,10.364,5228,0
20100609,10.401,10.428,10.401,10.423,3312,0
20100610,10.423,10.428,10.423,10.428,2556,0
20100611,10.379,10.423,10.312,10.423,12315,0
20100614,10.428,10.462,10.385,10.385,5701,0
20100615,10.423,10.439,10.385,10.385,17709,0
20100616,10.385,10.385,10.385,10.385,5235,0
20100617,10.379,10.423,10.258,10.357,46453,0
20100618,10.364,10.394,10.357,10.394,11884,0
20100621,10.416,10.416,10.351,10.409,4199,0
20100622,10.416,10.423,10.416,10.423,8208,0
20100623,10.423,10.439,10.312,10.423,40671,0
20100624,10.416,10.434,10.416,10.434,23678,0
20100625,10.434,10.434,10.357,10.434,5235,0
20100628,10.416,10.483,10.409,10.483,3540,0
20100629,10.491,10.491,10.409,10.477,4808,0
20100630,10.518,10.518,10.383,10.454,11512,0
20100701,10.483,10.483,10.454,10.454,10008,0
20100702,10.497,10.523,10.439,10.491,9708,0
20100706,10.523,10.523,10.47,10.504,4323,0
20100707,10.504,10.531,10.423,10.491,10448,0
20100708,10.454,10.531,10.357,10.454,12349,0
20100709,10.454,10.512,10.447,10.47,14712,0
20100712,10.504,10.512,10.491,10.491,18739,0
20100713,10.477,10.517,10.447,10.454,5373,0
20100714,10.497,10.553,10.491,10.491,8364,0
20100715,10.517,10.568,10.491,10.56,3035,0
20100716,10.56,10.56,10.497,10.497,2395,0
20100719,10.504,10.568,10.491,10.568,10436,0
20100720,10.598,10.619,10.462,10.553,19088,0
20100721,10.539,10.598,10.523,10.56,15683,0
20100722,10.598,10.648,10.598,10.627,9960,0
20100723,10.619,10.675,10.56,10.568,21995,0
20100726,10.59,10.71,10.568,10.703,29697,0
20100727,10.675,10.675,10.545,10.598,29277,0
20100728,10.619,10.66,10.619,10.641,4655,0
20100729,10.604,10.668,10.598,10.668,17759,0
20100730,10.737,10.737,10.668,10.695,8315,0
20100802,10.576,10.682,10.576,10.66,7357,0
20100803,10.766,10.948,10.75,10.901,27241,0
20100804,10.948,10.992,10.901,10.979,15853,0
20100805,11.015,11.049,10.803,10.876,14818,0
20100806,10.876,10.979,10.789,10.948,10967,0
20100809,11.044,11.055,10.909,10.948,21775,0
20100810,10.992,11.023,10.876,11.023,25968,0
20100811,10.758,11.125,10.758,10.948,64681,0
20100812,10.979,11.044,10.979,10.985,3492,0
20100813,11.029,11.093,11.029,11.044,5920,0
20100816,11.104,11.117,11.007,11.007,17226,0
20100817,11.023,11.049,11.015,11.015,7739,0
20100818,11.049,11.049,10.956,11.044,12870,0
20100819,11.049,11.063,10.965,10.965,6523,0
20100820,10.942,11.007,10.854,10.929,17305,0
20100823,10.948,11.023,10.948,11.015,24095,0
20100824,11.023,11.023,10.885,10.885,31897,0
20100825,10.894,11.007,10.894,10.999,12792,0
20100826,11.007,11.037,10.876,11.023,14302,0
20100827,11.055,11.093,10.965,11.055,25558,0
20100830,11.109,11.109,10.942,11.037,20934,0
20100831,11.059,11.122,10.95,11.122,29004,0
20100901,11.125,11.274,11.023,11.063,8931,0
20100902,11.198,11.198,11.063,11.071,8462,0
20100903,11.117,11.141,11.117,11.141,1920,0
20100907,11.163,11.163,11.163,11.163,123,0
20100908,11.299,11.767,11.17,11.339,48293,0
20100909,11.411,11.448,11.411,11.448,2611,0
20100910,11.448,11.515,11.403,11.448,5856,0
20100913,11.36,11.36,11.324,11.331,3290,0
20100914,11.448,11.448,11.156,11.156,19032,0
20100915,11.191,11.191,11.086,11.134,6458,0
20100916,11.163,11.198,10.992,10.992,18737,0
20100917,10.972,11.109,10.839,10.909,24240,0
20100920,10.942,11.029,10.934,10.985,13238,0
20100921,11.007,11.055,11.007,11.055,8462,0
20100922,11.023,11.086,10.924,10.942,16718,0
20100923,11.023,11.098,10.972,11.098,8111,0
20100924,11.098,11.163,11.055,11.163,4000,0
20100927,11.198,11.253,11.098,11.098,2395,0
20100928,11.148,11.24,11.109,11.134,6981,0
20100929,11.163,11.313,11.163,11.178,9052,0
20100930,11.27,11.27,11.199,11.199,10670,0
20101001,11.306,11.366,11.17,11.17,8106,0
20101004,11.306,11.306,11.086,11.117,14583,0
20101005,11.141,11.234,10.972,11.071,17821,0
20101006,11.023,11.141,11.023,11.098,11443,0
20101007,11.17,11.178,11.117,11.117,8609,0
20101008,11.225,11.247,11.163,11.198,6905,0
20101011,11.211,11.29,11.211,11.253,7216,0
20101012,11.306,11.373,11.269,11.373,27800,0
20101013,11.373,11.571,11.17,11.465,13097,0
20101014,11.479,11.493,11.38,11.493,11963,0
20101015,11.411,11.493,11.366,11.433,12461,0
20101018,11.459,11.459,11.211,11.324,21260,0
20101019,11.352,11.388,11.234,11.269,6715,0
20101020,11.388,11.388,11.17,11.178,7355,0
20101021,11.185,11.234,11.17,11.234,3477,0
20101022,11.24,11.366,11.24,11.352,7247,0
20101025,11.38,11.38,11.331,11.366,4546,0
20101026,11.373,11.388,11.198,11.211,25045,0
20101027,11.339,11.339,11.104,11.104,14034,0
20101028,11.156,11.198,11.078,11.093,8335,0
20101029,11.131,11.191,11.096,11.163,15313,0
20101101,11.24,11.24,11.178,11.198,6024,0
20101102,11.331,11.331,11.178,11.274,10917,0
20101103,11.324,11.411,11.234,11.403,10068,0
20101104,11.425,11.459,11.211,11.261,13677,0
20101105,11.29,11.319,11.071,11.204,16618,0
20101108,11.234,11.234,11.037,11.148,23799,0
20101109,11.219,11.219,10.965,11.071,30753,0
20101110,11.037,11.037,10.583,10.611,89379,0
20101111,10.434,10.512,10.27,10.343,56147,0
20101112,10.371,10.477,10.371,10.447,6889,0
20101115,10.454,10.454,10.188,10.236,13813,0
20101116,10.276,10.539,10.188,10.385,31479,0
20101117,10.385,10.401,10.209,10.401,31536,0
20101118,10.434,10.434,10.074,10.223,30650,0
20101119,10.258,10.357,10.152,10.25,21604,0
20101122,10.276,10.439,10.276,10.439,13378,0
20101123,10.47,10.517,10.409,10.517,12196,0
20101124,10.523,10.568,10.462,10.504,12882,0
20101126,10.531,10.648,10.531,10.648,4475,0
20101129,10.668,10.668,10.428,10.641,12016,0
20101130,10.638,10.651,10.514,10.651,2458,0
20101201,10.668,10.675,10.491,10.512,8884,0
20101202,10.56,10.56,10.539,10.539,2509,0
20101203,10.539,10.539,10.539,10.539,343,0
20101206,10.497,10.497,10.364,10.428,10894,0
20101207,10.434,10.454,10.319,10.364,34895,0
20101208,10.379,10.379,10.291,10.291,6712,0
20101209,10.328,10.357,10.297,10.336,3663,0
20101210,10.291,10.357,10.291,10.357,1317,0
20101213,10.343,10.351,10.138,10.179,15253,0
20101214,10.179,10.203,9.855,9.855,38071,0
20101215,9.855,10.108,9.855,9.888,41505,0
20101216,9.897,10.155,9.897,10.155,11634,0
20101217,10.179,10.242,10.166,10.166,31186,0
20101220,10.166,10.172,9.916,10.166,16000,0
20101221,10.046,10.179,9.861,10.108,25283,0
20101222,10.116,10.116,9.896,10.039,16930,0
20101223,10.039,10.145,9.916,9.982,20753,0
20101227,9.982,10.074,9.982,10.074,1652,0
20101228,10.102,10.132,10.096,10.124,15962,0
20101229,10.146,10.146,9.871,10.029,27100,0
20101230,10.029,10.051,9.92,10,12939,0
20101231,10.04,10.181,10.04,10.181,18703,0
20110103,10.203,10.203,10.052,10.132,1441,0
20110104,10.145,10.223,9.996,10.196,22578,0
20110105,10.196,10.196,10.052,10.179,14213,0
20110106,10.172,10.258,9.969,10.172,23408,0
20110107,10.172,10.312,10.138,10.27,9484,0
20110110,10.203,10.203,10.132,10.145,4033,0
20110111,10.172,10.179,10.172,10.179,1099,0
20110112,10.145,10.179,9.896,10.179,18612,0
20110113,10.172,10.172,9.896,9.946,12645,0
20110114,9.896,9.896,9.558,9.582,28588,0
20110118,9.558,9.668,9.509,9.668,16237,0
20110119,9.721,9.727,9.551,9.551,18403,0
20110120,9.526,9.655,9.4768,9.643,40711,0
20110121,9.643,9.807,9.643,9.798,6756,0
20110124,9.814,9.888,9.721,9.888,19145,0
20110125,9.835,10.008,9.798,9.961,14106,0
20110126,10.014,10.039,9.855,9.896,19623,0
20110127,9.814,9.87,9.713,9.861,7927,0
20110128,9.835,9.87,9.835,9.87,289,0
20110131,9.659,9.89,9.659,9.854,16531,0
20110201,9.888,9.925,9.755,9.896,20943,0
20110202,9.925,9.982,9.916,9.982,10125,0
20110203,9.926,10.033,9.897,9.97,7122,0
20110204,9.969,9.969,9.888,9.888,5444,0
20110207,9.896,9.925,9.784,9.925,7531,0
20110208,9.896,9.903,9.798,9.848,5400,0
20110209,9.784,9.784,9.784,9.784,274,0
20110210,9.799,9.799,9.66,9.748,10607,0
20110211,9.741,9.741,9.69,9.705,10608,0
20110214,9.755,9.762,9.627,9.681,11825,0
20110215,9.622,9.627,9.558,9.627,9705,0
20110216,9.614,9.713,9.614,9.681,18260,0
20110217,9.649,9.721,9.649,9.705,2432,0
20110218,9.755,9.755,9.614,9.69,15001,0
20110222,9.661,9.778,9.3682,9.544,31766,0
20110223,9.552,9.668,9.4451,9.552,42793,0
20110224,9.558,9.596,9.531,9.596,8974,0
20110225,9.557,9.621,9.4837,9.573,12874,0
20110228,9.612,9.647,9.612,9.647,8353,0
20110301,9.649,9.69,9.649,9.69,4058,0
20110302,9.699,9.714,9.58,9.699,10883,0
20110303,9.675,9.699,9.588,9.681,3617,0
20110304,9.621,9.705,9.621,9.681,20521,0
20110307,9.698,9.698,9.601,9.655,12107,0
20110308,9.635,9.698,9.614,9.698,5555,0
20110309,9.681,9.705,9.621,9.705,1459,0
20110310,9.621,9.714,9.621,9.714,3931,0
20110311,9.667,9.727,9.667,9.727,2919,0
20110314,9.681,9.681,9.564,9.667,14337,0
20110315,9.667,9.667,9.516,9.601,14839,0
20110316,9.614,9.667,9.614,9.667,1259,0
20110317,9.666,9.68,9.659,9.659,4249,0
20110318,9.681,9.713,9.681,9.713,3863,0
20110321,9.713,9.721,9.674,9.713,3762,0
20110322,9.627,9.698,9.627,9.698,1761,0
20110323,9.681,9.727,9.635,9.698,12070,0
20110324,9.698,9.713,9.649,9.698,9738,0
20110325,9.681,9.699,9.681,9.681,3602,0
20110328,9.681,9.681,9.614,9.66,5806,0
20110329,9.607,9.655,9.601,9.649,3569,0
20110330,9.601,9.649,9.536,9.564,12992,0
20110331,9.551,9.583,9.523,9.575,6651,0
20110401,9.551,9.661,9.536,9.655,26086,0
20110404,9.643,9.681,9.643,9.655,8550,0
20110405,9.657,9.694,9.657,9.694,18847,0
20110406,9.681,9.681,9.661,9.681,5414,0
20110407,9.664,9.718,9.664,9.671,5877,0
20110408,9.643,9.714,9.643,9.675,8235,0
20110411,9.649,9.661,9.627,9.661,7277,0
20110412,9.664,9.664,9.646,9.646,4177,0
20110413,9.675,9.699,9.643,9.655,10096,0
20110414,9.661,9.69,9.661,9.69,4905,0
20110415,9.699,9.714,9.621,9.69,17181,0
20110418,9.667,9.667,9.643,9.661,10704,0
20110419,9.643,9.675,9.643,9.661,4146,0
20110420,9.667,9.763,9.667,9.763,26140,0
20110421,9.735,9.749,9.667,9.749,11479,0
20110425,9.735,9.741,9.714,9.741,3440,0
20110426,9.71,9.746,9.71,9.724,6326,0
20110427,9.749,9.771,9.705,9.771,16163,0
20110428,9.735,9.815,9.735,9.8,14700,0
20110429,9.77,9.84,9.762,9.84,18121,0
20110502,9.843,9.856,9.8,9.8,15068,0
20110503,9.837,9.837,9.721,9.778,23560,0
20110504,9.775,9.833,9.76,9.833,9205,0
20110505,9.829,9.843,9.748,9.837,12828,0
20110506,9.833,9.869,9.826,9.869,9102,0
20110509,9.875,9.916,9.841,9.869,15908,0
20110510,9.869,9.933,9.846,9.933,3919,0
20110511,9.929,9.937,9.871,9.937,16888,0
20110512,9.916,9.983,9.916,9.976,7101,0
20110513,10.01,10.024,9.976,10.01,6110,0
20110516,10.134,10.134,9.909,9.976,9333,0
20110517,9.939,10.04,9.939,10.04,7837,0
20110518,10.054,10.069,10.048,10.048,7731,0
20110519,10.01,10.091,10.01,10.048,9944,0
20110520,10.044,10.044,9.966,10.006,13966,0
20110523,9.983,10.033,9.983,10.033,3831,0
20110524,10.033,10.061,10.024,10.061,2569,0
20110525,9.997,10.069,9.997,10.033,12062,0
20110526,10.04,10.097,9.99,10.054,24538,0
20110527,10.051,10.089,10.051,10.051,2243,0
20110531,10.068,10.112,10.068,10.084,3863,0
20110601,10.119,10.169,10.069,10.142,11060,0
20110602,10.166,10.166,10.066,10.066,1703,0
20110603,10.116,10.197,10.089,10.146,13809,0
20110606,10.225,10.225,10.153,10.153,3591,0
20110607,10.183,10.192,10.174,10.174,21983,0
20110608,10.174,10.226,10.148,10.22,11317,0
20110609,10.226,10.226,10.148,10.148,2145,0
20110610,10.146,10.19,10.146,10.19,316,0
20110613,10.204,10.23,10.146,10.153,6452,0
20110614,10.211,10.211,10.211,10.211,502,0
20110615,10.23,10.23,10.146,10.146,2909,0
20110616,10.212,10.248,10.212,10.248,18009,0
20110617,10.266,10.362,10.262,10.324,16952,0
20110620,10.225,10.272,10.197,10.197,21699,0
20110621,10.197,10.239,10.197,10.239,848,0
20110622,10.211,10.239,10.139,10.225,15227,0
20110623,10.225,10.266,10.16,10.266,9092,0
20110624,10.22,10.282,10.207,10.262,6394,0
20110627,10.266,10.279,10.23,10.279,1915,0
20110628,10.302,10.302,10.262,10.287,4908,0
20110629,10.294,10.348,10.294,10.317,7377,0
20110630,10.359,10.359,10.313,10.313,12667,0
20110701,10.311,10.351,10.311,10.311,2214,0
20110705,10.393,10.393,10.356,10.393,8099,0
20110706,10.503,10.503,10.358,10.397,7095,0
20110707,10.428,10.447,10.368,10.368,10739,0
20110708,10.428,10.463,10.408,10.463,12261,0
20110711,10.466,10.626,10.466,10.626,5848,0
20110712,10.587,10.819,10.527,10.819,17161,0
20110713,10.812,10.862,10.669,10.669,8009,0
20110714,10.726,10.726,10.626,10.689,6181,0
20110715,10.689,10.689,10.661,10.661,3855,0
20110718,10.661,10.689,10.661,10.675,3302,0
20110719,10.702,10.716,10.658,10.658,2020,0
20110720,10.61,10.72,10.61,10.683,6340,0
20110721,10.72,10.72,10.72,10.72,2363,0
20110722,10.565,10.64,10.565,10.587,7936,0
20110725,10.536,10.543,10.387,10.417,22128,0
20110726,10.553,10.553,10.336,10.352,12930,0
20110727,10.357,10.357,10.282,10.289,6083,0
20110728,10.312,10.381,10.199,10.304,7635,0
20110729,10.211,10.336,10.143,10.336,9818,0
20110801,10.371,10.479,10.262,10.479,14774,0
20110802,10.516,10.516,10.479,10.479,2954,0
20110803,10.587,10.587,10.356,10.472,13657,0
20110804,10.511,10.511,10.437,10.437,658,0
20110805,10.463,10.5,10.348,10.348,10947,0
20110808,10.204,10.333,10.018,10.244,23589,0
20110809,10.287,10.287,10.041,10.261,15464,0
20110810,10.301,10.356,9.962,10.341,12321,0
20110811,10.143,10.324,10.143,10.324,1751,0
20110812,10.333,10.408,10.333,10.408,3263,0
20110815,10.428,10.478,10.428,10.478,1753,0
20110816,10.506,10.506,10.492,10.492,1702,0
20110817,10.515,10.515,10.447,10.515,3844,0
20110818,10.515,10.515,10.324,10.384,17583,0
20110819,10.324,10.324,10.218,10.279,15897,0
20110822,10.422,10.422,10.238,10.265,14081,0
20110823,10.271,10.308,10.224,10.308,13709,0
20110824,10.308,10.393,10.228,10.393,20467,0
20110825,10.384,10.447,10.224,10.271,20177,0
20110826,10.328,10.358,10.297,10.358,1969,0
20110829,10.253,10.393,10.253,10.393,4714,0
20110830,10.4,10.463,10.393,10.463,5498,0
20110831,10.472,10.479,10.455,10.479,6920,0
20110901,10.478,10.506,10.478,10.5,4212,0
20110902,10.484,10.565,10.484,10.55,4603,0
20110906,10.528,10.619,10.501,10.619,3682,0
20110907,10.755,10.755,10.61,10.61,12234,0
20110908,10.67,10.67,10.619,10.67,6061,0
20110909,10.638,10.687,10.607,10.622,2153,0
20110912,10.694,10.694,10.607,10.631,6370,0
20110914,10.658,10.665,10.599,10.599,4799,0
20110915,10.708,10.708,10.482,10.482,12158,0
20110916,10.496,10.561,10.496,10.561,1938,0
20110919,10.561,10.561,10.523,10.54,2470,0
20110920,10.54,10.585,10.54,10.585,1115,0
20110921,10.592,10.631,10.592,10.631,976,0
20110922,10.658,10.694,10.578,10.578,4864,0
20110923,10.636,10.742,10.589,10.691,8067,0
20110926,10.694,10.702,10.665,10.665,2569,0
20110927,10.841,10.841,10.561,10.561,7912,0
20110928,10.622,10.743,10.614,10.731,6078,0
20110929,10.737,10.737,10.708,10.724,2749,0
20110930,10.792,10.799,10.75,10.758,2527,0
20111003,10.767,10.784,10.75,10.75,15319,0
20111004,10.803,10.803,10.722,10.742,15173,0
20111005,10.752,10.769,10.709,10.709,3695,0
20111006,10.668,10.675,10.595,10.595,2987,0
20111007,10.619,10.619,10.589,10.589,1369,0
20111010,10.55,10.589,10.485,10.507,4569,0
20111011,10.507,10.734,10.501,10.685,17022,0
20111012,10.685,10.705,10.636,10.705,6072,0
20111013,10.734,10.734,10.61,10.61,1945,0
20111014,10.748,10.748,10.485,10.642,12375,0
20111017,10.655,10.661,10.589,10.589,13048,0
20111018,10.636,10.636,10.528,10.528,6596,0
20111019,10.597,10.604,10.597,10.604,531,0
20111020,10.589,10.589,10.501,10.501,3092,0
20111021,10.516,10.638,10.51,10.578,2417,0
20111024,10.574,10.742,10.574,10.67,11431,0
20111025,10.758,10.758,10.611,10.62,13259,0
20111026,10.742,10.772,10.619,10.755,31559,0
20111027,10.939,10.939,10.755,10.832,2062,0
20111028,10.83,10.83,10.801,10.801,520,0
20111031,10.844,10.844,10.844,10.844,214,0
20111101,10.804,10.851,10.73,10.73,7832,0
20111102,10.755,10.84,10.728,10.84,22463,0
20111103,10.862,11.129,10.862,10.983,4880,0
20111104,11.047,11.075,11.047,11.075,1095,0
20111107,11.106,11.12,11.027,11.048,5336,0
20111108,11.051,11.171,10.999,10.999,7897,0
20111109,11.048,11.048,11.043,11.043,794,0
20111110,11.113,11.113,10.943,10.943,7748,0
20111111,10.822,10.999,10.822,10.921,8915,0
20111114,10.921,10.927,10.846,10.927,924,0
20111115,10.927,10.932,10.887,10.887,1662,0
20111116,10.913,10.963,10.879,10.879,3504,0
20111117,10.897,10.927,10.808,10.808,9254,0
20111118,10.839,10.897,10.839,10.887,7744,0
20111121,10.913,10.939,10.904,10.913,2872,0
20111122,10.927,10.927,10.839,10.927,26132,0
20111125,10.924,10.924,10.924,10.924,1828,0
20111128,10.927,10.927,10.913,10.927,6132,0
20111129,10.921,10.946,10.913,10.946,2267,0
20111130,10.944,11.068,10.944,11.068,8257,0
20111201,11.066,11.097,11.008,11.09,7060,0
20111202,11.035,11.138,11.021,11.094,7672,0
20111205,11.235,11.235,11.028,11.043,32892,0
20111206,11.047,11.093,11.047,11.093,1167,0
20111207,11.059,11.117,11.015,11.117,20966,0
20111208,11.149,11.158,10.954,11.067,26373,0
20111209,11.072,11.121,11.013,11.087,12030,0
20111212,11.087,11.107,11.028,11.028,5766,0
20111213,11.072,11.176,11.013,11.176,13028,0
20111214,11.1,11.168,11.094,11.094,4494,0
20111215,11.113,11.129,10.983,11.129,32449,0
20111216,11.158,11.165,11.091,11.158,6790,0
20111219,11.176,11.176,11.094,11.113,20095,0
20111220,11.113,11.204,11.079,11.121,7499,0
20111221,11.146,11.146,11.113,11.113,1354,0
20111222,11.153,11.176,11.121,11.168,2448,0
20111223,11.173,11.173,11.141,11.141,2893,0
20111227,11.176,11.176,11.162,11.168,12895,0
20111228,11.168,11.176,11.168,11.168,6266,0
20111229,11.168,11.204,11.168,11.204,6409,0
20111230,11.272,11.272,11.127,11.175,12493,0
20120103,11.173,11.246,11.173,11.246,3907,0
20120104,11.261,11.335,11.261,11.335,22028,0
20120105,11.321,11.335,11.315,11.335,6741,0
20120106,11.335,11.335,11.315,11.335,7765,0
20120109,11.335,11.426,11.327,11.411,18004,0
20120110,11.42,11.581,11.308,11.42,30218,0
20120111,11.415,11.486,11.415,11.479,6149,0
20120112,11.479,11.533,11.458,11.525,31933,0
20120113,11.455,11.566,11.455,11.505,9113,0
20120117,11.55,11.605,11.453,11.453,4090,0
20120118,11.476,11.53,11.403,11.403,21987,0
20120119,11.461,11.476,11.426,11.455,11162,0
20120120,11.497,11.497,11.434,11.442,5985,0
20120123,11.483,11.483,11.476,11.476,12192,0
20120124,11.49,11.49,11.442,11.455,4754,0
20120125,11.483,11.522,11.442,11.45,26730,0
20120126,11.483,11.566,11.469,11.566,22806,0
20120127,11.593,11.61,11.525,11.525,22320,0
20120130,11.581,11.709,11.557,11.557,25978,0
20120131,11.629,11.66,11.629,11.66,8690,0
20120201,11.738,11.812,11.709,11.709,31270,0
20120202,11.738,12.02,11.716,11.885,21482,0
20120203,11.922,11.939,11.851,11.865,34005,0
20120206,11.877,11.974,11.877,11.877,20210,0
20120207,11.881,11.927,11.881,11.905,10494,0
20120208,11.935,12.023,11.805,11.805,17460,0
20120209,11.875,11.905,11.765,11.772,14982,0
20120210,11.793,11.858,11.769,11.851,19826,0
20120213,11.884,11.93,11.884,11.922,8461,0
20120214,11.877,11.967,11.865,11.872,15702,0
20120215,11.922,11.922,11.777,11.872,24560,0
20120216,11.892,11.954,11.682,11.755,29706,0
20120217,11.755,11.808,11.667,11.69,29414,0
20120221,11.735,11.892,11.735,11.858,14443,0
20120222,11.892,11.892,11.713,11.713,14423,0
20120223,11.755,11.842,11.755,11.842,10231,0
20120224,11.837,12.121,11.837,11.927,29606,0
20120227,11.93,12.148,11.872,12.026,16870,0
20120228,12.026,12.19,11.974,12.094,10784,0
20120229,12.095,12.222,12.095,12.222,8799,0
20120301,12.243,12.304,12.213,12.264,32814,0
20120302,12.275,12.345,12.088,12.151,12885,0
20120305,12.121,12.153,12.121,12.153,1693,0
20120306,12.159,12.159,11.817,11.841,45218,0
20120307,11.876,12.11,11.876,11.884,20923,0
20120308,11.954,11.954,11.884,11.884,12215,0
20120309,11.958,12.038,11.919,11.919,7959,0
20120312,12.014,12.079,12.014,12.07,7162,0
20120313,12.121,12.162,12.121,12.138,5883,0
20120314,12.234,12.234,12.061,12.138,15395,0
20120315,12.138,12.138,11.875,11.875,14318,0
20120316,11.919,11.919,11.425,11.55,38636,0
20120319,11.564,11.702,11.555,11.613,28664,0
20120320,11.536,11.655,11.536,11.55,14878,0
20120321,11.633,11.686,11.564,11.649,21513,0
20120322,11.732,11.79,11.702,11.702,11364,0
20120323,11.784,11.784,11.672,11.672,9430,0
20120326,11.813,11.813,11.655,11.686,12668,0
20120327,11.724,11.732,11.613,11.619,15127,0
20120328,11.686,11.739,11.67,11.67,19921,0
20120329,11.67,11.772,11.67,11.717,11013,0
20120330,11.797,11.888,11.757,11.875,8286,0
20120402,11.915,11.954,11.876,11.954,8602,0
20120403,11.98,11.98,11.742,11.768,8499,0
20120404,11.828,12.085,11.828,11.963,15390,0
20120405,12.037,12.061,11.983,12.061,8406,0
20120409,12.11,12.181,12.11,12.181,3211,0
20120410,12.208,12.328,12.181,12.26,12050,0
20120411,12.57,12.57,12.151,12.245,8875,0
20120412,12.336,12.336,12.284,12.292,3819,0
20120413,12.314,12.314,12.026,12.05,22000,0
20120416,12.088,12.088,12.034,12.034,6342,0
20120417,12.092,12.092,11.983,11.983,9951,0
20120418,11.989,12.103,11.989,12.103,10591,0
20120419,12.05,12.181,12.042,12.181,6456,0
20120420,12.177,12.271,11.997,12.099,10417,0
20120423,11.995,12.185,11.995,12.135,8338,0
20120424,12.167,12.252,12.167,12.252,5896,0
20120425,12.3,12.352,12.245,12.352,15819,0
20120426,12.399,12.449,12.306,12.449,8672,0
20120427,12.478,12.478,12.247,12.247,21382,0
20120430,12.292,12.413,12.252,12.413,6641,0
20120501,12.408,12.408,12.341,12.404,16977,0
20120502,12.412,12.42,12.399,12.407,9553,0
20120503,12.404,12.408,12.396,12.408,5705,0
20120504,12.408,12.408,12.396,12.408,12588,0
20120507,12.408,12.441,12.348,12.404,14873,0
20120508,12.404,12.425,12.383,12.383,2276,0
20120509,12.358,12.396,12.358,12.383,19372,0
20120510,12.386,12.468,12.386,12.468,22656,0
20120511,12.515,12.515,12.425,12.425,29367,0
20120514,12.463,12.47,12.318,12.441,22653,0
20120515,12.441,12.592,12.441,12.567,10452,0
20120516,12.567,12.592,12.515,12.592,14296,0
20120517,12.608,12.632,12.608,12.617,6180,0
20120518,12.632,12.639,12.326,12.326,21337,0
20120521,12.383,12.584,12.383,12.478,10318,0
20120522,12.478,12.501,12.31,12.408,12106,0
20120523,12.341,12.454,12.341,12.433,4315,0
20120524,12.478,12.536,12.478,12.536,4458,0
20120525,12.567,12.645,12.559,12.559,14463,0
20120529,12.617,12.617,12.441,12.454,18313,0
20120530,12.463,12.522,12.463,12.522,7107,0
20120531,12.549,12.549,12.451,12.498,17754,0
20120601,12.429,12.557,12.429,12.468,5100,0
20120604,12.559,12.559,12.454,12.47,2677,0
20120605,12.537,12.537,12.523,12.537,2723,0
20120606,12.537,12.568,12.537,12.568,6842,0
20120607,12.646,12.646,12.463,12.463,6759,0
20120608,12.492,12.606,12.492,12.606,5622,0
20120611,12.606,12.638,12.527,12.638,8458,0
20120612,12.629,12.638,12.564,12.573,4060,0
20120613,12.638,12.664,12.484,12.643,12089,0
20120614,12.664,12.742,12.337,12.451,36228,0
20120615,12.413,12.445,12.392,12.445,9172,0
20120618,12.451,12.512,12.451,12.504,5478,0
20120619,12.597,12.629,12.534,12.629,6982,0
20120620,12.549,12.638,12.534,12.638,6794,0
20120621,12.643,12.643,12.549,12.549,9213,0
20120622,12.552,12.609,12.552,12.609,5632,0
20120625,12.629,12.657,12.498,12.549,6882,0
20120626,12.59,12.621,12.504,12.59,17654,0
20120627,12.629,12.629,12.629,12.629,13263,0
20120628,12.651,12.671,12.651,12.664,3539,0
20120629,12.721,12.721,12.564,12.686,13671,0
20120702,12.729,12.756,12.678,12.756,4378,0
20120703,12.771,12.771,12.573,12.686,13100,0
20120705,12.64,12.752,12.64,12.717,6189,0
20120706,12.752,12.845,12.752,12.82,5507,0
20120709,12.868,12.936,12.868,12.929,4611,0
20120710,12.929,12.943,12.929,12.929,7629,0
20120711,12.911,13.04,12.911,13.04,13488,0
20120712,13.065,13.114,12.943,13.065,10332,0
20120713,13.134,13.134,13.018,13.018,7654,0
20120716,13.097,13.097,12.951,12.951,12701,0
20120717,12.929,12.992,12.811,12.811,8400,0
20120718,12.733,12.936,12.733,12.804,13239,0
20120719,12.804,12.804,12.683,12.746,5994,0
20120720,12.683,12.738,12.683,12.725,3210,0
20120723,12.707,12.811,12.618,12.752,14484,0
20120724,12.752,12.86,12.752,12.76,12120,0
20120725,12.64,12.746,12.64,12.683,11183,0
20120726,12.69,12.768,12.69,12.69,6527,0
20120727,12.675,12.811,12.675,12.797,3198,0
20120730,12.746,12.829,12.746,12.76,6217,0
20120731,12.738,12.829,12.733,12.789,7692,0
20120801,12.852,12.852,12.738,12.738,5886,0
20120802,12.675,12.845,12.675,12.69,15058,0
20120803,12.82,12.82,12.675,12.69,6531,0
20120806,12.683,12.789,12.683,12.69,6790,0
20120807,12.699,12.76,12.683,12.707,7849,0
20120808,12.725,12.783,12.725,12.725,11012,0
20120809,12.717,12.717,12.618,12.618,9488,0
20120810,12.585,12.618,12.552,12.552,6456,0
20120813,12.607,12.607,12.499,12.52,8614,0
20120814,12.52,12.542,12.476,12.512,16560,0
20120815,12.379,12.484,12.379,12.484,15267,0
20120816,12.499,12.55,12.46,12.55,10356,0
20120817,12.492,12.535,12.379,12.499,22932,0
20120820,12.52,12.52,12.46,12.499,8054,0
20120821,12.52,12.52,12.451,12.484,12107,0
20120822,12.407,12.499,12.327,12.336,17115,0
20120823,12.379,12.379,12.238,12.299,18246,0
20120824,12.345,12.4,12.291,12.391,10231,0
20120827,12.391,12.527,12.391,12.512,11341,0
20120828,12.558,12.558,12.499,12.527,12351,0
20120829,12.582,12.622,12.55,12.622,5457,0
20120830,12.639,12.639,12.504,12.607,10318,0
20120831,12.645,12.645,12.591,12.599,5282,0
20120904,12.639,12.639,12.55,12.558,6773,0
20120905,12.429,12.631,12.429,12.558,14357,0
20120906,12.645,12.68,12.591,12.652,8429,0
20120907,12.714,12.714,12.591,12.673,4117,0
20120910,12.705,12.705,12.492,12.574,11748,0
20120911,12.574,12.705,12.574,12.697,7458,0
20120912,12.742,12.748,12.67,12.742,7375,0
20120913,12.771,12.816,12.764,12.764,997,0
20120914,12.843,12.843,12.72,12.72,3990,0
20120917,12.771,12.771,12.685,12.736,3246,0
20120918,12.627,12.807,12.603,12.649,35905,0
20120919,12.627,12.67,12.603,12.663,12958,0
20120920,12.663,12.694,12.649,12.663,7789,0
20120921,12.642,12.663,12.612,12.62,13361,0
20120924,12.57,12.677,12.57,12.649,11668,0
20120925,12.612,12.756,12.612,12.711,3557,0
20120926,12.612,12.807,12.612,12.807,4555,0
20120927,12.742,12.833,12.694,12.756,5429,0
20120928,12.642,12.942,12.642,12.942,7141,0
20121001,12.902,12.902,12.8,12.896,7638,0
20121002,12.896,12.896,12.807,12.824,5916,0
20121003,12.824,12.85,12.771,12.816,12644,0
20121004,12.934,12.934,12.771,12.771,5895,0
20121005,12.748,12.824,12.748,12.786,2752,0
20121008,12.711,12.902,12.711,12.833,11400,0
20121009,12.764,12.865,12.711,12.756,30295,0
20121010,12.711,12.824,12.711,12.748,5507,0
20121011,12.675,12.821,12.675,12.725,4238,0
20121012,12.717,12.821,12.717,12.813,4275,0
20121015,12.784,12.87,12.784,12.831,8299,0
20121016,12.831,12.877,12.831,12.87,6883,0
20121017,12.894,12.894,12.894,12.894,854,0
20121018,12.954,12.954,12.94,12.94,2195,0
20121019,12.813,12.954,12.813,12.946,3041,0
20121022,12.946,12.946,12.946,12.946,1333,0
20121023,12.821,12.971,12.821,12.971,2092,0
20121024,13.01,13.01,12.933,13.005,4333,0
20121025,13.013,13.013,12.963,12.963,3588,0
20121026,13.029,13.037,13.021,13.021,3300,0
20121031,13.131,13.131,13.01,13.013,5462,0
20121101,13.118,13.124,13.102,13.118,7998,0
20121102,13.118,13.14,13.013,13.102,9593,0
20121105,13.154,13.154,13.013,13.045,6886,0
20121106,12.996,13.062,12.87,12.908,13769,0
20121107,13.029,13.118,12.908,13.102,11181,0
20121108,13.221,13.221,13.045,13.079,12593,0
20121109,13.154,13.187,13.111,13.187,5399,0
20121112,13.279,13.293,13.221,13.293,8480,0
20121113,13.275,13.307,13.184,13.275,6493,0
20121114,13.315,13.315,13.075,13.075,7604,0
20121115,13.192,13.192,12.787,12.835,11286,0
20121116,12.976,13.05,12.772,13.05,32606,0
20121119,13.082,13.089,13.064,13.082,6566,0
20121120,13.149,13.149,13.064,13.106,8670,0
20121121,13.158,13.183,13.121,13.183,5785,0
20121123,13.114,13.222,13.089,13.165,4267,0
20121126,13.114,13.158,13.031,13.031,9856,0
20121127,13.024,13.135,13.024,13.106,13473,0
20121128,13.106,13.244,13.106,13.165,13492,0
20121129,13.135,13.315,13.135,13.201,6262,0
20121130,13.275,13.354,13.266,13.32,13213,0
20121203,13.383,13.383,13.216,13.266,3925,0
20121204,13.244,13.252,13.089,13.127,10016,0
20121205,13.114,13.191,13.114,13.158,4508,0
20121206,13.127,13.149,13.114,13.114,6366,0
20121207,13.158,13.158,13.049,13.074,11906,0
20121210,13.074,13.074,12.949,12.974,12635,0
20121211,12.949,13.165,12.949,13.165,23284,0
20121212,13.145,13.196,13.084,13.084,25784,0
20121213,13.084,13.084,13.002,13.002,4635,0
20121214,13.093,13.11,12.943,13.02,14864,0
20121217,12.874,12.943,12.809,12.827,13496,0
20121218,12.794,12.911,12.67,12.712,35965,0
20121219,12.773,12.852,12.694,12.809,10087,0
20121220,12.874,12.952,12.78,12.809,10974,0
20121221,12.844,12.97,12.844,12.93,6330,0
20121224,12.93,12.93,12.757,12.911,5106,0
20121226,12.911,12.911,12.809,12.809,6664,0
20121227,12.773,12.809,12.656,12.78,12635,0
20121228,12.685,12.801,12.677,12.78,8442,0
20121231,12.852,12.852,12.702,12.702,14359,0
20130102,12.729,12.994,12.663,12.986,6698,0
20130103,13.02,13.02,12.883,13.02,15673,0
20130104,12.911,13.02,12.911,12.97,7698,0
20130107,13.02,13.123,13.012,13.118,9375,0
20130108,13.153,13.326,13.153,13.271,8600,0
20130109,13.326,13.326,13.226,13.312,12177,0
20130110,13.312,13.312,13.204,13.312,3608,0
20130111,13.362,13.362,13.259,13.315,9396,0
20130114,13.346,13.377,13.283,13.33,11958,0
20130115,13.244,13.339,13.2,13.23,17370,0
20130116,13.252,13.252,13.191,13.191,6904,0
20130117,13.29,13.29,13.157,13.216,7810,0
20130118,13.266,13.283,13.244,13.283,7059,0
20130122,13.283,13.339,13.283,13.339,6272,0
20130123,13.354,13.362,13.307,13.362,9377,0
20130124,13.384,13.417,13.377,13.384,4951,0
20130125,13.384,13.384,13.29,13.346,9041,0
20130128,13.307,13.307,13.173,13.191,17837,0
20130129,13.191,13.191,13.113,13.164,11134,0
20130130,13.142,13.23,13.142,13.23,13662,0
20130131,13.23,13.23,13.173,13.173,13022,0
20130201,13.126,13.23,13.097,13.182,10072,0
20130204,13.222,13.238,13.113,13.113,11013,0
20130205,13.164,13.164,13.063,13.081,12352,0
20130206,13.142,13.216,13.088,13.088,46662,0
20130207,13.157,13.2,13.126,13.2,2977,0
20130208,13.148,13.216,13.148,13.2,11224,0
20130211,13.209,13.252,13.209,13.252,11412,0
20130212,13.29,13.29,13.191,13.252,8514,0
20130213,13.279,13.351,13.248,13.256,13530,0
20130214,13.187,13.287,13.187,13.221,20838,0
20130215,13.233,13.233,13.187,13.204,5329,0
20130219,13.204,13.212,13.187,13.204,10448,0
20130220,13.187,13.212,13.187,13.204,4800,0
20130221,13.204,13.262,13.204,13.204,6410,0
20130222,13.279,13.279,13.221,13.221,5437,0
20130225,13.271,13.271,13.051,13.059,22896,0
20130226,13.116,13.177,13.116,13.161,11603,0
20130227,13.091,13.177,13.091,13.161,3012,0
20130228,13.116,13.262,13.116,13.248,12061,0
20130301,13.303,13.326,13.248,13.312,7787,0
20130304,13.303,13.317,13.303,13.312,1778,0
20130305,13.351,13.476,13.317,13.468,8672,0
20130306,13.495,13.583,13.46,13.556,8563,0
20130307,13.556,13.556,13.405,13.485,7074,0
20130308,13.413,13.508,13.389,13.46,2714,0
20130311,13.43,13.443,13.359,13.397,3773,0
20130312,13.359,13.405,13.262,13.405,5795,0
20130313,13.465,13.465,13.259,13.315,7097,0
20130314,13.408,13.408,12.943,12.978,17673,0
20130315,13.044,13.119,13.008,13.008,7706,0
20130318,13.012,13.189,12.994,13.094,2985,0
20130319,13.053,13.199,13.002,13.132,9030,0
20130320,13.094,13.372,13.094,13.354,8530,0
20130321,13.392,13.401,13.259,13.315,4137,0
20130322,13.362,13.362,13.021,13.094,6424,0
20130325,13.094,13.181,13.094,13.111,2594,0
20130326,13.215,13.215,13.07,13.094,5167,0
20130327,13.163,13.199,13.132,13.132,3542,0
20130328,13.229,13.297,13.229,13.29,1924,0
20130401,13.29,13.321,13.103,13.125,9665,0
20130402,13.181,13.251,13.171,13.251,22783,0
20130403,13.251,13.282,13.163,13.163,4867,0
20130404,13.199,13.33,13.111,13.119,9035,0
20130405,13.119,13.434,13.119,13.237,6332,0
20130408,13.29,13.29,13.189,13.207,13808,0
20130409,13.251,13.251,13.199,13.229,11182,0
20130410,13.243,13.315,13.111,13.237,17335,0
20130411,13.167,13.211,13.151,13.176,5087,0
20130412,13.16,13.225,13.16,13.225,3103,0
20130415,13.248,13.248,13.16,13.203,3561,0
20130416,13.151,13.342,13.136,13.335,10620,0
20130417,13.225,13.24,13.185,13.185,2643,0
20130418,13.279,13.279,13.185,13.185,3329,0
20130419,13.211,13.233,13.16,13.22,13154,0
20130422,13.24,13.368,13.24,13.368,8401,0
20130423,13.487,13.503,13.405,13.495,1931,0
20130424,13.533,13.636,13.517,13.636,26224,0
20130425,13.636,13.636,13.558,13.621,3955,0
20130426,13.611,13.611,13.578,13.578,2518,0
20130429,13.644,13.661,13.564,13.564,5469,0
20130430,13.661,13.661,13.533,13.533,9368,0
20130501,13.651,13.661,13.651,13.661,5144,0
20130502,13.661,13.661,13.586,13.586,2482,0
20130503,13.661,13.661,13.533,13.533,11152,0
20130506,13.533,13.578,13.477,13.477,3206,0
20130507,13.503,13.593,13.431,13.431,3040,0
20130508,13.438,13.593,13.438,13.578,4786,0
20130509,13.644,13.644,13.503,13.503,262,0
20130510,13.438,13.644,13.438,13.503,1400,0
20130513,13.574,13.582,13.482,13.482,3771,0
20130514,13.401,13.401,13.393,13.393,1342,0
20130515,13.393,13.417,13.32,13.32,2131,0
20130516,13.315,13.377,13.274,13.274,2640,0
20130517,13.32,13.32,13.213,13.25,10235,0
20130520,13.221,13.401,13.206,13.29,5850,0
20130521,13.274,13.282,13.274,13.274,5467,0
20130522,13.297,13.427,13.297,13.427,2341,0
20130523,13.492,13.513,13.29,13.297,5576,0
20130524,13.435,13.458,13.274,13.362,7072,0
20130529,13.439,13.439,13.179,13.197,11763,0
20130530,13.306,13.339,13.025,13.067,10004,0
20130531,13.036,13.167,13.021,13.062,9211,0
20130603,13.109,13.109,12.87,12.925,7934,0
20130604,12.862,13.059,12.668,12.838,12120,0
20130605,12.729,12.829,12.729,12.796,24841,0
20130606,12.749,13.092,12.749,12.82,17381,0
20130607,12.82,12.87,12.796,12.796,5853,0
20130610,12.82,12.838,12.737,12.737,7943,0
20130611,12.729,12.758,12.64,12.647,15078,0
20130612,12.588,12.629,12.258,12.258,13234,0
20130613,12.258,12.33,12.141,12.292,18987,0
20130614,12.307,12.383,12.187,12.258,10168,0
20130617,12.219,12.347,12.219,12.266,4078,0
20130618,12.187,12.274,12.133,12.236,12472,0
20130619,12.124,12.33,12.124,12.167,13977,0
20130620,12.093,12.158,12.034,12.15,13363,0
20130621,12.093,12.158,12.051,12.107,6338,0
20130624,11.977,12.009,11.685,11.746,72361,0
20130625,11.718,11.972,11.718,11.884,26779,0
20130626,11.803,12.141,11.803,12.133,24573,0
20130627,12.069,12.33,12.069,12.212,10279,0
20130628,12.107,12.258,12.009,12.175,15873,0
20130701,12.299,12.299,12.141,12.212,7605,0
20130702,12.107,12.227,12.107,12.167,9996,0
20130703,12.133,12.212,12.133,12.212,10127,0
20130705,12.093,12.093,11.848,12.044,11515,0
20130708,11.964,12.093,11.892,12.093,17782,0
20130709,11.994,12.001,11.856,11.916,4150,0
20130710,11.972,11.972,11.812,11.822,12831,0
20130711,11.843,11.991,11.843,11.955,16501,0
20130712,11.946,12.007,11.946,11.983,9897,0
20130715,11.969,11.983,11.914,11.976,18461,0
20130716,11.983,11.983,11.866,11.976,18953,0
20130717,11.929,12.13,11.888,12.105,25696,0
20130718,12.089,12.097,11.875,12.097,20734,0
20130719,11.961,12.032,11.914,12.024,9774,0
20130722,11.961,11.961,11.859,11.859,7729,0
20130723,11.817,11.961,11.817,11.866,7992,0
20130724,11.807,11.817,11.743,11.807,5704,0
20130725,11.743,11.843,11.743,11.75,2276,0
20130726,11.757,11.875,11.743,11.782,6728,0
20130729,11.743,11.833,11.743,11.833,8597,0
20130730,11.743,11.896,11.743,11.888,10719,0
20130731,11.969,11.969,11.52,11.737,24459,0
20130801,11.757,11.833,11.546,11.602,16092,0
20130802,11.688,11.713,11.602,11.625,13149,0
20130805,11.705,11.721,11.51,11.611,31832,0
20130806,11.551,11.632,11.51,11.611,18126,0
20130807,11.52,11.649,11.52,11.649,5469,0
20130808,11.649,11.688,11.611,11.665,38353,0
20130809,11.632,11.737,11.558,11.737,38781,0
20130812,11.632,11.75,11.558,11.75,20785,0
20130813,11.733,11.733,11.636,11.675,8980,0
20130814,11.668,11.741,11.636,11.636,39841,0
20130815,11.636,11.693,11.465,11.482,65521,0
20130816,11.445,11.554,11.362,11.362,66128,0
20130819,11.403,11.562,11.299,11.377,64966,0
20130820,11.421,11.54,11.353,11.532,25624,0
20130821,11.411,11.587,11.411,11.488,20685,0
20130822,11.496,11.746,11.436,11.741,16511,0
20130823,11.66,11.877,11.606,11.606,11023,0
20130826,11.606,11.741,11.488,11.733,20013,0
20130827,11.628,11.741,11.505,11.621,13481,0
20130828,11.459,11.675,11.459,11.651,16183,0
20130829,11.596,11.804,11.513,11.804,35767,0
20130830,11.769,11.902,11.725,11.902,30512,0
20130903,11.853,11.853,11.773,11.783,9458,0
20130904,11.875,11.931,11.75,11.861,21264,0
20130905,11.931,11.941,11.773,11.808,2666,0
20130906,11.818,11.931,11.792,11.881,28844,0
20130909,11.804,11.892,11.606,11.769,6943,0
20130910,11.713,11.773,11.61,11.671,15684,0
20130911,11.5,11.688,11.5,11.688,19273,0
20130912,11.61,11.665,11.518,11.518,21899,0
20130913,11.509,11.625,11.509,11.556,20795,0
20130916,11.526,11.75,11.526,11.705,29030,0
20130917,11.665,11.875,11.61,11.792,23128,0
20130918,11.792,11.971,11.783,11.923,28951,0
20130919,11.867,11.977,11.844,11.941,18001,0
20130920,11.844,11.89,11.773,11.89,9888,0
20130923,11.89,11.89,11.801,11.861,24751,0
20130924,11.792,12.108,11.773,12.108,32788,0
20130925,12,12.116,11.971,12.06,6862,0
20130926,12.086,12.441,10.831,12.142,11519,0
20130927,12.252,12.252,11.89,12.086,17184,0
20130930,12.044,12.06,11.907,12.026,7431,0
20131001,12.019,12.026,11.881,12.009,21900,0
20131002,12.093,12.093,11.881,11.89,34751,0
20131003,11.915,12.06,11.766,12.019,19783,0
20131004,11.931,11.971,11.931,11.949,947,0
20131007,11.808,11.915,11.808,11.907,5572,0
20131008,11.818,11.861,11.783,11.783,8647,0
20131009,11.783,12.16,11.766,12.151,11404,0
20131010,12.147,12.147,11.821,11.821,12856,0
20131011,11.803,11.877,11.776,11.795,5204,0
20131014,11.776,11.91,11.776,11.863,11091,0
20131015,11.776,11.803,11.568,11.753,41517,0
20131016,11.715,11.803,11.699,11.715,7613,0
20131017,11.739,11.935,11.739,11.926,7713,0
20131018,11.838,11.98,11.838,11.953,9848,0
20131021,11.892,11.926,11.803,11.91,21282,0
20131022,12.073,12.073,11.795,11.838,16058,0
20131023,11.902,11.974,11.884,11.974,2428,0
20131024,12.047,12.13,11.892,12.096,17126,0
20131025,12.047,12.105,12.038,12.081,2112,0
20131028,12.013,12.139,12.013,12.139,2746,0
20131029,12.218,12.218,12.112,12.139,3065,0
20131030,12.055,12.147,12.013,12.013,6439,0
20131031,12.022,12.147,12.022,12.13,17357,0
20131101,12.218,12.218,12.022,12.112,11766,0
20131104,12.201,12.201,12.038,12.164,1636,0
20131105,12.081,12.164,11.974,12.004,12687,0
20131106,12.21,12.21,11.918,12.12,40196,0
20131107,12.064,12.218,11.974,12.192,24964,0
20131108,12.03,12.081,11.918,11.926,31324,0
20131111,11.918,12.03,11.918,12.013,3646,0
20131112,11.935,11.974,11.838,11.902,15295,0
20131113,11.957,12.126,11.957,12.126,9168,0
20131114,12.101,12.101,11.948,12.101,46194,0
20131115,12.026,12.026,11.906,11.957,13348,0
20131118,11.994,12.071,11.977,11.986,32646,0
20131119,11.986,12.061,11.915,11.915,18053,0
20131120,12.001,12.028,11.782,11.791,50302,0
20131121,11.932,11.932,11.728,11.772,18424,0
20131122,11.728,11.756,11.662,11.695,22118,0
20131125,11.695,11.843,11.67,11.686,14732,0
20131126,11.662,11.756,11.662,11.686,5205,0
20131127,11.749,11.749,11.647,11.67,7638,0
20131129,11.647,11.834,11.647,11.647,6113,0
20131202,11.728,11.728,11.638,11.653,9624,0
20131203,11.686,11.8,11.638,11.67,17295,0
20131204,11.647,11.772,11.629,11.629,8944,0
20131205,11.629,11.695,11.629,11.647,9811,0
20131206,11.647,11.662,11.598,11.622,12391,0
20131209,11.607,11.607,11.504,11.588,26311,0
20131210,11.613,11.764,11.549,11.764,8658,0
20131211,11.632,11.632,11.556,11.592,13948,0
20131212,11.556,11.672,11.475,11.508,42980,0
20131213,11.483,11.574,11.483,11.566,10536,0
20131216,11.625,11.625,11.438,11.475,31249,0
20131217,11.535,11.666,11.468,11.666,19850,0
20131218,11.556,11.796,11.556,11.699,15072,0
20131219,11.672,11.812,11.602,11.812,45903,0
20131220,11.822,11.894,11.822,11.894,27263,0
20131223,11.904,12.067,11.904,11.954,15990,0
20131224,12.033,12.033,11.954,11.954,11398,0
20131226,11.937,12.016,11.885,11.904,12480,0
20131227,11.904,11.976,11.76,11.885,50751,0
20131230,11.839,11.937,11.739,11.919,49466,0
20131231,11.991,12.025,11.786,11.945,32144,0
20140102,11.872,12.007,11.849,11.857,49364,0
20140103,11.937,11.945,11.839,11.919,7113,0
20140106,11.937,12.059,11.912,11.912,12353,0
20140107,11.872,11.997,11.872,11.997,18917,0
20140108,11.919,12.197,11.919,12.133,18250,0
20140109,12.107,12.16,12.107,12.133,5801,0
20140110,12.133,12.221,12.133,12.176,14282,0
20140113,12.226,12.342,12.172,12.342,25855,0
20140114,12.424,12.448,12.185,12.21,38059,0
20140115,12.275,12.326,12.193,12.193,11967,0
20140116,12.249,12.308,12.193,12.293,13232,0
20140117,12.259,12.433,12.235,12.35,10620,0
20140121,12.333,12.35,12.235,12.259,4081,0
20140122,12.259,12.275,12.226,12.226,18112,0
20140123,12.243,12.466,12.243,12.457,24431,0
20140124,12.493,12.647,12.433,12.457,46413,0
20140127,12.457,12.484,12.275,12.285,6354,0
20140128,12.386,12.572,12.386,12.514,19496,0
20140129,12.416,12.67,12.416,12.663,19117,0
20140130,12.687,12.714,12.393,12.475,25460,0
20140131,12.416,12.624,12.416,12.58,7722,0
20140203,12.624,12.678,12.591,12.598,8698,0
20140204,12.67,12.845,12.663,12.704,25888,0
20140205,12.732,12.793,12.655,12.655,11440,0
20140206,12.591,12.723,12.591,12.678,6776,0
20140207,12.687,12.837,12.67,12.793,8879,0
20140210,12.901,12.901,12.888,12.888,10805,0
20140211,12.87,12.901,12.827,12.845,4343,0
20140212,12.842,12.923,12.743,12.743,7259,0
20140213,12.719,12.757,12.699,12.719,5379,0
20140214,12.69,12.719,12.651,12.699,6618,0
20140218,12.674,12.69,12.541,12.541,7075,0
20140219,12.565,12.61,12.565,12.61,1937,0
20140220,12.651,12.682,12.643,12.651,3553,0
20140221,12.666,12.781,12.666,12.781,2893,0
20140224,12.728,12.757,12.674,12.674,8944,0
20140225,12.637,12.774,12.62,12.62,8722,0
20140226,12.627,12.651,12.601,12.61,14394,0
20140227,12.627,12.804,12.627,12.797,19235,0
20140228,12.699,12.857,12.682,12.842,11661,0
20140303,12.804,13.012,12.804,12.941,23886,0
20140304,13.02,13.036,12.873,12.923,32857,0
20140305,12.933,13.054,12.933,13.012,12867,0
20140306,12.899,13.012,12.899,12.941,10013,0
20140307,12.933,12.933,12.842,12.933,3316,0
20140310,12.933,12.933,12.883,12.906,3019,0
20140311,13.081,13.081,13.001,13.045,5141,0
20140312,13.093,13.093,13.05,13.093,5232,0
20140313,13.133,13.241,13.133,13.203,3103,0
20140314,13.227,13.241,13.175,13.241,7223,0
20140317,13.166,13.316,13.149,13.166,15455,0
20140318,13.227,13.227,13.142,13.142,2955,0
20140319,13.194,13.194,13.149,13.149,4243,0
20140320,13.158,13.158,13.011,13.031,5124,0
20140321,13.077,13.194,13.077,13.102,5083,0
20140324,13.194,13.194,13.023,13.185,4729,0
20140325,13.084,13.119,13.084,13.119,2604,0
20140326,13.04,13.175,13.04,13.084,8311,0
20140327,13.133,13.133,13.102,13.102,6947,0
20140328,13.194,13.194,13.067,13.067,8711,0
20140331,13.067,13.185,13.031,13.084,6163,0
20140401,13.05,13.084,12.951,13.011,8867,0
20140402,13.077,13.077,12.996,13.005,4823,0
20140403,13.084,13.126,13.015,13.04,14885,0
20140404,13.011,13.04,12.996,13.005,3517,0
20140407,12.996,13.023,12.979,12.979,11769,0
20140408,12.979,13.04,12.979,13.031,7105,0
20140409,13.185,13.194,12.877,12.877,22388,0
20140410,12.877,13.005,12.877,12.942,10211,0
20140411,13.24,13.24,12.965,13.036,6867,0
20140414,13.082,13.099,13.02,13.099,7200,0
20140415,13.181,13.181,12.984,13.073,3038,0
20140416,13.139,13.232,13.099,13.139,9223,0
20140417,13.209,13.209,13.055,13.073,3513,0
20140421,13.006,13.055,12.965,12.991,20072,0
20140422,12.984,13.139,12.984,13.099,5652,0
20140423,13.108,13.217,13.108,13.116,8673,0
20140424,13.163,13.163,13.073,13.09,5571,0
20140425,13.108,13.248,13.108,13.181,12464,0
20140428,13.224,13.256,13.181,13.217,11560,0
20140429,13.217,13.248,13.2,13.2,6443,0
20140430,13.256,13.256,13.2,13.217,13655,0
20140501,13.281,13.375,13.281,13.375,3260,0
20140502,13.375,13.473,13.263,13.263,4305,0
20140505,13.365,13.473,13.365,13.473,4211,0
20140506,13.375,13.54,13.375,13.515,10464,0
20140507,13.515,13.758,13.375,13.758,13048,0
20140508,13.648,13.648,13.564,13.579,2666,0
20140509,13.432,13.758,13.432,13.549,4191,0
20140512,13.549,13.758,13.473,13.531,6453,0
20140513,13.754,13.772,13.527,13.527,6022,0
20140514,13.6,13.67,13.567,13.6,6582,0
20140515,13.6,13.6,13.519,13.527,4231,0
20140516,13.627,13.686,13.567,13.6,5718,0
20140519,13.619,13.663,13.527,13.527,5846,0
20140520,13.653,13.678,13.527,13.527,3687,0
20140521,13.627,13.645,13.519,13.627,6851,0
20140522,13.636,13.721,13.561,13.721,4403,0
20140523,13.721,13.721,13.59,13.59,3399,0
20140527,13.619,13.619,13.545,13.545,2115,0
20140528,13.619,13.619,13.519,13.527,19228,0
20140529,13.536,13.686,13.536,13.61,7629,0
20140530,13.67,13.729,13.567,13.567,5150,0
20140602,13.627,13.653,13.536,13.619,7025,0
20140603,13.619,13.678,13.536,13.536,6586,0
20140604,13.636,13.678,13.627,13.653,3798,0
20140605,13.762,14.849,13.762,14.145,10295,0
20140606,14.061,14.061,13.686,13.772,13153,0
20140609,13.772,13.772,13.536,13.6,21432,0
20140610,13.678,13.678,13.536,13.536,6910,0
20140611,13.557,13.557,13.531,13.531,8442,0
20140612,13.57,13.57,13.482,13.482,9706,0
20140613,13.447,13.523,13.421,13.465,4245,0
20140616,13.531,13.531,13.447,13.465,2221,0
20140617,13.447,13.457,13.319,13.319,5675,0
20140618,13.346,13.404,13.346,13.379,11242,0
20140619,13.404,13.404,13.354,13.363,6809,0
20140620,13.404,13.404,13.363,13.379,1676,0
20140623,13.354,13.404,13.354,13.395,12493,0
20140624,13.379,13.473,13.379,13.457,2633,0
20140625,13.457,13.457,13.412,13.431,15173,0
20140626,13.447,13.549,13.438,13.549,3397,0
20140627,13.465,13.557,13.465,13.557,4919,0
20140630,13.54,13.564,13.473,13.523,3063,0
20140701,13.523,13.57,13.492,13.564,4031,0
20140702,13.587,13.587,13.438,13.515,5474,0
20140703,13.5,13.5,13.373,13.379,5460,0
20140707,13.363,13.531,13.363,13.438,9512,0
20140708,13.447,13.564,13.363,13.404,3524,0
20140709,13.447,13.447,13.404,13.404,2307,0
20140710,13.447,13.447,13.421,13.421,1128,0
20140711,13.417,13.435,13.377,13.435,3809,0
20140714,13.496,13.496,13.407,13.407,674,0
20140715,13.399,13.399,13.377,13.39,4508,0
20140716,13.487,13.503,13.382,13.487,5192,0
20140717,13.496,13.496,13.39,13.39,8378,0
20140718,13.435,13.435,13.382,13.435,1218,0
20140721,13.382,13.487,13.377,13.46,6242,0
20140722,13.46,13.503,13.39,13.503,11517,0
20140723,13.503,13.503,13.487,13.503,3861,0
20140724,13.442,13.503,13.442,13.503,802,0
20140725,13.562,13.628,13.546,13.546,1027,0
20140728,13.583,13.655,13.575,13.62,5773,0
20140729,13.655,13.74,13.628,13.74,7964,0
20140730,13.655,13.703,13.655,13.695,5922,0
20140731,13.655,13.788,13.637,13.757,4892,0
20140801,13.788,13.788,13.664,13.757,8319,0
20140804,13.757,13.757,13.647,13.664,2099,0
20140805,13.62,13.647,13.477,13.51,15200,0
20140806,13.51,13.671,13.51,13.554,6123,0
20140807,13.583,13.664,13.519,13.528,8931,0
20140808,13.528,13.546,13.519,13.519,4631,0
20140811,13.519,13.591,13.519,13.528,9137,0
20140812,13.628,13.695,13.546,13.695,5688,0
20140813,13.727,13.727,13.57,13.57,2177,0
20140814,13.57,13.642,13.531,13.557,5225,0
20140815,13.557,13.557,13.514,13.522,14512,0
20140818,13.514,13.587,13.514,13.514,2079,0
20140819,13.514,13.54,13.514,13.514,2231,0
20140820,13.587,13.668,13.587,13.668,6928,0
20140821,13.587,13.684,13.587,13.65,1908,0
20140822,13.668,13.736,13.615,13.736,5651,0
20140825,13.684,13.727,13.684,13.727,623,0
20140826,13.675,13.818,13.642,13.8,6640,0
20140827,13.86,13.946,13.834,13.946,9841,0
20140828,13.86,13.972,13.86,13.972,2378,0
20140829,14.064,14.064,13.972,14.055,4786,0
20140902,13.972,14.064,13.972,14.019,4296,0
20140903,14.019,14.107,13.956,14.019,11769,0
20140904,13.946,14.064,13.896,14.036,1755,0
20140905,14,14.192,13.946,14.055,6490,0
20140908,14.174,14.174,14.046,14.072,2004,0
20140909,14.029,14.183,14.007,14.019,1764,0
20140910,14.107,14.107,13.896,13.896,11770,0
20140911,13.967,14.034,13.909,13.909,4812,0
20140912,13.901,14.012,13.73,13.901,3708,0
20140915,14.069,14.069,13.788,13.874,13712,0
20140916,13.796,13.856,13.694,13.739,5465,0
20140917,13.804,13.804,13.73,13.73,5762,0
20140918,13.821,13.821,13.646,13.646,7171,0
20140919,13.636,13.702,13.619,13.619,3799,0
20140922,13.686,13.788,13.686,13.788,1924,0
20140923,13.78,13.78,13.694,13.694,2141,0
20140924,13.712,13.722,13.646,13.671,3695,0
20140925,13.839,13.839,13.654,13.756,13726,0
20140926,13.663,13.901,13.619,13.901,2187,0
20140929,13.796,13.831,13.73,13.831,1317,0
20140930,13.702,13.804,13.663,13.804,1248,0
20141001,13.821,13.891,13.686,13.821,6561,0
20141002,13.814,13.967,13.686,13.934,12735,0
20141003,13.901,13.901,13.756,13.756,772,0
20141006,13.702,13.788,13.702,13.788,3084,0
20141007,13.788,13.864,13.73,13.831,10321,0
20141008,13.814,13.821,13.747,13.78,9524,0
20141009,13.764,13.951,13.756,13.756,9322,0
20141010,13.752,13.834,13.667,13.667,10692,0
20141013,13.674,13.717,13.667,13.69,8483,0
20141014,13.667,13.792,13.667,13.69,16394,0
20141015,13.717,13.792,13.667,13.717,8695,0
20141016,13.697,13.792,13.674,13.792,13041,0
20141017,13.667,13.888,13.667,13.697,11525,0
20141020,13.697,13.761,13.667,13.674,11333,0
20141021,13.674,13.683,13.674,13.683,508,0
20141022,13.683,13.761,13.683,13.743,3661,0
20141023,13.683,13.982,13.683,13.834,6418,0
20141024,13.809,13.818,13.809,13.818,343,0
20141027,13.818,13.897,13.809,13.834,3603,0
20141028,13.818,14.021,13.818,13.861,3260,0
20141029,13.851,14.021,13.843,13.973,4822,0
20141030,13.947,13.964,13.879,13.964,4327,0
20141031,14.001,14.014,13.914,14.014,3389,0
20141103,13.947,13.973,13.947,13.973,2368,0
20141104,13.973,14.038,13.914,14.009,3036,0
20141105,14.009,14.038,14.009,14.009,8341,0
20141106,14.009,14.03,13.93,13.947,6634,0
20141107,13.914,14.048,13.87,13.922,14615,0
20141110,13.914,13.964,13.851,13.851,6991,0
20141111,14.03,14.066,13.888,13.914,13630,0
20141112,13.935,13.935,13.935,13.935,1432,0
20141113,13.935,14.013,13.91,13.918,1857,0
20141114,13.986,14.035,13.986,14.035,2707,0
20141117,13.943,13.943,13.943,13.943,1528,0
20141118,14.017,14.139,13.943,14.107,9865,0
20141119,14.107,14.139,14.017,14.116,15531,0
20141120,14.086,14.242,14.086,14.242,3475,0
20141121,14.18,14.456,14.18,14.456,19057,0
20141124,14.372,14.372,14.242,14.242,2761,0
20141125,14.301,14.301,14.146,14.146,2898,0
20141126,14.156,14.217,14.156,14.217,3760,0
20141128,14.227,14.329,14.207,14.329,1123,0
20141201,14.365,14.396,14.252,14.381,8973,0
20141202,14.396,14.424,14.217,14.292,12318,0
20141203,14.259,14.552,14.259,14.464,14578,0
20141204,14.474,14.519,14.474,14.519,8552,0
20141205,14.484,14.613,14.424,14.484,16751,0
20141208,14.598,14.598,14.372,14.387,5932,0
20141209,14.346,14.414,14.242,14.301,8994,0
20141210,14.252,14.329,14.137,14.283,23221,0
20141211,14.212,14.212,14.09,14.09,6285,0
20141212,14.117,14.202,14.045,14.202,6277,0
20141215,14.127,14.262,14.063,14.262,5811,0
20141216,14.159,14.342,14.132,14.342,9174,0
20141217,14.342,14.361,14.296,14.296,5825,0
20141218,14.247,14.376,14.247,14.376,6085,0
20141219,14.383,14.383,14.306,14.333,7788,0
20141222,14.361,14.436,14.361,14.392,3506,0
20141223,14.42,14.524,14.383,14.524,11643,0
20141224,14.48,14.524,14.342,14.524,10382,0
20141226,14.524,14.524,14.454,14.489,3876,0
20141229,14.445,14.47,14.392,14.42,3426,0
20141230,14.411,14.445,14.392,14.445,1731,0
20141231,14.508,14.524,14.342,14.489,3631,0
20150102,14.48,14.524,14.48,14.516,4136,0
20150105,14.498,14.74,14.498,14.713,6444,0
20150106,14.635,14.759,14.516,14.654,9230,0
20150107,14.635,14.786,14.542,14.722,7649,0
20150108,14.819,14.826,14.672,14.826,9694,0
20150109,14.802,14.802,14.662,14.703,6091,0
20150112,14.703,14.703,14.55,14.575,18219,0
20150113,14.65,14.709,14.64,14.65,9253,0
20150114,14.709,14.858,14.677,14.727,8971,0
20150115,14.832,14.886,14.685,14.798,8890,0
20150116,14.848,14.946,14.691,14.848,8606,0
20150120,14.848,14.848,14.685,14.718,17230,0
20150121,14.79,15.009,14.677,15.009,8455,0
20150122,14.999,15.143,14.858,15.143,9274,0
20150123,15.083,15.083,15.009,15.034,6072,0
20150126,15.034,15.034,14.909,15.009,8616,0
20150127,15.112,15.112,14.928,14.937,2351,0
20150128,15.024,15.034,14.989,15.034,3864,0
20150129,15.034,15.295,15.034,15.171,10149,0
20150130,15.171,15.338,15.112,15.285,4944,0
20150202,15.354,15.354,15.153,15.189,6739,0
20150203,15.267,15.362,14.999,14.999,9738,0
20150204,14.928,14.937,14.876,14.886,3287,0
20150205,14.892,14.928,14.815,14.867,3323,0
20150206,14.946,14.946,14.736,14.736,3580,0
20150209,14.755,14.755,14.727,14.727,6570,0
20150210,14.677,14.79,14.677,14.709,6132,0
20150211,14.645,14.741,14.645,14.672,2822,0
20150212,14.714,14.741,14.574,14.662,26340,0
20150213,14.662,14.662,14.566,14.584,4744,0
20150217,14.672,14.672,14.469,14.469,10277,0
20150218,14.533,14.601,14.533,14.566,3010,0
20150219,14.469,14.681,14.469,14.556,3763,0
20150220,14.672,14.672,14.469,14.469,6240,0
20150223,14.566,14.566,14.497,14.497,2219,0
20150224,14.469,14.584,14.469,14.584,4239,0
20150225,14.523,14.687,14.515,14.584,3808,0
20150226,14.584,14.584,14.515,14.584,1667,0
20150227,14.533,14.645,14.515,14.574,6680,0
20150302,14.618,14.618,14.507,14.515,2972,0
20150303,14.584,14.635,14.469,14.507,6411,0
20150304,14.556,14.618,14.556,14.618,6180,0
20150305,14.645,14.942,14.645,14.942,16249,0
20150306,14.819,14.819,14.593,14.593,1950,0
20150309,14.523,14.769,14.507,14.769,5493,0
20150310,14.662,14.681,14.574,14.681,2749,0
20150311,14.736,14.746,14.57,14.57,5815,0
20150312,14.622,14.622,14.536,14.551,3421,0
20150313,14.473,14.56,14.446,14.463,13451,0
20150316,14.473,14.56,14.455,14.518,10374,0
20150317,14.543,14.543,14.429,14.429,3421,0
20150318,14.429,14.658,14.429,14.658,1140,0
20150319,14.551,14.551,14.438,14.438,2391,0
20150320,14.56,14.685,14.527,14.527,2852,0
20150323,14.677,14.685,14.589,14.658,2282,0
20150324,14.536,14.536,14.527,14.527,233,0
20150326,14.56,14.57,14.56,14.56,1248,0
20150327,14.56,14.56,14.527,14.56,5245,0
20150330,14.551,14.57,14.438,14.518,4219,0
20150331,14.57,14.598,14.518,14.598,5643,0
20150401,14.677,14.677,14.527,14.527,8551,0
20150402,14.446,14.718,14.438,14.718,13339,0
20150406,14.632,14.65,14.483,14.65,2049,0
20150407,14.589,14.589,14.579,14.579,552,0
20150408,14.632,14.685,14.632,14.632,4673,0
20150409,14.755,14.773,14.455,14.773,5913,0
20150410,14.755,14.824,14.598,14.699,4673,0
20150413,14.662,14.672,14.573,14.61,4429,0
20150414,14.583,14.618,14.573,14.61,14990,0
20150415,14.618,14.731,14.618,14.672,3492,0
20150416,14.61,14.672,14.61,14.672,6543,0
20150417,14.618,14.618,14.61,14.61,1813,0
20150420,14.741,14.741,14.593,14.741,11048,0
20150421,14.618,14.687,14.618,14.662,2184,0
20150422,14.654,14.654,14.654,14.654,179,0
20150423,14.662,14.662,14.645,14.654,5564,0
20150424,14.645,14.662,14.618,14.654,10879,0
20150427,14.635,14.672,14.635,14.662,4429,0
20150428,14.662,14.741,14.662,14.741,4499,0
20150429,14.627,14.731,14.583,14.723,5222,0
20150430,14.723,14.723,14.618,14.714,4881,0
20150501,14.714,14.714,14.54,14.547,9765,0
20150504,14.554,14.593,14.531,14.531,4770,0
20150505,14.531,14.531,14.505,14.521,3636,0
20150506,14.645,14.645,14.441,14.441,5869,0
20150507,14.477,14.486,14.318,14.318,5029,0
20150508,14.336,14.416,14.318,14.318,7949,0
20150511,14.318,14.416,14.308,14.308,4770,0
20150512,14.308,14.346,14.224,14.346,7747,0
20150513,14.322,14.455,14.322,14.455,7282,0
20150514,14.377,14.455,14.36,14.36,8143,0
20150515,14.313,14.393,14.304,14.322,4814,0
20150518,14.286,14.332,14.228,14.269,14634,0
20150519,14.269,14.313,14.208,14.304,6536,0
20150520,14.262,14.332,14.198,14.277,9004,0
20150521,14.262,14.36,14.245,14.245,3056,0
20150522,14.269,14.277,14.236,14.236,1806,0
20150526,14.208,14.304,14.208,14.294,2429,0
20150527,14.294,14.377,14.254,14.304,3846,0
20150528,14.236,14.421,14.236,14.421,8251,0
20150529,14.421,14.421,14.277,14.304,4525,0
20150601,14.377,14.473,14.294,14.455,4610,0
20150602,14.369,14.501,14.313,14.492,15613,0
20150603,14.437,14.518,14.437,14.501,6560,0
20150604,14.501,14.589,14.393,14.527,1698,0
20150605,14.421,14.445,14.384,14.384,4186,0
20150608,14.393,14.393,14.262,14.286,8707,0
20150609,14.269,14.35,14.006,14.198,21698,0
20150610,14.198,14.332,14.198,14.269,5784,0
20150611,14.281,14.549,14.281,14.549,18443,0
20150612,14.469,14.469,14.346,14.365,3156,0
20150615,14.365,14.389,14.346,14.389,564,0
20150616,14.389,14.442,14.308,14.308,5180,0
20150617,14.258,14.365,14.258,14.258,3942,0
20150618,14.336,14.355,14.265,14.265,1916,0
20150619,14.336,14.479,14.336,14.479,1128,0
20150622,14.365,14.523,14.365,14.523,1235,0
20150623,14.399,14.63,14.399,14.63,7623,0
20150624,14.638,14.638,14.451,14.451,793,0
20150625,14.442,14.442,14.417,14.417,1800,0
20150626,14.442,14.604,14.442,14.604,564,0
20150629,14.497,14.549,14.409,14.488,5070,0
20150630,14.409,14.595,14.409,14.595,3405,0
20150701,14.595,14.772,14.595,14.698,31429,0
20150702,14.735,14.781,14.46,14.479,27488,0
20150706,14.708,14.708,14.389,14.507,17460,0
20150707,14.566,14.717,14.566,14.717,3380,0
20150708,14.63,14.888,14.595,14.62,30080,0
20150709,14.638,14.912,14.638,14.825,11828,0
20150710,14.834,14.834,14.566,14.798,4619,0
20150713,14.749,14.961,14.669,14.961,2581,0
20150714,14.847,15.009,14.793,14.874,8630,0
20150715,14.989,15.195,14.952,15.097,11515,0
20150716,15.017,15.045,14.899,14.937,5161,0
20150717,15.035,15.035,14.961,15.035,3478,0
20150720,15.035,15.035,14.928,14.97,1570,0
20150721,14.89,14.952,14.89,14.952,1351,0
20150722,15.035,15.035,14.89,14.97,1570,0
20150723,15.045,15.045,14.874,15.009,667,0
20150724,14.899,15.017,14.865,14.899,3478,0
20150727,14.821,15.035,14.821,15.035,4375,0
20150728,14.928,14.97,14.83,14.839,4375,0
20150729,14.839,15.009,14.839,14.928,1458,0
20150730,14.884,15.025,14.847,15.009,14474,0
20150731,15.035,15.045,14.928,15.045,11108,0
20150803,14.961,15.045,14.952,15.017,4178,0
20150804,14.97,15.045,14.946,14.97,5387,0
20150805,15.063,15.063,14.952,14.952,667,0
20150806,14.928,14.928,14.83,14.928,1477,0
20150807,14.928,14.928,14.884,14.884,562,0
20150810,14.884,14.884,14.884,14.884,104,0
20150811,14.918,15.087,14.918,14.961,2679,0
20150813,15.04,15.155,15.013,15.013,6369,0
20150817,15.013,15.013,15.013,15.013,104,0
20150818,14.949,14.949,14.949,14.949,104,0
20150819,15.129,15.145,14.949,15.013,1452,0
20150820,15.013,15.013,15.013,15.013,104,0
20150821,15.145,15.145,14.842,14.904,4023,0
20150824,15.048,15.048,14.789,14.807,1013,0
20150825,15.145,15.145,14.807,15.066,787,0
20150826,14.895,14.932,14.78,14.815,4918,0
20150827,14.888,14.888,14.734,14.734,13749,0
20150828,14.772,14.851,14.734,14.851,1678,0
20150831,14.78,14.807,14.707,14.762,7152,0
20150901,14.834,14.834,14.572,14.725,2012,0
20150902,14.834,14.879,14.772,14.772,2906,0
20150903,14.895,14.913,14.663,14.673,24032,0
20150904,14.734,14.851,14.697,14.697,6484,0
20150908,14.949,14.949,14.762,14.762,6369,0
20150909,14.762,14.762,14.663,14.663,5030,0
20150910,14.663,14.673,14.572,14.572,5365,0
20150911,14.623,14.668,14.558,14.651,4455,0
20150914,14.641,14.668,14.641,14.668,452,0
20150915,14.651,14.687,14.623,14.651,13917,0
20150916,14.623,14.703,14.623,14.695,1556,0
20150917,14.623,14.678,14.623,14.678,1259,0
20150918,14.695,14.722,14.525,14.695,3674,0
20150921,14.768,14.768,14.695,14.695,4455,0
20150922,14.703,14.811,14.623,14.651,12136,0
20150923,14.651,14.651,14.597,14.623,3645,0
20150924,14.641,14.687,14.633,14.633,3932,0
20150925,14.641,14.811,14.606,14.803,6902,0
20150928,14.668,14.749,14.597,14.633,4659,0
20150929,14.722,14.722,14.722,14.722,1115,0
20150930,14.678,14.73,14.597,14.73,6458,0
20151001,14.759,14.759,14.614,14.651,9131,0
20151002,14.713,14.803,14.641,14.658,1556,0
20151005,14.658,14.658,14.614,14.614,5680,0
20151006,14.641,14.722,14.641,14.722,2336,0
20151007,14.678,14.777,14.668,14.768,7066,0
20151008,14.633,15.128,14.633,15.128,7906,0
20151009,15.01,15.01,14.83,14.847,2894,0
20151012,14.981,15.08,14.954,15.072,12141,0
20151013,15.075,15.131,14.996,15.032,1442,0
20151014,15.114,15.114,14.968,15.095,7428,0
20151015,15.167,15.167,15.032,15.032,2220,0
20151016,15.139,15.139,15.014,15.014,4546,0
20151019,14.924,14.996,14.924,14.968,5434,0
20151020,15.042,15.042,14.924,14.924,4103,0
20151021,14.942,14.949,14.879,14.879,7875,0
20151022,14.958,14.958,14.834,14.879,6543,0
20151023,14.851,14.977,14.851,14.942,10867,0
20151026,14.968,14.968,14.842,14.842,3770,0
20151027,14.879,14.958,14.824,14.824,11758,0
20151028,14.904,14.958,14.807,14.807,2884,0
20151029,14.842,14.949,14.807,14.851,7096,0
20151030,14.824,15.095,14.824,15.095,12197,0
20151102,15.131,15.167,15.105,15.167,4154,0
20151103,15.167,15.195,15.042,15.185,4473,0
20151104,15.124,15.139,15.124,15.139,540,0
20151105,15.219,15.219,15.05,15.067,2439,0
20151106,15.042,15.114,14.968,15.042,8317,0
20151109,14.834,15.095,14.834,15.095,2223,0
20151110,15.11,15.143,15.001,15.143,2430,0
20151111,15.072,15.215,15.072,15.128,6517,0
20151112,15.153,15.571,15.128,15.571,19553,0
20151113,15.526,15.526,15.3,15.326,26180,0
20151116,15.343,15.589,15.308,15.552,21210,0
20151117,15.487,15.606,15.244,15.253,12813,0
20151118,15.321,15.321,15.071,15.089,18923,0
20151119,15.171,15.216,15.162,15.2,3806,0
20151120,15.2,15.206,15.128,15.206,8373,0
20151123,15.216,15.246,15.216,15.246,7613,0
20151124,15.216,15.246,15.171,15.235,2718,0
20151125,15.246,15.246,15.136,15.143,8592,0
20151127,15.099,15.206,15.099,15.206,2391,0
20151130,15.162,15.181,15.118,15.181,3806,0
20151201,15.255,15.255,15.099,15.136,4921,0
20151202,15.216,15.236,15.128,15.206,14834,0
20151203,15.236,15.236,15.118,15.143,5625,0
20151204,15.181,15.181,15.079,15.079,10331,0
20151207,15.099,15.143,15.079,15.136,4567,0
20151208,15.118,15.236,15.118,15.236,13129,0
20151209,15.226,15.226,15.089,15.153,12507,0
20151210,15.181,15.338,15.118,15.283,6307,0
20151211,15.293,15.328,15.109,15.311,17836,0
20151214,15.338,15.338,15.143,15.321,12045,0
20151215,15.328,15.328,15.181,15.321,3806,0
20151216,15.365,15.53,15.346,15.522,2611,0
20151217,15.474,15.669,15.474,15.669,13701,0
20151218,15.669,15.724,15.621,15.679,3806,0
20151221,15.679,15.769,15.621,15.769,4677,0
20151222,15.689,15.898,15.604,15.861,14640,0
20151223,15.871,15.963,15.586,15.955,4786,0
20151224,15.798,15.798,15.715,15.798,4251,0
20151228,15.807,15.991,15.807,15.898,1252,0
20151229,15.76,15.861,15.75,15.75,6547,0
20151230,15.769,16.026,15.705,15.75,10634,0
20151231,15.788,15.788,15.65,15.65,2564,0
20160104,15.731,15.861,15.578,15.586,10949,0
20160105,15.715,16.025,15.66,15.741,12136,0
20160106,15.871,15.908,15.741,15.76,12540,0
20160107,15.842,15.872,15.578,15.621,13205,0
20160108,15.621,15.75,15.586,15.586,7807,0
20160111,15.669,15.724,15.578,15.578,5329,0
20160112,15.586,15.586,15.456,15.483,6789,0
20160113,15.535,15.704,15.418,15.435,18017,0
20160114,15.498,15.618,15.444,15.573,8164,0
20160115,15.508,15.656,15.508,15.646,4523,0
20160119,15.694,15.839,15.694,15.821,3575,0
20160120,15.72,15.72,15.435,15.675,21710,0
20160121,15.887,15.887,15.601,15.711,4262,0
20160122,15.711,15.711,15.646,15.646,4702,0
20160125,15.711,15.711,15.675,15.694,7671,0
20160126,15.711,15.988,15.549,15.988,10190,0
20160127,16.033,16.469,15.84,15.877,19007,0
20160128,15.877,16.061,15.704,15.853,13477,0
20160129,15.821,16.154,15.821,15.915,8603,0
20160201,16.024,16.096,15.952,16.061,5652,0
20160202,16.061,16.319,16.052,16.257,8928,0
20160203,16.183,16.437,16.173,16.31,18520,0
20160204,16.154,16.287,16.126,16.136,2073,0
20160205,16.183,16.183,15.877,15.915,10721,0
20160208,15.961,16.301,15.877,15.877,14914,0
20160209,15.877,15.97,15.877,15.97,4603,0
20160210,15.965,16.288,15.877,16.011,9895,0
20160211,16.132,16.132,15.613,15.705,56968,0
20160212,15.76,15.76,15.613,15.641,14540,0
20160216,15.641,15.66,15.584,15.641,5826,0
20160217,15.705,15.705,15.52,15.604,11825,0
20160218,15.604,15.705,15.594,15.705,15056,0
20160219,15.705,15.9,15.617,15.828,19140,0
20160222,15.816,15.892,15.75,15.75,11915,0
20160223,15.843,16.037,15.788,16.037,15436,0
20160224,16.075,16.084,15.97,16.084,3545,0
20160225,16.179,16.343,16.075,16.298,17574,0
20160226,16.381,16.4,16.28,16.4,2746,0
20160229,16.391,16.4,16.272,16.4,5686,0
20160301,16.353,16.521,16.216,16.316,32964,0
20160302,16.371,16.448,16.216,16.448,8005,0
20160303,16.374,16.381,16.28,16.381,3807,0
20160304,16.381,16.391,16.381,16.381,5502,0
20160307,16.381,16.448,16.381,16.419,11568,0
20160308,16.4,16.448,16.388,16.448,3816,0
20160309,16.428,16.448,16.391,16.448,5946,0
20160310,16.445,16.611,16.445,16.611,10938,0
20160311,16.729,16.729,16.507,16.516,17328,0
20160314,16.544,16.544,16.375,16.375,11184,0
20160315,16.375,16.375,16.044,16.115,25293,0
20160316,16.014,16.375,16.004,16.04,8766,0
20160317,16.04,16.04,15.921,15.921,2376,0
20160318,15.884,16.19,15.804,15.912,16523,0
20160321,15.875,16.227,15.875,16.153,7394,0
20160322,16.423,16.423,16.231,16.356,1508,0
20160323,16.301,16.535,16.301,16.535,11186,0
20160324,16.636,16.636,16.486,16.588,1347,0
20160328,16.598,17.466,16.598,16.693,10998,0
20160329,16.729,16.739,16.525,16.729,4090,0
20160330,16.739,16.772,16.703,16.703,8086,0
20160331,16.858,16.877,16.729,16.849,19616,0
20160401,16.877,16.877,16.571,16.598,2741,0
20160404,16.877,16.915,16.849,16.887,5653,0
20160405,16.488,16.786,16.488,16.739,1836,0
20160406,16.544,16.858,16.544,16.858,5272,0
20160407,16.598,16.915,16.516,16.713,11128,0
20160408,16.525,16.636,16.525,16.535,5525,0
20160411,16.498,16.598,16.498,16.535,2751,0
20160412,16.571,16.719,16.571,16.719,2264,0
20160413,16.611,16.621,16.52,16.52,10038,0
20160414,16.437,16.464,15.596,16.464,28177,0
20160415,16.511,16.593,16.427,16.511,6530,0
20160418,16.398,16.636,16.351,16.473,5138,0
20160419,16.593,16.593,16.259,16.269,14222,0
20160420,16.379,16.379,16.278,16.295,13105,0
20160421,16.24,16.351,16.24,16.269,5496,0
20160422,16.297,16.341,16.24,16.341,12643,0
20160425,16.313,16.313,16.24,16.24,9885,0
20160426,16.269,16.275,16.194,16.204,6610,0
20160427,16.204,16.417,16.194,16.24,3069,0
20160428,16.213,16.446,16.194,16.194,5441,0
20160429,16.24,16.437,16.24,16.249,4042,0
20160502,16.322,16.379,16.24,16.249,6024,0
20160503,16.259,16.36,16.24,16.269,9174,0
20160504,16.249,16.408,16.24,16.24,4527,0
20160505,16.24,16.286,16.24,16.24,2801,0
20160506,16.269,16.348,16.269,16.322,5480,0
20160510,16.351,16.468,16.322,16.437,6104,0
20160511,16.403,16.631,16.384,16.507,12075,0
20160512,16.665,16.675,16.459,16.611,8287,0
20160513,16.585,16.636,16.585,16.626,2848,0
20160516,16.852,16.852,16.336,16.806,19798,0
20160517,16.704,16.861,16.637,16.647,4182,0
20160518,16.713,16.759,16.459,16.642,11813,0
20160519,16.534,16.58,16.384,16.394,9720,0
20160520,16.442,16.487,16.442,16.442,2402,0
20160523,16.442,16.73,16.442,16.442,4602,0
20160524,16.487,16.553,16.451,16.451,7130,0
20160525,16.451,16.507,16.442,16.497,9124,0
20160526,16.787,16.787,16.511,16.511,892,0
20160527,16.515,16.713,16.515,16.609,13716,0
20160531,16.515,16.787,16.432,16.74,18877,0
20160601,16.835,16.861,16.571,16.827,8796,0
20160602,16.965,17.039,16.543,16.553,8518,0
20160603,16.684,16.835,16.684,16.782,4930,0
20160606,16.852,16.852,16.637,16.704,10946,0
20160607,16.8,16.843,16.665,16.843,3462,0
20160608,16.675,16.835,16.562,16.749,5708,0
20160609,16.749,16.749,16.609,16.609,2937,0
20160610,16.76,16.76,16.589,16.599,1608,0
20160613,16.726,16.999,16.717,16.99,5059,0
20160614,16.699,16.704,16.35,16.49,15517,0
20160615,16.717,16.774,16.548,16.548,9165,0
20160616,16.575,16.848,16.575,16.675,10647,0
20160617,16.839,16.839,16.796,16.796,1765,0
20160620,16.66,16.745,16.548,16.721,16857,0
20160621,16.678,16.971,16.678,16.868,7686,0
20160622,16.876,16.905,16.642,16.836,3549,0
20160623,16.836,16.914,16.702,16.702,3353,0
20160624,16.914,16.914,16.615,16.813,9573,0
20160627,16.699,16.911,16.604,16.65,8627,0
20160628,16.689,16.857,16.689,16.726,9149,0
20160629,16.765,16.783,16.679,16.736,5276,0
20160630,16.66,16.897,16.66,16.726,18120,0
20160701,16.802,16.867,16.755,16.755,2990,0
20160705,16.604,16.914,16.604,16.791,4860,0
20160706,16.839,16.952,16.802,16.952,11553,0
20160707,16.943,17.065,16.905,16.924,7934,0
20160708,16.924,17.065,16.924,16.943,3228,0
20160711,16.67,17.094,16.67,17.078,6467,0
20160712,17.018,17.018,16.825,16.897,9230,0
20160713,16.909,17.154,16.897,17.051,19663,0
20160714,16.995,16.995,16.751,16.871,15923,0
20160715,16.797,17.008,16.514,16.514,8282,0
20160718,16.608,17.145,16.608,16.853,12245,0
20160719,16.844,17.126,16.73,16.853,7816,0
20160720,16.891,17.153,16.891,17.145,10857,0
20160721,17.174,17.194,17.01,17.145,10250,0
20160722,17.164,17.164,17.023,17.023,1847,0
20160725,17.051,17.051,17.051,17.051,503,0
20160726,17.126,17.194,16.881,17.194,9160,0
20160727,17.194,17.532,17.004,17.315,22981,0
20160728,17.305,17.364,17.174,17.296,20611,0
20160729,17.315,17.486,17.22,17.325,27047,0
20160801,17.401,17.674,17.226,17.393,33659,0
20160802,17.409,17.458,17.305,17.438,11010,0
20160803,17.438,17.549,17.296,17.458,22111,0
20160804,17.409,17.532,17.259,17.383,20620,0
20160805,17.458,17.532,17.174,17.532,38748,0
20160808,17.504,17.504,17.335,17.486,17637,0
20160809,17.504,17.504,17.364,17.504,10379,0
20160810,17.504,17.666,17.211,17.344,42102,0
20160811,17.349,17.657,17.281,17.482,6227,0
20160812,17.585,17.614,17.453,17.614,4084,0
20160815,17.537,17.653,17.235,17.565,30802,0
20160816,17.634,17.662,17.537,17.547,19050,0
20160817,17.634,17.662,17.585,17.662,9822,0
20160818,17.653,17.653,17.207,17.472,36413,0
20160819,17.379,17.424,17.33,17.34,7692,0
20160822,17.424,17.424,17.34,17.404,12805,0
20160823,17.369,17.414,17.321,17.414,5587,0
20160824,17.491,17.491,17.32,17.369,10413,0
20160825,17.443,17.653,17.33,17.653,14783,0
20160826,17.653,17.653,17.463,17.463,10859,0
20160829,17.575,17.614,17.443,17.565,16308,0
20160830,17.575,17.614,17.519,17.614,7559,0
20160831,17.565,17.58,17.514,17.575,9481,0
20160901,17.594,17.614,17.369,17.509,19159,0
20160902,17.424,17.443,17.32,17.349,9717,0
20160906,17.379,17.611,17.281,17.396,18211,0
20160907,17.519,17.519,17.359,17.519,17306,0
20160908,17.519,17.594,17.519,17.537,5109,0
20160909,17.509,17.643,17.443,17.604,15387,0
20160912,17.604,17.879,17.604,17.849,17361,0
20160913,17.849,18.213,17.83,17.927,17373,0
20160914,17.907,17.907,17.638,17.907,44270,0
20160915,17.898,17.898,17.727,17.889,3594,0
20160916,17.898,17.898,17.727,17.821,4379,0
20160919,17.889,17.907,17.801,17.907,2592,0
20160920,17.879,18.609,17.879,18.591,8996,0
20160921,18.488,18.488,18.013,18.24,20959,0
20160922,18.145,18.145,17.859,17.879,12621,0
20160923,17.955,18.105,17.849,18.013,7305,0
20160926,17.879,18.004,17.719,17.719,9252,0
20160927,17.757,17.801,17.757,17.767,2663,0
20160928,17.927,17.927,17.727,17.821,2060,0
20160929,17.955,17.955,17.709,17.815,5309,0
20160930,17.859,17.859,17.699,17.699,4726,0
20161003,17.793,17.84,17.699,17.699,6488,0
20161004,17.859,17.859,17.554,17.554,2634,0
20161005,17.584,17.689,17.518,17.536,17754,0
20161006,17.518,17.518,17.377,17.462,3865,0
20161007,17.623,17.623,17.623,17.623,307,0
20161010,17.661,17.661,17.347,17.347,7252,0
20161011,17.338,17.415,17.262,17.286,3427,0
20161012,17.413,17.484,17.289,17.289,4620,0
20161013,17.284,17.293,17.156,17.186,8268,0
20161014,17.156,17.176,16.966,17.1,18542,0
20161017,17.061,17.061,16.632,16.632,9094,0
20161018,16.718,16.957,16.665,16.827,3057,0
20161019,16.814,17.089,16.814,17.004,4338,0
20161020,17.023,17.023,16.642,16.866,3737,0
20161021,17.032,17.11,16.87,17.061,8312,0
20161025,17.099,17.099,16.824,16.88,4583,0
20161026,16.976,16.976,16.976,16.976,264,0
20161027,16.656,17.112,16.656,17.112,3361,0
20161028,16.89,16.89,16.732,16.804,3723,0
20161031,16.794,16.824,16.566,16.566,9111,0
20161101,16.585,16.618,16.488,16.519,6484,0
20161102,16.551,16.633,16.504,16.572,7789,0
20161103,16.564,16.564,16.564,16.564,1050,0
20161104,16.985,16.985,16.47,16.702,4631,0
20161107,16.67,16.88,16.67,16.88,1096,0
20161108,16.834,16.834,16.834,16.834,102,0
20161109,16.622,16.804,16.594,16.699,2760,0
20161110,16.729,16.729,16.354,16.354,2154,0
20161111,16.26,16.26,16.095,16.131,9336,0
20161114,16.068,16.276,15.819,15.819,15008,0
20161115,15.638,15.928,15.633,15.781,18447,0
20161116,15.819,16.012,15.436,15.465,19435,0
20161117,15.587,15.743,15.471,15.538,20238,0
20161118,15.471,15.568,15.277,15.451,10414,0
20161121,15.403,15.656,15.403,15.51,16072,0
20161122,15.568,15.671,15.471,15.5,10006,0
20161123,15.374,15.597,15.344,15.52,9632,0
20161125,15.51,15.51,15.354,15.364,4238,0
20161128,15.413,15.47,15.394,15.432,7244,0
20161129,15.451,15.647,15.384,15.394,5931,0
20161130,15.384,15.384,15.344,15.364,7478,0
20161201,15.432,15.441,15.306,15.364,24470,0
20161202,15.344,15.426,15.296,15.354,32232,0
20161205,15.344,15.476,15.344,15.374,13069,0
20161206,15.354,15.479,15.344,15.432,4981,0
20161207,15.432,15.704,15.432,15.626,12437,0
20161208,15.626,15.626,15.461,15.471,3410,0
20161209,15.51,15.51,15.413,15.461,6061,0
20161212,15.403,15.566,15.335,15.451,13794,0
20161213,15.423,15.5,15.403,15.403,8203,0
20161214,15.451,15.598,15.423,15.598,9221,0
20161215,15.718,15.718,15.548,15.568,15679,0
20161216,15.548,15.548,15.451,15.451,5232,0
20161219,15.432,15.49,15.403,15.423,37146,0
20161220,15.423,15.49,15.413,15.48,14225,0
20161221,15.49,15.49,15.441,15.49,16478,0
20161222,15.49,15.725,15.451,15.705,33307,0
20161223,15.568,15.647,15.471,15.548,20040,0
20161227,15.568,15.674,15.549,15.598,11051,0
20161228,15.578,15.646,15.471,15.49,12073,0
20161229,15.49,15.538,15.451,15.49,19934,0
20161230,15.578,15.578,15.501,15.568,5804,0
20170103,15.568,15.9,15.48,15.48,11977,0
20170104,15.588,15.772,15.588,15.744,9281,0
20170105,15.695,15.988,15.695,15.978,16452,0
20170106,16.104,16.173,15.822,15.92,4266,0
20170109,16.008,16.114,15.773,15.773,10062,0
20170110,15.891,15.891,15.753,15.792,22270,0
20170111,15.9,15.9,15.782,15.871,11514,0
20170112,15.95,16.086,15.93,15.979,7817,0
20170113,16.086,16.204,16.073,16.174,7250,0
20170117,16.115,16.304,16.115,16.253,6611,0
20170118,16.369,16.439,16.207,16.32,17904,0
20170119,16.194,16.243,16.125,16.214,13764,0
20170120,16.214,16.214,16.131,16.141,5646,0
20170123,16.194,16.263,16.165,16.165,6259,0
20170124,16.409,16.409,16.232,16.33,9585,0
20170125,16.409,16.409,16.204,16.204,5931,0
20170126,16.184,16.387,16.184,16.369,2832,0
20170127,16.233,16.443,16.224,16.263,22290,0
20170130,16.389,16.389,16.263,16.27,11601,0
20170131,16.36,17.153,16.272,16.537,4126,0
20170201,16.585,16.634,16.301,16.575,7951,0
20170202,16.653,16.653,16.34,16.377,7744,0
20170203,16.34,16.605,16.325,16.537,7191,0
20170206,16.653,16.653,16.458,16.458,3545,0
20170207,16.527,16.601,16.466,16.566,3169,0
20170208,16.517,16.517,16.389,16.44,1919,0
20170209,16.526,16.526,16.418,16.418,2150,0
20170210,16.311,16.436,16.311,16.436,955,0
20170213,16.291,16.448,16.291,16.399,5508,0
20170214,16.389,16.615,16.389,16.497,4681,0
20170215,16.399,16.556,16.389,16.556,8442,0
20170216,16.429,16.61,16.429,16.563,1118,0
20170217,16.419,16.616,16.419,16.616,3842,0
20170221,16.497,16.645,16.497,16.645,3005,0
20170222,16.507,16.881,16.487,16.487,12580,0
20170223,16.546,16.546,16.419,16.419,1868,0
20170224,16.512,16.512,16.512,16.512,588,0
20170227,16.399,16.497,16.213,16.471,8035,0
20170301,16.546,16.546,16.439,16.448,2654,0
20170302,16.367,16.367,16.367,16.367,466,0
20170303,16.546,16.546,16.35,16.361,5700,0
20170306,16.32,16.365,16.32,16.36,5044,0
20170307,16.222,16.291,16.222,16.272,1734,0
20170308,16.213,16.213,16.085,16.106,4051,0
20170309,15.898,15.898,15.819,15.884,2500,0
20170310,16.055,16.055,15.908,15.908,2914,0
20170313,15.872,15.888,15.872,15.882,1324,0
20170314,16.01,16.01,15.946,15.946,405,0
20170315,16.069,16.611,15.97,16.562,7713,0
20170316,16.552,16.552,16.226,16.246,7007,0
20170317,16.168,16.168,16.168,16.168,229,0
20170320,16.33,16.33,16.33,16.33,221,0
20170321,16.473,16.473,16.287,16.414,3172,0
20170322,16.383,16.454,16.237,16.444,8272,0
20170323,16.286,16.562,16.286,16.552,6600,0
20170324,16.592,16.621,16.592,16.621,4513,0
20170327,16.788,17.726,16.552,16.552,25732,0
20170328,16.862,16.907,16.672,16.672,1563,0
20170329,17.034,17.034,16.562,16.808,2908,0
20170330,17.255,17.255,16.463,16.512,19144,0
20170331,16.444,16.7,16.444,16.67,8799,0
20170403,16.768,16.768,16.768,16.768,671,0
20170404,16.966,16.966,16.69,16.69,1746,0
20170405,16.68,16.68,16.68,16.68,395,0
20170406,16.68,16.946,16.68,16.946,1910,0
20170407,17.29,17.3,16.808,16.808,7595,0
20170410,16.582,17.42,16.582,17.413,3998,0
20170411,17.076,17.142,16.927,16.947,2488,0
20170412,16.905,16.913,16.73,16.759,7484,0
20170413,16.899,17.036,16.73,16.799,2933,0
20170417,16.819,16.839,16.74,16.839,1690,0
20170418,16.987,17.006,16.779,16.869,5904,0
20170419,16.908,17.008,16.779,16.779,7689,0
20170420,16.779,16.829,16.779,16.829,3390,0
20170421,16.987,16.987,16.819,16.819,2420,0
20170424,16.977,16.982,16.814,16.89,7862,0
20170425,17.026,17.026,16.836,16.899,3899,0
20170426,16.749,16.887,16.631,16.65,6657,0
20170427,16.869,16.869,16.631,16.758,3721,0
20170428,16.779,16.779,16.621,16.69,3333,0
20170501,16.809,16.809,16.67,16.722,4747,0
20170502,16.879,16.879,16.742,16.749,2047,0
20170503,16.708,17.183,16.708,17.183,3011,0
20170504,16.927,16.927,16.7,16.749,2889,0
20170505,16.762,16.779,16.757,16.779,898,0
20170508,16.76,16.76,16.641,16.641,9449,0
20170509,16.532,16.72,16.532,16.65,5551,0
20170510,16.582,16.675,16.582,16.611,6268,0
20170511,16.703,16.703,16.634,16.683,2787,0
20170512,16.683,16.733,16.683,16.693,2697,0
20170515,16.703,16.823,16.703,16.763,2419,0
20170516,16.703,16.863,16.703,16.783,7476,0
20170517,16.873,16.873,16.763,16.763,3076,0
20170518,16.743,16.806,16.683,16.713,2781,0
20170519,16.693,16.843,16.653,16.673,6215,0
20170522,16.883,16.883,16.683,16.866,7759,0
20170523,16.713,16.873,16.713,16.823,12409,0
20170524,16.873,16.873,16.823,16.823,688,0
20170525,16.971,17.081,16.835,16.863,2475,0
20170526,17.021,17.021,16.863,16.931,975,0
20170530,17.031,17.031,16.879,16.903,4467,0
20170531,17.031,17.074,16.951,17.031,2805,0
20170601,17.319,17.319,16.981,17.021,4547,0
20170602,17.419,17.419,17.141,17.219,14914,0
20170605,17.078,17.369,17.078,17.369,2957,0
20170606,17.429,17.429,17.279,17.369,7885,0
20170607,17.627,17.628,17.55,17.577,4008,0
20170608,17.653,17.776,17.449,17.449,6857,0
20170609,17.727,17.727,17.479,17.497,3835,0
20170612,17.429,17.677,17.399,17.627,15871,0
20170613,17.481,17.69,17.471,17.471,4450,0
20170614,17.74,17.779,17.6,17.6,994,0
20170615,17.71,17.789,17.69,17.69,2487,0
20170616,17.75,17.75,17.57,17.57,2948,0
20170619,17.789,17.789,17.341,17.341,9382,0
20170620,17.381,17.381,17.351,17.381,594,0
20170621,17.431,17.55,17.431,17.51,2347,0
20170622,17.52,17.849,17.52,17.849,6316,0
20170623,17.939,17.939,17.51,17.869,4109,0
20170626,17.819,17.829,17.787,17.787,9710,0
20170627,17.829,17.829,17.78,17.829,6557,0
20170628,17.829,17.829,17.78,17.829,4677,0
20170629,17.829,17.829,17.5,17.55,6088,0
20170630,17.829,17.829,17.74,17.815,7462,0
20170703,17.829,17.829,17.819,17.829,18373,0
20170705,17.829,17.829,17.829,17.829,1129,0
20170706,17.72,17.803,17.64,17.64,5261,0
20170707,17.809,17.829,17.481,17.481,14199,0
20170710,17.64,17.64,17.6,17.64,4639,0
20170711,17.64,17.64,17.54,17.64,4738,0
20170712,17.68,17.89,17.68,17.8,8339,0
20170713,17.89,17.89,17.755,17.8,1219,0
20170714,17.88,17.88,17.57,17.8,2867,0
20170717,17.95,18,17.84,17.84,7631,0
20170718,17.99,18,17.64,17.69,15748,0
20170719,17.93,17.93,17.5127,17.75,14850,0
20170720,17.7,17.84,17.7,17.84,3315,0
20170721,17.69,17.77,17.47,17.63,2284,0
20170724,18,18,17.58,17.59,6145,0
20170725,17.81,18,17.78,17.97,9370,0
20170726,17.83,17.88,17.8,17.88,3541,0
20170727,17.92,17.97,17.8,17.809,10115,0
20170728,18,18,17.34,17.5899,25855,0
20170731,17.71,17.73,17.6,17.69,2788,0
20170801,17.95,17.95,17.54,17.88,7862,0
