Date,Open,High,Low,Close,Volume,OpenInt
20111107,12.379,12.396,12.306,12.31,677143,0
20111108,12.31,12.322,12.249,12.266,864337,0
20111109,12.247,12.247,10.992,11.087,1788114,0
20111110,11.241,11.295,10.735,11.115,1151245,0
20111111,11.222,11.869,11.175,11.869,854924,0
20111114,11.872,12.036,11.668,11.872,437634,0
20111115,11.727,11.872,11.431,11.815,568373,0
20111116,11.834,11.97,11.711,11.815,481598,0
20111117,11.92,11.92,11.521,11.569,317994,0
20111118,11.566,11.655,11.227,11.3,289450,0
20111121,11.277,11.277,10.859,11.014,410640,0
20111122,10.907,11.212,10.902,11.08,271216,0
20111123,10.907,11.032,10.616,10.633,243661,0
20111125,10.582,10.998,10.582,10.835,128343,0
20111128,11.277,11.319,10.892,10.968,234140,0
20111129,10.942,11.138,10.918,11.019,180673,0
20111130,11.402,11.402,10.687,11.091,465097,0
20111201,11.045,11.306,10.73,10.796,182201,0
20111202,10.897,11.216,10.892,11.124,157992,0
20111205,11.3,11.473,11.259,11.314,356211,0
20111206,11.223,11.371,10.989,11.366,361774,0
20111207,11.286,11.607,11.256,11.522,243736,0
20111208,11.512,11.552,11.19,11.536,163773,0
20111209,11.536,11.564,11.286,11.559,122169,0
20111212,11.398,11.433,11.008,11.247,244658,0
20111213,11.375,11.806,11.295,11.799,527684,0
20111214,11.751,11.806,11.371,11.662,263186,0
20111215,11.806,11.806,11.3,11.554,339688,0
20111216,11.751,11.824,11.705,11.756,187073,0
20111219,11.83,11.862,11.398,11.774,360360,0
20111220,11.87,12.019,11.811,11.896,232940,0
20111221,11.84,11.929,11.728,11.87,135638,0
20111222,11.877,12.152,11.751,12.091,235795,0
20111223,12.097,12.485,12.027,12.461,253760,0
20111227,12.402,12.535,12.263,12.37,303888,0
20111228,12.346,12.434,12.159,12.197,202709,0
20111229,12.209,12.251,12.091,12.251,195784,0
20111230,12.251,12.363,11.955,12.234,285288,0
20120103,12.491,12.546,12.395,12.527,258116,0
20120104,12.478,12.652,12.402,12.603,303592,0
20120105,12.546,12.633,12.447,12.633,306966,0
20120106,12.704,12.726,12.478,12.647,265041,0
20120109,12.619,12.747,12.52,12.742,277984,0
20120110,12.839,12.839,12.377,12.485,185691,0
20120111,12.453,12.521,12.188,12.249,123300,0
20120112,12.249,12.249,12.106,12.177,148080,0
20120113,12.188,12.188,11.955,12.183,101354,0
20120117,12.293,12.327,12.091,12.206,164839,0
20120118,12.114,12.194,11.903,12.156,237607,0
20120119,12.114,12.266,12.101,12.202,236913,0
20120120,12.194,12.194,11.955,12.136,138297,0
20120123,12.183,12.427,12.173,12.395,119674,0
20120124,12.312,12.677,12.312,12.555,129817,0
20120125,12.555,12.608,12.453,12.485,152154,0
20120126,12.535,12.573,12.345,12.462,106066,0
20120127,12.633,12.633,12.338,12.434,135915,0
20120130,12.376,12.427,12.131,12.376,130400,0
20120131,12.4,12.447,12.214,12.304,211426,0
20120201,12.324,12.414,12.095,12.12,119329,0
20120202,12.163,12.234,11.886,11.886,154162,0
20120203,12.038,12.047,11.443,11.758,352496,0
20120206,11.752,11.802,11.401,11.453,325474,0
20120207,11.493,11.764,11.455,11.599,222335,0
20120208,11.668,12.16,11.607,11.981,265863,0
20120209,12.038,12.21,12.011,12.116,145104,0
20120210,12.116,12.16,11.988,12.148,95116,0
20120213,12.183,12.324,12.183,12.266,112557,0
20120214,12.335,12.395,12.213,12.388,97931,0
20120215,12.412,12.727,12.286,12.601,256559,0
20120216,12.603,12.752,12.528,12.621,170333,0
20120217,12.633,12.723,12.603,12.685,113451,0
20120221,12.75,13.249,12.698,12.951,301591,0
20120222,13.002,13.14,12.86,12.945,248496,0
20120223,13.116,13.116,12.787,12.853,438545,0
20120224,12.921,12.939,12.813,12.86,170370,0
20120227,12.921,12.945,12.782,12.917,139381,0
20120228,12.91,12.956,12.627,12.821,300794,0
20120229,12.88,13.089,12.64,13.055,282474,0
20120301,13.06,13.212,12.853,12.873,307016,0
20120302,12.898,13.192,12.822,13.082,267405,0
20120305,13.023,13.284,12.917,13.15,215825,0
20120306,12.936,12.958,12.723,12.775,147913,0
20120307,12.869,12.923,12.717,12.898,114262,0
20120308,12.93,13.071,12.723,12.987,134121,0
20120309,12.993,13.004,12.898,13.004,249100,0
20120312,12.956,12.969,12.877,12.951,156430,0
20120313,12.976,13.083,12.782,12.983,174641,0
20120314,13.007,13.212,12.801,13.174,285771,0
20120315,13.128,13.23,13.036,13.116,182115,0
20120316,13.084,13.172,12.964,13.163,180028,0
20120319,13.168,13.168,13.019,13.067,153289,0
20120320,13.025,13.148,12.941,13.025,175266,0
20120321,13.056,13.163,12.998,13.063,156867,0
20120322,13.025,13.082,12.862,13.01,114052,0
20120323,13.032,13.119,13.02,13.051,119589,0
20120326,13.185,13.185,12.998,13.025,283772,0
20120327,13.025,13.179,12.923,13.099,131214,0
20120328,13.063,13.166,13.016,13.091,109396,0
20120329,13.032,13.063,12.843,12.964,73595,0
20120330,13.021,13.144,12.958,13.128,112918,0
20120402,13.138,13.259,12.898,13.253,73299,0
20120403,13.218,13.243,12.987,13.149,75299,0
20120404,13.021,13.149,12.941,13.033,117611,0
20120405,12.788,12.964,12.703,12.964,125776,0
20120409,12.892,13.056,12.795,13.051,122135,0
20120410,13.016,13.044,12.692,12.761,79781,0
20120411,12.869,12.869,12.789,12.815,67255,0
20120412,12.627,12.795,12.411,12.527,174768,0
20120413,12.563,12.612,12.387,12.568,98165,0
20120416,12.603,12.603,12.213,12.25,125915,0
20120417,12.299,12.463,12.264,12.322,107137,0
20120418,12.321,12.348,12.202,12.208,90170,0
20120419,12.25,12.308,12.202,12.234,85501,0
20120420,12.27,12.537,12.203,12.427,160632,0
20120423,12.374,12.441,12.203,12.322,141269,0
20120424,12.367,12.472,12.264,12.333,116608,0
20120425,12.409,12.774,12.343,12.744,70404,0
20120426,12.691,12.892,12.658,12.821,109922,0
20120427,12.814,12.814,12.709,12.715,51191,0
20120430,12.693,12.89,12.525,12.89,48069,0
20120501,12.873,12.903,12.661,12.747,58354,0
20120502,12.733,12.733,12.537,12.726,52019,0
20120503,12.693,12.693,12.402,12.421,83528,0
20120504,12.447,12.55,12.299,12.517,33577,0
20120507,12.472,12.638,12.343,12.387,57488,0
20120508,12.343,12.351,12.209,12.304,34115,0
20120509,12.31,12.402,12.194,12.304,82856,0
20120510,12.343,12.519,12.098,12.125,57575,0
20120511,12.194,12.414,12.103,12.368,45456,0
20120514,12.315,12.394,12.203,12.229,57069,0
20120515,12.257,12.264,12.105,12.229,81457,0
20120516,12.221,12.374,12.156,12.184,75622,0
20120517,12.229,12.257,11.859,12.027,60388,0
20120518,12.016,12.042,11.516,11.703,129140,0
20120521,11.367,11.728,11.277,11.349,185673,0
20120522,11.505,11.808,11.258,11.268,96253,0
20120523,11.212,11.672,11.15,11.492,122495,0
20120524,11.578,11.617,11.218,11.331,105460,0
20120525,11.521,11.521,11.268,11.277,73824,0
20120529,11.306,11.306,11.182,11.208,93985,0
20120530,11.15,11.182,10.568,10.621,302733,0
20120531,10.605,10.65,10.148,10.192,281382,0
20120601,10.036,10.036,9.2958,9.3982,344786,0
20120604,9.4782,9.837,9.4782,9.776,309685,0
20120605,9.773,10.54,9.773,10.455,151589,0
20120606,10.808,11.073,10.455,10.981,83050,0
20120607,11.087,11.147,10.528,10.692,87360,0
20120608,10.609,10.609,10.036,10.206,109220,0
20120611,10.339,10.388,9.732,9.914,162490,0
20120612,9.974,10.315,9.892,9.974,72861,0
20120613,10.154,10.154,9.756,9.819,83805,0
20120614,9.914,9.927,9.788,9.837,86388,0
20120615,9.872,9.942,9.828,9.912,81677,0
20120618,9.861,9.992,9.837,9.892,75857,0
20120619,9.942,9.992,9.841,9.947,99331,0
20120620,9.992,10.041,9.918,9.954,112555,0
20120621,9.959,10.066,9.723,9.731,120251,0
20120622,9.81,9.884,9.655,9.655,123574,0
20120625,9.678,9.731,9.3686,9.3686,100705,0
20120626,9.3623,9.841,9.3623,9.74,85593,0
20120627,9.789,10.183,9.58,10.101,189637,0
20120628,10.03,10.119,10.006,10.097,45108,0
20120629,10.378,10.443,10.155,10.286,103067,0
20120702,10.311,10.412,10.234,10.412,87534,0
20120703,10.483,10.731,10.483,10.62,128081,0
20120705,10.662,10.89,10.377,10.454,132142,0
20120706,10.377,10.502,10.328,10.411,23390,0
20120709,10.485,10.573,10.318,10.354,92339,0
20120710,10.509,10.521,10.378,10.516,87940,0
20120711,10.516,10.662,10.474,10.528,71801,0
20120712,10.528,10.628,10.474,10.516,104478,0
20120713,10.534,10.791,10.516,10.766,53646,0
20120716,10.794,10.893,10.64,10.783,112435,0
20120717,10.83,11.125,10.794,11.093,82450,0
20120718,11.095,11.2,11.007,11.073,56109,0
20120719,11.14,11.177,10.835,10.949,94847,0
20120720,10.943,11.12,10.723,10.936,84983,0
20120723,10.795,11.071,10.766,11.071,57985,0
20120724,11.073,11.256,11.01,11.224,101513,0
20120725,11.256,11.622,11.249,11.434,158433,0
20120726,11.556,11.657,11.362,11.421,91884,0
20120727,11.348,11.455,11.348,11.41,72544,0
20120730,11.434,11.63,11.434,11.491,75433,0
20120731,11.512,11.575,11.442,11.548,69096,0
20120801,11.607,11.678,11.476,11.519,31138,0
20120802,11.473,11.535,11.43,11.492,56845,0
20120803,11.548,11.671,11.455,11.569,89565,0
20120806,11.614,11.663,11.538,11.589,29305,0
20120807,11.592,11.72,11.592,11.647,58798,0
20120808,11.575,11.898,11.575,11.796,49849,0
20120809,11.796,11.858,11.789,11.85,51696,0
20120810,11.893,11.978,11.795,11.978,172649,0
20120813,11.977,11.977,11.858,11.903,35221,0
20120814,11.991,11.991,11.941,11.946,54871,0
20120815,11.892,12.135,11.85,12.036,396389,0
20120816,12.098,12.098,11.963,11.977,66546,0
20120817,12.042,12.227,12.038,12.227,73557,0
20120820,12.236,12.442,12.104,12.274,55666,0
20120821,12.305,12.305,11.604,11.917,137217,0
20120822,11.85,12.201,11.77,12.009,54890,0
20120823,12.048,12.101,11.763,11.978,60127,0
20120824,12.024,12.024,11.865,11.947,22963,0
20120827,11.923,11.923,11.709,11.751,63417,0
20120828,11.757,11.777,11.641,11.687,77831,0
20120829,11.843,11.985,11.695,11.815,47563,0
20120830,11.77,11.77,11.597,11.604,38792,0
20120831,11.669,11.715,11.516,11.592,57900,0
20120904,11.655,11.687,11.521,11.647,36576,0
20120905,11.586,11.687,11.535,11.633,63412,0
20120906,11.687,11.917,11.633,11.815,22606,0
20120907,11.815,11.84,11.695,11.789,19199,0
20120910,11.733,11.795,11.592,11.647,69060,0
20120911,11.625,11.803,11.566,11.777,46813,0
20120912,11.709,11.809,11.669,11.733,43793,0
20120913,11.829,12.063,11.739,11.84,46454,0
20120914,11.809,12.042,11.419,11.553,88540,0
20120917,11.58,11.84,11.212,11.283,125788,0
20120918,11.327,11.37,10.899,11.11,191569,0
20120919,11.064,11.394,11.047,11.307,64548,0
20120920,11.389,11.453,11.287,11.4,41803,0
20120921,11.394,11.586,11.338,11.541,36607,0
20120924,11.521,11.872,11.5,11.836,135307,0
20120925,11.815,12.132,11.669,11.886,99508,0
20120926,11.824,11.824,11.422,11.585,52497,0
20120927,11.64,11.64,11.457,11.585,54989,0
20120928,11.628,11.84,11.571,11.789,47623,0
20121001,11.84,12.124,11.824,11.967,80219,0
20121002,11.967,12.045,11.906,12,38374,0
20121003,12.045,12.049,11.873,11.873,31917,0
20121004,11.994,12.124,11.994,12.084,20873,0
20121005,12.058,12.124,11.83,11.844,46402,0
20121008,11.84,12.075,11.783,12.049,32351,0
20121009,12.058,12.058,11.647,12.058,59400,0
20121010,12.049,12.142,12,12.019,38323,0
20121011,12.155,12.155,11.955,11.961,19968,0
20121012,12.033,12.151,11.906,11.943,33682,0
20121015,12.075,12.487,12.012,12.487,74979,0
20121016,12.466,12.466,12.254,12.338,37568,0
20121017,12.351,12.471,12.344,12.384,24659,0
20121018,12.344,12.452,12.333,12.452,35143,0
20121019,12.438,12.445,12.322,12.344,46901,0
20121022,12.351,12.478,12.231,12.411,51432,0
20121023,12.266,12.364,12.117,12.129,47918,0
20121024,12.216,12.297,12.033,12.134,53653,0
20121025,12.224,12.344,12.075,12.103,20004,0
20121026,12.075,12.452,12.033,12.445,35930,0
20121031,12.507,12.541,12.032,12.095,58306,0
20121101,12.183,12.297,11.926,12.274,72286,0
20121102,12.253,12.266,11.862,11.984,68786,0
20121105,11.991,12.042,11.791,11.791,27118,0
20121106,11.778,11.818,11.716,11.791,34445,0
20121107,11.634,11.806,11.417,11.604,80860,0
20121108,11.722,11.785,11.514,11.62,53941,0
20121109,11.303,12.032,11.285,11.552,100854,0
20121112,11.833,11.838,11.285,11.285,41204,0
20121113,11.285,11.565,10.817,10.836,95956,0
20121114,10.832,10.832,10.257,10.3,141964,0
20121115,10.386,10.629,10.089,10.316,67999,0
20121116,10.386,10.771,10.183,10.755,77715,0
20121119,10.832,11.303,10.832,11.039,103337,0
20121120,11.057,11.396,10.995,11.361,61300,0
20121121,11.238,11.51,11.12,11.464,64446,0
20121123,11.52,11.565,11.166,11.285,21474,0
20121126,11.23,11.656,11.217,11.497,64818,0
20121127,11.527,11.604,11.187,11.187,124535,0
20121128,11.341,11.507,11.115,11.239,82876,0
20121129,11.324,11.424,11.01,11.2,54130,0
20121130,11.2,11.2,11.124,11.124,56069,0
20121203,11.097,11.124,10.828,10.846,72933,0
20121204,10.775,11.331,10.738,11.12,80105,0
20121205,11.18,11.324,11.11,11.194,67092,0
20121206,11.124,11.218,10.912,11.194,36363,0
20121207,11.194,11.279,11.12,11.225,55253,0
20121210,11.253,11.373,11.097,11.12,48050,0
20121211,11.133,11.239,11.017,11.062,53386,0
20121212,11.05,11.115,10.86,11.091,43934,0
20121213,11.146,11.239,10.965,11.091,30271,0
20121214,11.097,11.097,10.937,11.038,61037,0
20121217,11.022,11.062,10.828,10.84,86266,0
20121218,10.882,11.05,10.821,10.906,111088,0
20121219,10.89,10.965,10.631,10.833,175385,0
20121220,10.918,10.918,10.596,10.686,112966,0
20121221,10.62,11.01,10.554,10.986,95404,0
20121224,10.821,10.821,10.554,10.686,101298,0
20121226,10.692,10.906,10.451,10.612,138954,0
20121227,10.727,10.727,10.215,10.366,230332,0
20121228,10.233,10.541,10.233,10.392,167799,0
20121231,10.392,11.043,10.019,11.015,221410,0
20130102,11.166,11.166,10.656,10.922,177046,0
20130103,10.879,11.442,10.837,11.146,132168,0
20130104,11.219,11.306,10.777,11.05,99424,0
20130107,11.005,11.005,10.734,10.91,94032,0
20130108,10.955,11.24,10.905,11.109,94727,0
20130109,11.213,11.254,10.935,10.942,135641,0
20130110,11.061,11.068,10.879,10.922,70874,0
20130111,10.872,11.05,10.817,10.817,52549,0
20130114,10.91,10.916,10.777,10.892,94307,0
20130115,10.916,11.158,10.916,10.998,94736,0
20130116,11.009,11.068,10.872,10.935,64681,0
20130117,11.043,11.043,10.809,10.922,95405,0
20130118,10.978,11.12,10.837,11.027,86355,0
20130122,11.103,11.314,11.103,11.254,105606,0
20130123,11.247,11.442,11.219,11.332,97280,0
20130124,11.391,11.486,11.364,11.456,66694,0
20130125,11.456,11.492,11.332,11.463,94449,0
20130128,11.498,11.748,11.498,11.652,133570,0
20130129,11.731,11.903,11.577,11.745,81605,0
20130130,11.678,11.762,11.648,11.648,39818,0
20130131,11.641,11.876,11.417,11.417,89167,0
20130201,11.453,11.603,11.315,11.422,43949,0
20130204,11.345,11.41,11.2,11.267,114129,0
20130205,11.241,11.359,11.233,11.327,78062,0
20130206,11.255,11.378,11.166,11.365,112175,0
20130207,11.213,11.365,11.166,11.365,68612,0
20130208,11.327,11.327,11.146,11.275,67972,0
20130211,11.226,11.281,11.146,11.153,53685,0
20130212,11.18,11.307,11.124,11.2,82580,0
20130213,11.213,11.213,11.082,11.115,52661,0
20130214,11.115,11.14,11.049,11.049,39604,0
20130215,10.914,10.984,10.288,10.461,537269,0
20130219,10.461,10.737,10.461,10.579,161991,0
20130220,10.517,10.653,10.393,10.629,134289,0
20130221,10.685,10.914,10.422,10.914,135741,0
20130222,10.946,10.946,10.75,10.885,49582,0
20130225,10.842,10.914,10.691,10.822,117501,0
20130226,10.793,10.801,10.399,10.483,134361,0
20130227,10.466,10.75,10.432,10.71,146074,0
20130228,10.704,10.775,10.685,10.69,49170,0
20130301,10.536,10.717,10.497,10.557,90386,0
20130304,10.609,10.793,10.432,10.477,161542,0
20130305,10.536,10.629,10.219,10.289,247410,0
20130306,10.286,10.44,10.243,10.295,227225,0
20130307,10.332,10.413,10.231,10.273,169244,0
20130308,10.273,10.332,10.243,10.332,86241,0
20130311,10.332,10.744,10.16,10.466,124472,0
20130312,10.698,10.704,10.473,10.617,192219,0
20130313,10.557,10.617,10.295,10.384,131997,0
20130314,10.432,10.593,10.295,10.542,99175,0
20130315,10.473,10.744,10.304,10.358,342764,0
20130318,10.304,10.722,10.16,10.679,175281,0
20130319,10.609,10.83,10.509,10.652,80001,0
20130320,10.629,10.629,10.358,10.497,96869,0
20130321,10.459,10.621,10.343,10.566,51147,0
20130322,10.492,10.585,10.384,10.425,38746,0
20130325,10.392,10.55,10.273,10.338,72686,0
20130326,10.418,10.598,10.323,10.464,93696,0
20130327,10.404,10.684,10.404,10.684,37375,0
20130328,10.684,10.73,10.396,10.684,61528,0
20130401,10.628,10.862,10.569,10.848,76611,0
20130402,10.807,10.892,10.703,10.854,54769,0
20130403,10.848,10.897,10.678,10.678,54275,0
20130404,10.703,10.797,10.635,10.73,50708,0
20130405,10.722,10.814,10.671,10.758,45039,0
20130408,10.722,11.009,10.635,10.87,51302,0
20130409,10.83,11.069,10.83,10.941,50460,0
20130410,10.934,11.069,10.934,10.985,43974,0
20130411,11.009,11.044,10.797,11.022,52958,0
20130412,11.022,11.037,10.862,11.016,55074,0
20130415,10.87,10.909,10.774,10.87,117029,0
20130416,10.743,10.909,10.678,10.797,70710,0
20130417,10.743,10.774,10.678,10.749,58076,0
20130418,10.774,10.963,10.62,10.928,61174,0
20130419,11.037,11.037,10.564,10.583,88539,0
20130422,10.564,10.678,10.508,10.603,84663,0
20130423,10.642,10.892,10.583,10.635,142619,0
20130424,10.628,10.797,10.501,10.516,79279,0
20130425,10.516,10.703,10.508,10.607,46220,0
20130426,10.619,10.619,10.371,10.587,153582,0
20130429,10.572,10.839,10.572,10.812,72719,0
20130430,10.82,11.044,10.795,10.961,64516,0
20130501,10.89,11.021,10.784,10.984,36786,0
20130502,11.17,11.279,10.998,11.252,63709,0
20130503,11.292,11.292,11.162,11.162,72678,0
20130506,11.292,11.292,11.123,11.224,77284,0
20130507,11.238,11.246,11.136,11.176,60745,0
20130508,11.116,11.344,11.116,11.265,33281,0
20130509,11.198,11.217,10.86,11.021,57601,0
20130510,11.092,11.176,11.083,11.104,27364,0
20130513,11.056,11.23,11.021,11.176,31723,0
20130514,11.246,11.292,11.092,11.212,54445,0
20130515,11.192,11.212,11.156,11.192,17599,0
20130516,11.176,11.176,11.008,11.008,51575,0
20130517,11.027,11.162,10.998,11.116,29947,0
20130520,11.116,11.198,11.027,11.198,76550,0
20130521,11.259,11.259,11.021,11.037,14657,0
20130522,11.17,11.17,10.933,11.123,48646,0
20130523,11.14,11.252,10.92,11.111,54796,0
20130524,11.104,11.238,11.027,11.092,100629,0
20130528,11.021,11.111,10.595,10.631,266484,0
20130529,10.665,10.961,10.652,10.783,52562,0
20130530,10.852,10.875,10.77,10.791,48927,0
20130531,10.791,10.821,10.746,10.746,17567,0
20130603,10.81,10.819,10.652,10.753,60968,0
20130604,10.798,10.969,10.724,10.882,28663,0
20130605,10.901,10.901,10.77,10.852,24071,0
20130606,10.777,10.852,10.68,10.819,36074,0
20130607,10.724,10.907,10.706,10.804,36961,0
20130610,10.791,10.953,10.762,10.94,65873,0
20130611,10.732,11.004,10.521,10.895,90474,0
20130612,10.984,10.984,10.719,10.826,17716,0
20130613,10.724,10.819,10.592,10.629,35706,0
20130614,10.719,10.826,10.652,10.794,21637,0
20130617,10.882,10.94,10.657,10.691,60609,0
20130618,10.783,10.882,10.762,10.852,12876,0
20130619,10.839,11.022,10.798,10.94,33631,0
20130620,10.933,10.953,10.762,10.791,63030,0
20130621,10.68,10.976,10.629,10.907,43956,0
20130624,10.839,10.839,10.652,10.794,58303,0
20130625,10.826,10.882,10.732,10.762,50169,0
20130626,10.776,10.89,10.723,10.846,34806,0
20130627,10.818,10.907,10.665,10.882,41658,0
20130628,10.776,10.901,10.684,10.794,27336,0
20130701,10.752,10.839,10.684,10.738,40480,0
20130702,10.732,10.839,10.723,10.783,51098,0
20130703,10.852,10.852,10.704,10.769,17073,0
20130705,10.717,10.723,10.567,10.601,51321,0
20130708,10.596,10.752,10.596,10.634,28636,0
20130709,10.626,10.776,10.553,10.553,55326,0
20130710,10.299,10.425,9.996,10.202,256361,0
20130711,10.202,10.282,10.024,10.194,112425,0
20130712,10.225,10.329,10.194,10.232,31503,0
20130715,10.299,10.405,10.056,10.089,93300,0
20130716,10.056,10.26,10.036,10.12,60486,0
20130717,10.1,10.26,10.063,10.213,48030,0
20130718,10.316,10.357,10.188,10.252,39299,0
20130719,10.275,10.316,10.202,10.238,51872,0
20130722,10.225,10.397,10.225,10.348,37216,0
20130723,10.269,10.459,10.159,10.425,73126,0
20130724,10.357,10.425,10.329,10.329,33207,0
20130725,10.329,10.329,10.26,10.289,36867,0
20130726,10.308,10.329,10.232,10.322,34750,0
20130729,10.351,10.648,10.351,10.436,81292,0
20130730,10.401,10.55,10.401,10.428,26072,0
20130731,10.471,10.648,10.471,10.624,29824,0
20130801,10.663,10.761,10.648,10.663,36715,0
20130802,10.595,10.689,10.456,10.678,111240,0
20130805,10.709,10.761,10.595,10.697,64898,0
20130806,10.697,10.839,10.663,10.703,80240,0
20130807,10.697,10.697,10.351,10.509,86592,0
20130808,10.566,10.566,10.319,10.416,18772,0
20130809,10.372,10.463,10.343,10.41,24744,0
20130812,10.41,10.709,10.393,10.709,41010,0
20130813,10.697,10.731,10.6,10.6,14571,0
20130814,10.689,10.761,10.463,10.536,35984,0
20130815,10.595,10.612,10.393,10.49,55714,0
20130816,10.536,10.62,10.49,10.501,17285,0
20130819,10.481,10.53,10.319,10.393,71831,0
20130820,10.386,10.689,10.358,10.542,47924,0
20130821,10.595,10.656,10.393,10.463,51749,0
20130822,10.463,10.516,10.393,10.41,40942,0
20130823,10.463,10.738,10.463,10.648,75190,0
20130826,10.709,10.818,10.67,10.703,24300,0
20130827,10.663,10.875,10.648,10.875,58380,0
20130828,10.974,11.064,10.812,11.028,49201,0
20130829,11.021,11.037,10.861,10.897,7997,0
20130830,10.853,10.943,10.812,10.84,16357,0
20130903,10.799,10.986,10.746,10.771,28699,0
20130904,10.771,10.88,10.723,10.746,24714,0
20130905,10.821,10.821,10.662,10.67,40766,0
20130906,10.689,10.753,10.623,10.717,29745,0
20130909,10.703,10.777,10.632,10.632,32709,0
20130910,10.689,10.806,10.526,10.57,40835,0
20130911,10.619,10.683,10.487,10.548,84149,0
20130912,10.535,10.67,10.507,10.586,36295,0
20130913,10.564,10.689,10.459,10.619,53262,0
20130916,10.709,10.777,10.487,10.514,51429,0
20130917,10.655,10.67,10.534,10.6,17764,0
20130918,10.555,10.662,10.555,10.585,37035,0
20130919,10.564,10.683,10.555,10.564,78513,0
20130920,10.547,10.639,10.485,10.52,41582,0
20130923,10.493,10.564,10.423,10.52,34849,0
20130924,10.497,10.619,10.466,10.485,38108,0
20130925,10.526,10.564,10.423,10.423,94142,0
20130926,10.302,10.302,9.673,9.707,541436,0
20130927,9.1478,9.2692,8.4471,8.4471,13589877,0
20130930,8.6267,8.9586,8.6,8.8236,1485042,0
20131001,8.8372,8.9389,8.7673,8.9148,480543,0
20131002,8.8942,8.9521,8.7912,8.8104,809110,0
20131003,8.7912,8.8104,8.6267,8.7175,738923,0
20131004,8.7099,8.8236,8.5846,8.7912,389171,0
20131007,8.7837,8.8104,8.6569,8.6988,446615,0
20131008,8.6927,8.7393,8.6141,8.6341,310199,0
20131009,8.6141,8.7256,8.5306,8.7053,415039,0
20131010,8.6569,8.7475,8.5511,8.5656,374187,0
20131011,8.5511,8.5511,8.3812,8.4048,531457,0
20131014,8.454,8.454,8.272,8.3209,655584,0
20131015,8.3131,8.5306,8.2844,8.3747,312398,0
20131016,8.3747,8.5846,8.327,8.5791,385223,0
20131017,8.5791,8.8877,8.4666,8.805,577312,0
20131018,8.8802,9.012,8.7756,8.9841,504265,0
20131021,9.012,9.1046,8.9841,9.0904,474649,0
20131022,9.0904,9.1478,8.9474,9.0573,312192,0
20131023,9.1,9.1478,9.0352,9.1113,283699,0
20131024,9.1113,9.2046,9.0772,9.2046,251327,0
20131025,9.2046,9.2519,9.119,9.1727,220855,0
20131028,9.1601,9.3593,9.1601,9.2692,444408,0
20131029,9.3944,9.3944,9.286,9.3213,337307,0
20131030,9.3686,9.4583,9.3213,9.3466,442543,0
20131031,9.3466,9.3944,9.286,9.3686,185185,0
20131101,9.3725,9.3864,9.1601,9.1601,265267,0
20131104,9.166,9.286,9.166,9.1882,171871,0
20131105,9.218,9.2345,9.0827,9.1478,216518,0
20131106,9.1478,9.1805,9.0027,9.0271,235503,0
20131107,9.0827,9.0827,8.8627,8.9064,277075,0
20131108,8.8907,8.898,8.7922,8.8627,209805,0
20131111,8.898,8.898,8.6,8.6149,260010,0
20131112,8.6149,8.806,8.5846,8.7783,234774,0
20131113,8.7419,8.7419,8.6149,8.6937,164181,0
20131114,8.6267,8.6653,8.4587,8.6267,602265,0
20131115,8.6578,8.8907,8.6424,8.8627,193434,0
20131118,8.884,8.9186,8.6578,8.7346,268954,0
20131119,8.7616,8.91,8.7616,8.8263,306544,0
20131120,8.806,8.9699,8.806,8.8758,197834,0
20131121,8.9352,8.9972,8.8627,8.869,160250,0
20131122,8.91,9.1969,8.8758,9.0894,371228,0
20131125,9.0752,9.1113,8.898,8.9812,383556,0
20131126,9.1496,9.3193,9.058,9.2084,539565,0
20131127,9.1641,9.409,9.1641,9.409,369578,0
20131129,9.4364,9.516,9.2643,9.509,221428,0
20131202,9.509,9.509,9.3271,9.4862,586458,0
20131203,9.409,9.509,9.3271,9.4453,1211006,0
20131204,9.409,9.4364,9.1641,9.1854,234091,0
20131205,9.1854,9.3193,8.9832,9.1854,316104,0
20131206,9.2421,9.4731,9.0485,9.2016,240174,0
20131209,9.2016,9.2682,9.0411,9.0791,275030,0
20131210,9.1066,9.1555,8.8767,8.9279,396504,0
20131211,8.9447,9.012,8.8627,8.899,231530,0
20131212,8.884,9.0932,8.8627,8.9447,218021,0
20131213,8.9978,9.012,8.7691,8.8263,394914,0
20131216,8.84,9.0205,8.7175,8.9709,356646,0
20131217,8.9577,8.9577,8.74,8.8627,359346,0
20131218,8.84,8.9511,8.7256,8.884,364677,0
20131219,8.899,8.899,8.7175,8.7256,287438,0
20131220,8.7336,8.8542,8.6844,8.7616,327222,0
20131223,8.9653,9.0046,8.7175,8.8263,523223,0
20131224,8.869,8.9709,8.7256,8.8263,296419,0
20131226,8.8198,8.937,8.6844,8.7995,585161,0
20131227,8.7803,8.8088,8.6404,8.72,638314,0
20131230,8.7063,8.8152,8.6132,8.7427,747145,0
20131231,8.7063,8.8812,8.6259,8.7717,822041,0
20140102,8.7118,8.8291,8.6404,8.7511,254327,0
20140103,8.7635,8.8812,8.7118,8.7717,207971,0
20140106,8.7803,8.8437,8.7427,8.7949,138644,0
20140107,8.7803,8.8504,8.6853,8.7717,417234,0
20140108,8.7803,8.9502,8.7635,8.8877,216487,0
20140109,8.9241,8.9334,8.8291,8.8437,131250,0
20140110,8.872,8.9036,8.8088,8.8504,123601,0
20140113,8.8579,8.9419,8.8152,8.8152,208317,0
20140114,8.8152,8.9739,8.7875,8.9419,342413,0
20140115,8.9689,9.0381,8.9241,9.0186,266164,0
20140116,8.9972,9.1487,8.9626,9.1353,374360,0
20140117,9.1641,9.2228,9.0619,9.1353,197197,0
20140121,9.2016,9.3745,9.0695,9.3388,342769,0
20140122,9.3289,9.4902,9.3213,9.4701,415506,0
20140123,9.4701,9.774,9.4483,9.683,817171,0
20140124,9.65,9.659,9.4822,9.4902,285703,0
20140127,9.528,9.65,9.4701,9.6,252812,0
20140128,9.616,9.683,9.579,9.666,310172,0
20140129,9.672,9.736,9.561,9.649,125902,0
20140130,9.809,10.066,9.809,9.955,621403,0
20140131,9.949,10.131,9.889,10.094,411824,0
20140203,10.087,10.213,10.03,10.213,419993,0
20140204,10.192,10.233,9.955,9.955,378465,0
20140205,9.962,10.213,9.942,9.955,357335,0
20140206,9.985,10.155,9.979,10.099,168491,0
20140207,10.148,10.162,10.002,10.094,217958,0
20140210,10.099,10.179,10.017,10.094,133334,0
20140211,10.17,10.192,10.075,10.107,244059,0
20140212,10.17,10.213,10.066,10.213,273391,0
20140213,10.213,10.213,10.087,10.107,176632,0
20140214,10.115,10.148,10.075,10.087,179747,0
20140218,10.207,10.207,10.081,10.131,214456,0
20140219,10.099,10.131,9.905,10.066,222235,0
20140220,10.099,10.131,9.993,9.993,161998,0
20140221,10.044,10.094,9.993,10.066,123457,0
20140224,10.066,10.087,10.037,10.037,97158,0
20140225,10.081,10.131,10.037,10.087,202363,0
20140226,9.888,9.904,9.4315,9.529,848676,0
20140227,9.529,9.603,9.1019,9.1296,621081,0
20140228,9.1075,9.2461,9.0281,9.1718,672732,0
20140303,9.1718,9.2832,9.0027,9.0573,613509,0
20140304,9.0695,9.3055,9.0573,9.3055,975513,0
20140305,9.3055,9.772,9.2355,9.756,318861,0
20140306,9.772,9.8,9.3358,9.586,260760,0
20140307,9.573,9.612,9.513,9.594,108579,0
20140310,9.586,9.696,9.513,9.68,159667,0
20140311,9.696,9.696,9.586,9.696,95452,0
20140312,9.696,9.696,9.4483,9.551,122893,0
20140313,9.558,9.772,9.551,9.648,130953,0
20140314,9.648,9.688,9.521,9.586,109908,0
20140317,9.631,9.696,9.551,9.648,119854,0
20140318,9.631,9.688,9.564,9.594,118837,0
20140319,9.623,9.756,9.564,9.603,91189,0
20140320,9.654,9.654,9.513,9.521,71948,0
20140321,9.541,9.558,9.4613,9.541,191485,0
20140324,9.4822,9.536,9.218,9.3193,299606,0
20140325,9.3193,9.4394,9.3193,9.4031,131170,0
20140326,9.4394,9.4613,9.3603,9.4315,128955,0
20140327,9.4772,9.506,9.3271,9.3805,128060,0
20140328,9.3456,9.3952,9.2734,9.3603,167618,0
20140331,9.3456,9.3543,9.2662,9.289,149807,0
20140401,9.289,9.3358,9.2662,9.289,69960,0
20140402,9.2662,9.2662,9.1363,9.2268,263435,0
20140403,9.1959,9.3725,9.1959,9.2268,133542,0
20140404,9.2268,9.2832,9.1959,9.1959,62384,0
20140407,9.2268,9.2451,9.1133,9.1363,282640,0
20140408,9.1574,9.2662,9.1363,9.1496,66770,0
20140409,9.1459,9.3114,9.1276,9.2734,98557,0
20140410,9.2539,9.3358,9.2268,9.2451,129740,0
20140411,9.2662,9.2734,9.2345,9.2539,114121,0
20140414,9.3055,9.3055,9.1459,9.2451,127106,0
20140415,9.218,9.2402,9.1363,9.1574,212839,0
20140416,9.1786,9.2268,9.1718,9.2046,98756,0
20140417,9.218,9.218,9.1459,9.2046,199480,0
20140421,9.2402,9.2402,9.1276,9.1496,206984,0
20140422,9.1459,9.1959,9.1276,9.1459,133531,0
20140423,9.1574,9.1872,9.1209,9.1496,148528,0
20140424,9.1363,9.1574,9.1209,9.1209,137665,0
20140425,9.1,9.1786,9.0836,9.1,133068,0
20140428,9.1393,9.1525,9.0573,9.0932,172801,0
20140429,9.1393,9.2355,9.0695,9.1525,174501,0
20140430,9.166,9.1814,9.1026,9.1601,85514,0
20140501,9.1987,9.1987,9.1026,9.1084,121871,0
20140502,9.1084,9.1469,9.0695,9.0791,105054,0
20140505,9.1026,9.1469,9.0391,9.0695,124674,0
20140506,9.0932,9.1161,8.9541,8.9794,164657,0
20140507,9.01,9.1736,8.9305,8.9474,213827,0
20140508,8.9213,8.9739,8.782,8.782,330165,0
20140509,8.7967,8.8926,8.5656,8.6553,246828,0
20140512,8.5801,8.7282,8.5801,8.7282,155845,0
20140513,8.6927,8.8455,8.6927,8.8104,70626,0
20140514,8.7895,8.831,8.7736,8.782,76517,0
20140515,8.7736,8.7895,8.646,8.646,165477,0
20140516,8.6233,8.6927,8.4315,8.5432,361276,0
20140519,8.5576,8.6233,8.529,8.5656,207603,0
20140520,8.5234,8.7967,8.5234,8.6384,777190,0
20140521,8.7109,9.3085,8.6787,9.2841,432385,0
20140522,9.2841,9.3991,9.1525,9.3991,251336,0
20140523,9.4071,9.703,9.292,9.532,390053,0
20140527,9.525,9.694,9.525,9.608,214865,0
20140528,9.592,9.705,9.579,9.639,178052,0
20140529,9.585,9.681,9.4001,9.526,131466,0
20140530,9.564,9.579,9.4523,9.4583,71554,0
20140602,9.4523,9.4672,9.3553,9.4288,190279,0
20140603,9.4288,9.518,9.4288,9.502,126913,0
20140604,9.4822,9.557,9.4731,9.518,106572,0
20140605,9.557,9.579,9.4872,9.541,75280,0
20140606,9.533,9.579,9.502,9.579,71054,0
20140609,9.617,9.697,9.502,9.688,125963,0
20140610,9.688,9.688,9.61,9.688,96086,0
20140611,9.697,9.697,9.541,9.592,113624,0
20140612,9.676,9.8,9.639,9.773,168628,0
20140613,9.788,9.824,9.617,9.697,112765,0
20140616,9.697,9.78,9.662,9.78,123967,0
20140617,9.73,9.854,9.73,9.793,122764,0
20140618,9.78,9.84,9.765,9.818,82856,0
20140619,9.832,9.84,9.61,9.622,196523,0
20140620,9.653,9.705,9.526,9.526,226349,0
20140623,9.564,9.876,9.557,9.854,218218,0
20140624,9.854,10.094,9.854,10.035,365258,0
20140625,10.048,10.208,9.924,10.201,345845,0
20140626,10.213,10.339,10.098,10.299,299212,0
20140627,10.309,10.346,10.135,10.247,296197,0
20140630,10.247,10.445,10.233,10.409,230545,0
20140701,10.376,10.603,10.309,10.416,251061,0
20140702,10.416,10.589,10.19,10.548,318146,0
20140703,10.519,10.664,10.279,10.54,127976,0
20140707,10.496,10.639,10.429,10.609,194729,0
20140708,10.573,10.656,10.326,10.339,204630,0
20140709,10.326,10.422,10.291,10.346,111879,0
20140710,10.291,10.339,10.205,10.205,116329,0
20140711,10.205,10.205,9.994,10.038,235955,0
20140714,10.052,10.205,10.052,10.198,104112,0
20140715,10.226,10.326,10.198,10.265,114050,0
20140716,10.346,10.361,10.213,10.332,117762,0
20140717,10.392,10.519,10.24,10.4,110794,0
20140718,10.392,10.534,10.332,10.519,105358,0
20140721,10.439,10.609,10.376,10.603,199450,0
20140722,10.582,11.031,10.445,10.954,352701,0
20140723,10.91,10.946,10.722,10.788,205555,0
20140724,10.804,10.897,10.788,10.85,108886,0
20140725,10.85,10.857,10.603,10.764,177196,0
20140728,10.722,10.731,10.519,10.519,173084,0
20140729,10.521,10.606,10.24,10.515,241402,0
20140730,10.515,10.515,10.333,10.44,153526,0
20140731,10.372,10.561,10.09,10.273,171428,0
20140801,10.273,10.273,10.044,10.166,126442,0
20140804,10.213,10.28,10.176,10.24,91562,0
20140805,10.248,10.301,10.24,10.273,136827,0
20140806,10.273,10.432,10.273,10.311,88583,0
20140807,10.327,10.372,10.273,10.292,83317,0
20140808,10.311,10.333,10.273,10.319,69286,0
20140811,10.348,10.44,10.327,10.386,73925,0
20140812,10.424,10.44,10.386,10.386,102984,0
20140813,10.424,10.455,10.333,10.333,75773,0
20140814,10.386,10.424,10.311,10.372,61192,0
20140815,10.432,10.432,10.34,10.394,51813,0
20140818,10.44,10.521,10.424,10.471,142140,0
20140819,10.402,10.463,10.017,10.11,417438,0
20140820,10.11,10.198,10.067,10.067,170781,0
20140821,10.044,10.166,10.017,10.06,98011,0
20140822,10.09,10.159,10.067,10.119,92849,0
20140825,10.159,10.198,10.145,10.176,101600,0
20140826,10.176,10.234,10.031,10.031,152752,0
20140827,10.065,10.151,9.89,10,113413,0
20140828,10.029,10.117,9.967,10.075,116560,0
20140829,10.151,10.151,10,10.015,103064,0
20140902,10.015,10.075,9.923,9.923,127276,0
20140903,9.916,10.029,9.77,9.821,271481,0
20140904,9.799,9.829,9.503,9.557,307440,0
20140905,9.534,9.633,9.3533,9.4278,207428,0
20140908,9.3676,9.3814,9.1844,9.2431,218740,0
20140909,9.2585,9.708,9.2016,9.624,179487,0
20140910,9.664,9.671,9.572,9.572,82177,0
20140911,9.564,9.624,9.3982,9.4573,119590,0
20140912,9.4573,9.557,9.3884,9.527,59479,0
20140915,9.503,9.503,9.2084,9.2143,201015,0
20140916,9.2084,9.4523,9.2084,9.2519,130063,0
20140917,9.2823,9.3533,9.2519,9.2724,140182,0
20140918,9.3884,9.4573,9.2238,9.2374,79838,0
20140919,9.2016,9.3183,9.0553,9.0856,203464,0
20140922,9.0466,9.1026,8.7895,8.871,279811,0
20140923,8.871,9.0932,8.7967,8.9774,144343,0
20140924,8.9653,9.0466,8.9437,8.9577,88221,0
20140925,8.9511,8.9774,8.5529,8.5602,311772,0
20140926,8.5451,8.871,8.3635,8.8475,180700,0
20140929,8.871,9.0466,8.7346,8.7511,141526,0
20140930,8.7427,8.8636,8.5887,8.5887,95846,0
20141001,8.6141,8.8551,8.5529,8.6607,69689,0
20141002,8.5451,8.841,8.5242,8.7581,164686,0
20141003,8.7511,8.8551,8.669,8.8263,124033,0
20141006,8.8326,8.909,8.5529,8.7099,171539,0
20141007,8.7099,8.7099,8.5681,8.5763,205067,0
20141008,8.5529,8.6917,8.3009,8.3699,294942,0
20141009,8.3699,8.3774,7.9832,7.9991,223043,0
20141010,7.9832,8.1961,7.6024,7.7931,488147,0
20141013,7.8535,7.8535,7.2002,7.2379,330645,0
20141014,7.2984,7.3288,6.7741,6.9262,485850,0
20141015,6.8428,6.8428,6.4471,6.7741,378893,0
20141016,6.7512,7.3364,6.7059,7.2306,417671,0
20141017,7.3364,7.5269,6.9191,6.9415,279777,0
20141020,6.9946,7.3062,6.8962,7.215,157220,0
20141021,7.162,7.6869,7.162,7.5797,189906,0
20141022,7.6403,7.7622,7.3364,7.4129,170928,0
20141023,7.4281,7.4516,6.9191,7.0177,406606,0
20141024,7.0325,7.1846,6.8502,6.8962,200863,0
20141027,6.759,6.8045,6.3714,6.645,339334,0
20141028,6.698,6.8428,6.63,6.6828,174678,0
20141029,6.7018,6.8092,6.6635,6.7479,140055,0
20141030,6.7783,6.8167,6.5487,6.6177,178735,0
20141031,6.5564,6.7632,6.5256,6.7479,248266,0
20141103,6.7632,6.8707,6.4875,6.5025,220983,0
20141104,6.5103,6.5103,6.158,6.3031,368920,0
20141105,6.2961,6.6635,6.1658,6.2349,243234,0
20141106,6.2806,6.3646,6.0889,6.204,289386,0
20141107,6.1963,6.518,6.1424,6.334,196858,0
20141110,6.3263,6.6481,6.2576,6.3497,167690,0
20141111,6.3186,6.6481,6.2883,6.518,198860,0
20141112,6.5103,6.8779,6.4565,6.7859,234770,0
20141113,6.7247,6.8625,6.4565,6.4798,184716,0
20141114,6.4565,6.6866,6.4031,6.4182,175175,0
20141117,6.4182,6.5025,6.1274,6.2883,403565,0
20141118,6.227,6.3263,6.0661,6.0813,415995,0
20141119,6.0889,6.204,5.9437,5.9665,391304,0
20141120,5.9437,6.2806,5.89,6.0661,758300,0
20141121,6.1274,6.2731,5.9819,6.0813,376170,0
20141124,6.0889,6.2117,5.9971,6.0201,337858,0
20141125,5.9071,6.1458,5.784,5.784,453093,0
20141126,5.7376,5.961,5.7068,5.8147,427784,0
20141128,5.668,5.7376,5.4221,5.437,424772,0
20141201,5.4757,5.5607,5.3372,5.3605,492839,0
20141202,5.3677,5.5452,5.3372,5.3833,426217,0
20141203,5.4221,5.4682,5.083,5.1522,819945,0
20141204,5.1522,5.2526,4.9599,5.006,515355,0
20141205,4.9674,5.106,4.7057,4.744,604857,0
20141208,4.6902,4.7748,4.2205,4.2358,829079,0
20141209,4.197,4.6827,4.1206,4.4821,277445,0
20141210,4.4669,4.5747,4.2358,4.2588,432511,0
20141211,4.2588,4.4438,4.0203,4.0432,541937,0
20141212,4.0432,4.174,3.8971,3.9971,456954,0
20141215,3.9896,4.1281,3.6966,3.7122,641535,0
20141216,3.6429,4.0432,3.5427,3.9508,576555,0
20141217,3.9739,5.06,3.9354,4.7669,828988,0
20141218,4.7748,4.9829,4.0203,4.0893,830586,0
20141219,4.174,4.2514,4.0432,4.1434,766181,0
20141222,4.0818,4.2282,3.7584,3.7664,1058973,0
20141223,3.8663,3.9818,3.7122,3.7664,774714,0
20141224,3.7584,3.8276,3.6659,3.7277,551860,0
20141226,3.7815,3.8047,3.5967,3.6507,584866,0
20141229,3.7097,3.7097,3.5536,3.5767,1005771,0
20141230,3.5613,3.7017,3.4678,3.7017,903754,0
20141231,3.6708,3.7878,3.5225,3.7645,1075791,0
20150102,3.7567,4.1551,3.6708,4.1551,588646,0
20150105,4.0458,4.1082,3.8973,3.8973,645469,0
20150106,3.8661,4.0064,3.8583,3.9442,334683,0
20150107,4.0221,4.194,3.9515,3.9674,607360,0
20150108,3.9674,4.5062,3.8894,4.3034,787596,0
20150109,4.2719,4.4128,4.0064,4.1235,648830,0
20150112,4.1551,4.1551,3.9208,3.9596,332527,0
20150113,3.991,4.069,3.8267,3.8661,850140,0
20150114,3.8738,3.9674,3.835,3.9128,822676,0
20150115,4.0458,4.061,3.8036,3.8191,392230,0
20150116,3.8191,3.991,3.8191,3.9754,376030,0
20150120,3.9515,3.9515,3.7334,3.8036,575429,0
20150121,3.8973,3.9674,3.8738,3.8894,246381,0
20150122,3.8894,3.9987,3.7802,3.9208,286996,0
20150123,3.9208,3.9829,3.9051,3.9283,129914,0
20150126,3.9208,3.9362,3.8661,3.8894,90279,0
20150127,3.9051,3.9362,3.8661,3.8661,114209,0
20150128,3.8711,3.9335,3.6679,3.6913,261710,0
20150129,3.7306,3.7538,3.652,3.652,82971,0
20150130,3.6755,3.7929,3.6755,3.6913,116111,0
20150202,3.8868,3.9101,3.7148,3.7306,282958,0
20150203,3.8087,3.9572,3.7618,3.7849,351418,0
20150204,3.7381,3.9255,3.6755,3.9025,306302,0
20150205,3.9025,4.1371,3.8791,4.0508,309320,0
20150206,4.1293,4.1293,3.9963,4.0668,432729,0
20150209,4.0589,4.1922,3.9493,3.9572,276135,0
20150210,3.9101,3.9806,3.8711,3.9179,225220,0
20150211,3.9101,3.9101,3.7929,3.8553,97228,0
20150212,3.9179,4.0354,3.8791,3.8791,111188,0
20150213,3.9572,4.0508,3.8634,3.8634,141333,0
20150217,3.9101,3.9101,3.7771,3.832,344970,0
20150218,3.7771,3.8553,3.7148,3.7618,260562,0
20150219,3.7148,3.8165,3.6755,3.7538,144118,0
20150220,3.7381,3.8165,3.7381,3.7849,169679,0
20150223,3.7849,3.8553,3.7538,3.8553,100575,0
20150224,3.8476,3.8476,3.7225,3.7929,261316,0
20150225,3.8052,3.868,3.7664,3.868,97158,0
20150226,3.8446,3.8446,3.7898,3.8446,129884,0
20150227,3.868,3.868,3.821,3.8287,69702,0
20150302,3.8524,3.868,3.813,3.813,47922,0
20150303,3.7974,3.8446,3.7739,3.8446,60668,0
20150304,3.8367,3.8446,3.7739,3.8446,49324,0
20150305,3.8446,3.8446,3.7739,3.8367,78766,0
20150306,3.8367,3.9308,3.813,3.813,312261,0
20150309,3.8052,3.8446,3.6249,3.6249,166834,0
20150310,3.6717,3.6797,3.6012,3.6797,137395,0
20150311,3.6404,3.6404,3.5464,3.5856,117511,0
20150312,3.6249,3.6797,3.5541,3.5541,128347,0
20150313,3.5306,3.5541,3.4366,3.4602,275937,0
20150316,3.405,3.405,3.1619,3.2642,420854,0
20150317,3.1936,3.2559,3.1543,3.1696,190288,0
20150318,3.1384,3.2402,3.1384,3.1936,105659,0
20150319,3.1696,3.1696,3.099,3.099,113942,0
20150320,3.1463,3.2168,3.0836,3.0836,192325,0
20150323,3.099,3.2089,3.099,3.1696,159698,0
20150324,3.2089,3.2168,3.1384,3.1384,107569,0
20150325,3.2012,3.2952,3.1463,3.1855,171679,0
20150326,3.2326,3.2876,3.1936,3.2481,114346,0
20150327,3.2854,3.341,3.2461,3.317,85633,0
20150330,3.3094,3.3332,3.2301,3.2696,77178,0
20150331,3.2461,3.3014,3.2461,3.2461,32479,0
20150401,3.3014,3.3646,3.2854,3.349,100291,0
20150402,3.317,3.3885,3.2619,3.3568,58481,0
20150406,3.3332,3.4992,3.2696,3.4992,87154,0
20150407,3.5309,3.8714,3.436,3.6259,204388,0
20150408,3.6895,3.8636,3.539,3.6259,106983,0
20150409,3.6812,3.9031,3.6576,3.8872,70336,0
20150410,3.8318,3.9584,3.8003,3.9584,117469,0
20150413,4.0376,4.0458,3.911,4.0376,125175,0
20150414,3.9823,4.0773,3.9823,4.0376,152840,0
20150415,4.0376,4.0931,3.9982,4.0773,185955,0
20150416,4.0851,4.1091,4.0059,4.0773,74963,0
20150417,4.0931,4.0931,4.0059,4.0296,177590,0
20150420,4.0534,4.0694,3.9189,3.9662,67756,0
20150421,3.9584,3.9982,3.9266,3.9982,108867,0
20150422,4.014,4.0376,3.9189,3.9189,59797,0
20150423,3.9189,4.0296,3.9189,3.9347,83110,0
20150424,3.9189,3.9662,3.8082,3.8318,93974,0
20150427,3.84,3.9266,3.816,3.9266,33158,0
20150428,3.9248,3.9248,3.6547,3.7021,225360,0
20150429,3.7343,3.9248,3.7183,3.9248,122840,0
20150430,3.9727,3.9727,3.8613,3.9012,42414,0
20150501,3.9248,3.9489,3.7261,3.9248,59031,0
20150504,3.9325,3.9325,3.7739,3.7901,47449,0
20150505,3.8375,3.9644,3.8375,3.9489,37005,0
20150506,3.9805,3.9885,3.9489,3.9885,55723,0
20150507,4.0122,4.0122,3.9248,4.0043,72724,0
20150508,3.9248,3.9965,3.7581,3.8693,49715,0
20150511,3.8454,3.8454,3.6786,3.7183,71366,0
20150512,3.6786,3.6867,3.6228,3.6626,94463,0
20150513,3.6626,3.9325,3.5913,3.8454,163119,0
20150514,3.7978,3.8773,3.6867,3.7104,97166,0
20150515,3.7901,3.8693,3.5753,3.7901,96401,0
20150518,3.7818,3.8137,3.6626,3.7818,139398,0
20150519,3.7261,3.7581,3.5833,3.6072,113653,0
20150520,3.6228,3.742,3.615,3.7104,41662,0
20150521,3.7183,3.8773,3.6946,3.8613,35114,0
20150522,3.7978,3.8613,3.7581,3.8294,12208,0
20150526,3.7581,3.7978,3.5753,3.5753,237251,0
20150527,3.5702,3.7302,3.5702,3.6662,71739,0
20150528,3.6102,3.6262,3.5624,3.5781,52504,0
20150529,3.6662,3.6981,3.594,3.6662,45696,0
20150601,3.6503,3.7779,3.6262,3.69,36326,0
20150602,3.69,3.6981,3.6022,3.6262,75682,0
20150603,3.6102,3.674,3.4424,3.5541,97406,0
20150604,3.5464,3.6342,3.4666,3.5702,91897,0
20150605,3.5302,3.6102,3.4583,3.6022,56216,0
20150608,3.594,3.6022,3.5225,3.5702,35181,0
20150609,3.5863,3.594,3.4583,3.4666,40312,0
20150610,3.5145,3.69,3.5145,3.6581,133125,0
20150611,3.6342,3.6342,3.5302,3.5385,72679,0
20150612,3.5781,3.6503,3.5541,3.6022,22159,0
20150615,3.5781,3.6581,3.4984,3.5781,42817,0
20150616,3.5702,3.5863,3.5302,3.5781,57341,0
20150617,3.6184,3.6184,3.5464,3.5863,56466,0
20150618,3.5302,3.6022,3.5302,3.5781,114934,0
20150619,3.5225,3.706,3.4583,3.594,177283,0
20150622,3.674,3.6981,3.6022,3.674,60093,0
20150623,3.6503,3.69,3.5702,3.6503,75970,0
20150624,3.6422,3.69,3.4583,3.5064,131459,0
20150625,3.5145,3.6422,3.3705,3.4105,127204,0
20150626,3.4331,3.4733,3.3608,3.3771,79601,0
20150629,3.3526,3.4812,3.3526,3.4331,41295,0
20150630,3.409,3.5053,3.3685,3.3685,72204,0
20150701,3.3608,3.4411,3.3045,3.3526,61693,0
20150702,3.3366,3.4169,3.2886,3.3608,30474,0
20150706,3.3124,3.3928,3.2886,3.3526,33581,0
20150707,3.2963,3.3045,3.1998,3.256,51743,0
20150708,3.256,3.3771,3.2079,3.3771,38806,0
20150709,3.3851,3.4009,3.2645,3.3124,27987,0
20150710,3.3287,3.3287,3.2398,3.3287,65299,0
20150713,3.2963,3.3287,3.2243,3.2398,24380,0
20150714,3.256,3.2802,3.2161,3.2398,39494,0
20150715,3.2724,3.2724,3.1918,3.1998,20846,0
20150716,3.1838,3.1838,3.0793,3.1195,184579,0
20150717,3.0873,3.1033,3.0391,3.0634,90422,0
20150720,3.0634,3.0873,2.8861,2.9266,125373,0
20150721,2.9587,3.0308,2.9025,2.9426,33832,0
20150722,2.9025,3.0471,2.9025,3.0069,71272,0
20150723,2.9426,3.0391,2.8222,2.8382,88431,0
20150724,2.8222,2.8301,2.7578,2.7578,162438,0
20150727,2.7417,2.7656,2.6532,2.6532,70024,0
20150728,2.7015,2.8222,2.6532,2.7578,30597,0
20150729,2.7738,2.8064,2.7497,2.7497,48964,0
20150730,2.7579,2.8387,2.7579,2.7738,45502,0
20150731,2.8064,2.8468,2.7094,2.7254,62937,0
20150803,2.7254,2.8146,2.5961,2.6527,109646,0
20150804,2.6688,2.6688,2.5719,2.5961,87050,0
20150805,2.5719,2.6204,2.5071,2.5071,100401,0
20150806,2.4829,2.5312,2.4829,2.515,33584,0
20150807,2.5071,2.5233,2.4425,2.4585,259907,0
20150810,2.4829,2.5071,2.4103,2.4667,59350,0
20150811,2.4019,2.4019,2.3049,2.313,82681,0
20150812,2.3454,2.3858,2.2078,2.2323,107453,0
20150813,2.1999,2.3858,2.1999,2.2887,56260,0
20150814,2.3049,2.3454,2.1106,2.1189,131315,0
20150817,2.1028,2.1918,2.1028,2.1351,50574,0
20150818,2.1351,2.1433,2.0624,2.0624,87544,0
20150819,2.0624,2.1028,2.0139,2.0704,69365,0
20150820,2.0947,2.0947,1.9896,2.0624,104359,0
20150821,2.038,2.1512,1.9896,2.0865,236788,0
20150824,2.0624,2.0785,1.9896,2.0461,156051,0
20150825,2.1592,2.1592,2.0299,2.1189,122661,0
20150826,2.1675,2.1836,2.1028,2.1351,95951,0
20150827,2.0871,2.3032,2.0871,2.3032,79013,0
20150828,2.3781,2.4863,2.3448,2.4279,180758,0
20150831,2.6193,2.6193,2.4361,2.4863,134094,0
20150901,2.4447,2.5445,2.2533,2.4863,150091,0
20150902,2.4946,2.5694,2.1785,2.3448,413955,0
20150903,2.3366,2.4778,2.3032,2.4695,81783,0
20150904,2.4361,2.5528,2.4196,2.5195,92362,0
20150908,2.5195,2.6442,2.4946,2.511,66747,0
20150909,2.511,2.5775,2.511,2.511,17437,0
20150910,2.5027,2.6026,2.5027,2.5281,49084,0
20150911,2.5281,2.5281,2.2867,2.353,296212,0
20150914,2.353,2.3947,2.2867,2.3032,80696,0
20150915,2.2867,2.3282,2.1868,2.2616,164404,0
20150916,2.2616,2.3116,2.245,2.27,273844,0
20150917,2.2948,2.3116,2.2783,2.3032,94532,0
20150918,2.2783,2.3781,2.27,2.3282,196752,0
20150921,2.4029,2.4196,2.353,2.4196,167048,0
20150922,2.3701,2.4029,2.3116,2.3366,254961,0
20150923,2.3366,2.3701,2.3032,2.3032,207694,0
20150924,2.3198,2.3282,2.27,2.3116,93007,0
20150925,2.2948,2.3612,2.2867,2.3198,94530,0
20150928,2.2905,2.4261,2.2905,2.3753,130801,0
20150929,2.3753,2.3753,2.2739,2.2822,91465,0
20150930,2.2739,2.3414,2.2145,2.2481,157474,0
20151001,2.2905,2.2905,2.2061,2.2398,100427,0
20151002,2.2398,2.2651,2.2145,2.2568,112566,0
20151005,2.2568,2.3329,2.1634,2.2398,197160,0
20151006,2.2481,2.3588,2.2481,2.3245,249059,0
20151007,2.3753,2.4774,2.3414,2.367,222538,0
20151008,2.3588,2.3924,2.2905,2.367,132366,0
20151009,2.3838,2.4603,2.3501,2.367,113390,0
20151012,2.3588,2.3838,2.3501,2.3588,129640,0
20151013,2.3753,2.4009,2.3162,2.3162,106555,0
20151014,2.3329,2.3588,2.2481,2.2991,88402,0
20151015,2.3329,2.3501,2.2568,2.2822,109145,0
20151016,2.3162,2.3245,2.2398,2.2568,95474,0
20151019,2.2481,2.3162,2.2398,2.2398,114451,0
20151020,2.2482,2.3587,2.2398,2.2905,134601,0
20151021,2.3329,2.3414,2.2481,2.3076,275577,0
20151022,2.3076,2.4009,2.2651,2.3588,308698,0
20151023,2.3838,2.5027,2.3501,2.3588,309172,0
20151026,2.3753,2.4435,2.367,2.4262,170085,0
20151027,2.4262,2.4262,2.2822,2.3838,210635,0
20151028,2.3516,2.524,2.3429,2.524,154154,0
20151029,2.5413,2.5754,2.498,2.5322,123177,0
20151030,2.5322,2.5322,2.4723,2.4808,84398,0
20151102,2.498,2.498,2.3861,2.4464,111354,0
20151103,2.4551,2.524,2.3861,2.4808,141633,0
20151104,2.5151,2.524,2.4551,2.5151,84037,0
20151105,2.524,2.6359,2.498,2.5754,103323,0
20151106,2.6014,2.7649,2.5928,2.7307,59671,0
20151109,2.6961,2.7047,2.4892,2.5499,82797,0
20151110,2.5928,2.627,2.498,2.5413,72675,0
20151111,2.5754,2.627,2.498,2.5067,68729,0
20151112,2.5151,2.6014,2.4892,2.5151,136640,0
20151113,2.524,2.5413,2.4118,2.4292,190275,0
20151116,2.5067,2.5413,2.3774,2.3774,112262,0
20151117,2.369,2.4118,2.369,2.3947,190043,0
20151118,2.4032,2.4464,2.3947,2.4206,16369,0
20151119,2.4292,2.4551,2.3947,2.4118,83932,0
20151120,2.4118,2.4635,2.4032,2.4551,101114,0
20151123,2.4723,2.524,2.4206,2.5151,128860,0
20151124,2.5151,2.7996,2.4635,2.7996,224291,0
20151125,2.7755,2.897,2.584,2.8101,193790,0
20151127,2.7929,2.8275,2.671,2.7493,60689,0
20151130,2.7407,3.1757,2.7058,3.1149,345622,0
20151201,3.0887,3.1059,2.6535,2.7839,191906,0
20151202,2.7581,2.8885,2.6189,2.8623,151495,0
20151203,2.897,2.897,2.6623,2.7839,82839,0
20151204,2.671,2.8016,2.6535,2.6796,119882,0
20151207,2.6535,2.7667,2.6101,2.7058,212062,0
20151208,2.6623,2.7058,2.6101,2.6189,51343,0
20151209,2.6535,2.6796,2.6101,2.6101,57584,0
20151210,2.6189,2.6449,2.5665,2.6014,131837,0
20151211,2.5752,2.697,2.4882,2.4882,95398,0
20151214,2.4882,2.5316,2.2706,2.3228,244680,0
20151215,2.3491,2.3579,2.175,2.2794,197235,0
20151216,2.2882,2.3315,2.2099,2.2271,149190,0
20151217,2.1836,2.2184,2.1491,2.175,134362,0
20151218,2.175,2.2099,2.0883,2.1055,130569,0
20151221,2.1231,2.1577,2.0011,2.0011,167691,0
20151222,2.0186,2.1313,2.0186,2.0883,96984,0
20151223,2.0883,2.201,2.0792,2.1231,175282,0
20151224,2.1313,2.1664,2.1142,2.1142,163174,0
20151228,2.0533,2.0969,1.9759,2.0359,200516,0
20151229,2.0616,2.097,1.9824,2.0544,211136,0
20151230,2.0264,2.0738,1.8941,2.0705,225777,0
20151231,2.0342,2.141,2.0265,2.141,124536,0
20160104,2.141,2.1674,2.0352,2.141,61922,0
20160105,2.1234,2.1234,2.079,2.1144,32638,0
20160106,2.1057,2.1238,2.0439,2.0439,104237,0
20160107,2.0264,2.079,1.9824,2,58821,0
20160108,2.0087,2.079,1.9824,2,47430,0
20160111,2,2.0334,1.9559,1.9559,43948,0
20160112,1.9824,2.0086,1.8941,1.8941,122046,0
20160113,1.8941,1.9382,1.7621,1.7621,55495,0
20160114,1.7621,1.8856,1.7357,1.8589,152959,0
20160115,1.8677,1.9109,1.7885,1.8766,65811,0
20160119,1.8856,1.9026,1.7621,1.7707,132915,0
20160120,1.7621,1.7971,1.5594,1.5947,103245,0
20160121,1.5948,1.6537,1.5948,1.6124,56963,0
20160122,1.8238,1.9734,1.7885,1.8677,110548,0
20160125,2,2.0352,1.9118,1.9204,122958,0
20160126,1.9118,1.9824,1.8817,1.9469,55657,0
20160127,1.9736,1.9956,1.8485,1.8485,87197,0
20160128,1.9291,2.2149,1.9255,2.2149,121515,0
20160129,2.1613,2.2328,2.0631,2.1166,103134,0
20160201,2.188,2.188,2.054,2.1703,35540,0
20160202,2.1791,2.197,2.1077,2.152,53093,0
20160203,2.1167,2.2061,2.1078,2.2061,42376,0
20160204,2.2149,2.2149,2.1077,2.1256,31267,0
20160205,2.1166,2.2149,2.099,2.2149,69822,0
20160208,2.1791,2.1791,2.099,2.1434,38290,0
20160209,2.1703,2.188,1.9968,2.1256,36237,0
20160210,2.1344,2.1433,2.0095,2.0451,26904,0
20160211,1.9112,2.0719,1.902,2.0719,69942,0
20160212,2.0719,2.1166,2.0094,2.1077,63812,0
20160216,2.2149,2.2149,2.0719,2.099,61879,0
20160217,2.1077,2.2149,2.0897,2.197,113157,0
20160218,2.2238,2.2238,2.1741,2.197,18661,0
20160219,2.197,2.2238,2.1792,2.2238,31265,0
20160222,2.2238,2.3489,2.2161,2.3308,82418,0
20160223,2.4023,2.4203,2.3219,2.3666,65956,0
20160224,2.3219,2.447,2.3219,2.447,36914,0
20160225,2.397,2.6762,2.397,2.6581,53598,0
20160226,2.613,2.7302,2.613,2.7031,63651,0
20160229,2.7031,2.7031,2.4961,2.5049,74234,0
20160301,2.613,2.613,2.5139,2.5858,65954,0
20160302,2.6311,2.9372,2.5681,2.8294,111077,0
20160303,2.8474,2.9123,2.7842,2.8837,50489,0
20160304,2.9644,3.1446,2.8837,3.0907,104070,0
20160307,3.1538,3.3913,3.0907,3.2437,154820,0
20160308,3.262,3.415,3.1989,3.2437,144766,0
20160309,3.289,3.415,3.22,3.3881,48004,0
20160310,3.3969,3.3969,3.1592,3.1897,37545,0
20160311,3.2242,3.2799,3.2078,3.2528,69305,0
20160314,3.2437,3.334,3.0995,3.271,122820,0
20160315,3.2437,3.3071,2.9644,3.2259,66853,0
20160316,3.1989,3.289,3.1989,3.2437,33671,0
20160317,3.3071,3.3157,3.1538,3.2349,148952,0
20160318,3.0995,3.0995,2.4689,2.487,554157,0
20160321,2.5411,2.613,2.4599,2.5317,132800,0
20160322,2.5411,2.5411,2.3788,2.4961,102170,0
20160323,2.5231,2.577,2.3879,2.442,81475,0
20160324,2.3879,2.4599,2.3879,2.4599,50966,0
20160328,2.577,2.7393,2.5245,2.64,119573,0
20160329,2.7032,2.7032,2.5948,2.6673,40783,0
20160330,2.7395,2.7395,2.5313,2.5498,82003,0
20160331,2.6399,2.6399,2.4412,2.4681,80980,0
20160401,2.4502,2.4681,2.3599,2.3599,45581,0
20160404,2.3054,2.3234,2.1879,2.197,101385,0
20160405,2.1427,2.3234,2.1427,2.2965,41093,0
20160406,2.3689,2.4773,2.3508,2.4681,70408,0
20160407,2.4412,2.5378,2.387,2.5313,18860,0
20160408,2.5313,2.5585,2.4502,2.5498,37181,0
20160411,2.5766,3.065,2.5766,2.9834,456094,0
20160412,2.9654,2.998,2.848,2.9474,147157,0
20160413,2.9654,2.9654,2.7759,2.9022,122403,0
20160414,2.9022,2.9022,2.8125,2.848,11224,0
20160415,2.8027,3.0287,2.8027,3.0287,98674,0
20160418,2.9381,3.074,2.893,3.0287,53241,0
20160419,3.056,3.074,2.9429,3.056,44727,0
20160420,3.0468,3.1463,3.0016,3.1282,59184,0
20160421,3.1374,3.2547,3.1009,3.2278,87589,0
20160422,3.2547,3.2547,3.1969,3.2187,37296,0
20160425,3.2547,3.2547,3.1191,3.1282,31080,0
20160426,3.1282,3.1644,3.0921,3.1191,28299,0
20160427,3.135,3.1892,3.1123,3.1438,96743,0
20160428,3.1168,3.1983,3.1077,3.153,77321,0
20160429,3.1183,3.2254,3.0987,3.2073,88227,0
20160502,3.2073,3.2073,3.0987,3.1168,40643,0
20160503,3.0895,3.135,2.9718,2.9718,64334,0
20160504,2.9718,3.0262,2.8814,2.999,63804,0
20160505,3.4429,3.4429,3.0262,3.1438,98841,0
20160506,3.1259,3.1621,3.0352,3.0623,28285,0
20160509,3.0442,3.0714,2.9353,2.9718,33913,0
20160510,2.9625,3.0805,2.9445,3.008,25847,0
20160511,2.9718,3.1259,2.8814,2.999,102338,0
20160512,3.0805,3.2255,3.0352,3.1892,83650,0
20160513,3.171,3.2346,3.1438,3.2164,101690,0
20160516,3.2525,3.2978,3.1983,3.2798,52181,0
20160517,3.2254,3.3523,3.1077,3.3071,115984,0
20160518,3.2618,3.3342,3.2073,3.289,45498,0
20160519,3.2618,3.2618,3.0262,3.1259,59282,0
20160520,3.1259,3.3071,3.017,3.0895,68306,0
20160523,3.0895,3.1258,3.008,3.1168,100913,0
20160524,3.1168,3.2073,3.0288,3.1259,121919,0
20160525,3.135,3.4701,3.135,3.4612,186888,0
20160526,3.471,3.5071,3.3167,3.4166,76387,0
20160527,3.3713,3.4349,3.1718,3.2355,142504,0
20160531,3.2081,3.3259,3.2081,3.3081,26314,0
20160601,3.25,3.2805,3.181,3.2534,38444,0
20160602,3.2172,3.3081,3.2172,3.3081,88313,0
20160603,3.2718,3.4982,3.2534,3.4257,81947,0
20160606,3.4439,3.5797,3.3803,3.5617,74535,0
20160607,3.5617,3.6252,3.471,3.6252,82425,0
20160608,3.6252,3.6704,3.5164,3.5525,81887,0
20160609,3.5797,3.6432,3.5348,3.616,62606,0
20160610,3.6432,3.6794,3.5071,3.5525,26316,0
20160613,3.5617,3.5797,3.4439,3.462,22976,0
20160614,3.462,3.5979,3.3985,3.471,61072,0
20160615,3.462,3.4625,3.2806,3.3351,69534,0
20160616,3.2988,3.3662,3.231,3.2355,30540,0
20160617,3.2806,3.3985,3.2806,3.3803,121852,0
20160620,3.3531,3.4439,3.3425,3.4439,58903,0
20160621,3.4439,3.5036,3.3803,3.4257,43542,0
20160622,3.4348,3.4439,3.344,3.3803,31921,0
20160623,3.3713,3.4891,3.3457,3.4348,106052,0
20160624,3.4348,3.48,3.3803,3.4439,44926,0
20160627,3.3259,3.3985,3.1718,3.1718,101239,0
20160628,3.1841,3.3842,3.1841,3.3116,61476,0
20160629,3.3843,3.4569,3.2933,3.4569,57084,0
20160630,3.3752,3.4388,3.3116,3.3752,36074,0
20160701,3.3843,3.4844,3.3298,3.3568,38410,0
20160705,3.284,3.3388,3.2113,3.2388,23184,0
20160706,3.1841,3.3205,3.1841,3.3024,39812,0
20160707,3.3116,3.3429,3.1386,3.1932,117276,0
20160708,3.2296,3.2931,3.2205,3.266,32736,0
20160711,3.2749,3.3024,3.2355,3.266,25979,0
20160712,3.2749,3.3388,3.266,3.2749,81556,0
20160713,3.3024,3.3024,3.1932,3.1932,30910,0
20160714,3.2024,3.4204,3.2024,3.3205,118069,0
20160715,3.3478,3.3478,3.2388,3.2749,47314,0
20160718,3.2749,3.3205,3.2388,3.2749,69090,0
20160719,3.266,3.3116,3.266,3.284,50440,0
20160720,3.284,3.4026,3.2388,3.3752,112446,0
20160721,3.3478,3.3567,3.2477,3.2749,46471,0
20160722,3.2749,3.3205,3.2749,3.3024,18382,0
20160725,3.2749,3.3933,3.266,3.2749,23972,0
20160726,3.2749,3.3205,3.2363,3.3033,45037,0
20160727,3.2893,3.3216,3.2434,3.2711,24542,0
20160728,3.2434,3.3076,3.2434,3.3076,10049,0
20160729,3.2711,3.3349,3.1796,3.2893,21216,0
20160801,3.3349,3.3349,3.0425,3.0517,38086,0
20160802,3.0975,3.1248,3.0006,3.0151,44779,0
20160803,3.0151,3.0975,3.0151,3.0975,34958,0
20160804,3.079,3.1979,3.0698,3.1887,54426,0
20160805,3.1887,3.1887,3.0332,3.1887,13303,0
20160808,3.1979,3.3805,3.1428,3.3256,102568,0
20160809,3.2801,3.343,3.1339,3.1979,38049,0
20160810,3.2252,3.2801,3.0698,3.0698,20252,0
20160811,3.1157,3.216,3.1157,3.2068,21024,0
20160812,3.1979,3.2518,3.0698,3.1429,69049,0
20160815,3.1248,3.2344,3.1157,3.1428,45044,0
20160816,3.1614,3.2068,3.1157,3.2068,32668,0
20160817,3.1887,3.2025,3.1456,3.1979,31983,0
20160818,3.2068,3.2983,3.1339,3.1796,160459,0
20160819,3.2068,3.2252,3.0882,3.1248,33869,0
20160822,3.1522,3.2893,3.1522,3.1702,46161,0
20160823,3.1887,3.2434,3.1065,3.1614,58149,0
20160824,3.1522,3.2038,3.1522,3.1796,11712,0
20160825,3.1979,3.2025,3.1065,3.1428,18748,0
20160826,3.1428,3.1979,3.1157,3.1339,38573,0
20160829,3.1338,3.1983,3.0692,3.0692,29506,0
20160830,3.0692,3.1798,3.0692,3.0971,31882,0
20160831,3.1428,3.1428,3.0323,3.0416,76023,0
20160901,3.014,3.0276,2.944,2.9771,36868,0
20160902,2.9771,3.0233,2.9725,2.9954,19679,0
20160906,3.0233,3.0323,3.0012,3.014,32157,0
20160907,3.0151,3.0877,3.0048,3.0877,72022,0
20160908,3.1155,3.2353,3.1039,3.2166,58391,0
20160909,3.1705,3.2306,3.1062,3.2074,44100,0
20160912,3.2074,3.2259,2.9954,3.2259,22357,0
20160913,3.2166,3.2166,3.0233,3.0877,25265,0
20160914,3.1523,3.1523,3.06,3.06,32119,0
20160915,3.1062,3.1615,3.06,3.0923,18233,0
20160916,3.0692,3.1428,3.0692,3.1428,26839,0
20160919,3.1062,3.1523,3.0693,3.0785,25570,0
20160920,3.0507,3.2166,3.0507,3.1642,58679,0
20160921,3.2166,3.2259,3.1799,3.1983,71963,0
20160922,3.2259,3.2259,3.1615,3.2074,68548,0
20160923,3.1799,3.2074,3.1706,3.2074,52528,0
20160926,3.1799,3.2166,3.0056,3.1062,36145,0
20160927,3.0877,3.1983,3.0877,3.1891,37835,0
20160928,3.1955,3.2979,3.1779,3.2979,44466,0
20160929,3.2701,3.3537,3.2701,3.3353,178790,0
20160930,3.3074,3.3537,3.1861,3.2979,117813,0
20161003,3.3353,3.3353,3.1675,3.1769,64099,0
20161004,3.2142,3.2608,3.2142,3.2608,81869,0
20161005,3.1955,3.2142,3.1209,3.1768,153206,0
20161006,3.1488,3.2328,3.0277,3.037,90855,0
20161007,3.0743,3.2126,3.0743,3.1583,41291,0
20161010,3.1955,3.2608,3.1488,3.2515,60730,0
20161011,3.2515,3.2608,3.2419,3.2608,62707,0
20161012,3.2701,3.2979,3.0838,3.2608,198595,0
20161013,3.3353,3.3725,3.2701,3.3633,34022,0
20161014,3.3165,3.4563,3.3074,3.4563,32954,0
20161017,3.4936,3.4936,3.3445,3.3537,45945,0
20161018,3.4005,3.4936,3.2608,3.4936,60851,0
20161019,3.4471,3.4936,3.4005,3.4005,56712,0
20161020,3.3074,3.4005,3.3074,3.3537,77868,0
20161021,3.3957,3.4471,3.3537,3.4005,32812,0
20161024,3.4005,3.4471,3.3537,3.4471,30300,0
20161025,3.4471,3.4471,3.3537,3.3537,40196,0
20161026,3.3537,3.3537,3.3074,3.3537,20558,0
20161027,3.3839,3.3839,3.2427,3.3839,33708,0
20161028,3.4308,3.4777,3.3839,3.4308,52400,0
20161031,3.4308,3.4683,3.3369,3.3839,90226,0
20161101,3.4262,3.4777,3.4241,3.4777,80300,0
20161102,3.4308,3.4777,3.3839,3.3839,52905,0
20161103,3.3839,3.3839,3.29,3.3369,42582,0
20161104,3.3369,3.3604,3.2427,3.2427,58161,0
20161107,3.1959,3.29,3.1487,3.1487,78654,0
20161108,3.1487,3.2427,3.1487,3.1487,54702,0
20161109,3.1959,3.1959,3.1018,3.1487,16925,0
20161110,3.1487,3.1959,3.1018,3.1487,8787,0
20161111,3.1959,3.1959,3.1018,3.1066,38421,0
20161114,3.1487,3.2427,3.1018,3.1959,16541,0
20161115,3.1959,3.2427,3.1487,3.1487,63854,0
20161116,3.1487,3.1992,3.1487,3.1959,60963,0
20161117,3.1487,3.4308,3.1487,3.4308,157838,0
20161118,3.4308,3.5718,3.29,3.5718,156826,0
20161121,3.6658,3.6658,3.5718,3.6189,119748,0
20161122,3.5718,3.7598,3.5248,3.7598,70473,0
20161123,3.7598,3.7598,3.4777,3.5248,102170,0
20161125,3.5248,3.5248,3.4777,3.4777,2233,0
20161128,3.457,3.5044,3.4097,3.457,31697,0
20161129,3.4097,3.5518,3.4097,3.4097,43439,0
20161130,3.5518,3.7886,3.5518,3.7412,57338,0
20161201,3.6464,3.8359,3.5992,3.8359,109593,0
20161202,3.7886,3.7886,3.6939,3.7412,34337,0
20161205,3.7412,3.7886,3.6939,3.6939,38177,0
20161206,3.7412,3.7412,3.6464,3.6464,23433,0
20161207,3.6464,3.7412,3.5044,3.5044,119305,0
20161208,3.5518,3.6094,3.5197,3.5992,11305,0
20161209,3.6464,3.9306,3.6464,3.9306,175912,0
20161212,3.978,4.3094,3.8359,3.8359,265046,0
20161213,3.9306,4.0253,3.8359,3.9306,58216,0
20161214,3.8832,3.978,3.7886,3.7886,52578,0
20161215,3.8832,3.8832,3.6939,3.7176,53280,0
20161216,3.6939,3.8359,3.5992,3.5992,52302,0
20161219,3.6939,3.6939,3.4097,3.5518,132976,0
20161220,3.5044,3.6939,3.457,3.6464,68035,0
20161221,3.5992,3.6521,3.5992,3.5992,27885,0
20161222,3.5518,3.6464,3.5518,3.5992,44001,0
20161223,3.5992,3.6464,3.457,3.5992,81638,0
20161227,3.4097,3.5992,3.4097,3.5518,146132,0
20161228,3.6125,3.6429,3.47,3.47,58144,0
20161229,3.47,3.6602,3.3749,3.47,111303,0
20161230,3.47,3.565,3.2323,3.2799,274983,0
20170103,3.3274,3.4224,3.1847,3.2799,94812,0
20170104,3.2799,3.3749,3.2323,3.3749,30876,0
20170105,3.4224,3.45,3.3749,3.3749,16541,0
20170106,3.3274,3.4224,3.2799,3.3274,14614,0
20170109,3.3934,3.3934,3.2799,3.2799,24869,0
20170110,3.2799,3.5175,3.276,3.5175,95594,0
20170111,3.5175,3.5175,3.3749,3.4224,19747,0
20170112,3.3749,3.4601,3.3274,3.3749,14382,0
20170113,3.4224,3.5175,3.3749,3.47,18230,0
20170117,3.565,3.565,3.4273,3.47,40330,0
20170118,3.47,3.5175,3.47,3.5175,12270,0
20170119,3.6125,3.6125,3.5175,3.565,75549,0
20170120,3.565,3.7551,3.5446,3.7551,60428,0
20170123,3.6602,3.7551,3.6602,3.7551,26584,0
20170124,3.6602,3.7077,3.6125,3.6125,72100,0
20170125,3.6125,3.7551,3.5697,3.7077,57273,0
20170126,3.7875,3.7875,3.7073,3.7074,31348,0
20170127,3.6945,3.7905,3.6945,3.6945,11238,0
20170130,3.6945,3.7376,3.5505,3.5985,57787,0
20170131,3.5985,3.6464,3.4544,3.5026,70293,0
20170201,3.5505,3.6945,3.5505,3.6464,49856,0
20170202,3.6464,3.6945,3.5505,3.5985,51236,0
20170203,3.5985,3.7905,3.5985,3.5985,64489,0
20170206,3.7424,3.7424,3.5505,3.5505,65860,0
20170207,3.5026,3.5505,3.5026,3.5026,28859,0
20170208,3.5985,3.5985,3.4544,3.4544,29724,0
20170209,3.4544,3.5985,3.4544,3.5026,29939,0
20170210,3.5505,3.6945,3.5505,3.6253,33017,0
20170213,3.6464,3.6464,3.5505,3.5985,29525,0
20170214,3.6464,3.6464,3.5985,3.6416,29129,0
20170215,3.5985,3.6464,3.5505,3.6464,60404,0
20170216,3.6464,3.6464,3.5505,3.6464,21748,0
20170217,3.5985,3.5985,3.4544,3.5264,22927,0
20170221,3.5505,3.5985,3.4544,3.5026,45981,0
20170222,3.4785,3.4785,3.3586,3.4066,35726,0
20170223,3.4066,3.4204,3.3106,3.3106,76700,0
20170224,3.3273,3.4023,3.3273,3.3273,36456,0
20170227,3.3273,3.3273,3.2791,3.2791,66631,0
20170228,3.4237,3.4237,3.2791,3.2791,42381,0
20170301,3.2791,3.3756,3.2791,3.3273,42668,0
20170302,3.3273,3.3273,3.2309,3.2309,90793,0
20170303,3.2309,3.3273,3.2309,3.2791,14005,0
20170306,3.2309,3.3223,3.2309,3.2309,15137,0
20170307,3.2309,3.2791,3.1827,3.1827,15163,0
20170308,3.1827,3.4237,3.1827,3.3756,98871,0
20170309,3.3756,3.3756,3.0862,3.1827,63895,0
20170310,3.1344,3.2309,3.0862,3.2309,36268,0
20170313,3.2309,3.2309,3.0862,3.1344,24696,0
20170314,3.1827,3.2309,3.0862,3.1827,15995,0
20170315,3.2309,3.2309,3.1827,3.1827,14629,0
20170316,3.1827,3.2791,3.1827,3.1827,11975,0
20170317,3.1827,3.3756,3.1827,3.2791,18774,0
20170320,3.2791,3.3756,3.2791,3.3273,16739,0
20170321,3.3756,3.5202,3.2791,3.2791,92381,0
20170322,3.2791,3.3273,3.2791,3.3273,17627,0
20170323,3.3756,3.4237,3.3273,3.4237,64751,0
20170324,3.472,3.472,3.2791,3.3756,28690,0
20170327,3.4237,3.4237,3.3273,3.3756,46236,0
20170328,3.3273,3.4237,3.3273,3.3756,41307,0
20170329,3.4155,3.4642,3.3666,3.4642,27594,0
20170330,3.4155,3.4642,3.2691,3.3179,62521,0
20170331,3.3179,3.4155,3.2691,3.2691,32667,0
20170403,3.2691,3.3179,3.2203,3.3179,53117,0
20170404,3.3179,3.3179,3.1714,3.1714,47258,0
20170405,3.1714,3.3179,3.1714,3.2691,40285,0
20170406,3.3179,3.4642,3.2203,3.4155,33649,0
20170407,3.4155,3.4155,3.3666,3.3666,3976,0
20170410,3.4155,3.4155,3.3666,3.4155,20188,0
20170411,3.4155,3.4155,3.3666,3.3666,27131,0
20170412,3.3666,3.4155,3.3666,3.4155,19711,0
20170413,3.4155,3.4642,3.3179,3.3179,32980,0
20170417,3.4155,3.4642,3.1714,3.1714,82613,0
20170418,3.2691,3.3666,3.2203,3.3666,48749,0
20170419,3.3666,3.4155,3.3179,3.4155,38318,0
20170420,3.4155,3.4642,3.3179,3.4155,54919,0
20170421,3.4642,3.4642,3.3666,3.4155,12010,0
20170424,3.4155,3.4695,3.4155,3.4155,50870,0
20170425,3.5131,3.5131,3.3179,3.4155,78105,0
20170426,3.4502,3.4502,3.3515,3.4009,24683,0
20170427,3.4009,3.4009,3.3515,3.3515,51154,0
20170428,3.4009,3.4009,3.3023,3.3023,19624,0
20170501,3.3023,3.4009,3.3023,3.3515,11516,0
20170502,3.3515,3.3959,3.2529,3.2529,52976,0
20170503,3.2529,3.2973,3.2037,3.2529,43660,0
20170504,3.2529,3.2529,3.1051,3.1051,111662,0
20170505,3.1545,3.2037,3.1051,3.2037,44173,0
20170508,3.2037,3.3023,3.1545,3.3023,33544,0
20170509,3.3023,3.3023,3.2037,3.2037,28050,0
20170510,3.3023,3.3023,3.1051,3.1545,100273,0
20170511,3.2529,3.3023,3.1545,3.1545,40065,0
20170512,3.2037,3.2529,3.1545,3.2529,27926,0
20170515,3.2529,3.3515,3.2037,3.3023,152719,0
20170516,3.2529,3.3515,3.2037,3.2037,25913,0
20170517,3.1545,3.3515,3.1545,3.3515,49669,0
20170518,3.3023,3.3515,3.2037,3.2037,28670,0
20170519,3.2037,3.2973,3.1545,3.1545,50579,0
20170522,3.1545,3.2037,3.1545,3.1545,64156,0
20170523,3.1545,3.2037,3.1545,3.1545,13773,0
20170524,3.1545,3.2037,3.1545,3.2037,9101,0
20170525,3.2037,3.2529,3.1545,3.2037,41741,0
20170526,3.1769,3.2266,3.1273,3.1769,25053,0
20170530,3.1769,3.2266,3.1273,3.1273,32545,0
20170531,3.1273,3.1769,3.1273,3.1273,17527,0
20170601,3.1273,3.1769,3.1273,3.1273,32472,0
20170602,3.1273,3.167,3.0776,3.0776,72076,0
20170605,3.0776,3.1769,3.0776,3.1273,11037,0
20170606,3.1273,3.1521,3.0279,3.0279,28270,0
20170607,3.2266,3.6237,3.2266,3.4748,405089,0
20170608,3.4748,3.6237,3.3258,3.4251,267389,0
20170609,3.3258,3.4748,3.3258,3.4251,63644,0
20170612,3.4251,3.5243,3.4251,3.5243,25132,0
20170613,3.4748,3.5243,3.4251,3.4748,33359,0
20170614,3.3755,3.5243,3.3755,3.4748,39417,0
20170615,3.5243,3.5243,3.3755,3.4251,28089,0
20170616,3.4251,3.5243,3.3755,3.4251,58928,0
20170619,3.4251,3.5243,3.4251,3.4251,88825,0
20170620,3.4251,3.4748,3.3755,3.4251,32342,0
20170621,3.4748,3.4748,3.3755,3.3755,34577,0
20170622,3.4251,3.4748,3.2761,3.3258,52799,0
20170623,3.3258,3.3755,3.2761,3.3258,24694,0
20170626,3.2761,3.4748,3.2761,3.3755,44541,0
20170627,3.3755,3.4022,3.2761,3.3755,61139,0
20170628,3.3406,3.3904,3.2408,3.3406,73985,0
20170629,3.2907,3.3406,3.191,3.191,97790,0
20170630,3.191,3.3406,3.191,3.2408,8904,0
20170703,3.191,3.3406,3.191,3.2907,39505,0
20170705,3.2907,3.3406,3.191,3.2907,86488,0
20170706,3.2907,3.2907,3.191,3.2907,29775,0
20170707,3.2408,3.2907,3.191,3.2907,20250,0
20170710,3.2408,3.2907,3.2408,3.2408,23109,0
20170711,3.2408,3.2907,3.2159,3.2658,63962,0
20170712,3.2907,3.4403,3.2907,3.3904,76819,0
20170713,3.3904,3.4403,3.2907,3.3904,72737,0
20170714,3.3904,3.4901,3.3406,3.3904,103011,0
20170717,3.3904,3.4403,3.3455,3.3904,45190,0
20170718,3.3904,3.4901,3.3406,3.3904,48599,0
20170719,3.3904,3.4652,3.3854,3.4652,30601,0
20170720,3.4403,3.4403,3.3406,3.4154,72980,0
20170721,3.3904,3.4403,3.3406,3.3904,35641,0
20170724,3.3406,3.4901,3.3406,3.4901,34847,0
20170725,3.3904,3.4901,3.3904,3.4403,44118,0
20170726,3.4403,3.5649,3.4403,3.54,51398,0
20170727,3.55,3.6,3.5,3.55,31355,0
20170728,3.5,3.5655,3.5,3.5,20483,0
20170731,3.45,3.55,3.4,3.45,64851,0
20170801,3.45,3.55,3.445,3.45,55416,0
