Date,Open,High,Low,Close,Volume,OpenInt
20150212,60.103,60.694,59.212,60.422,1045027,0
20150213,60.82,62.301,60.568,61.468,879537,0
20150217,61.518,61.537,59.774,60.422,1208210,0
20150218,60.741,62.399,60.46,62.098,1417056,0
20150219,62.389,65.189,62.158,64.338,1778509,0
20150220,64.55,66.161,64.358,66.122,1091170,0
20150223,64.938,66.818,64.938,66.199,1139784,0
20150224,66.199,67.111,65.684,66.847,825938,0
20150225,66.994,67.235,66.151,66.752,610901,0
20150226,66.752,66.808,65.51,65.57,473787,0
20150227,65.52,65.907,64.222,64.241,1217671,0
20150302,64.465,66.295,64.278,65.966,950749,0
20150303,65.52,66.238,65.356,65.86,679299,0
20150304,66.48,66.519,65.985,66.103,554972,0
20150305,66.093,66.093,65.209,65.666,407950,0
20150306,67.119,67.285,66.17,66.616,1404717,0
20150309,66.645,67.556,66.635,67.129,550640,0
20150310,67.993,70.018,67.847,69.843,1604152,0
20150311,70.696,71.946,68.979,71.52,1675134,0
20150312,72.304,74.631,72.14,74.23,1808126,0
20150313,73.09,74.476,72.702,74.466,1225811,0
20150316,74.952,75.544,73.284,73.556,1299684,0
20150317,73.817,74.281,73.206,73.623,864496,0
20150318,73.566,75.184,73.266,74.795,605838,0
20150319,74.893,75.386,74.148,74.359,700347,0
20150320,75.056,76.219,74.32,75.824,1042575,0
20150323,76.346,77.519,75.909,77.326,887605,0
20150324,77.326,78.498,76.706,77.316,711696,0
20150325,76.105,76.754,73.943,73.953,903908,0
20150326,73.546,75.356,72.809,74.496,638132,0
20150327,74.534,74.912,73.837,74.466,292704,0
20150330,74.757,75.697,74.757,75,551981,0
20150331,74.981,75.145,73.972,74.271,431886,0
20150401,74.167,74.69,72.896,74.486,486362,0
20150402,73.896,75.105,73.196,73.595,498537,0
20150406,73.246,74.814,73.246,74.65,521132,0
20150407,74.873,75.657,74.524,74.524,346784,0
20150408,74.466,75.184,73.672,73.981,638338,0
20150409,74.068,74.834,73.876,74.262,534726,0
20150410,74.262,75.505,74.262,74.795,294664,0
20150413,74.767,74.767,72.839,73.439,381436,0
20150414,73.536,73.837,72.575,73.399,497195,0
20150415,73.342,73.876,72.023,72.276,684901,0
20150416,72.237,72.353,71.072,71.927,503155,0
20150417,71.403,71.645,70.329,70.716,461702,0
20150420,71.152,72.343,70.763,71.909,386201,0
20150421,72.052,72.557,71.588,72.092,356258,0
20150422,71.927,72.247,71.132,72.208,267057,0
20150423,71.724,72.615,71.413,71.956,252055,0
20150424,72.19,72.237,70.434,70.668,353682,0
20150427,70.678,71.694,70.678,71.618,425180,0
20150428,71.462,71.771,71.053,71.598,387005,0
20150429,71.363,71.762,70.658,71.403,280735,0
20150430,70.949,71.724,70.453,70.91,423530,0
20150501,70.57,72.247,70.53,71.82,316436,0
20150504,71.83,73.119,71.684,72.431,581489,0
20150505,72.431,72.431,70.949,71.211,295904,0
20150506,71.298,71.684,70.269,70.678,189015,0
20150507,71.072,71.714,70.279,71.026,328011,0
20150508,71.482,72.276,71.044,71.956,272379,0
20150511,72.062,73.313,71.889,72.566,239777,0
20150512,72.266,72.742,71.007,72.421,263182,0
20150513,72.654,73.138,71.909,72.199,250919,0
20150514,72.575,73.323,72.383,73.313,338720,0
20150515,73.507,73.566,72.625,72.819,208530,0
20150518,72.663,75.02,72.313,74.757,492056,0
20150519,75.145,75.301,74.068,74.31,703442,0
20150520,74.66,75.505,74.3,74.369,653711,0
20150521,74.32,74.621,73.284,74.234,600781,0
20150522,74.506,74.506,73.556,73.758,549402,0
20150526,73.527,73.652,72.819,73.362,882001,0
20150527,73.556,74.834,73.323,74.486,1009353,0
20150528,73.662,75.455,72.693,75.115,713019,0
20150529,74.952,74.961,72.654,74.148,714583,0
20150601,73.981,74.271,72.004,72.082,798671,0
20150602,71.743,72.18,70.93,70.949,1121802,0
20150603,71.122,72.683,70.891,72.15,870584,0
20150604,72.432,72.646,70.282,70.683,470065,0
20150605,70.711,71.916,70.108,71.858,395628,0
20150608,71.742,72.042,70.926,70.984,358204,0
20150609,71.218,73.181,70.993,73.084,816395,0
20150610,73.472,74.63,73.112,74.62,532719,0
20150611,74.61,74.863,74.017,74.543,429635,0
20150612,73.892,74.893,73.696,74.115,369101,0
20150615,73.366,74.145,72.763,73.813,357176,0
20150616,73.735,74.64,73.336,74.504,476438,0
20150617,74.447,75.086,72.996,73.783,454745,0
20150618,74.036,74.776,73.959,74.437,334144,0
20150619,74.252,74.728,73.978,74.135,412694,0
20150622,74.561,74.571,73.561,74.135,337845,0
20150623,74.308,74.738,73.336,73.901,280595,0
20150624,73.901,74.212,72.782,72.977,283663,0
20150625,73.141,73.336,71.965,72.13,303609,0
20150626,72.296,73.774,72.072,73.744,692350,0
20150629,72.665,73.735,71.616,71.672,669627,0
20150630,72.102,72.452,71.218,71.35,385418,0
20150701,71.849,72.374,70.936,71.128,382775,0
20150702,71.128,71.955,69.816,70.049,445388,0
20150706,69.33,70.302,67.831,69.893,506047,0
20150707,69.757,69.757,68.571,69.465,375989,0
20150708,68.697,69.631,67.91,67.968,588506,0
20150709,68.813,69.767,68.561,68.561,275026,0
20150710,69.456,69.923,68.853,69.737,213132,0
20150713,70.428,70.906,70.118,70.457,241201,0
20150714,70.322,71.36,70.098,71.128,168915,0
20150715,71.118,71.305,70.419,70.691,244120,0
20150716,71.118,71.722,70.796,71.4,209740,0
20150717,71.37,71.849,70.594,70.926,243566,0
20150720,70.738,71.088,70.059,70.352,285205,0
20150721,70.253,70.467,68.755,69.3,244800,0
20150722,69.212,69.592,67.92,68.299,341136,0
20150723,68.299,68.998,67.638,67.801,349670,0
20150724,67.86,68.075,66.48,66.635,316769,0
20150727,66.139,66.461,65.165,66.178,428013,0
20150728,66.673,67.529,66.178,66.898,370232,0
20150729,67.112,68.075,66.829,67.579,477160,0
20150730,67.589,68.473,66.898,68.221,219920,0
20150731,68.6,69.33,67.86,69.008,369924,0
20150803,69.203,69.835,68.192,68.61,261537,0
20150804,68.289,69.447,67.733,68.386,391926,0
20150805,68.649,71.43,68.649,69.883,641764,0
20150806,72.18,75.076,72.082,74.719,1246001,0
20150807,74.397,75.66,74.155,75.64,583570,0
20150810,76.119,77.325,75.865,76.712,357176,0
20150811,77.325,77.325,74.738,76.39,467565,0
20150812,75.769,77.266,74.728,76.974,484973,0
20150813,76.915,78.394,76.4,78.014,437988,0
20150814,77.811,78.841,77.431,77.732,413209,0
20150817,77.364,78.706,77.207,78.667,539977,0
20150818,78.365,78.755,77.722,77.908,371671,0
20150819,77.402,78.044,76.381,77.15,390383,0
20150820,76.848,77.13,74.709,75.185,472223,0
20150821,74.407,74.659,72.519,73.161,555195,0
20150824,65.477,72.344,54.526,69.855,595965,0
20150825,71.315,71.908,68.892,68.95,438705,0
20150826,70.534,71.829,68.892,71.712,379794,0
20150827,72.314,74.447,71.955,73.803,446005,0
20150828,73.921,74.164,72.568,73.754,397992,0
20150831,73.97,74.741,73.13,73.892,359127,0
20150901,72.154,73.384,71.773,72.066,347547,0
20150902,72.964,73.979,72.194,73.931,250723,0
20150903,73.833,74.497,73.062,73.403,251543,0
20150904,72.349,73.228,71.979,72.457,242321,0
20150908,74.526,76.059,74.204,75.882,388125,0
20150909,76.185,76.975,75.608,76.03,274494,0
20150910,76.185,76.692,75.513,76.039,284509,0
20150911,75.737,76.605,75.493,76.566,271112,0
20150914,76.575,76.575,75.374,75.96,247650,0
20150915,76.419,76.868,75.598,76.263,268551,0
20150916,76.146,76.623,75.15,75.513,297751,0
20150917,75.814,76.205,74.526,74.672,280232,0
20150918,73.53,74.946,73.198,73.813,497347,0
20150921,74.234,74.692,73.481,73.872,402365,0
20150922,72.808,73.843,72.319,73.803,336688,0
20150923,74.116,74.32,73.53,73.667,389148,0
20150924,72.906,73.042,71.665,72.194,380218,0
20150925,72.681,73.052,71.256,71.549,326546,0
20150928,71.022,71.539,69.412,69.479,243643,0
20150929,69.626,70.906,68.836,69.997,460256,0
20150930,70.7,71.871,69.715,70.144,445706,0
20151001,70.31,71.901,69.782,71.745,322446,0
20151002,70.796,72.583,70.162,72.525,227361,0
20151005,72.856,74.126,72.71,73.677,224111,0
20151006,73.754,75.18,73.744,75.141,422550,0
20151007,75.542,76.399,74.487,75.131,857907,0
20151008,75.024,75.598,74.458,75.034,443862,0
20151009,75.014,77.083,75.014,76.887,533005,0
20151012,76.849,78.206,76.303,77.668,393192,0
20151013,76.945,78.137,76.692,77.102,455542,0
20151014,77.102,77.825,76.429,76.752,580137,0
20151015,77.025,77.347,75.463,76.468,295601,0
20151016,76.36,76.762,75.608,76.126,325008,0
20151019,75.503,75.98,75.249,75.786,357077,0
20151020,75.667,77.199,75.493,76.995,233541,0
20151021,77.298,77.97,76.955,77.122,329412,0
20151022,77.463,79.455,77.025,79.376,473780,0
20151023,80.031,80.265,79.308,79.738,455337,0
20151026,80.031,80.752,79.074,80.498,680548,0
20151027,82.226,83.574,81.71,82.627,684953,0
20151028,82.929,85.006,82.491,84.608,1347775,0
20151029,84.344,85.106,82.537,83.143,528494,0
20151030,83.143,84.041,82.577,83.564,286789,0
20151102,83.672,85.514,82.92,85.379,619590,0
20151103,85.066,85.066,82.91,84.676,376954,0
20151104,84.843,85.379,83.524,83.728,277439,0
20151105,83.738,83.935,82.627,83.426,526959,0
20151106,83.544,83.544,82.119,82.441,297342,0
20151109,82.373,82.373,80.752,81.368,261339,0
20151110,81.075,81.886,80.733,81.592,296216,0
20151111,81.943,82.304,81.543,81.983,313736,0
20151112,81.398,81.464,79.26,79.347,339967,0
20151113,78.927,79.982,78.342,78.42,247444,0
20151116,79.106,83.571,79.106,83.413,653426,0
20151117,83.952,84.932,82.835,84.275,385131,0
20151118,84.46,84.794,83.6,83.942,520758,0
20151119,84.157,85.018,83.639,84.599,380026,0
20151120,84.714,85.567,84.599,85.225,245010,0
20151123,85.303,86.654,85.177,85.372,250626,0
20151124,84.639,85.442,84.45,84.687,311125,0
20151125,85.088,85.558,84.206,84.47,234081,0
20151127,84.854,84.854,84.206,84.599,109687,0
20151130,84.47,84.649,83.825,84.119,225910,0
20151201,84.48,84.883,83.825,84.109,252435,0
20151202,84.246,84.54,83.933,84.226,242137,0
20151203,84.384,84.873,81.994,82.141,267505,0
20151204,82.081,84.932,81.661,84.774,318440,0
20151207,85.157,87.144,85.157,87.144,506257,0
20151208,86.116,86.38,84.764,85.234,481513,0
20151209,84.922,86.459,83.806,83.942,322424,0
20151210,84.196,84.893,83.571,84.325,222540,0
20151211,83.452,84.128,82.513,82.621,243784,0
20151214,82.347,83.178,81.338,82.053,282735,0
20151215,82.895,83.561,82.258,83.208,342339,0
20151216,84.109,85.312,83.326,84.54,306083,0
20151217,86.165,89.063,84.667,86.225,826228,0
20151218,85.273,86.028,84.03,84.844,840936,0
20151221,85.382,88.878,85.078,88.828,639537,0
20151222,90.052,91.051,87.408,88.173,501733,0
20151223,88.779,88.779,87.781,88.153,307002,0
20151224,87.85,88.672,87.339,88.045,135552,0
20151228,87.976,88.563,86.577,87.781,193901,0
20151229,89.396,89.885,88.25,89.082,257197,0
20151230,89.053,89.317,88.329,88.643,224809,0
20151231,88.643,88.995,87.301,87.478,240066,0
20160104,87.594,88.075,86.33,87.428,724269,0
20160105,87.349,90.669,87.32,90.072,885939,0
20160106,90.033,92.94,89.142,92.578,1414995,0
20160107,91.648,92.03,88.868,89.063,863553,0
20160108,89.132,89.875,86.938,87.184,595393,0
20160111,87.359,87.732,85.244,86.518,593679,0
20160112,87.262,89.172,85.951,89.092,635314,0
20160113,88.946,89.436,85.891,86.36,789315,0
20160114,86.831,87.526,84.913,85.666,1008740,0
20160115,84.196,85.686,82.053,83.874,917545,0
20160119,84.119,85.577,82.885,84.873,763113,0
20160120,83.307,85.97,82.366,85.058,951009,0
20160121,85.177,85.382,82.101,82.395,700501,0
20160122,83.129,85.451,82.905,85.422,537624,0
20160125,85.118,87.428,84.952,87.262,879384,0
20160126,87.095,88.279,86.734,87.506,699984,0
20160127,85.254,85.666,82.748,84.109,884973,0
20160128,84.52,85.587,83.687,84.988,557030,0
20160129,85.157,88.359,85.038,88.349,523329,0
20160201,88.259,88.259,87.174,87.682,315123,0
20160202,87.027,87.287,84.315,84.844,369832,0
20160203,85.499,87.488,84.315,87.124,518280,0
20160204,86.704,89.053,86.263,87.262,522436,0
20160205,87.144,87.576,82.66,83.384,608278,0
20160208,84.206,84.402,81.785,82.983,434550,0
20160209,82.337,83.716,81.348,82.503,580675,0
20160210,82.875,83.701,81.867,82.806,548834,0
20160211,80.691,82.503,79.41,81.777,552782,0
20160212,83.09,83.09,80.965,82.081,394604,0
20160216,83.139,83.571,79.504,81.143,672277,0
20160217,81.613,82.796,81.269,82.415,399068,0
20160218,82.395,82.456,81.034,81.426,422194,0
20160219,81.199,81.758,80.261,81.289,393695,0
20160222,81.867,83.247,81.867,82.709,353297,0
20160223,82.386,83.316,81.593,82.806,361870,0
20160224,82.229,84.153,81.759,83.776,502874,0
20160225,84.03,84.774,83.746,84.51,541256,0
20160226,84.695,85.753,84.402,85.432,628729,0
20160229,85.451,86.195,81.603,82.013,808885,0
20160301,81.758,82.229,72.761,76.286,2994770,0
20160302,76.482,80.096,76.422,79.987,1085453,0
20160303,79.849,81.068,78.041,79.358,855517,0
20160304,79.377,81.314,78.689,80.664,609376,0
20160307,80.262,81.489,78.464,78.571,822065,0
20160308,78.228,79.495,78.011,79.16,830692,0
20160309,79.593,79.593,77.529,77.796,476209,0
20160310,78.001,78.129,74.985,75.908,983055,0
20160311,76.074,77.156,75.632,75.997,698876,0
20160314,75.545,77.264,75.201,76.91,431480,0
20160315,76.479,77.648,76.017,76.881,410902,0
20160316,76.842,77.971,76.528,77.706,373169,0
20160317,77.677,78.484,77.648,78.061,524745,0
20160318,78.109,81.166,77.663,80.567,1092230,0
20160321,80.202,81.854,80.182,80.842,473359,0
20160322,80.487,81.274,80.272,80.704,379623,0
20160323,80.381,81.784,80.371,81.343,274608,0
20160324,81.569,82.66,81.294,82.601,717469,0
20160328,82.964,84.153,82.404,83.74,762227,0
20160329,83.505,84.772,83.131,84.722,420911,0
20160330,85.254,86.512,84.901,86.257,693977,0
20160331,86.237,86.611,85.342,85.442,515904,0
20160401,84.891,86.272,84.477,85.392,521007,0
20160404,85.402,86.149,84.566,85.087,388691,0
20160405,84.665,85.48,84.129,84.665,364463,0
20160406,84.527,85.49,84.281,85.273,372389,0
20160407,85.196,85.598,84.547,85.312,301291,0
20160408,85.726,86.257,85.067,85.412,260007,0
20160411,85.972,86.572,84.881,84.921,341039,0
20160412,84.901,85.342,83.869,85.007,443196,0
20160413,85.539,85.893,85.097,85.834,241828,0
20160414,85.854,86.218,85.293,85.362,204071,0
20160415,85.588,85.903,84.861,85.697,242760,0
20160418,85.402,85.933,84.517,85.372,221293,0
20160419,85.539,85.819,84.542,85.067,399657,0
20160420,85.007,85.293,83.957,83.996,439655,0
20160421,83.879,84.487,82.954,83.269,333734,0
20160422,83.289,85.254,83.121,84.419,326661,0
20160425,84.36,84.36,83.043,83.259,315440,0
20160426,83.534,85.49,83.269,85.461,256641,0
20160427,85.49,86.552,84.881,86.394,232719,0
20160428,86.247,87.514,85.755,85.991,278392,0
20160429,85.499,86.187,84.974,85.499,325782,0
20160502,85.49,86.168,83.416,85.608,611089,0
20160503,85.402,86.699,84.331,85.972,509964,0
20160504,85.499,86.267,84.871,85.628,795290,0
20160505,83.534,85.392,81.599,84.517,1344165,0
20160506,84.331,84.331,82.92,83.888,656030,0
20160509,83.957,86.344,83.534,85.667,393998,0
20160510,85.804,86.62,85.559,86.473,469971,0
20160511,86.354,86.974,85.568,86.049,486611,0
20160512,86.178,87.466,85.824,87.181,404757,0
20160513,86.729,86.954,85.372,85.717,349373,0
20160516,85.677,87.22,85.677,86.532,390153,0
20160517,86.267,86.552,84.802,85.382,241860,0
20160518,85.037,85.707,84.139,84.399,423468,0
20160519,84.025,84.792,83.633,84.321,367335,0
20160520,84.792,85.677,83.972,85.549,246175,0
20160523,85.578,85.834,85.027,85.402,296561,0
20160524,85.412,87.191,84.561,86.827,295277,0
20160525,86.866,87.426,86.374,86.777,390528,0
20160526,86.827,87.357,86.444,86.767,177893,0
20160527,86.562,87.072,86.257,86.915,236063,0
20160531,86.729,87.151,85.412,85.529,410774,0
20160601,85.794,87.268,85.499,87.032,309068,0
20160602,86.906,88.94,86.482,88.222,294586,0
20160603,88.26,88.526,87.357,87.76,318323,0
20160606,87.731,88.756,87.415,88.362,409325,0
20160607,88.194,89.25,87.765,88.775,284599,0
20160608,88.765,89.031,88.155,88.441,419685,0
20160609,88.362,89.713,88.362,89.367,344366,0
20160610,88.51,88.736,87.721,88.115,293936,0
20160613,87.563,87.869,86.749,86.961,458726,0
20160614,87.03,88.401,86.548,87.376,414019,0
20160615,87.425,88.135,87.129,87.356,222959,0
20160616,86.971,87.218,86.213,87.139,315103,0
20160617,87.139,87.491,85.511,86.715,723414,0
20160620,87.553,88.234,86.922,87.346,251009,0
20160621,87.218,87.602,86.774,87.366,381662,0
20160622,87.296,87.485,86.123,86.262,306655,0
20160623,86.961,86.961,85.917,86.213,734984,0
20160624,84.269,85.216,83.047,83.214,1284250,0
20160627,82.514,82.613,81.439,82.001,1407233,0
20160628,82.495,82.823,80.966,81.498,782308,0
20160629,82.041,83.274,81.588,83.135,581311,0
20160630,83.028,84.529,82.643,83.954,989158,0
20160701,83.895,85.028,83.736,83.905,487534,0
20160705,83.866,83.895,82.829,83.184,498384,0
20160706,82.791,82.948,81.982,82.16,454793,0
20160707,82.258,82.839,82.08,82.692,474516,0
20160708,83.421,83.706,83.018,83.254,350693,0
20160711,83.254,84.279,83.155,83.57,527605,0
20160712,84.299,84.999,83.973,84.782,572053,0
20160713,85.187,85.235,84.142,84.142,308529,0
20160714,84.732,84.901,84.132,84.161,448981,0
20160715,84.556,85.571,84.368,85.088,408192,0
20160718,85.187,86.043,84.842,84.951,425894,0
20160719,84.752,87.266,84.752,86.379,871781,0
20160720,86.329,87.05,86.173,86.625,263460,0
20160721,86.645,86.804,85.715,85.857,237239,0
20160722,85.67,86.242,85.275,86.015,276319,0
20160725,85.787,85.995,85.424,85.551,233197,0
20160726,85.463,86.399,85.265,86.301,205571,0
20160727,86.587,86.764,85.078,85.68,407817,0
20160728,85.67,86.449,85.265,86.349,329761,0
20160729,86.123,86.774,85.768,85.907,325029,0
20160801,85.817,86.941,85.71,86.834,292903,0
20160802,86.774,86.863,84.998,85.018,496752,0
20160803,84.832,85.763,84.408,85.463,240211,0
20160804,85.64,86.272,85.571,86.093,255248,0
20160805,86.282,86.577,86.025,86.173,210351,0
20160808,86.163,86.419,85.66,86.083,261969,0
20160809,86.063,88.185,85.882,87.533,858965,0
20160810,77.426,78.58,66.107,69.804,8829546,0
20160811,70.653,74.27,70.503,73.116,3547160,0
20160812,72.94,75.188,72.477,72.604,1319480,0
20160815,72.604,73.571,72.23,72.347,762414,0
20160816,72.061,72.25,70.523,70.673,1091366,0
20160817,70.899,71.619,70.673,71.045,717775,0
20160818,70.997,71.323,70.849,71.135,535868,0
20160819,70.997,72.111,70.731,72.071,879970,0
20160822,71.825,73.522,71.471,73.442,1042438,0
20160823,73.994,75.089,73.708,74.971,1525548,0
20160824,74.912,75.405,73.778,74.991,980328,0
20160825,74.813,75.375,73.936,74.153,990186,0
20160826,74.113,74.951,73.127,73.422,521366,0
20160829,73.571,75.415,73.571,74.981,538711,0
20160830,74.774,75.395,74.662,74.921,470904,0
20160831,74.991,75.178,73.857,74.379,255013,0
20160901,75.04,76.38,75.04,76.194,662051,0
20160902,76.371,77.232,76.371,77.095,569947,0
20160906,77.362,77.362,75.758,76.501,358803,0
20160907,75.986,76.223,74.838,75.075,659087,0
20160908,74.788,75.699,74.65,75.194,357476,0
20160909,74.501,74.926,74.045,74.382,511374,0
20160912,73.946,75.154,73.748,74.986,648666,0
20160913,74.322,74.848,73.708,74.075,619814,0
20160914,73.985,74.659,72.145,72.699,684611,0
20160915,72.392,73.343,72.274,73.184,462571,0
20160916,73.124,73.124,71.669,71.749,503705,0
20160919,71.729,72.669,71.561,72.214,377657,0
20160920,72.729,73.094,72.055,72.521,412958,0
20160921,72.759,73.74,72.362,73.264,335227,0
20160922,73.323,74.491,73.323,74.015,389028,0
20160923,73.431,74.322,73.343,73.688,309823,0
20160926,73.224,75.599,73.036,75.234,1278306,0
20160927,75.719,76.688,75.382,75.986,427684,0
20160928,76.035,76.441,75.54,76.065,383772,0
20160929,75.639,75.966,74.302,74.689,547915,0
20160930,74.818,75.956,74.332,75.461,781740,0
20161003,75.461,76.283,75.165,75.926,358584,0
20161004,76.213,76.421,74.857,75.521,427203,0
20161005,75.412,76.56,74.798,74.838,604758,0
20161006,74.976,75.035,74.402,74.551,319299,0
20161007,74.342,74.531,73.254,73.401,550303,0
20161010,73.441,74.254,73.411,73.63,484050,0
20161011,73.224,73.838,71.719,72.125,495988,0
20161012,71.977,72.472,71.719,71.888,284403,0
20161013,71.432,72.462,70.798,72.185,464480,0
20161014,72.63,73.114,72.502,72.789,371134,0
20161017,72.986,73.888,72.649,73.659,497523,0
20161018,76.154,77.609,74.946,76.858,1111219,0
20161019,76.728,76.867,75.827,76.114,386969,0
20161020,75.748,76.511,75.432,75.729,497822,0
20161021,75.392,75.56,74.659,75.282,522654,0
20161024,76.084,76.084,74.976,75.015,365261,0
20161025,74.57,75.149,73.561,74.382,626321,0
20161026,74.531,75.035,73.491,74.035,592025,0
20161027,74.095,74.175,73.313,74.165,318399,0
20161028,73.868,75.115,73.868,74.442,235276,0
20161031,74.609,74.753,73.591,73.611,606028,0
20161101,73.975,74.302,72.808,73.056,387193,0
20161102,73.63,73.738,71.333,71.462,815742,0
20161103,71.333,73.382,71.333,73.056,1214749,0
20161104,73.134,73.778,72.332,73.421,670841,0
20161107,74.263,75.609,74.175,75.422,462281,0
20161108,76.381,78.846,75.501,77.055,1284774,0
20161109,76.451,80.065,76.233,78.481,1155900,0
20161110,79.361,80.382,78.529,79.817,909705,0
20161111,79.461,80.866,79.158,80.786,366673,0
20161114,81.522,84.627,81.124,84.562,839884,0
20161115,84.165,85.327,83.927,84.592,711578,0
20161116,84.553,85.139,83.569,84.085,433465,0
20161117,84.245,84.95,84.001,84.652,334967,0
20161118,84.642,85.347,84.493,84.93,291744,0
20161121,85.397,85.754,84.95,85.178,366699,0
20161122,85.437,85.675,84.822,85.208,254403,0
20161123,85.258,86.132,84.751,85.993,194652,0
20161125,86.122,87.682,85.608,87.384,153064,0
20161128,87.136,87.136,85.606,86.738,340335,0
20161129,86.37,87.245,86.282,86.36,289626,0
20161130,86.59,86.59,84.781,84.781,332214,0
20161201,85.218,86.35,84.771,85.188,311013,0
20161202,85.119,86.311,84.671,86.072,225931,0
20161205,86.44,87.304,86.162,87.126,313069,0
20161206,86.668,88.815,86.48,88.387,347815,0
20161207,88.378,88.378,87.294,87.424,254395,0
20161208,87.93,88.407,86.152,86.6,325560,0
20161209,86.808,87.98,86.56,87.314,430259,0
20161212,85.377,86.728,81.911,86.718,559953,0
20161213,87.324,87.324,85.824,86.042,309630,0
20161214,86.032,86.53,84.434,85.844,250801,0
20161215,85.834,86.917,85.178,85.446,288478,0
20161216,85.586,87.166,85.586,86.192,703327,0
20161219,85.954,87.126,85.954,86.768,412883,0
20161220,87.016,87.334,86.112,86.738,536399,0
20161221,86.728,87.166,86.132,86.41,226367,0
20161222,85.944,87.225,85.844,86.818,311823,0
20161223,86.848,87.245,85.606,86.917,154093,0
20161227,87.324,87.801,86.927,87.652,214409,0
20161228,87.533,87.891,86.728,87.274,407905,0
20161229,87.196,88.02,87.086,87.891,290050,0
20161230,88.179,88.179,87.006,87.166,415228,0
20170103,87.354,89.222,87.196,89.033,662093,0
20170104,89.421,90.772,89.341,89.669,678968,0
20170105,89.589,90.543,89.271,89.481,287710,0
20170106,89.569,89.849,88.904,89.531,234393,0
20170109,89.321,89.451,87.642,88.229,497340,0
20170110,88.427,89.371,88.255,89.291,428204,0
20170111,89.381,89.809,87.851,88.248,495189,0
20170112,88.06,88.616,87.364,88.487,302022,0
20170113,88.646,89.193,88.169,88.397,203279,0
20170117,87.692,87.861,86.55,87.076,240576,0
20170118,87.264,87.92,86.58,86.758,199530,0
20170119,87.592,88.676,87.434,88.258,425997,0
20170120,88.387,88.845,87.136,87.583,197368,0
20170123,87.891,87.98,86.688,87.891,213847,0
20170124,87.722,89.093,86.39,88.099,242838,0
20170125,88.209,88.507,87.424,87.592,297114,0
20170126,87.662,88.348,86.848,87.196,247710,0
20170127,87.116,88.179,87.047,87.235,265345,0
20170130,86.798,86.868,85.874,86.688,353556,0
20170131,86.282,86.678,84.96,86.39,327155,0
20170201,86.738,87.186,86.057,86.778,285678,0
20170202,86.45,86.768,85.357,86.262,310376,0
20170203,86.638,87.881,86.638,87.563,242884,0
20170206,87.464,88.477,87.464,87.602,222741,0
20170207,87.682,88.149,87.324,87.642,131317,0
20170208,87.464,87.72,86.52,86.718,240561,0
20170209,86.848,87.95,86.848,87.066,431299,0
20170210,87.434,88.805,87.354,88.497,354702,0
20170213,88.715,89.381,88.338,88.477,316375,0
20170214,88.03,88.596,87.821,88.576,158896,0
20170215,88.537,88.839,88.03,88.537,234815,0
20170216,88.537,88.845,87.151,88.795,193498,0
20170217,88.775,88.964,88.248,88.944,182414,0
20170221,88.914,90.713,88.606,90.633,278342,0
20170222,90.553,91.398,90.017,91.229,349049,0
20170223,91.07,91.189,89.55,89.849,224696,0
20170224,89.163,91.289,89.153,91.259,281839,0
20170227,90.941,92.988,90.355,92.908,535900,0
20170228,93.415,94.12,91.756,91.825,758336,0
20170301,92.998,94.18,92.978,94.001,306294,0
20170302,94.011,94.359,93.544,93.604,340694,0
20170303,93.544,94.14,93.544,93.852,244959,0
20170306,93.544,94.25,93.102,94.12,179760,0
20170307,93.762,94.85,92.745,94.27,425058,0
20170308,93.512,97.47,93.462,96.523,784556,0
20170309,98.597,99.67,97.326,99.035,553683,0
20170310,99.125,99.67,97.949,99.165,432561,0
20170313,99.195,99.494,98.612,99.434,248565,0
20170314,99.165,99.84,98.956,99.75,245946,0
20170315,99.76,101.76,99.76,101.15,463268,0
20170316,102.21,102.21,100.77,100.88,278720,0
20170317,100.89,102.4,100.83,101.8,586976,0
20170320,101.71,102.05,100.22,100.38,286250,0
20170321,100.5,101.17,98.328,98.975,418978,0
20170322,98.856,99.314,98.407,99.235,263811,0
20170323,99.235,99.63,98.487,98.617,228589,0
20170324,98.676,99.135,97.101,97.46,305964,0
20170327,96.254,97.63,95.596,97.181,292836,0
20170328,96.992,98.796,96.782,98.537,230423,0
20170329,98.367,98.537,97.65,98.078,198969,0
20170330,98.178,99.51,98.178,99.005,301511,0
20170331,98.866,98.866,97.61,97.699,234987,0
20170403,97.699,98.188,96.174,96.852,267956,0
20170404,96.792,97.849,96.453,96.862,249207,0
20170405,97.191,97.6,95.815,95.895,256712,0
20170406,96.074,96.359,95.596,95.955,203717,0
20170407,96.503,98.697,96.219,98.288,395105,0
20170410,98.696,98.776,97.4,97.62,198347,0
20170411,97.44,97.799,96.887,97.191,397474,0
20170412,97.241,97.769,95.656,96.194,319980,0
20170413,96.204,97.51,94.928,95.018,215809,0
20170417,95.536,96.842,94.808,96.573,226869,0
20170418,96.194,96.972,94.599,96.782,331657,0
20170419,97.281,97.41,96.234,96.473,204283,0
20170420,96.832,97.859,95.975,97.63,217682,0
20170421,98.078,98.078,96.962,96.982,161574,0
20170424,98.477,98.836,97.959,98.208,172960,0
20170425,98.397,98.836,97.809,98.736,173658,0
20170426,98.975,98.975,98.178,98.317,193739,0
20170427,98.696,99.025,97.689,98.397,196649,0
20170428,98.407,99.195,97.988,98.696,300612,0
20170501,98.956,99.324,97.5,98.038,373921,0
20170502,98.088,98.661,97.929,98.567,422059,0
20170503,98.068,99.489,97.849,99.344,386246,0
20170504,99.245,99.245,97.62,97.988,186714,0
20170505,97.819,98.497,97.809,98.327,271375,0
20170508,98.198,98.317,97.6,98.228,206920,0
20170509,98.347,98.816,97.979,98.098,208045,0
20170510,98.058,98.572,96.712,97.789,272187,0
20170511,95.735,99.314,93.213,99.125,808451,0
20170512,98.587,98.806,96.363,96.603,328787,0
20170515,96.324,97.769,95.975,97.081,249214,0
20170516,97.41,97.52,96.354,97.39,276438,0
20170517,95.995,96.874,95.995,96.304,231145,0
20170518,95.915,96.692,95.257,96.044,240692,0
20170519,96.673,97.564,96.314,96.952,181261,0
20170522,97.64,98.995,97.45,98.118,248158,0
20170523,98.597,98.686,97.272,98.587,145796,0
20170524,98.587,100.71,98.268,100.59,267541,0
20170525,100.78,102.04,100.71,101.73,282627,0
20170526,102.05,102.05,100.37,101.13,297943,0
20170530,100.75,101.01,99.72,100.18,242743,0
20170531,100.18,101.46,99.94,101.35,326630,0
20170601,101.54,103.37,101.15,103.06,331797,0
20170602,102.85,104.77,102.65,104,373070,0
20170605,103.32,103.33,101.15,101.28,375786,0
20170606,100.83,101.11,100.187,100.24,356665,0
20170607,100.27,100.37,99.37,99.56,319443,0
20170608,99.28,99.86,98.8,99.41,419242,0
20170609,99.66,99.725,97.48,98.07,657228,0
20170612,98.07,98.11,95.84,97.1,542791,0
20170613,97.35,99.41,97.31,99.27,348513,0
20170614,99.26,100.125,98.98,99.48,324070,0
20170615,98.77,99.65,98.35,99.59,283890,0
20170616,99.42,100.16,98.5051,99.5,599447,0
20170619,100.11,101.29,100,101.12,250858,0
20170620,100.7,101.248,100.5,100.77,214734,0
20170621,100.87,101.61,100.38,100.8,362920,0
20170622,100.85,101.28,98.66,98.8,353275,0
20170623,98.63,99.14,98.14,98.45,329649,0
20170626,98.74,99.23,97.19,97.91,323150,0
20170627,97.6,97.99,97,97.01,277484,0
20170628,97.62,98.76,96.6301,98.71,249381,0
20170629,98.56,98.9,96.02,96.71,176974,0
20170630,97.06,98.91,96.81,98.36,267883,0
20170703,98.67,100.27,98.42,99.79,125868,0
20170705,100.24,102.53,100.24,101.3,329068,0
20170706,101.31,102.22,100.6,100.64,471878,0
20170707,101.04,102.682,100.88,102.33,137289,0
20170710,102.26,102.37,100.68,101.12,342868,0
20170711,101.28,101.47,99.54,100.95,445926,0
20170712,101.54,102.87,100.93,101.01,201891,0
20170713,101.11,101.18,99.815,100.8,236142,0
20170714,101.15,102.3,100.88,101.93,173224,0
20170717,101.91,102.11,101.25,101.88,104790,0
20170718,101.94,102.33,101.12,101.47,194684,0
20170719,101.93,102.57,100.814,102.39,123711,0
20170720,102.71,102.96,101.79,102.4,180170,0
20170721,102.24,103.37,101.99,103.25,106982,0
20170724,103.21,103.76,102.3,103.24,198456,0
20170725,103.77,104.48,102.691,103.87,317131,0
20170726,103.96,103.96,102.71,102.92,123447,0
20170727,103.34,103.405,101.02,101.85,218075,0
20170728,101.71,102.66,101.35,102.61,178949,0
20170731,102.69,102.9,101.59,102.18,246833,0
20170801,102.67,103.02,101.96,102.98,229109,0
