Date,Open,High,Low,Close,Volume,OpenInt
20120117,22.086,22.11,22.049,22.058,464433,0
20120118,22.058,22.101,22.023,22.092,457071,0
20120119,22.092,22.11,22.03,22.058,246737,0
20120120,22.039,22.092,22.023,22.058,233710,0
20120123,22.058,22.086,22.023,22.049,256173,0
20120124,22.03,22.11,22.023,22.092,353932,0
20120125,22.076,22.181,22.058,22.058,350248,0
20120126,22.12,22.191,22.086,22.138,208071,0
20120127,22.138,22.2,22.12,22.163,190662,0
20120130,22.155,22.172,22.092,22.11,196849,0
20120131,22.147,22.2,22.101,22.2,153911,0
20120201,22.2,22.262,22.163,22.243,380072,0
20120202,22.271,22.394,22.225,22.288,259479,0
20120203,22.288,22.358,22.243,22.262,193442,0
20120206,22.262,22.288,22.086,22.217,237503,0
20120207,22.217,22.271,22.155,22.252,165684,0
20120208,22.243,22.314,22.217,22.234,264585,0
20120209,22.252,22.288,22.163,22.181,202595,0
20120210,22.191,22.217,22.163,22.172,164844,0
20120213,22.243,22.314,22.191,22.314,207091,0
20120214,22.333,22.333,22.181,22.2,244101,0
20120215,22.234,22.314,22.209,22.252,193965,0
20120216,22.296,22.366,22.234,22.262,203909,0
20120217,22.333,22.412,22.279,22.35,140013,0
20120221,22.342,22.553,22.314,22.508,192550,0
20120222,22.553,22.553,22.447,22.447,126159,0
20120223,22.518,22.553,22.465,22.553,195518,0
20120224,22.562,22.853,22.518,22.615,134773,0
20120227,22.721,22.756,22.508,22.544,256299,0
20120228,22.597,22.632,22.508,22.553,305370,0
20120229,22.597,22.606,22.412,22.527,282129,0
20120301,22.527,22.712,22.473,22.695,314942,0
20120302,22.695,22.739,22.641,22.73,191266,0
20120305,22.703,22.703,22.473,22.615,432036,0
20120306,22.508,22.589,22.465,22.465,144360,0
20120307,22.527,22.553,22.483,22.544,132939,0
20120308,22.553,22.624,22.428,22.465,321436,0
20120309,22.508,22.544,22.447,22.508,100834,0
20120312,22.296,22.404,22.271,22.323,183132,0
20120313,22.333,22.333,22.209,22.243,188822,0
20120314,22.323,22.323,22.209,22.243,160730,0
20120315,22.243,22.358,22.2,22.323,133514,0
20120316,22.35,22.366,22.243,22.252,106000,0
20120319,22.333,22.333,22.225,22.262,91328,0
20120320,22.314,22.366,22.262,22.35,92549,0
20120321,22.42,22.42,22.11,22.234,148379,0
20120322,22.271,22.271,22.155,22.252,70383,0
20120323,22.305,22.366,22.234,22.35,59089,0
20120326,22.366,22.412,22.262,22.385,135327,0
20120327,22.456,22.535,22.35,22.438,109779,0
20120328,22.499,22.518,22.333,22.376,201022,0
20120329,22.438,22.438,22.262,22.323,298212,0
20120330,22.305,22.358,22.279,22.296,126105,0
20120402,22.358,22.412,22.305,22.342,100633,0
20120403,22.412,22.412,22.279,22.288,119971,0
20120404,22.305,22.323,22.262,22.323,58402,0
20120405,22.35,22.358,22.252,22.288,48862,0
20120409,22.271,22.376,22.243,22.342,121196,0
20120410,22.42,22.465,22.358,22.456,139747,0
20120411,22.491,22.579,22.42,22.483,123635,0
20120412,22.527,22.597,22.447,22.589,188756,0
20120413,22.624,22.624,22.518,22.589,202223,0
20120416,22.57,22.632,22.553,22.615,79382,0
20120417,22.66,22.66,22.518,22.553,98362,0
20120418,22.57,22.641,22.544,22.57,314791,0
20120419,22.579,22.66,22.553,22.615,71257,0
20120420,22.66,22.96,22.606,22.96,389599,0
20120423,22.791,22.818,22.703,22.791,148264,0
20120424,22.836,22.853,22.73,22.783,70440,0
20120425,22.818,22.836,22.66,22.774,313659,0
20120426,22.765,22.96,22.677,22.924,116408,0
20120427,22.862,22.951,22.836,22.898,66908,0
20120430,22.889,22.96,22.836,22.88,138747,0
20120501,22.933,22.978,22.915,22.978,43034,0
20120502,22.995,23.022,22.889,22.942,211422,0
20120503,22.986,22.986,22.907,22.951,134113,0
20120504,22.889,22.969,22.853,22.862,105113,0
20120507,22.907,22.96,22.853,22.96,59783,0
20120508,22.969,23.048,22.915,23.031,37189,0
20120509,23.013,23.013,22.933,22.986,53429,0
20120510,22.951,22.995,22.862,22.995,76668,0
20120511,22.951,22.995,22.907,22.995,50381,0
20120514,22.924,23.004,22.924,23.004,77886,0
20120515,22.924,23.031,22.924,22.986,92725,0
20120516,23.022,23.039,22.933,22.942,74525,0
20120517,22.942,22.951,22.774,22.933,122331,0
20120518,22.933,23.031,22.933,22.933,94693,0
20120521,23.013,23.066,22.862,23.022,62175,0
20120522,23.066,23.207,23.022,23.084,54243,0
20120523,23.102,23.18,23.102,23.137,78964,0
20120524,23.19,23.297,23.137,23.216,63899,0
20120525,23.216,23.376,23.199,23.226,49156,0
20120529,23.261,23.313,23.022,23.137,82080,0
20120530,23.226,23.226,23.022,23.066,47008,0
20120531,23.084,23.305,23.084,23.18,64050,0
20120601,23.155,23.349,23.155,23.322,28570,0
20120604,23.322,23.411,23.242,23.411,43106,0
20120605,23.393,23.428,23.048,23.074,199052,0
20120606,23.164,23.242,23.057,23.074,69950,0
20120607,23.145,23.164,22.924,23.031,67378,0
20120608,22.96,23.145,22.96,23.119,59583,0
20120611,22.801,22.907,22.774,22.791,69443,0
20120612,22.898,23.004,22.774,22.96,56555,0
20120613,23.031,23.172,22.96,23.137,194557,0
20120614,23.155,23.172,22.872,23.128,122352,0
20120615,23.145,23.145,23.039,23.128,49415,0
20120618,23.19,23.216,23.128,23.172,86724,0
20120619,23.199,23.199,23.145,23.199,27612,0
20120620,23.199,23.261,23.102,23.251,196494,0
20120621,23.216,23.305,23.216,23.278,48524,0
20120622,23.305,23.367,23.216,23.216,28275,0
20120625,23.287,23.332,23.128,23.287,43279,0
20120626,23.287,23.411,23.287,23.367,29403,0
20120627,23.384,23.428,23.332,23.332,30862,0
20120628,23.384,23.455,23.332,23.393,45566,0
20120629,23.428,23.703,23.358,23.703,53888,0
20120702,23.615,23.836,23.57,23.836,42120,0
20120703,23.836,23.836,23.756,23.817,13674,0
20120705,23.862,23.95,23.783,23.923,53360,0
20120706,23.923,24.126,23.879,24.092,69407,0
20120709,24.03,24.462,23.933,24.056,59172,0
20120710,24.145,24.145,24.03,24.083,35351,0
20120711,24.074,24.101,23.756,23.994,57421,0
20120712,23.862,24.145,23.853,24.056,40462,0
20120713,24.145,24.163,23.57,23.791,66893,0
20120716,23.888,23.994,23.756,23.994,42288,0
20120717,23.933,23.986,23.756,23.791,48966,0
20120718,23.756,23.836,23.721,23.721,49623,0
20120719,23.791,23.817,23.544,23.623,67868,0
20120720,23.641,23.746,23.534,23.729,17399,0
20120723,23.712,23.712,23.49,23.57,79865,0
20120724,23.623,23.694,23.261,23.384,54266,0
20120725,23.438,23.438,23.261,23.297,48824,0
20120726,23.358,23.463,23.332,23.384,27387,0
20120727,23.42,23.463,23.34,23.42,29576,0
20120730,23.367,23.623,23.367,23.623,24608,0
20120731,23.658,23.667,23.526,23.561,21912,0
20120801,23.552,23.632,23.463,23.463,30115,0
20120802,23.438,23.65,23.438,23.65,17524,0
20120803,23.632,23.746,23.615,23.746,53098,0
20120806,23.756,23.827,23.667,23.746,45274,0
20120807,23.783,23.8,23.703,23.783,40676,0
20120808,23.8,23.8,23.685,23.721,25674,0
20120809,23.685,23.853,23.632,23.721,45890,0
20120810,23.729,23.888,23.729,23.879,23704,0
20120813,23.8,23.871,23.658,23.729,55848,0
20120814,23.694,23.756,23.605,23.65,34682,0
20120815,23.667,23.685,23.57,23.632,106740,0
20120816,23.65,23.65,23.544,23.615,30105,0
20120817,23.676,23.676,23.544,23.57,27735,0
20120820,23.605,23.658,23.473,23.526,19914,0
20120821,23.473,23.641,23.376,23.526,42539,0
20120822,23.438,23.455,23.261,23.322,76701,0
20120823,23.358,23.402,23.278,23.376,22483,0
20120824,23.402,23.42,23.313,23.42,19342,0
20120827,23.463,23.561,23.455,23.482,79571,0
20120828,23.446,23.526,23.438,23.517,38957,0
20120829,23.517,23.641,23.517,23.57,30041,0
20120830,23.623,23.703,23.561,23.658,37737,0
20120831,23.615,23.729,23.605,23.623,32014,0
20120904,23.676,23.774,23.641,23.703,28020,0
20120905,23.756,23.756,23.623,23.632,24597,0
20120906,23.746,23.746,23.65,23.721,20646,0
20120907,23.765,23.853,23.694,23.853,19665,0
20120910,23.57,23.57,23.332,23.526,84940,0
20120911,23.509,23.517,23.393,23.402,65784,0
20120912,23.393,23.393,23.199,23.367,41490,0
20120913,23.313,23.42,23.269,23.42,42909,0
20120914,23.393,23.42,23.349,23.393,24188,0
20120917,23.376,23.393,23.313,23.393,30641,0
20120918,23.393,23.473,23.376,23.463,93641,0
20120919,23.473,23.517,23.402,23.482,52734,0
20120920,23.446,23.509,23.411,23.473,40605,0
20120921,23.499,23.517,23.428,23.482,32660,0
20120924,23.446,23.499,23.358,23.402,59172,0
20120925,23.446,23.499,23.384,23.482,39585,0
20120926,23.446,23.561,23.438,23.561,25334,0
20120927,23.605,23.605,23.509,23.561,18205,0
20120928,23.482,23.544,23.455,23.473,29734,0
20121001,23.509,23.596,23.49,23.552,20068,0
20121002,23.579,23.596,23.517,23.596,35784,0
20121003,23.544,23.65,23.499,23.632,21984,0
20121004,23.596,23.65,23.552,23.65,15124,0
20121005,23.65,23.738,23.588,23.738,28115,0
20121008,23.721,23.729,23.658,23.685,9290,0
20121009,23.694,23.694,23.615,23.685,29111,0
20121010,23.605,23.658,23.588,23.658,15207,0
20121011,23.676,23.703,23.623,23.632,24233,0
20121012,23.658,23.667,23.544,23.615,34960,0
20121015,23.641,23.685,23.579,23.623,15563,0
20121016,23.588,23.65,23.57,23.57,17714,0
20121017,23.57,23.676,23.552,23.615,19307,0
20121018,23.596,23.783,23.596,23.765,20483,0
20121019,23.712,23.95,23.623,23.95,30171,0
20121022,23.853,23.923,23.756,23.923,25943,0
20121023,23.845,23.871,23.721,23.871,39463,0
20121024,23.836,23.879,23.774,23.827,23290,0
20121025,23.808,23.817,23.756,23.817,18381,0
20121026,23.774,23.808,23.765,23.791,23041,0
20121031,23.756,23.871,23.746,23.871,23103,0
20121101,23.817,23.95,23.783,23.879,20674,0
20121102,23.836,23.95,23.836,23.898,16008,0
20121105,23.95,24.092,23.888,23.898,29830,0
20121106,23.933,23.959,23.836,23.879,121708,0
20121107,23.836,23.879,23.756,23.879,13675,0
20121108,23.836,23.879,23.756,23.845,14173,0
20121109,23.774,23.774,23.561,23.746,14841,0
20121112,23.676,23.853,23.65,23.853,11075,0
20121113,23.694,23.888,23.694,23.862,22420,0
20121114,23.791,23.817,23.128,23.305,66604,0
20121115,23.102,23.234,22.801,22.862,63351,0
20121116,22.862,23.482,22.862,23.428,26344,0
20121119,23.278,23.712,23.278,23.641,29195,0
20121120,23.509,23.658,23.482,23.526,38464,0
20121121,23.526,23.703,23.384,23.596,27095,0
20121123,23.632,23.632,23.517,23.605,7026,0
20121126,23.703,23.703,23.287,23.561,28223,0
20121127,23.615,23.615,23.384,23.455,29040,0
20121128,23.332,23.526,23.287,23.526,30516,0
20121129,23.49,23.588,23.438,23.544,24048,0
20121130,23.509,23.8,23.34,23.34,23608,0
20121203,23.349,23.509,23.278,23.349,21176,0
20121204,23.384,23.455,23.358,23.438,21899,0
20121205,23.376,23.579,23.376,23.49,19496,0
20121206,23.455,23.455,23.402,23.438,42082,0
20121207,23.473,23.526,23.384,23.526,15060,0
20121210,23.048,23.216,23.048,23.137,31465,0
20121211,23.102,23.216,23.102,23.199,193657,0
20121212,23.128,23.19,23.048,23.119,21502,0
20121213,23.102,23.102,22.986,23.066,21646,0
20121214,23.013,23.084,22.951,23.004,21931,0
20121217,22.96,23.109,22.942,22.995,40345,0
20121218,22.96,23.066,22.96,23.057,20123,0
20121219,23.013,23.031,22.995,23.022,3404,0
20121220,22.969,23.039,22.951,23.004,16591,0
20121221,22.986,23.039,22.951,22.96,11773,0
20121224,22.845,22.915,22.791,22.818,10984,0
20121226,22.801,23.066,22.774,23.039,16897,0
20121227,23.039,23.039,22.942,23.039,21639,0
20121228,23.084,23.172,23.013,23.155,53902,0
20121231,23.013,23.199,23.013,23.128,19624,0
20130102,23.207,23.226,23.128,23.216,31368,0
20130103,23.102,23.384,23.102,23.19,36001,0
20130104,23.287,23.287,23.128,23.216,16088,0
20130107,23.287,23.287,23.066,23.172,45899,0
20130108,23.128,23.287,23.128,23.261,47144,0
20130109,23.216,23.402,23.216,23.393,27501,0
20130110,23.438,23.438,23.332,23.34,30910,0
20130111,23.261,23.384,23.261,23.313,21261,0
20130114,23.358,23.384,23.287,23.332,33658,0
20130115,23.34,23.438,23.322,23.428,12332,0
20130116,23.376,23.499,23.376,23.455,24428,0
20130117,23.49,23.588,23.411,23.588,38193,0
20130118,23.473,23.712,23.473,23.712,31772,0
20130122,23.853,23.853,23.579,23.676,27944,0
20130123,23.588,23.721,23.579,23.685,28304,0
20130124,23.65,23.694,23.579,23.658,24620,0
20130125,23.605,23.8,23.561,23.756,48162,0
20130128,23.676,23.756,23.667,23.721,32016,0
20130129,23.685,23.721,23.561,23.561,37887,0
20130130,23.509,23.615,23.393,23.455,44827,0
20130131,23.438,23.463,23.216,23.216,69315,0
20130201,23.145,23.438,23.145,23.438,27911,0
20130204,23.384,23.402,23.297,23.322,13752,0
20130205,23.384,23.402,23.332,23.349,27328,0
20130206,23.332,23.393,23.261,23.34,24365,0
20130207,23.242,23.384,23.242,23.349,18133,0
20130208,23.376,23.473,23.287,23.463,12570,0
20130211,23.438,23.509,23.384,23.438,9837,0
20130212,23.393,23.482,23.358,23.438,17006,0
20130213,23.376,23.438,23.226,23.428,27781,0
20130214,23.384,23.446,23.384,23.446,18435,0
20130215,23.384,23.561,23.384,23.544,14567,0
20130219,23.517,23.588,23.509,23.526,20056,0
20130220,23.509,23.561,23.509,23.509,20059,0
20130221,23.499,23.544,23.384,23.428,33112,0
20130222,23.411,23.42,23.358,23.376,33595,0
20130225,23.42,23.526,23.411,23.438,33549,0
20130226,23.42,23.57,23.42,23.499,28705,0
20130227,23.446,23.544,23.446,23.544,17161,0
20130228,23.517,23.579,23.473,23.473,44481,0
20130301,23.473,23.526,23.473,23.482,13262,0
20130304,23.473,23.526,23.428,23.517,17186,0
20130305,23.49,23.561,23.455,23.561,28006,0
20130306,23.561,23.588,23.499,23.526,17572,0
20130307,23.517,23.596,23.509,23.579,18347,0
20130308,23.544,23.632,23.517,23.623,16658,0
20130311,23.574,23.592,23.412,23.44,29362,0
20130312,23.412,23.44,23.359,23.412,22908,0
20130313,23.403,23.475,23.403,23.475,14047,0
20130314,23.422,23.475,23.403,23.403,14112,0
20130315,23.422,23.618,23.412,23.618,21105,0
20130318,23.556,23.556,23.457,23.528,15919,0
20130319,23.493,23.565,23.448,23.493,18783,0
20130320,23.502,23.538,23.466,23.493,17227,0
20130321,23.528,23.941,23.511,23.52,14964,0
20130322,23.547,23.556,23.511,23.511,19756,0
20130325,23.592,23.592,23.484,23.502,20305,0
20130326,23.502,23.556,23.457,23.457,15115,0
20130327,23.457,23.538,23.448,23.448,24088,0
20130328,23.528,23.592,23.475,23.547,27046,0
20130401,23.592,23.637,23.538,23.538,70251,0
20130402,23.547,23.618,23.538,23.556,59585,0
20130403,23.538,23.618,23.511,23.556,62851,0
20130404,23.556,23.628,23.547,23.574,10765,0
20130405,23.628,23.628,23.547,23.61,12709,0
20130408,23.592,23.628,23.583,23.583,19106,0
20130409,23.556,23.61,23.528,23.61,12473,0
20130410,23.618,23.628,23.61,23.628,19505,0
20130411,23.61,23.663,23.61,23.628,12708,0
20130412,23.637,23.672,23.61,23.672,16022,0
20130415,23.726,23.726,23.61,23.655,26879,0
20130416,23.637,23.772,23.637,23.772,13091,0
20130417,23.735,23.941,23.735,23.906,16371,0
20130418,23.844,23.978,23.735,23.789,22585,0
20130419,23.789,23.916,23.547,23.547,68410,0
20130422,23.618,23.762,23.61,23.735,51476,0
20130423,23.762,23.789,23.717,23.762,14069,0
20130424,23.753,23.834,23.646,23.717,33466,0
20130425,23.717,23.744,23.646,23.663,19219,0
20130426,23.717,23.726,23.637,23.709,11700,0
20130429,23.69,23.906,23.69,23.906,13898,0
20130430,23.852,23.878,23.7,23.744,37058,0
20130501,23.726,23.798,23.7,23.772,19268,0
20130502,23.753,23.978,23.753,23.978,17294,0
20130503,23.933,23.978,23.933,23.978,12059,0
20130506,23.923,24.022,23.916,24.013,11439,0
20130507,23.933,24.166,23.933,24.166,36749,0
20130508,23.969,24.192,23.969,24.192,23136,0
20130509,24.104,24.22,24.104,24.21,15487,0
20130510,24.122,24.264,24.104,24.22,19750,0
20130513,24.138,24.255,24.094,24.22,15510,0
20130514,24.22,24.22,23.923,23.995,103672,0
20130515,23.96,23.96,23.681,23.789,91453,0
20130516,23.709,23.86,23.69,23.825,38464,0
20130517,23.86,23.941,23.86,23.941,25901,0
20130520,23.888,24.05,23.888,23.969,21819,0
20130521,23.916,24.041,23.878,24.041,57173,0
20130522,23.986,24.157,23.986,24.104,48408,0
20130523,24.004,24.05,23.897,24.032,20729,0
20130524,23.978,24.129,23.978,24.129,28136,0
20130528,24.085,24.264,23.978,24.201,32500,0
20130529,24.094,24.129,23.825,23.906,43555,0
20130530,23.86,24.022,23.86,23.978,29316,0
20130531,23.86,23.916,23.241,23.268,57631,0
20130603,23.278,23.484,22.748,22.883,43727,0
20130604,22.865,22.937,22.615,22.686,50605,0
20130605,22.686,22.731,22.354,22.426,62648,0
20130606,22.488,22.803,22.47,22.695,66204,0
20130607,22.695,22.901,22.605,22.677,70016,0
20130610,22.754,22.927,22.663,22.764,79394,0
20130611,22.736,22.736,22.145,22.426,106125,0
20130612,22.49,22.591,21.68,21.834,162729,0
20130613,22.008,22.49,21.489,22.273,87457,0
20130614,22.308,22.691,21.97,22.691,56195,0
20130617,22.572,22.901,22.508,22.709,81425,0
20130618,22.673,22.891,22.581,22.854,79466,0
20130619,22.827,22.937,22.699,22.764,120041,0
20130620,22.499,22.599,22.072,22.362,95324,0
20130621,22.482,22.617,22.025,22.217,76378,0
20130624,22.217,22.371,21.489,22.025,120631,0
20130625,22.281,22.545,22.025,22.381,62860,0
20130626,22.362,22.709,22.362,22.581,42358,0
20130627,22.635,23.028,22.508,22.709,79825,0
20130628,23.132,23.15,22.956,23.14,46661,0
20130701,22.691,22.836,22.691,22.818,160833,0
20130702,22.818,22.818,22.627,22.764,40075,0
20130703,22.709,22.745,22.654,22.709,16525,0
20130705,22.627,22.627,22.317,22.49,42172,0
20130708,22.327,22.472,22.327,22.444,94475,0
20130709,22.362,22.472,22.298,22.327,100852,0
20130710,22.327,22.472,22.281,22.426,46920,0
20130711,22.435,22.736,22.435,22.518,33476,0
20130712,22.599,22.709,22.536,22.572,23524,0
20130715,22.572,22.572,22.39,22.472,35524,0
20130716,22.408,22.49,22.327,22.4,38998,0
20130717,22.426,22.508,22.381,22.472,34624,0
20130718,22.426,22.482,22.354,22.381,456072,0
20130719,22.4,22.572,22.362,22.426,89974,0
20130722,22.454,22.545,22.426,22.444,64532,0
20130723,22.499,22.562,22.454,22.49,78123,0
20130724,22.454,22.49,22.327,22.327,63580,0
20130725,22.327,22.327,21.853,21.89,66412,0
20130726,21.945,22.117,21.881,22.025,158904,0
20130729,21.926,22.018,21.798,21.853,28440,0
20130730,21.872,21.907,21.762,21.843,50670,0
20130731,21.598,22.126,21.515,22.072,42953,0
20130801,21.808,21.98,21.635,21.662,55399,0
20130802,21.68,21.843,21.507,21.579,40730,0
20130805,21.635,21.635,21.498,21.598,47851,0
20130806,21.534,21.671,21.388,21.616,38188,0
20130807,21.515,21.616,21.452,21.607,23146,0
20130808,21.498,21.635,21.471,21.562,64700,0
20130809,21.471,21.57,21.452,21.489,33887,0
20130812,21.515,21.562,21.435,21.435,36988,0
20130813,21.407,21.471,21.215,21.298,58867,0
20130814,21.225,21.261,20.833,20.933,59833,0
20130815,20.97,20.988,20.414,20.541,78829,0
20130816,20.541,20.541,20.096,20.196,65435,0
20130819,20.259,20.259,19.749,19.959,78140,0
20130820,19.959,20.623,19.695,20.251,52346,0
20130821,20.296,20.478,20.077,20.14,50755,0
20130822,20.15,20.578,20.077,20.405,40759,0
20130823,20.596,21.425,20.487,20.787,28655,0
20130826,20.797,21.015,20.797,20.814,42102,0
20130827,20.787,20.933,20.588,20.724,86932,0
20130828,20.715,20.76,20.588,20.732,104251,0
20130829,20.66,20.814,20.623,20.806,56083,0
20130830,21.15,21.15,21.067,21.132,87000,0
20130903,20.806,20.852,20.331,20.605,70293,0
20130904,20.515,20.878,20.515,20.797,91731,0
20130905,20.742,20.742,20.451,20.46,31955,0
20130906,20.623,20.652,20.487,20.541,160175,0
20130909,20.551,20.861,20.551,20.76,93418,0
20130910,20.687,21.061,20.687,20.951,27239,0
20130911,21.123,21.123,20.901,21.067,37976,0
20130912,21.03,21.105,20.577,20.808,52075,0
20130913,20.826,20.91,20.66,20.901,45860,0
20130916,21.15,21.15,20.743,20.743,55091,0
20130917,20.743,20.826,20.697,20.733,141625,0
20130918,20.808,21.289,20.66,20.919,127771,0
20130919,21.095,21.105,20.725,20.743,41878,0
20130920,20.678,20.873,20.678,20.752,40020,0
20130923,20.752,20.817,20.697,20.798,33104,0
20130924,20.706,20.836,20.614,20.716,52235,0
20130925,20.614,20.91,20.429,20.873,89115,0
20130926,20.937,21.113,20.881,21.076,49457,0
20130927,20.994,21.196,20.994,21.04,41303,0
20130930,21.15,21.15,20.984,21.095,55725,0
20131001,21.085,21.123,21.04,21.123,49217,0
20131002,21.04,21.113,20.946,21.021,31168,0
20131003,21.03,21.03,20.891,20.965,18872,0
20131004,21.011,21.011,20.873,20.929,21647,0
20131007,20.873,20.929,20.762,20.762,20089,0
20131008,20.687,20.826,20.604,20.781,46456,0
20131009,20.622,20.716,20.493,20.632,90056,0
20131010,20.614,20.697,20.522,20.678,40803,0
20131011,20.614,20.706,20.558,20.632,30101,0
20131014,20.558,20.826,20.558,20.771,61473,0
20131015,20.716,20.771,20.522,20.522,57865,0
20131016,20.522,20.622,20.522,20.567,80934,0
20131017,20.567,20.743,20.53,20.743,43399,0
20131018,20.743,20.891,20.669,20.864,58353,0
20131021,20.836,20.946,20.808,20.836,45453,0
20131022,20.901,21.215,20.891,21.15,73703,0
20131023,21.076,21.317,20.965,21.205,70280,0
20131024,21.205,21.289,20.854,20.854,49323,0
20131025,20.836,20.965,20.725,20.919,43820,0
20131028,20.836,21.058,20.752,20.79,40670,0
20131029,20.771,20.881,20.66,20.826,41957,0
20131030,20.79,20.891,20.697,20.79,31534,0
20131031,20.752,20.781,20.678,20.678,30681,0
20131101,20.687,20.836,20.622,20.622,27760,0
20131104,20.706,20.706,20.558,20.678,37537,0
20131105,20.678,20.678,20.429,20.493,51663,0
20131106,20.522,20.725,20.3,20.642,166637,0
20131107,20.577,20.733,20.577,20.642,189892,0
20131108,20.539,20.558,20.3,20.364,72991,0
20131111,20.364,20.419,20.243,20.373,78494,0
20131112,20.429,20.438,20.308,20.373,192888,0
20131113,20.3,20.345,20.17,20.197,58048,0
20131114,20.206,20.318,20.206,20.27,49177,0
20131115,20.335,20.335,20.262,20.27,36464,0
20131118,20.29,20.447,20.29,20.345,39335,0
20131119,20.364,20.549,20.355,20.474,77183,0
20131120,20.474,20.53,20.318,20.429,48080,0
20131121,20.327,20.465,20.3,20.465,47084,0
20131122,20.429,20.594,20.391,20.539,64836,0
20131125,20.438,20.687,20.41,20.577,74398,0
20131126,20.558,20.697,20.558,20.642,87324,0
20131127,20.706,20.716,20.502,20.604,57323,0
20131129,20.632,20.687,20.614,20.642,32664,0
20131202,20.687,20.687,20.53,20.549,28156,0
20131203,20.549,20.678,20.474,20.484,33526,0
20131204,20.493,20.522,20.364,20.447,51494,0
20131205,20.355,20.391,20.114,20.235,71070,0
20131206,20.335,20.345,19.938,20.28,43589,0
20131209,20.243,20.355,20.243,20.318,65214,0
20131210,20.29,20.345,20.225,20.318,173927,0
20131211,20.185,20.373,20.128,20.203,715027,0
20131212,20.146,20.194,19.771,19.92,133170,0
20131213,19.864,20.241,19.837,20.241,85461,0
20131216,20.11,20.11,19.912,19.93,100033,0
20131217,19.893,19.959,19.789,19.837,53136,0
20131218,19.78,19.986,19.629,19.837,120937,0
20131219,19.789,19.93,19.771,19.92,139291,0
20131220,19.883,20.137,19.883,20.015,197114,0
20131223,20.128,20.203,20.034,20.09,96827,0
20131224,20.081,20.194,20.052,20.062,45761,0
20131226,20.062,20.119,20.015,20.119,73051,0
20131227,20.166,20.175,20.044,20.044,142720,0
20131230,20.024,20.251,20.024,20.212,127542,0
20131231,20.278,20.334,20.052,20.334,165122,0
20140102,20.194,20.505,20.194,20.476,58919,0
20140103,20.41,20.692,20.41,20.618,34682,0
20140106,20.636,20.919,20.636,20.814,51959,0
20140107,20.863,20.863,20.636,20.806,66750,0
20140108,20.702,20.844,20.646,20.768,52894,0
20140109,20.627,21.126,20.627,21.051,100978,0
20140110,21.069,21.201,21.012,21.069,71394,0
20140113,21.116,21.371,21.116,21.248,136812,0
20140114,21.342,21.38,21.201,21.276,233804,0
20140115,21.22,21.455,21.192,21.38,49858,0
20140116,21.323,21.531,21.323,21.465,79009,0
20140117,21.531,21.577,21.371,21.371,108302,0
20140121,21.371,21.465,21.314,21.371,49564,0
20140122,21.455,21.493,21.399,21.455,65545,0
20140123,21.455,21.521,21.276,21.286,196127,0
20140124,21.352,21.352,21.098,21.239,35445,0
20140127,21.323,21.323,21.078,21.154,60678,0
20140128,21.098,21.361,21.098,21.267,29341,0
20140129,21.135,21.323,21.135,21.286,21522,0
20140130,21.239,21.389,21.164,21.371,26883,0
20140131,21.239,21.361,21.182,21.22,25043,0
20140203,21.201,21.258,21.088,21.21,18282,0
20140204,21.135,21.239,21.088,21.144,50282,0
20140205,21.116,21.201,21.042,21.182,199310,0
20140206,21.182,21.239,21.078,21.144,82695,0
20140207,21.144,21.333,21.144,21.21,30941,0
20140210,21.22,21.305,21.182,21.22,32365,0
20140211,21.286,21.342,21.23,21.333,49729,0
20140212,21.22,21.437,21.22,21.399,60660,0
20140213,21.399,21.521,21.389,21.521,37863,0
20140214,21.541,21.701,21.371,21.541,114549,0
20140218,21.606,21.662,21.559,21.653,22194,0
20140219,21.719,21.804,21.643,21.701,36532,0
20140220,21.701,21.841,21.559,21.841,41555,0
20140221,22.078,22.078,21.784,21.841,43028,0
20140224,21.85,21.906,21.784,21.823,33688,0
20140225,21.823,21.889,21.794,21.87,31685,0
20140226,21.906,22.078,21.897,21.955,42061,0
20140227,22.028,22.18,22.021,22.048,61822,0
20140228,22.077,22.161,22.039,22.039,41067,0
20140303,22.144,22.144,21.963,22.002,34776,0
20140304,22.094,22.21,22.078,22.144,38527,0
20140305,22.114,22.302,22.114,22.256,51620,0
20140306,22.266,22.453,22.266,22.425,40454,0
20140307,22.35,22.463,22.341,22.406,24464,0
20140310,22.406,22.463,22.226,22.341,52244,0
20140311,22.406,22.491,22.302,22.406,40962,0
20140312,22.406,22.52,22.262,22.453,53293,0
20140313,22.52,22.539,22.406,22.472,51979,0
20140314,22.472,22.567,22.463,22.52,62644,0
20140317,22.558,22.673,22.443,22.567,56768,0
20140318,22.606,22.606,22.491,22.549,26492,0
20140319,22.5,22.587,22.415,22.424,53431,0
20140320,22.463,22.587,22.415,22.587,77983,0
20140321,22.567,22.597,22.549,22.577,22779,0
20140324,22.567,22.759,22.567,22.749,58130,0
20140325,22.759,22.778,22.615,22.74,39535,0
20140326,22.749,22.797,22.663,22.797,26248,0
20140327,22.759,22.797,22.682,22.749,24571,0
20140328,22.759,22.797,22.721,22.721,29261,0
20140331,22.797,22.807,22.625,22.625,39304,0
20140401,22.721,22.835,22.682,22.835,20563,0
20140402,22.845,22.845,22.768,22.816,45474,0
20140403,22.778,22.864,22.73,22.778,32328,0
20140404,22.807,22.845,22.74,22.816,35826,0
20140407,22.816,22.893,22.788,22.826,33576,0
20140408,22.835,22.912,22.807,22.874,49166,0
20140409,22.854,22.969,22.807,22.902,47208,0
20140410,22.893,23.017,22.893,22.998,77789,0
20140411,22.998,23.037,22.95,23.027,33322,0
20140414,23.037,23.094,22.979,22.998,32951,0
20140415,23.084,23.141,23.007,23.007,42826,0
20140416,23.045,23.151,23.037,23.084,34023,0
20140417,23.094,23.141,23.037,23.094,66547,0
20140421,23.151,23.332,23.151,23.189,34872,0
20140422,23.275,23.362,23.246,23.285,36630,0
20140423,23.313,23.362,23.246,23.266,39227,0
20140424,23.266,23.342,23.189,23.295,52563,0
20140425,23.285,23.419,23.246,23.419,20686,0
20140428,23.362,23.591,23.362,23.552,45710,0
20140429,23.6,23.677,23.533,23.562,48744,0
20140430,23.524,23.61,23.457,23.61,177106,0
20140501,23.61,23.639,23.505,23.629,227972,0
20140502,23.6,23.734,23.6,23.658,57001,0
20140505,23.639,23.715,23.61,23.667,44336,0
20140506,23.639,23.734,23.639,23.734,28380,0
20140507,23.763,23.83,23.715,23.763,84114,0
20140508,23.801,23.84,23.639,23.706,64533,0
20140509,23.648,23.743,23.619,23.696,152362,0
20140512,23.743,23.763,23.677,23.763,26224,0
20140513,23.724,23.791,23.715,23.773,21468,0
20140514,23.724,23.791,23.658,23.753,48283,0
20140515,23.791,23.801,23.677,23.677,42464,0
20140516,23.734,23.763,23.677,23.734,25350,0
20140519,23.763,23.773,23.715,23.743,83180,0
20140520,23.743,23.84,23.743,23.81,93394,0
20140521,23.85,23.887,23.81,23.85,108899,0
20140522,23.84,23.877,23.791,23.791,23166,0
20140523,23.84,23.84,23.667,23.706,18262,0
20140527,23.648,23.763,23.619,23.715,22351,0
20140528,23.743,24.041,23.743,23.954,85087,0
20140529,23.907,24.031,23.81,24.001,46018,0
20140530,23.944,24.031,23.944,24.031,34734,0
20140602,23.954,24.078,23.954,24.078,47000,0
20140603,24.051,24.068,23.84,23.858,94853,0
20140604,23.83,23.84,23.266,23.505,90174,0
20140605,23.552,23.686,23.466,23.495,27383,0
20140606,23.572,23.639,23.572,23.6,14369,0
20140609,23.6,23.763,23.581,23.753,35647,0
20140610,23.724,23.734,23.505,23.505,62198,0
20140611,23.504,23.61,23.338,23.338,55410,0
20140612,23.406,23.484,23.368,23.406,45037,0
20140613,23.455,23.455,23.319,23.319,56828,0
20140616,23.397,23.436,23.348,23.387,31840,0
20140617,23.406,23.464,23.387,23.464,29939,0
20140618,23.426,23.591,23.426,23.494,42832,0
20140619,23.484,23.64,23.416,23.6,46322,0
20140620,23.572,23.776,23.572,23.708,22867,0
20140623,23.64,23.853,23.552,23.63,48279,0
20140624,23.64,23.785,23.63,23.678,27203,0
20140625,23.736,23.853,23.64,23.688,68030,0
20140626,23.746,23.746,23.63,23.668,56578,0
20140627,23.678,23.756,23.61,23.62,67522,0
20140630,23.726,23.766,23.649,23.649,120066,0
20140701,23.736,23.756,23.678,23.717,91948,0
20140702,23.726,23.726,23.61,23.61,75298,0
20140703,23.591,23.591,23.464,23.494,44064,0
20140707,23.581,23.717,23.504,23.698,63863,0
20140708,23.726,23.853,23.717,23.853,22977,0
20140709,23.862,24.056,23.862,24.008,45927,0
20140710,24.018,24.056,23.882,24.038,50441,0
20140711,24.028,24.174,23.96,24.174,37938,0
20140714,24.154,24.242,24.134,24.222,46609,0
20140715,24.222,24.27,24.164,24.232,31146,0
20140716,24.232,24.232,24.144,24.144,25150,0
20140717,24.144,24.202,23.95,23.96,16247,0
20140718,24.008,24.192,24.008,24.076,51657,0
20140721,24.116,24.202,24.038,24.086,19600,0
20140722,24.066,24.116,23.97,24.096,35195,0
20140723,24.096,24.134,24.066,24.116,30365,0
20140724,24.134,24.134,24.008,24.116,19161,0
20140725,24.116,24.116,24.048,24.096,10207,0
20140728,24.116,24.183,24.116,24.124,25151,0
20140729,24.124,24.212,24.124,24.174,14582,0
20140730,24.164,24.212,24.164,24.183,36557,0
20140731,24.096,24.096,23.804,23.804,52822,0
20140801,23.95,24.048,23.64,23.756,37947,0
20140804,23.824,23.824,23.64,23.668,29822,0
20140805,23.766,23.766,23.62,23.717,27772,0
20140806,23.668,23.746,23.6,23.6,26658,0
20140807,23.63,23.902,23.63,23.882,31644,0
20140808,23.912,24.018,23.853,24.018,19873,0
20140811,24.038,24.038,23.844,23.844,21877,0
20140812,23.892,23.998,23.892,23.988,11594,0
20140813,23.988,24.124,23.96,24.124,17890,0
20140814,24.086,24.222,24.048,24.202,20020,0
20140815,24.202,24.232,24.096,24.174,25356,0
20140818,24.212,24.27,24.192,24.242,35841,0
20140819,24.27,24.27,24.174,24.183,19359,0
20140820,24.222,24.222,24.174,24.183,19515,0
20140821,24.183,24.27,24.183,24.26,12550,0
20140822,24.242,24.27,24.192,24.27,43700,0
20140825,24.29,24.348,24.27,24.328,34882,0
20140826,24.368,24.416,24.28,24.416,27120,0
20140827,24.416,24.436,24.338,24.377,18097,0
20140828,24.368,24.436,24.328,24.338,42910,0
20140829,24.338,24.406,24.232,24.232,46522,0
20140902,24.3,24.3,24.164,24.192,28472,0
20140903,24.086,24.251,24.086,24.144,80765,0
20140904,24.212,24.242,24.066,24.106,42980,0
20140905,24.164,24.26,24.066,24.212,58680,0
20140908,24.232,24.251,24.134,24.192,25016,0
20140909,24.174,24.192,24.116,24.116,35636,0
20140910,24.096,24.116,24.038,24.066,19205,0
20140911,23.986,24.134,23.957,24.075,14475,0
20140912,24.036,24.055,23.927,23.986,39208,0
20140915,24.055,24.124,23.986,24.124,20171,0
20140916,24.164,24.174,24.046,24.105,40205,0
20140917,24.105,24.243,24.105,24.233,40676,0
20140918,24.233,24.391,24.223,24.371,42773,0
20140919,24.371,24.479,24.322,24.44,31863,0
20140922,24.4,24.44,24.292,24.351,40969,0
20140923,24.282,24.361,24.233,24.341,14664,0
20140924,24.381,24.381,24.262,24.292,34227,0
20140925,24.341,24.351,24.223,24.351,35930,0
20140926,24.272,24.381,24.223,24.381,29184,0
20140929,24.292,24.41,24.292,24.41,21264,0
20140930,24.41,24.489,24.292,24.46,27460,0
20141001,24.489,24.489,24.41,24.46,22801,0
20141002,24.42,24.509,24.41,24.489,22304,0
20141003,24.46,24.578,24.46,24.578,31183,0
20141006,24.607,24.676,24.529,24.637,58679,0
20141007,24.637,24.657,24.588,24.637,27122,0
20141008,24.657,24.726,24.637,24.726,44199,0
20141009,24.745,24.745,24.676,24.696,127449,0
20141010,24.716,24.726,24.578,24.627,115625,0
20141013,24.627,24.666,24.548,24.597,18716,0
20141014,24.647,24.735,24.597,24.726,178318,0
20141015,24.647,24.726,24.617,24.726,38653,0
20141016,24.716,24.765,24.686,24.726,55321,0
20141017,24.726,24.844,24.676,24.844,35503,0
20141020,24.745,24.873,24.745,24.765,21413,0
20141021,24.814,24.893,24.795,24.893,31518,0
20141022,24.864,24.883,24.834,24.883,13420,0
20141023,24.883,24.893,24.824,24.824,12446,0
20141024,24.883,24.883,24.765,24.834,10066,0
20141027,24.814,24.883,24.814,24.864,13620,0
20141028,24.883,24.883,24.824,24.883,13300,0
20141029,24.873,24.893,24.834,24.893,8339,0
20141030,24.893,24.893,24.804,24.804,12877,0
20141031,24.804,24.923,24.755,24.755,16359,0
20141103,24.775,24.903,24.775,24.873,20817,0
20141104,24.873,24.942,24.873,24.933,26815,0
20141105,24.923,24.972,24.913,24.933,9080,0
20141106,24.913,24.992,24.893,24.992,21062,0
20141107,25.011,25.159,24.923,25.031,21592,0
20141110,25.11,25.13,25.031,25.1,14171,0
20141111,25.11,25.179,25.061,25.169,26203,0
20141112,25.13,25.199,25.061,25.14,22716,0
20141113,25.13,25.218,25.13,25.179,8461,0
20141114,25.179,25.307,25.179,25.287,21929,0
20141117,25.228,25.277,25.1,25.14,42519,0
20141118,25.12,25.208,25.09,25.13,18695,0
20141119,25.021,25.13,25.021,25.021,36438,0
20141120,25.11,25.11,24.962,24.962,35865,0
20141121,25.002,25.09,24.982,25.021,17983,0
20141124,25.09,25.11,25.031,25.09,15533,0
20141125,25.159,25.208,25.12,25.14,16481,0
20141126,25.208,25.366,25.208,25.317,213365,0
20141128,25.287,25.317,25.238,25.238,12449,0
20141201,25.258,25.346,25.228,25.277,115208,0
20141202,25.327,25.337,25.228,25.327,129838,0
20141203,25.337,25.376,25.14,25.14,59877,0
20141204,25.159,25.159,24.982,24.992,42994,0
20141205,25.021,25.11,24.982,24.982,7538,0
20141208,24.982,25.179,24.962,25.179,28780,0
20141209,25.12,25.179,24.962,25.1,16374,0
20141210,25.12,25.228,24.923,25.021,31477,0
20141211,25.02,25.09,24.96,25,35794,0
20141212,25.07,25.07,24.97,24.99,10657,0
20141215,24.95,25,24.65,24.66,30023,0
20141216,24.61,24.83,24.58,24.58,25119,0
20141217,24.69,24.76,24.56,24.7,34666,0
20141218,24.75,24.88,24.75,24.78,38989,0
20141219,24.8,25.08,24.8,25.08,20331,0
20141222,24.99,25.14,24.99,25.14,13272,0
20141223,25.09,25.18,25.03,25.12,39186,0
20141224,25.07,25.07,24.98,25.06,7471,0
20141226,25.05,25.17,24.89,25.04,35371,0
20141229,25.03,25.09,24.99,25.09,12680,0
20141230,25.19,25.21,25.12,25.12,23009,0
20141231,25.09,25.28,25.09,25.28,29536,0
20150102,25.24,25.35,25.19,25.32,14928,0
20150105,25.27,25.37,25.19,25.26,22886,0
20150106,25.25,25.33,25.25,25.32,41409,0
20150107,25.31,25.37,25.27,25.37,23000,0
20150108,25.34,25.46,25.34,25.41,18086,0
20150109,25.38,25.41,25.38,25.41,5243,0
20150112,25.36,25.46,25.35,25.44,12178,0
20150113,25.45,25.45,25.31,25.31,13481,0
20150114,25.32,25.38,25.3,25.32,18580,0
20150115,25.37,25.38,25.25,25.35,17293,0
20150116,25.33,25.57,25.33,25.57,36896,0
20150120,25.57,25.57,25.44,25.5,23335,0
20150121,25.45,25.54,25.45,25.52,14631,0
20150122,25.51,25.69,25.49,25.69,27568,0
20150123,25.66,25.88,25.59,25.84,20647,0
20150126,25.79,25.98,25.79,25.95,13228,0
20150127,25.95,25.99,25.95,25.95,11726,0
20150128,25.87,26.04,25.8,26.04,15204,0
20150129,25.97,26.16,25.95,25.95,14435,0
20150130,25.94,25.99,25.46,25.73,29887,0
20150202,25.87,25.88,25.69,25.78,15750,0
20150203,25.87,25.94,25.85,25.91,6324,0
20150204,25.87,25.97,25.86,25.92,10934,0
20150205,25.96,25.96,25.81,25.88,25407,0
20150206,25.81,25.92,25.7,25.8,30394,0
20150209,25.71,25.84,25.12,25.56,49442,0
20150210,25.61,25.66,25.56,25.61,13330,0
20150211,25.54,25.74,25.53,25.74,18031,0
20150212,25.7,25.8,25.7,25.75,14668,0
20150213,25.74,25.84,25.72,25.79,17606,0
20150217,25.76,25.78,25.61,25.66,10676,0
20150218,25.67,25.67,25.26,25.45,21954,0
20150219,25.37,25.48,25.35,25.45,16528,0
20150220,25.48,25.64,25.46,25.62,14016,0
20150223,25.67,25.69,25.57,25.58,15018,0
20150224,25.62,25.69,25.6,25.67,9724,0
20150225,25.71,25.74,25.61,25.61,14890,0
20150226,25.61,25.76,25.61,25.76,15641,0
20150227,25.7,25.79,25.65,25.65,12422,0
20150302,25.74,25.79,25.71,25.78,22571,0
20150303,25.69,25.8,25.69,25.76,16486,0
20150304,25.71,25.86,25.71,25.8,23060,0
20150305,25.78,25.84,25.78,25.81,11670,0
20150306,25.75,25.75,25.41,25.468,10522,0
20150309,25.48,25.51,25.31,25.34,12128,0
20150310,25.34,25.48,25.02,25.48,9555,0
20150311,25.43,25.55,25.43,25.5,15216,0
20150312,25.18,25.23,25.11,25.11,16772,0
20150313,25.12,25.14,25.07,25.09,24663,0
20150316,25.17,25.2,25.08,25.08,13862,0
20150317,25.08,25.17,25.05,25.11,13392,0
20150318,25.031,25.29,25.03,25.253,20739,0
20150319,25.2,25.27,25.14,25.267,13855,0
20150320,25.24,25.44,25.24,25.34,15656,0
20150323,25.4,25.56,25.35,25.56,20596,0
20150324,25.52,25.65,25.52,25.62,48449,0
20150325,25.58,25.73,25.58,25.72,257241,0
20150326,25.74,25.74,25.59,25.68,43351,0
20150327,25.62,25.75,25.62,25.7,34829,0
20150330,25.73,25.75,25.68,25.73,6660,0
20150331,25.75,25.75,25.709,25.71,41658,0
20150401,25.77,25.77,25.65,25.665,31678,0
20150402,25.63,25.78,25.63,25.77,9054,0
20150406,25.83,25.86,25.77,25.78,17626,0
20150407,25.79,25.8,25.72,25.74,6579,0
20150408,25.72,25.85,25.72,25.76,13119,0
20150409,25.76,25.89,25.76,25.86,21005,0
20150410,25.92,25.92,25.819,25.9,8436,0
20150413,25.84,25.91,25.79,25.81,115026,0
20150414,25.81,25.86,25.81,25.82,7677,0
20150415,25.823,25.98,25.81,25.94,25788,0
20150416,25.92,25.92,25.83,25.83,5845,0
20150417,25.817,25.85,25.64,25.77,25043,0
20150420,25.78,25.78,25.61,25.63,26624,0
20150421,25.62,25.691,25.6,25.61,38693,0
20150422,25.649,25.66,25.6,25.62,15691,0
20150423,25.65,25.77,25.64,25.64,22361,0
20150424,25.637,25.7,25.62,25.64,10649,0
20150427,25.64,25.7,25.63,25.65,7983,0
20150428,25.64,25.7,25.611,25.67,17035,0
20150429,25.59,25.68,25.57,25.6,15433,0
20150430,25.61,25.61,25.49,25.52,13797,0
20150501,25.52,25.56,25.4,25.45,32012,0
20150504,25.44,25.52,25.38,25.38,17074,0
20150505,25.36,25.43,25.23,25.33,20881,0
20150506,25.34,25.34,24.76,24.87,47220,0
20150507,24.87,25.08,24.81,25.02,30820,0
20150508,25.23,25.4,25.23,25.34,24336,0
20150511,25.31,25.31,25.11,25.14,17995,0
20150512,25.01,25.23,25.01,25.13,50178,0
20150513,25.16,25.39,25.16,25.39,22537,0
20150514,25.44,25.7,25.371,25.58,27033,0
20150515,25.66,25.68,25.526,25.54,9769,0
20150518,25.46,25.62,25.43,25.58,19987,0
20150519,25.47,25.59,25.47,25.58,9388,0
20150520,25.572,25.64,25.41,25.53,13704,0
20150521,25.53,25.62,25.53,25.58,19362,0
20150522,25.59,25.64,25.52,25.55,9436,0
20150526,25.57,25.646,25.54,25.61,9888,0
20150527,25.58,25.7,25.58,25.64,14493,0
20150528,25.65,25.73,25.54,25.61,29372,0
20150529,25.61,25.61,25.54,25.56,8783,0
20150601,25.6,25.63,25.54,25.59,9790,0
20150602,25.56,25.56,25.41,25.484,5128,0
20150603,25.42,25.45,25.33,25.449,22236,0
20150604,25.45,25.45,25.4,25.42,7995,0
20150605,25.39,25.43,25.25,25.31,26111,0
20150608,25.36,25.36,25.2,25.29,22487,0
20150609,25.24,25.29,25.16,25.2,18021,0
20150610,25.14,25.244,25.09,25.2,12069,0
20150611,24.84,24.97,24.84,24.88,29035,0
20150612,24.89,25,24.89,24.95,17989,0
20150615,24.95,25.16,24.95,25.07,21304,0
20150616,25.01,25.14,25.01,25.1,15307,0
20150617,25.06,25.16,25.06,25.09,20537,0
20150618,25.14,25.15,24.9,24.9,28299,0
20150619,24.98,24.98,24.87,24.93,9000,0
20150622,24.95,25.155,24.95,25.05,10526,0
20150623,25,25.05,24.94,25.04,7271,0
20150624,24.98,25.07,24.97,25.01,10421,0
20150625,25.04,25.08,24.97,25.05,10920,0
20150626,25.042,25.06,24.81,24.81,11883,0
20150629,24.87,24.89,24.761,24.85,20699,0
20150630,24.93,24.99,24.82,24.82,24764,0
20150701,24.82,24.99,24.82,24.92,10220,0
20150702,24.95,25.08,24.95,25.05,12833,0
20150706,25,25.08,24.73,24.76,58997,0
20150707,24.83,24.97,24.79,24.95,15000,0
20150708,24.914,24.98,24.81,24.81,7652,0
20150709,24.82,24.9,24.81,24.85,17015,0
20150710,24.83,24.91,24.813,24.88,13480,0
20150713,24.85,24.96,24.83,24.94,25090,0
20150714,24.91,24.98,24.91,24.98,22664,0
20150715,24.98,25,24.94,24.981,17390,0
20150716,24.979,25.14,24.979,25.14,17991,0
20150717,25.15,25.2,25.02,25.2,37765,0
20150720,25.117,25.18,25.06,25.06,26926,0
20150721,25.068,25.15,25.043,25.06,13113,0
20150722,25.09,25.114,25.05,25.11,10413,0
20150723,25.08,25.1,25.03,25.1,13191,0
20150724,25.116,25.12,25.06,25.11,8339,0
20150727,25.096,25.14,25.05,25.13,9318,0
20150728,25.06,25.16,25.06,25.09,16120,0
20150729,25.06,25.16,25.06,25.15,15091,0
20150730,25.11,25.18,25.11,25.18,18035,0
20150731,25.23,25.27,25.19,25.27,9676,0
20150803,25.27,25.31,25.23,25.24,15987,0
20150804,25.29,25.377,25.25,25.377,6901,0
20150805,25.38,25.38,25.27,25.3,16312,0
20150806,25.32,25.41,25.29,25.4,9858,0
20150807,25.33,25.41,25.33,25.36,5156,0
20150810,25.36,25.48,25.36,25.45,9757,0
20150811,25.43,25.51,25.39,25.44,13745,0
20150812,25.445,25.445,25.39,25.4,9505,0
20150813,25.36,25.41,25.36,25.39,9965,0
20150814,25.428,25.46,25.4,25.426,10358,0
20150817,25.46,25.46,25.41,25.41,6941,0
20150818,25.45,25.51,25.43,25.466,12657,0
20150819,25.5,25.51,25.47,25.5,4586,0
20150820,25.51,25.56,25.471,25.51,38647,0
20150821,25.54,25.6,25.48,25.55,16476,0
20150824,25.25,25.34,24.7,25.25,50912,0
20150825,25.38,25.38,25.151,25.27,8913,0
20150826,25.28,25.38,25.28,25.325,19400,0
20150827,25.42,25.43,25.28,25.42,7739,0
20150828,25.37,25.55,25.37,25.51,14991,0
20150831,25.61,25.61,25.42,25.44,11016,0
20150901,25.43,25.43,25.33,25.37,18649,0
20150902,25.36,25.52,25.36,25.48,7744,0
20150903,25.57,25.58,25.47,25.48,12384,0
20150904,25.58,25.58,25.49,25.5,7728,0
20150908,25.5,25.57,25.47,25.56,11071,0
20150909,25.51,25.55,25.47,25.51,19531,0
20150910,25.44,25.52,25.37,25.44,22531,0
20150911,25.12,25.25,25.05,25.24,15457,0
20150914,25.28,25.28,25.17,25.19,5816,0
20150915,25.16,25.19,25.11,25.12,32442,0
20150916,25.15,25.22,25.08,25.17,6236,0
20150917,25.2,25.243,25.15,25.243,10540,0
20150918,25.22,25.25,25.18,25.24,10114,0
20150921,25.25,25.33,25.2,25.2,26108,0
20150922,25.23,25.32,25.21,25.25,14755,0
20150923,25.32,25.37,25.25,25.34,19831,0
20150924,25.33,25.34,25.28,25.34,5940,0
20150925,25.38,25.43,25.31,25.376,7842,0
20150928,25.39,25.39,25.26,25.37,9078,0
20150929,25.38,25.39,25.29,25.338,10566,0
20150930,25.42,25.45,25.24,25.24,23028,0
20151001,25.34,25.34,25.22,25.22,12057,0
20151002,25.24,25.25,25.14,25.222,2682,0
20151005,25.21,25.4,25.21,25.4,14642,0
20151006,25.4,25.46,25.35,25.368,10331,0
20151007,25.45,25.45,25.3,25.37,13731,0
20151008,25.4,25.47,25.3,25.463,14168,0
20151009,25.47,25.54,25.46,25.54,6316,0
20151012,25.59,25.59,25.5,25.58,7401,0
20151013,25.49,25.571,25.49,25.56,12098,0
20151014,25.51,25.61,25.51,25.6,5359,0
20151015,25.62,25.66,25.59,25.66,8269,0
20151016,25.63,25.7,25.61,25.7,15611,0
20151019,25.7,25.77,25.68,25.77,10555,0
20151020,25.74,25.78,25.73,25.76,12213,0
20151021,25.8,25.82,25.71,25.71,14651,0
20151022,25.75,25.83,25.714,25.734,12542,0
20151023,25.72,25.82,25.72,25.82,11710,0
20151026,25.77,25.83,25.734,25.77,73732,0
20151027,25.75,25.8,25.7,25.72,18237,0
20151028,25.74,25.8,25.71,25.76,16940,0
20151029,25.773,25.8,25.71,25.796,9005,0
20151030,25.77,25.82,25.74,25.75,10441,0
20151102,25.77,25.85,25.75,25.84,22618,0
20151103,25.85,25.93,25.81,25.88,31497,0
20151104,25.9,25.9,25.81,25.84,38364,0
20151105,25.84,25.96,25.83,25.91,18089,0
20151106,25.92,25.92,25.53,25.71,15755,0
20151109,25.65,25.71,25.58,25.68,11657,0
20151110,25.66,25.79,25.66,25.79,14550,0
20151111,25.74,26.01,25.74,26.01,17965,0
20151112,25.89,26.07,25.89,26.07,11275,0
20151113,26.07,26.07,25.922,25.94,6026,0
20151116,25.93,25.93,25.73,25.8,13875,0
20151117,25.77,25.9,25.77,25.84,6584,0
20151118,25.81,25.81,25.8,25.81,11367,0
20151119,25.834,25.87,25.79,25.83,10294,0
20151120,25.8,25.859,25.78,25.78,25261,0
20151123,25.81,25.83,25.792,25.83,16833,0
20151124,25.78,25.85,25.78,25.81,18999,0
20151125,25.78,25.86,25.78,25.81,9325,0
20151127,25.821,25.87,25.821,25.87,2881,0
20151130,25.84,25.9,25.81,25.81,23771,0
20151201,25.85,25.87,25.81,25.85,34963,0
20151202,25.82,25.85,25.75,25.82,12056,0
20151203,25.76,25.79,25.7,25.72,7297,0
20151204,25.72,25.81,25.72,25.76,7009,0
20151207,25.71,25.77,25.71,25.73,18758,0
20151208,25.74,25.76,25.681,25.71,11179,0
20151209,25.74,25.78,25.71,25.77,8220,0
20151210,25.75,25.78,25.72,25.77,18040,0
20151211,25.61,25.62,25.45,25.5,71704,0
20151214,25.51,25.51,24.61,24.74,57319,0
20151215,24.79,25.11,24.79,25,27360,0
20151216,25,25.38,25,25.3,33784,0
20151217,25.27,25.46,25.242,25.34,14397,0
20151218,25.45,25.5,25.32,25.331,18847,0
20151221,25.38,25.44,25.36,25.37,15209,0
20151222,25.32,25.52,25.32,25.48,463267,0
20151223,25.4,25.52,25.39,25.5,34087,0
20151224,25.52,25.6,25.43,25.59,155176,0
20151228,25.62,25.67,25.58,25.66,6812,0
20151229,25.62,25.79,25.62,25.775,16570,0
20151230,25.9,25.9,25.62,25.86,169379,0
20151231,25.88,25.88,25.77,25.88,7553,0
20160104,25.72,25.88,25.7,25.88,18243,0
20160105,25.84,25.9,25.81,25.8501,27999,0
20160106,25.79,25.79,25.65,25.79,30330,0
20160107,25.71,25.74,25.565,25.711,13331,0
20160108,25.701,25.75,25.701,25.75,14550,0
20160111,25.72,25.7699,25.59,25.6744,12221,0
20160112,25.62,25.62,25.51,25.59,23160,0
20160113,25.54,25.64,25.5,25.55,7039,0
20160114,25.47,25.56,25.35,25.51,35483,0
20160115,25.35,25.47,25.2301,25.47,28599,0
20160119,25.6,25.6,25.6,25.6,0,0
20160120,25.43,25.5416,25.14,25.5,27209,0
20160121,25.31,25.63,25.31,25.6278,23387,0
20160122,25.65,25.75,25.5801,25.75,19396,0
20160125,25.67,25.676,25.48,25.55,17037,0
20160126,25.65,25.68,25.52,25.56,14936,0
20160127,25.45,25.62,25.45,25.51,19287,0
20160128,25.48,25.6,25.42,25.6,95928,0
20160129,25.58,25.65,25.56,25.59,35769,0
20160201,25.59,25.67,25.58,25.62,8613,0
20160202,25.59,25.74,25.59,25.67,25527,0
20160203,25.73,25.73,25.66,25.72,16921,0
20160204,25.72,25.86,25.66,25.834,13967,0
20160205,25.84,25.84,25.7,25.7001,9694,0
20160208,25.65,25.65,25.3,25.3311,18290,0
20160209,25.18,25.36,25.18,25.21,27239,0
20160210,25.46,25.5499,25.355,25.44,17919,0
20160211,25.2322,25.29,24.8501,25.01,65801,0
20160212,25.06,25.26,25.05,25.21,58797,0
20160216,25.28,25.57,25.28,25.54,17487,0
20160217,25.48,25.6235,25.38,25.48,31709,0
20160218,25.48,25.64,25.48,25.52,22571,0
20160219,25.54,25.6452,25.54,25.55,25634,0
20160222,25.69,25.73,25.6,25.69,20484,0
20160223,25.69,25.69,25.52,25.58,31632,0
20160224,25.54,25.72,25.54,25.71,25123,0
20160225,25.72,25.75,25.63,25.65,27461,0
20160226,25.75,25.75,25.64,25.7,24739,0
20160229,25.7,25.88,25.7,25.88,50963,0
20160301,25.83,26.12,25.7,26.11,41980,0
20160302,25.9501,25.9951,25.79,25.81,10010,0
20160303,25.8761,25.8899,25.7301,25.78,30455,0
20160304,25.85,25.8905,25.7901,25.8202,10015,0
20160307,25.89,25.95,25.8621,25.89,13447,0
20160308,25.8,26.06,25.8,26.06,39829,0
20160309,26.022,26.12,26,26.12,12425,0
20160310,26.04,26.1,26,26.0653,5689,0
20160311,26.0478,26.12,25.9706,26.06,35172,0
20160314,25.67,25.77,25.658,25.76,9744,0
20160315,25.76,25.76,25.55,25.6,49592,0
20160316,25.65,25.67,25.53,25.64,30392,0
20160317,25.59,25.78,25.59,25.7292,33591,0
20160318,25.73,25.76,25.66,25.67,16975,0
20160321,25.66,25.7399,25.66,25.72,10288,0
20160322,25.74,25.75,25.66,25.69,24472,0
20160323,25.74,25.75,25.6801,25.7,26372,0
20160324,25.73,25.75,25.668,25.6912,30137,0
20160328,25.77,25.85,25.7035,25.85,26001,0
20160329,25.7301,25.85,25.7301,25.78,20745,0
20160330,25.77,25.85,25.77,25.82,20033,0
20160331,25.83,25.84,25.77,25.77,18579,0
20160401,25.81,25.8199,25.6281,25.6911,19086,0
20160404,25.66,25.66,25.5,25.58,24091,0
20160405,25.55,25.6443,25.5333,25.6443,15079,0
20160406,25.68,25.723,25.65,25.71,18329,0
20160407,25.6915,25.6915,25.52,25.54,22459,0
20160408,25.63,25.67,25.62,25.62,13176,0
20160411,25.62,25.68,25.62,25.67,28868,0
20160412,25.71,25.72,25.64,25.701,14564,0
20160413,25.67,25.77,25.651,25.76,23314,0
20160414,25.7,25.76,25.69,25.71,30598,0
20160415,25.66,25.73,25.52,25.52,119069,0
20160418,25.59,25.6199,25.56,25.61,38825,0
20160419,25.61,25.64,25.59,25.63,32981,0
20160420,25.61,25.66,25.6,25.66,29065,0
20160421,25.63,25.67,25.62,25.65,25579,0
20160422,25.64,25.7,25.63,25.68,28278,0
20160425,25.66,25.69,25.62,25.6899,37380,0
20160426,25.65,25.73,25.64,25.73,24867,0
20160427,25.69,25.78,25.69,25.7532,17723,0
20160428,25.7,25.8,25.7,25.8,13694,0
20160429,25.82,25.95,25.78,25.95,21305,0
20160502,25.91,25.96,25.8501,25.9044,41820,0
20160503,25.87,25.9,25.84,25.85,10850,0
20160504,25.84,25.91,25.83,25.84,10122,0
20160505,25.84,25.89,25.83,25.84,7027,0
20160506,25.88,25.95,25.8312,25.95,18039,0
20160509,25.87,25.9499,25.86,25.87,10660,0
20160510,25.86,25.88,25.78,25.8,31201,0
20160511,25.8,25.92,25.8,25.86,26809,0
20160512,25.84,25.915,25.84,25.85,26070,0
20160513,25.8962,25.96,25.87,25.87,12565,0
20160516,25.88,26.07,25.88,26.07,24574,0
20160517,26.07,26.07,25.96,26.0101,13582,0
20160518,25.96,26.1,25.81,25.9,49483,0
20160519,25.83,25.9243,25.79,25.8,19512,0
20160520,25.81,25.86,25.78,25.78,21631,0
20160523,25.78,25.9,25.78,25.9,12875,0
20160524,25.9,25.98,25.8769,25.98,36883,0
20160525,25.95,25.98,25.85,25.9699,21731,0
20160526,25.87,25.98,25.8611,25.97,11303,0
20160527,25.89,25.97,25.89,25.9699,7128,0
20160531,25.91,26.12,25.91,26.12,21143,0
20160601,26,26.1,26,26.0899,10606,0
20160602,26.03,26.09,26.03,26.09,8401,0
20160603,26.09,26.14,26.06,26.14,34912,0
20160606,26.11,26.1456,26.05,26.14,23110,0
20160607,26.06,26.14,26.02,26.05,16622,0
20160608,26.03,26.14,26.02,26.08,22648,0
20160609,26.02,26.14,26.02,26.14,27548,0
20160610,26.13,26.1399,25.97,25.97,23170,0
20160613,25.73,25.74,25.64,25.69,13506,0
20160614,25.73,25.73,25.6,25.64,13958,0
20160615,25.62,25.88,25.62,25.88,26667,0
20160616,25.83,25.83,25.75,25.82,19246,0
20160617,25.75,25.87,25.75,25.86,14723,0
20160620,25.98,25.98,25.78,25.82,29872,0
20160621,25.78,25.83,25.75,25.7896,22606,0
20160622,25.76,25.79,25.71,25.72,35133,0
20160623,25.75,25.83,25.744,25.81,25578,0
20160624,25.16,25.84,25.0915,25.7746,34018,0
20160627,25.8,25.8,25.7,25.77,20835,0
20160628,25.76,25.83,25.74,25.79,21949,0
20160629,25.8,25.96,25.8,25.88,35912,0
20160630,25.93,25.99,25.88,25.98,28772,0
20160701,25.97,26.05,25.9,25.97,25088,0
20160705,25.95,25.97,25.82,25.94,32044,0
20160706,25.89,25.95,25.8211,25.9,10462,0
20160707,25.93,25.94,25.76,25.76,38333,0
20160708,25.85,25.86,25.77,25.8,50307,0
20160711,25.77,25.85,25.7,25.72,62992,0
20160712,25.72,25.8199,25.7,25.73,47047,0
20160713,25.77,25.77,25.61,25.7,89400,0
20160714,25.68,25.7264,25.6,25.67,65143,0
20160715,25.69,25.79,25.65,25.65,71895,0
20160718,25.7,25.7,25.69,25.7,11496,0
20160719,25.69,25.72,25.69,25.7,21024,0
20160720,25.69,25.7,25.67,25.69,15496,0
20160721,25.7,25.7,25.68,25.7,24221,0
20160722,25.68,25.71,25.678,25.7,30456,0
20160725,25.7,25.71,25.66,25.69,53174,0
20160726,25.68,25.71,25.67,25.7,69271,0
20160727,25.69,25.73,25.69,25.71,21437,0
20160728,25.72,25.74,25.69,25.74,21318,0
20160729,25.71,25.78,25.7,25.7,43964,0
20160801,25.7,25.74,25.69,25.74,32952,0
20160802,25.74,25.76,25.7,25.75,28646,0
20160803,25.75,25.75,25.71,25.73,19912,0
20160804,25.72,25.77,25.72,25.77,46865,0
20160805,25.77,25.77,25.72,25.77,19887,0
20160808,25.77,25.78,25.69,25.73,76933,0
20160809,25.71,25.75,25.7,25.75,66422,0
20160810,25.72,25.75,25.69,25.72,32998,0
20160811,25.74,25.74,25.63,25.7,59208,0
20160812,25.66,25.7,25.65,25.67,66433,0
20160815,25.7,25.72,25.67,25.71,27668,0
20160816,25.7,25.7,25.66,25.69,12437,0
20160817,25.7,25.71,25.66,25.71,19114,0
20160818,25.7,25.73,25.7,25.72,15455,0
20160819,25.7,25.73,25.67,25.6845,15733,0
20160822,25.7,25.7,25.67,25.6986,17066,0
20160823,25.7,25.75,25.66,25.75,29266,0
20160824,25.71,25.76,25.71,25.71,12642,0
20160825,25.72,25.75,25.7122,25.75,21076,0
20160826,25.75,25.75,25.721,25.75,17357,0
20160829,25.75,25.75,25.71,25.74,21068,0
20160830,25.71,25.79,25.7,25.79,25826,0
20160831,25.77,25.79,25.74,25.74,19366,0
20160901,25.79,25.79,25.757,25.76,8494,0
20160902,25.79,25.81,25.76,25.7885,17929,0
20160906,25.76,25.79,25.74,25.79,12807,0
20160907,25.78,25.79,25.761,25.78,7679,0
20160908,25.79,25.8,25.7701,25.79,22451,0
20160909,25.77,25.7799,25.72,25.72,29328,0
20160912,25.43,25.45,25.33,25.4115,16177,0
20160913,25.45,25.45,25.23,25.31,49132,0
20160914,25.28,25.33,25.28,25.33,22684,0
20160915,25.31,25.38,25.3,25.36,23819,0
20160916,25.35,25.38,25.27,25.31,48974,0
20160919,25.3,25.4,25.3,25.376,31886,0
20160920,25.39,25.44,25.38,25.43,47707,0
20160921,25.42,25.48,25.4,25.48,12829,0
20160922,25.5,25.54,25.41,25.4105,52104,0
20160923,25.41,25.446,25.39,25.41,11894,0
20160926,25.41,25.48,25.39,25.44,23853,0
20160927,25.47,25.5,25.43,25.4523,16252,0
20160928,25.47,25.53,25.45,25.51,17240,0
20160929,25.51,25.5357,25.42,25.4548,25203,0
20160930,25.45,25.54,25.42,25.43,34361,0
20161003,25.43,25.53,25.43,25.4827,20494,0
20161004,25.47,25.5463,25.46,25.49,15684,0
20161005,25.51,25.53,25.47,25.47,11900,0
20161006,25.47,25.51,25.4,25.42,53404,0
20161007,25.42,25.46,25.42,25.43,9059,0
20161010,25.44,25.45,25.35,25.394,39242,0
20161011,25.38,25.4492,25.38,25.38,10389,0
20161012,25.37,25.43,25.36,25.4,14703,0
20161013,25.4098,25.41,25.37,25.4,9304,0
20161014,25.41,25.48,25.41,25.44,13084,0
20161017,25.43,25.4599,25.38,25.4356,8093,0
20161018,25.42,25.51,25.39,25.47,29162,0
20161019,25.46,25.53,25.42,25.42,22259,0
20161020,25.42,25.44,25.37,25.37,14191,0
20161021,25.44,25.49,25.3998,25.49,24693,0
20161024,25.45,25.4743,25.44,25.45,18384,0
20161025,25.45,25.51,25.4,25.44,94706,0
20161026,25.38,25.41,25.35,25.38,53259,0
20161027,25.36,25.3708,25.33,25.36,29141,0
20161028,25.35,25.37,25.32,25.33,27422,0
20161031,25.32,25.36,25.32,25.32,35377,0
20161101,25.33,25.34,25.3201,25.34,15777,0
20161102,25.34,25.35,25.2901,25.35,77733,0
20161103,25.35,25.35,25.29,25.3,30123,0
20161104,25.3,25.31,25.26,25.31,37468,0
20161107,25.28,25.33,25.27,25.32,16253,0
20161108,25.27,25.32,25.23,25.26,27403,0
20161109,25.2,25.28,25.18,25.24,67002,0
20161110,25.2,25.21,24.91,25,55841,0
20161111,24.9,25.05,24.76,24.99,47290,0
20161114,24.76,24.9,24.56,24.67,128560,0
20161115,24.77,24.97,24.67,24.93,80360,0
20161116,24.9,25.07,24.8927,25.07,99209,0
20161117,25.02,25.0576,24.87,25.02,40778,0
20161118,24.95,25.0211,24.82,24.85,124239,0
20161121,24.8,25.04,24.8,24.98,35717,0
20161122,25,25.04,24.95,24.97,26396,0
20161123,24.9,24.99,24.9,24.99,23845,0
20161125,24.98,25.01,24.9495,25.01,5603,0
20161128,25,25.04,24.9946,25.02,23578,0
20161129,24.96,25.04,24.96,25.04,14319,0
20161130,25.02,25.02,24.9201,24.95,71612,0
20161201,24.85,24.94,24.8,24.87,44700,0
20161202,24.87,24.91,24.86,24.8601,22466,0
20161205,24.81,24.89,24.81,24.88,22566,0
20161206,24.86,24.95,24.86,24.95,24777,0
20161207,24.95,25,24.93,24.97,71275,0
20161208,24.9,25,24.9,24.99,25286,0
20161209,24.97,25,24.93,24.98,28941,0
20161212,24.65,24.65,24.47,24.54,97050,0
20161213,24.5,24.57,24.42,24.45,63389,0
20161214,24.46,24.49,24.42,24.4338,58478,0
20161215,24.4,24.505,24.3,24.36,71393,0
20161216,24.38,24.4696,24.37,24.42,31154,0
20161219,24.41,24.6,24.41,24.6,45126,0
20161220,24.55,24.71,24.55,24.69,41560,0
20161221,24.66,24.865,24.65,24.862,33197,0
20161222,24.87,24.9,24.72,24.78,25388,0
20161223,24.88,24.9092,24.74,24.74,19924,0
20161227,24.73,24.79,24.52,24.6092,34193,0
20161228,24.54,24.61,24.51,24.54,35623,0
20161229,24.61,24.7,24.54,24.685,25430,0
20161230,24.7,24.73,24.6,24.68,18900,0
20170103,24.72,24.86,24.65,24.8038,28028,0
20170104,24.88,25,24.83,24.98,43456,0
20170105,24.99,25.1157,24.79,24.97,48829,0
20170106,24.93,25.0133,24.93,24.9725,18035,0
20170109,24.95,25.0214,24.9301,24.9301,16849,0
20170110,24.94,25,24.87,24.92,30218,0
20170111,24.88,25.05,24.88,25.04,67416,0
20170112,25.05,25.05,24.95,25.02,12664,0
20170113,25,25.04,24.99,25.0167,9891,0
20170117,25.0124,25.05,25.0124,25.02,23555,0
20170118,24.98,25.037,24.97,25.02,33214,0
20170119,25,25.05,24.92,25.01,165963,0
20170120,24.98,25.09,24.83,24.83,110617,0
20170123,24.88,25.17,24.88,25.17,22207,0
20170124,25.07,25.14,25.01,25.01,30739,0
20170125,25.01,25.0622,24.93,24.9301,25829,0
20170126,24.93,25.15,24.93,25.15,44339,0
20170127,25.14,25.17,25.1,25.16,28265,0
20170130,25.1,25.17,25.07,25.13,13380,0
20170131,25.2,25.2,25.12,25.2,22438,0
20170201,25.23,25.23,25.11,25.15,12613,0
20170202,25.15,25.2,25.12,25.15,29569,0
20170203,25.14,25.29,25.11,25.1337,32160,0
20170206,25.18,25.23,25.16,25.18,10156,0
20170207,25.1732,25.27,25.1732,25.25,16275,0
20170208,25.21,25.39,25.19,25.28,107388,0
20170209,25.27,25.3,25.1501,25.21,23477,0
20170210,25.19,25.25,25.19,25.22,13679,0
20170213,25.23,25.26,25.22,25.24,26041,0
20170214,25.24,25.27,25.16,25.2399,19684,0
20170215,25.16,25.27,25.154,25.201,26189,0
20170216,25.19,25.218,25.15,25.17,33895,0
20170217,25.16,25.21,25.16,25.19,8066,0
20170221,25.18,25.25,25.18,25.2,53645,0
20170222,25.2,25.229,25.1901,25.1901,12934,0
20170223,25.21,25.24,25.2,25.22,18418,0
20170224,25.24,25.27,25.2299,25.255,25732,0
20170227,25.241,25.27,25.24,25.24,27316,0
20170228,25.25,25.26,25.24,25.26,20932,0
20170301,25.24,25.27,25.1901,25.2,49563,0
20170302,25.2,25.27,25.2,25.23,51865,0
20170303,25.2,25.22,25.195,25.22,18389,0
20170306,25.2,25.24,25.2,25.23,27882,0
20170307,25.17,25.2328,25.17,25.2,24338,0
20170308,25.14,25.27,25.1,25.22,65548,0
20170309,25.17,25.17,25.07,25.15,42688,0
20170310,25.18,25.19,25.09,25.19,27906,0
20170313,24.95,24.95,24.87,24.949,66878,0
20170314,24.87,24.98,24.87,24.98,12858,0
20170315,24.96,25.1714,24.95,25.16,23457,0
20170316,25.05,25.17,25.05,25.06,25327,0
20170317,25.04,25.1699,25.04,25.1344,19264,0
20170320,25.06,25.1599,25.06,25.15,23924,0
20170321,25.11,25.14,25.02,25.04,29145,0
20170322,25.05,25.122,25.05,25.11,13781,0
20170323,25.12,25.17,25.05,25.07,30992,0
20170324,25.15,25.18,25.08,25.1,10369,0
20170327,25.02,25.1,25.02,25.07,17397,0
20170328,25.07,25.1299,25.07,25.0851,10414,0
20170329,25.08,25.17,25.04,25.16,11989,0
20170330,25.17,25.17,25.12,25.12,26168,0
20170331,25.17,25.19,25.08,25.19,60973,0
20170403,25.1,25.34,25.1,25.26,31282,0
20170404,25.33,25.34,25.2,25.2133,25922,0
20170405,25.21,25.25,25.2,25.21,14311,0
20170406,25.2022,25.3,25.2022,25.3,12561,0
20170407,25.3,25.3,25.25,25.2748,14823,0
20170410,25.272,25.272,25.16,25.24,21460,0
20170411,25.3,25.3,25.22,25.28,7202,0
20170412,25.28,25.32,25.23,25.32,12656,0
20170413,25.23,25.2501,25.2,25.25,34761,0
20170417,25.2408,25.2852,25.2303,25.27,8898,0
20170418,25.25,25.28,25.21,25.28,18526,0
20170419,25.29,25.29,25.18,25.22,16507,0
20170420,25.24,25.24,25.22,25.23,16552,0
20170421,25.24,25.2699,25.19,25.24,37710,0
20170424,25.24,25.24,25.21,25.24,15009,0
20170425,25.22,25.28,25.15,25.21,51977,0
20170426,25.23,25.24,25.2101,25.23,13589,0
20170427,25.22,25.26,25.2,25.25,27728,0
20170428,25.25,25.26,25.22,25.23,24445,0
20170501,25.25,25.25,25.21,25.25,19370,0
20170502,25.25,25.25,25.2,25.24,22798,0
20170503,25.24,25.25,25.2118,25.25,16287,0
20170504,25.2148,25.25,25.2053,25.24,14501,0
20170505,25.21,25.25,25.21,25.25,42834,0
20170508,25.21,25.25,25.21,25.24,16628,0
20170509,25.25,25.25,25.23,25.25,10718,0
20170510,25.25,25.26,25.24,25.26,18541,0
20170511,25.26,25.26,25.22,25.26,19297,0
20170512,25.24,25.26,25.23,25.2462,13872,0
20170515,25.29,25.3,25.24,25.29,23731,0
20170516,25.28,25.3,25.25,25.29,17820,0
20170517,25.26,25.29,25.26,25.28,9216,0
20170518,25.28,25.29,25.27,25.28,30668,0
20170519,25.26,25.32,25.26,25.32,69462,0
20170522,25.31,25.35,25.3,25.35,44150,0
20170523,25.37,25.3724,25.31,25.34,41929,0
20170524,25.33,25.37,25.32,25.37,77395,0
20170525,25.34,25.35,25.32,25.33,23801,0
20170526,25.35,25.35,25.3342,25.35,19681,0
20170530,25.35,25.38,25.35,25.38,11286,0
20170531,25.38,25.38,25.32,25.32,28529,0
20170601,25.33,25.4,25.33,25.4,22490,0
20170602,25.4,25.43,25.395,25.41,13163,0
20170605,25.4,25.44,25.4,25.4164,9867,0
20170606,25.43,25.45,25.4,25.43,9771,0
20170607,25.44,25.44,25.38,25.3801,15294,0
20170608,25.39,25.42,25.39,25.4161,9857,0
20170609,25.41,25.47,25.409,25.41,9930,0
20170612,25.1,25.1261,25.05,25.12,61828,0
20170613,25.15,25.15,25.0751,25.13,42307,0
20170614,25.1,25.2099,25.1,25.13,18287,0
20170615,25.12,25.2,25.12,25.1466,14117,0
20170616,25.15,25.2099,25.15,25.15,7439,0
20170619,25.2024,25.2024,25.18,25.185,7347,0
20170620,25.14,25.26,25.14,25.2599,56462,0
20170621,25.25,25.27,25.16,25.17,28255,0
20170622,25.17,25.27,25.17,25.27,10723,0
20170623,25.25,25.3,25.21,25.25,24823,0
