Date,Open,High,Low,Close,Volume,OpenInt
20141205,24.61,24.71,24.6,24.67,236441,0
20141208,24.66,24.67,24.47,24.6,181777,0
20141209,24.58,24.65,24.5,24.58,295333,0
20141210,24.54,24.57,24.48,24.5,139547,0
20141211,24.48,24.63,24.47,24.56,75824,0
20141212,24.52,24.62,24.52,24.56,70846,0
20141215,24.6,24.62,24.44,24.47,78182,0
20141216,24.44,24.47,24.35,24.45,63988,0
20141217,24.46,24.55,24.39,24.5,43422,0
20141218,24.55,24.59,24.49,24.54,97117,0
20141219,24.59,24.64,24.57,24.62,64326,0
20141222,24.6,24.71,24.6,24.64,69175,0
20141223,24.69,24.69,24.57,24.63,81043,0
20141224,24.64,24.67,24.57,24.63,284717,0
20141226,24.66,24.71,24.62,24.67,195810,0
20141229,24.66,24.78,24.66,24.77,112265,0
20141230,24.77,24.86,24.77,24.84,197001,0
20141231,24.84,24.94,24.84,24.93,110594,0
20150102,24.88,25.05,24.88,25.01,173992,0
20150105,24.98,24.99,24.88,24.95,84481,0
20150106,24.95,25.01,24.93,24.99,91640,0
20150107,25.01,25.09,24.97,25.03,285545,0
20150108,25.03,25.09,25,25.04,160762,0
20150109,25.06,25.06,25.01,25.01,101373,0
20150112,25.03,25.05,25.01,25.05,53303,0
20150113,25.05,25.08,24.98,24.99,135634,0
20150114,24.99,25.03,24.96,25.01,103242,0
20150115,25.02,25.07,24.99,25.06,217263,0
20150116,25.05,25.16,25.02,25.16,793528,0
20150120,25.15,25.17,25.08,25.1,341542,0
20150121,25.16,25.17,25.12,25.16,73646,0
20150122,25.17,25.24,25.13,25.23,118624,0
20150123,25.24,25.46,25.22,25.42,66965,0
20150126,25.46,25.64,25.4,25.56,93027,0
20150127,25.59,25.64,25.5,25.59,61342,0
20150128,25.67,25.69,25.55,25.61,37174,0
20150129,25.68,25.85,25.55,25.74,72777,0
20150130,25.61,25.78,25.61,25.7,48902,0
20150202,25.79,25.79,25.7,25.75,31376,0
20150203,25.78,25.8,25.7,25.8,53420,0
20150204,25.71,25.82,25.71,25.8,43435,0
20150205,25.76,25.76,25.53,25.62,104392,0
20150206,25.55,25.67,25.52,25.59,736339,0
20150209,25.6,25.63,25.52,25.52,100841,0
20150210,25.6,25.6,25.48,25.57,317956,0
20150211,25.62,25.63,25.53,25.63,11703,0
20150212,25.65,25.73,25.65,25.69,75304,0
20150213,25.74,25.74,25.65,25.69,20128,0
20150217,25.63,25.68,25.47,25.5,160237,0
20150218,25.5,25.5,25.21,25.38,31794,0
20150219,25.25,25.47,25.25,25.41,101943,0
20150220,25.48,25.59,25.4,25.55,35791,0
20150223,25.6,25.6,25.5,25.59,132030,0
20150224,25.54,25.7,25.54,25.68,113082,0
20150225,25.71,25.71,25.62,25.66,46135,0
20150226,25.69,25.75,25.6,25.71,26337,0
20150227,25.66,25.79,25.64,25.68,69368,0
20150302,25.65,25.73,25.63,25.68,29170,0
20150303,25.62,25.7,25.6,25.68,35471,0
20150304,25.69,25.72,25.68,25.68,24087,0
20150305,25.74,25.74,25.6,25.71,132570,0
20150306,25.71,25.71,25.35,25.38,139817,0
20150309,25.48,25.48,25.28,25.39,87335,0
20150310,25.4,25.48,25.4,25.47,29024,0
20150311,25.5,25.56,25.49,25.53,103699,0
20150312,25.23,25.23,25.06,25.09,39039,0
20150313,25.11,25.11,25.01,25.07,34832,0
20150316,25.11,25.22,25.08,25.08,76801,0
20150317,25.13,25.13,25.05,25.06,242805,0
20150318,25.16,25.16,25.06,25.13,93242,0
20150319,25.15,25.2,25.11,25.13,85748,0
20150320,25.16,25.29,25.16,25.28,85174,0
20150323,25.33,25.46,25.33,25.43,137305,0
20150324,25.47,25.56,25.439,25.5,126112,0
20150325,25.6,25.6,25.48,25.52,293162,0
20150326,25.55,25.55,25.38,25.44,33784,0
20150327,25.47,25.47,25.41,25.44,65453,0
20150330,25.49,25.49,25.45,25.46,27443,0
20150331,25.49,25.55,25.43,25.48,37311,0
20150401,25.5,25.51,25.45,25.49,28524,0
20150402,25.5,25.73,25.47,25.65,55713,0
20150406,25.7,25.72,25.64,25.67,50996,0
20150407,25.669,25.75,25.651,25.71,18345,0
20150408,25.71,25.8,25.71,25.8,50198,0
20150409,25.81,25.83,25.73,25.73,31329,0
20150410,25.73,25.85,25.73,25.79,17477,0
20150413,25.85,25.85,25.72,25.76,36296,0
20150414,25.78,25.78,25.68,25.72,41936,0
20150415,25.74,25.8,25.7,25.72,54931,0
20150416,25.72,25.77,25.62,25.67,40640,0
20150417,25.74,25.74,25.65,25.65,28623,0
20150420,25.7,25.75,25.54,25.58,62078,0
20150421,25.6,25.63,25.58,25.62,14892,0
20150422,25.63,25.65,25.59,25.61,22880,0
20150423,25.63,25.74,25.625,25.67,15882,0
20150424,25.71,25.72,25.63,25.7,9728,0
20150427,25.7,25.72,25.66,25.66,6838,0
20150428,25.73,25.73,25.64,25.68,22397,0
20150429,25.63,25.68,25.6,25.65,130791,0
20150430,25.55,25.65,25.46,25.64,105718,0
20150501,25.63,25.63,25.55,25.59,59209,0
20150504,25.61,25.61,25.46,25.49,24599,0
20150505,25.55,25.55,25.35,25.35,15876,0
20150506,25.46,25.46,24.98,25.06,44535,0
20150507,25.08,25.166,25.02,25.13,25653,0
20150508,25.25,25.42,25.25,25.32,69127,0
20150511,25.32,25.39,25.169,25.19,34919,0
20150512,25.07,25.24,25.07,25.2,25929,0
20150513,25.23,25.45,25.21,25.45,29864,0
20150514,25.53,25.64,25.49,25.55,15505,0
20150515,25.64,25.75,25.59,25.67,23186,0
20150518,25.65,25.67,25.55,25.64,15578,0
20150519,25.61,25.67,25.54,25.66,25533,0
20150520,25.59,25.68,25.54,25.54,28296,0
20150521,25.57,25.68,25.57,25.68,28051,0
20150522,25.67,25.75,25.64,25.74,22703,0
20150526,25.79,25.88,25.75,25.8,23307,0
20150527,25.84,25.89,25.784,25.87,21424,0
20150528,25.87,25.87,25.52,25.55,99025,0
20150529,25.64,25.64,25.53,25.57,10569,0
20150601,25.62,25.65,25.55,25.55,26074,0
20150602,25.53,25.55,25.43,25.44,21626,0
20150603,25.49,25.49,25.29,25.38,33202,0
20150604,25.38,25.44,25.37,25.38,8225,0
20150605,25.44,25.44,25.28,25.375,13122,0
20150608,25.36,25.39,25.27,25.29,41420,0
20150609,25.35,25.35,25.13,25.214,13496,0
20150610,25.15,25.24,25.15,25.23,13184,0
20150611,24.98,25.02,24.94,24.98,37016,0
20150612,25,25.05,24.96,25.01,14331,0
20150615,25.07,25.2,25.01,25.147,18309,0
20150616,25.18,25.19,25.07,25.13,36243,0
20150617,25.17,25.22,25.12,25.12,24848,0
20150618,25.2,25.2,24.95,24.97,49071,0
20150619,25,25.04,24.95,25.01,27195,0
20150622,25.03,25.1,24.91,25.01,23862,0
20150623,25.05,25.1,24.927,24.99,19975,0
20150624,25.04,25.04,24.9,24.9,13433,0
20150625,25,25,24.89,24.9,73873,0
20150626,24.94,24.94,24.79,24.835,9976,0
20150629,24.84,24.876,24.801,24.83,22842,0
20150630,24.9,24.96,24.87,24.95,21240,0
20150701,25,25.075,24.95,25,15799,0
20150702,25.08,25.09,25.04,25.05,10372,0
20150706,25.04,25.04,24.929,24.95,16514,0
20150707,24.95,25.05,24.95,25.03,42236,0
20150708,25.05,25.08,24.91,25,15845,0
20150709,25,25.1,24.96,25.041,12255,0
20150710,25.13,25.13,24.92,24.92,19665,0
20150713,24.99,25.038,24.94,24.966,49806,0
20150714,25.03,25.04,24.97,24.98,8415,0
20150715,24.99,25.04,24.949,24.96,69642,0
20150716,25.04,25.14,25.01,25.1,75630,0
20150717,25.13,25.14,25.04,25.14,21952,0
20150720,25.111,25.24,25.07,25.08,175275,0
20150721,25.13,25.18,25.03,25.09,87753,0
20150722,25.12,25.17,25.06,25.081,31660,0
20150723,25.12,25.14,25.1,25.13,17391,0
20150724,25.15,25.15,25.1,25.12,12587,0
20150727,25.12,25.16,25.05,25.1,27303,0
20150728,25.13,25.14,25.08,25.12,12978,0
20150729,25.13,25.13,25.09,25.12,20143,0
20150730,25.17,25.17,25.08,25.14,9699,0
20150731,25.23,25.23,25.12,25.14,14216,0
20150803,25.2,25.33,25.173,25.29,21145,0
20150804,25.31,25.35,25.31,25.35,10647,0
20150805,25.35,25.39,25.31,25.36,36986,0
20150806,25.35,25.4,25.306,25.4,23083,0
20150807,25.378,25.45,25.377,25.45,12232,0
20150810,25.45,25.48,25.45,25.47,8329,0
20150811,25.49,25.49,25.42,25.42,18049,0
20150812,25.45,25.45,25.36,25.45,28256,0
20150813,25.45,25.464,25.41,25.45,24557,0
20150814,25.46,25.46,25.42,25.46,7050,0
20150817,25.46,25.53,25.44,25.46,16350,0
20150818,25.4,25.52,25.39,25.48,11011,0
20150819,25.5,25.51,25.44,25.455,12664,0
20150820,25.47,25.48,25.44,25.48,38421,0
20150821,25.46,25.49,25.45,25.48,15544,0
20150824,25.33,25.34,25,25.1,34660,0
20150825,25.26,25.27,25.1,25.22,32154,0
20150826,25.28,25.29,25.15,25.28,12900,0
20150827,25.31,25.43,25.28,25.32,13795,0
20150828,25.41,25.42,25.4,25.42,9572,0
20150831,25.43,25.43,25.32,25.39,21487,0
20150901,25.29,25.42,25.29,25.39,8285,0
20150902,25.43,25.48,25.35,25.44,19023,0
20150903,25.43,25.52,25.41,25.51,6427,0
20150904,25.5,25.53,25.41,25.453,8005,0
20150908,25.53,25.53,25.43,25.5,5819,0
20150909,25.52,25.55,25.45,25.52,23510,0
20150910,25.5,25.5,25.38,25.4,15992,0
20150911,25.03,25.104,25.003,25.104,36693,0
20150914,25.14,25.19,25.13,25.18,14584,0
20150915,25.2,25.2,25.06,25.13,31457,0
20150916,25.16,25.16,25.11,25.13,8810,0
20150917,25.15,25.17,25.05,25.17,13429,0
20150918,25.19,25.32,25.169,25.23,17096,0
20150921,25.31,25.32,25.26,25.26,15684,0
20150922,25.27,25.34,25.22,25.34,14733,0
20150923,25.34,25.39,25.334,25.38,18506,0
20150924,25.37,25.38,25.31,25.345,10551,0
20150925,25.27,25.489,25.27,25.45,18935,0
20150928,25.54,25.54,25.252,25.29,8759,0
20150929,25.33,25.449,25.33,25.336,10579,0
20150930,25.42,25.46,25.35,25.35,11755,0
20151001,25.46,25.46,25.2,25.2,17957,0
20151002,25.26,25.26,25.122,25.2,28663,0
20151005,25.25,25.41,25.25,25.33,9440,0
20151006,25.33,25.44,25.31,25.31,15127,0
20151007,25.4,25.533,25.31,25.31,15429,0
20151008,25.35,25.58,25.32,25.4,28767,0
20151009,25.59,25.61,25.434,25.54,10582,0
20151012,25.72,25.72,25.42,25.509,28910,0
20151013,25.49,25.58,25.49,25.57,5595,0
20151014,25.64,25.69,25.63,25.67,14598,0
20151015,25.69,25.77,25.68,25.73,25464,0
20151016,25.72,25.75,25.69,25.75,13233,0
20151019,25.77,25.77,25.7,25.739,15243,0
20151020,25.75,25.75,25.72,25.72,10531,0
20151021,25.75,25.86,25.74,25.77,15069,0
20151022,25.85,25.94,25.785,25.83,18914,0
20151023,25.89,25.95,25.84,25.95,20278,0
20151026,25.95,26.05,25.94,25.97,16873,0
20151027,25.97,25.98,25.92,25.93,37888,0
20151028,25.98,26,25.96,26,14275,0
20151029,26.04,26.05,25.95,26,12916,0
20151030,26,26.06,25.945,26.06,11959,0
20151102,26.06,26.34,26.01,26.26,23121,0
20151103,26.19,26.37,26.19,26.35,7612,0
20151104,26.37,26.667,26.29,26.54,15076,0
20151105,26.49,26.5,26.38,26.4,26210,0
20151106,26.37,26.4,26.06,26.14,35265,0
20151109,26.05,26.08,25.964,26,21024,0
20151110,26.08,26.48,26,26.31,24502,0
20151111,26.28,26.44,26.26,26.44,11031,0
20151112,26.43,26.49,26.38,26.41,11379,0
20151113,26.46,26.46,26.32,26.4,17804,0
20151116,26.42,26.42,26.33,26.33,5880,0
20151117,26.36,26.4,26.34,26.384,14808,0
20151118,26.41,26.42,26.31,26.31,11096,0
20151119,26.35,26.4,26.31,26.4,9031,0
20151120,26.39,26.49,26.39,26.45,15563,0
20151123,26.54,26.61,26.45,26.55,30337,0
20151124,26.61,26.67,26.52,26.63,12497,0
20151125,26.74,26.88,26.669,26.86,15035,0
20151127,26.88,26.89,26.811,26.88,1734,0
20151130,26.87,26.96,26.64,26.766,43586,0
20151201,26.76,26.88,26.7,26.81,18680,0
20151202,26.89,26.89,26.71,26.79,26229,0
20151203,26.86,26.86,26.58,26.68,16334,0
20151204,26.76,26.882,26.7,26.81,6754,0
20151207,26.81,26.85,26.75,26.85,1606,0
20151208,26.7,26.88,26.7,26.82,3330,0
20151209,26.79,26.87,26.79,26.8,3775,0
20151210,26.9,26.94,26.81,26.81,40482,0
20151211,26.44,26.459,26.3,26.31,15001,0
20151214,26.26,26.26,25.41,25.41,20133,0
20151215,25.86,25.86,25.47,25.54,68042,0
20151216,25.79,25.8,25.6,25.73,28760,0
20151217,25.76,25.99,25.65,25.88,19849,0
20151218,26.23,26.23,25.87,25.87,11717,0
20151221,26.03,26.03,25.9,25.93,13585,0
20151222,26.04,26.37,25.88,26,132621,0
20151223,26.05,26.14,26.02,26.1,8195,0
20151224,26.32,26.32,26.088,26.21,6128,0
20151228,26.3,26.35,26.2,26.297,5824,0
20151229,26.3,26.53,26.3,26.38,28325,0
20151230,26.51,26.69,26.354,26.62,15672,0
20151231,26.69,26.69,26.3901,26.45,8111,0
20160104,26.35,26.64,26.2364,26.45,15777,0
20160105,26.59,27.1,26.46,26.57,34592,0
20160106,26.54,26.6,26.385,26.59,18713,0
20160107,26.46,26.73,26.44,26.55,6441,0
20160108,26.67,26.68,26.58,26.58,15866,0
20160111,26.71,26.71,26.304,26.38,31374,0
20160112,26.4,26.4222,26.0801,26.15,25687,0
20160113,26.17,26.66,26.14,26.14,12535,0
20160114,26.4,26.4,26.16,26.37,7665,0
20160115,26.3,26.34,26.16,26.33,9080,0
20160119,26.32,26.32,26.32,26.32,0,0
20160120,26.29,26.33,26.02,26.29,18044,0
20160121,26.02,26.4,26.02,26.28,25923,0
20160122,26.35,26.52,26.1817,26.42,13833,0
20160125,26.54,26.59,26.3,26.34,12024,0
20160126,26.42,26.49,26.28,26.32,22532,0
20160127,26.37,26.4185,26.29,26.29,10325,0
20160128,26.44,26.69,26.31,26.69,11385,0
20160129,26.67,26.99,26.6378,26.76,18598,0
20160201,26.85,26.91,26.6901,26.83,11548,0
20160202,26.84,26.93,26.65,26.88,24058,0
20160203,26.97,26.9922,26.812,26.87,17755,0
20160204,26.95,27.16,26.89,26.94,25041,0
20160205,27.05,27.1,26.82,26.87,12293,0
20160208,26.87,26.96,26.25,26.61,26839,0
20160209,26.58,26.7,26.25,26.59,18472,0
20160210,26.69,26.98,26.64,26.9,5979,0
20160211,26.76,26.76,26,26.02,27401,0
20160212,26.65,26.65,26.0201,26.26,18784,0
20160216,26.68,26.68,26.4739,26.57,12184,0
20160217,26.6,26.95,26.6,26.73,9463,0
20160218,26.99,27,26.83,27,14565,0
20160219,27,27.07,26.86,26.99,23562,0
20160222,27.08,27.08,26.61,26.822,23722,0
20160223,26.8,26.94,26.73,26.86,12289,0
20160224,26.87,26.87,26.58,26.66,14248,0
20160225,26.74,26.96,26.74,26.79,8602,0
20160226,26.98,27.03,26.86,27.02,7601,0
20160229,27.02,27.1,26.76,26.88,22377,0
20160301,26.88,27.35,26.88,27.21,25564,0
20160302,27.05,27.27,26.96,26.99,9946,0
20160303,27.19,27.19,26.985,27.13,10417,0
20160304,27.05,27.13,26.98,27.11,10002,0
20160307,27.08,27.09,26.95,27,15149,0
20160308,26.98,26.98,26.82,26.95,9468,0
20160309,27,27,26.89,26.9667,16177,0
20160310,27,27,26.87,26.9499,11090,0
20160311,26.95,27.23,26.9256,27.05,22150,0
20160314,26.84,26.84,26.64,26.72,39576,0
20160315,26.72,26.72,26.21,26.28,96734,0
20160316,26.24,26.37,26.08,26.27,58771,0
20160317,26.29,26.48,26.26,26.43,18171,0
20160318,26.49,26.49,26.33,26.34,6546,0
20160321,26.31,26.44,26.31,26.41,12132,0
20160322,26.41,26.55,26.38,26.54,21756,0
20160323,26.58,26.63,26.53,26.57,24890,0
20160324,26.47,26.64,26.47,26.63,23508,0
20160328,26.64,26.83,26.64,26.74,15714,0
20160329,26.8,26.86,26.73,26.77,11774,0
20160330,26.86,26.88,26.69,26.8,6292,0
20160331,26.86,26.8999,26.8101,26.83,15699,0
20160401,26.94,26.94,26.61,26.73,19702,0
20160404,26.62,26.8,26.5,26.63,20774,0
20160405,26.62,26.77,26.535,26.77,9989,0
20160406,26.77,26.8,26.7,26.8,7314,0
20160407,26.8,26.8,26.56,26.62,10868,0
20160408,26.73,26.81,26.6,26.8,11851,0
20160411,26.8,26.88,26.75,26.83,11361,0
20160412,26.88,26.93,26.83,26.86,16824,0
20160413,26.81,26.93,26.801,26.88,8322,0
20160414,26.84,26.94,26.84,26.92,12294,0
20160415,26.92,26.95,26.82,26.82,65562,0
20160418,26.82,26.9,26.63,26.76,48041,0
20160419,26.71,27.03,26.71,26.94,11954,0
20160420,26.99,27.08,26.94,27,15132,0
20160421,26.98,27.07,26.88,26.88,17940,0
20160422,26.82,27,26.82,26.94,5979,0
20160425,27.02,27.02,26.87,26.954,20254,0
20160426,26.9,27.07,26.9,27.03,8570,0
20160427,26.98,27.11,26.98,27.04,8993,0
20160428,27.04,27.2,27.03,27.04,31604,0
20160429,27.02,27.12,26.97,27.05,11392,0
20160502,27.09,27.22,27.09,27.1,13263,0
20160503,27.1,27.2,27.1,27.16,5124,0
20160504,27.19,27.22,27.13,27.213,4261,0
20160505,27.17,27.25,27.12,27.16,18506,0
20160506,27.19,27.25,27.15,27.18,9436,0
20160509,27.17,27.3,27.17,27.18,13100,0
20160510,27.29,27.29,27.08,27.13,26740,0
20160511,27.12,27.21,27.12,27.17,17095,0
20160512,27.14,27.21,27.14,27.15,12117,0
20160513,27.2,27.51,27.18,27.39,22336,0
20160516,27.42,27.57,27.33,27.4,10554,0
20160517,27.43,27.5,27.41,27.41,9739,0
20160518,27.5,27.5,27.1,27.3245,24356,0
20160519,27.34,27.34,27.085,27.14,17527,0
20160520,27.1,27.2507,27.1,27.15,8288,0
20160523,27.3,27.3401,27.27,27.27,5348,0
20160524,27.32,27.45,27.3,27.32,15839,0
20160525,27.4,27.5599,27.3,27.42,12783,0
20160526,27.49,27.5,27.38,27.5,8775,0
20160527,27.45,27.5,27.4101,27.48,5393,0
20160531,27.5,27.6199,27.4122,27.57,15843,0
20160601,27.65,27.65,27.43,27.5,18294,0
20160602,27.57,27.57,27.48,27.52,18845,0
20160603,27.51,27.86,27.51,27.86,18774,0
20160606,27.67,27.9,27.67,27.69,13884,0
20160607,27.85,27.85,27.58,27.58,22672,0
20160608,27.62,27.66,27.44,27.44,40008,0
20160609,27.46,27.5586,27.42,27.48,18998,0
20160610,27.46,27.6,27.4,27.43,22907,0
20160613,27.17,27.45,27.14,27.42,40570,0
20160614,27.45,27.53,27.28,27.44,15713,0
20160615,27.45,27.53,27.37,27.52,13700,0
20160616,27.47,27.53,27.4001,27.47,4369,0
20160617,27.53,27.556,27.4,27.41,39670,0
20160620,27.59,27.59,27.42,27.44,13981,0
20160621,27.46,27.55,27.43,27.43,14651,0
20160622,27.44,27.57,27.37,27.37,8482,0
20160623,27.43,27.45,27.31,27.31,14010,0
20160624,27.08,27.44,27.08,27.24,26710,0
20160627,27.31,27.31,27.12,27.14,11623,0
20160628,27.3,27.33,27.24,27.24,10331,0
20160629,27.31,27.55,27.31,27.41,14647,0
20160630,27.53,27.66,27.4997,27.62,11735,0
20160701,27.67,27.77,27.6101,27.68,28596,0
20160705,27.62,27.68,27.58,27.58,8211,0
20160706,27.63,27.64,27.49,27.49,7713,0
20160707,27.49,27.66,27.49,27.59,10773,0
20160708,27.66,27.79,27.6201,27.69,10154,0
20160711,27.64,27.81,27.64,27.74,12153,0
20160712,27.8,27.84,27.72,27.74,13547,0
20160713,27.7,27.76,27.6,27.613,36345,0
20160714,27.63,27.83,27.63,27.77,14949,0
20160715,27.89,27.94,27.76,27.83,40082,0
20160718,27.81,27.9299,27.8,27.8,8340,0
20160719,27.8,27.9499,27.8,27.83,10452,0
20160720,27.93,27.96,27.81,27.87,13519,0
20160721,27.95,27.99,27.87,27.96,13147,0
20160722,27.96,28.01,27.9396,27.99,8024,0
20160725,28,28.11,27.99,28.09,8527,0
20160726,28.1,28.28,28.08,28.19,47798,0
20160727,28.28,28.36,28.1325,28.3,7757,0
20160728,28.33,28.4,28.06,28.21,26409,0
20160729,28.29,28.5,28.17,28.29,23889,0
20160801,28.45,28.45,28.26,28.26,13397,0
20160802,28.26,28.4,28.26,28.34,7441,0
20160803,28.29,28.44,28.29,28.38,8178,0
20160804,28.47,28.5,28.3119,28.36,14551,0
20160805,28.45,28.4592,28.35,28.35,17883,0
20160808,28.45,28.6,28.37,28.47,22114,0
20160809,28.61,28.81,28.536,28.81,9077,0
20160810,28.84,28.85,28.7201,28.84,7478,0
20160811,28.8,28.8399,28.67,28.69,20231,0
20160812,28.73,28.75,28.6,28.61,11787,0
20160815,28.68,28.68,28.33,28.38,20365,0
20160816,28.57,28.57,28.32,28.4,6108,0
20160817,28.4,28.5187,28.27,28.29,30934,0
20160818,28.27,28.44,28.25,28.25,14639,0
20160819,28.4,28.42,28.233,28.233,7775,0
20160822,28.3,28.3,28.12,28.13,17791,0
20160823,28.31,28.345,28.16,28.21,13235,0
20160824,28.42,28.42,28.1237,28.17,13337,0
20160825,28.23,28.23,28.09,28.14,8787,0
20160826,28.12,28.17,28.12,28.12,8235,0
20160829,28.2,28.21,28.14,28.15,6846,0
20160830,28.22,28.22,28.12,28.12,5411,0
20160831,28.26,28.26,28.2,28.2,6425,0
20160901,28.26,28.26,28.12,28.12,20615,0
20160902,28.24,28.24,28.12,28.15,26069,0
20160906,28.19,28.19,28.07,28.07,10788,0
20160907,28.07,28.154,28.05,28.05,20511,0
20160908,28.1,28.1,28.01,28.01,18455,0
20160909,28.07,28.07,27.8,27.8,17161,0
20160912,27.67,27.67,27.47,27.5,38797,0
20160913,27.67,27.71,27.36,27.38,18493,0
20160914,27.37,27.39,27.31,27.31,7021,0
20160915,27.37,27.38,27.26,27.26,13785,0
20160916,27.26,27.26,27.11,27.11,9343,0
20160919,27.13,27.14,26.91,26.91,19927,0
20160920,26.95,27.03,26.8665,26.96,18153,0
20160921,26.98,27.15,26.97,27.1,21028,0
20160922,27.2,27.33,27.16,27.1792,14715,0
20160923,27.2,27.2906,27.2,27.23,10377,0
20160926,27.22,27.3,27.12,27.22,6210,0
20160927,27.24,27.26,27.11,27.13,13888,0
20160928,27.26,27.29,27.13,27.2,11397,0
20160929,27.23,27.27,27.05,27.07,15421,0
20160930,27.19,27.19,27.02,27.02,15223,0
20161003,27.06,27.18,27.06,27.08,7690,0
20161004,27.04,27.1,26.93,26.98,20193,0
20161005,26.98,27.08,26.98,26.98,8660,0
20161006,26.98,26.98,26.861,26.9315,15197,0
20161007,26.91,26.91,26.84,26.84,6168,0
20161010,26.89,26.9,26.76,26.76,7331,0
20161011,26.74,26.8699,26.52,26.54,7646,0
20161012,26.6,26.69,26.53,26.53,13789,0
20161013,26.52,26.55,26.41,26.44,23275,0
20161014,26.46,26.66,26.44,26.65,15330,0
20161017,26.63,26.79,26.54,26.74,68597,0
20161018,26.7,26.94,26.6991,26.87,52478,0
20161019,26.86,26.97,26.75,26.75,15510,0
20161020,26.74,26.83,26.24,26.812,13942,0
20161021,26.83,26.83,26.71,26.8,20592,0
20161024,26.81,26.935,26.81,26.85,4664,0
20161025,26.67,26.81,26.67,26.8,24629,0
20161026,26.81,26.83,26.79,26.8096,8735,0
20161027,26.65,26.77,26.61,26.715,59209,0
20161028,26.72,26.77,26.6788,26.68,5434,0
20161031,26.63,26.73,26.63,26.71,12689,0
20161101,26.67,26.67,26.43,26.43,3309,0
20161102,26.41,26.53,26.3882,26.45,9970,0
20161103,26.43,26.5,26.29,26.3,11403,0
20161104,26.29,26.4,26.16,26.16,5645,0
20161107,26.3,26.3743,26.21,26.23,8190,0
20161108,26.22,26.348,26.14,26.14,9689,0
20161109,26.04,26.04,25.83,25.86,48282,0
20161110,25.86,25.86,25.16,25.34,64291,0
20161111,25.15,25.34,25.05,25.27,44579,0
20161114,25.06,25.06,24.58,24.7,56055,0
20161115,24.8,25.27,24.8,25.0962,42280,0
20161116,25.01,25.3707,25.01,25.31,18371,0
20161117,25.3,25.32,25.08,25.17,38114,0
20161118,25.09,25.1564,24.93,24.93,28189,0
20161121,24.89,25.21,24.89,25.14,23931,0
20161122,25.17,25.2499,25.01,25.17,85486,0
20161123,25.05,25.19,25.05,25.1546,14359,0
20161125,25.11,25.2,25.11,25.2,7543,0
20161128,25.22,25.2271,25.09,25.13,16341,0
20161129,25.13,25.21,25.05,25.05,14758,0
20161130,25.05,25.0867,24.81,24.82,37045,0
20161201,24.9,24.9,24.6,24.83,22855,0
20161202,24.86,24.87,24.7768,24.87,18064,0
20161205,24.87,24.98,24.79,24.92,32699,0
20161206,24.88,24.97,24.82,24.9101,11486,0
20161207,24.93,25.09,24.93,25,11801,0
20161208,25,25.07,24.835,25.02,14310,0
20161209,25.03,25.03,24.9217,25.03,19876,0
20161212,24.6,24.6,24.43,24.48,20819,0
20161213,24.46,24.7505,24.46,24.62,38949,0
20161214,24.55,24.5799,24.49,24.5,35708,0
20161215,24.53,24.53,24.25,24.45,33323,0
20161216,24.4,24.5015,24.28,24.37,52391,0
20161219,24.38,24.56,23.35,24.55,121973,0
20161220,24.55,24.74,24.52,24.72,35213,0
20161221,24.7,24.82,24.57,24.82,20283,0
20161222,24.85,25.05,24.7701,24.7701,28784,0
20161223,24.79,25.25,24.79,25.06,27738,0
20161227,25.15,25.15,24.87,24.9,20447,0
20161228,25.18,25.18,24.6803,24.7017,24986,0
20161229,24.94,24.94,24.65,24.65,15614,0
20161230,24.84,24.849,24.7042,24.83,12702,0
20170103,24.94,25.3397,24.89,25.25,18131,0
20170104,25.29,26.6272,25.1503,25.66,22403,0
20170105,26.13,26.13,25.6701,25.95,40399,0
20170106,25.98,26.1513,25.75,26.1067,30575,0
20170109,26.13,26.18,25.9401,25.9904,15894,0
20170110,26.1,26.1,25.96,26.04,9219,0
20170111,26.04,26.19,25.905,26.14,14338,0
20170112,26.15,26.229,26,26.18,10596,0
20170113,26.13,26.225,26.1,26.2193,6860,0
20170117,26.24,26.35,26.02,26.1,19802,0
20170118,26.33,26.39,25.8409,26,50049,0
20170119,26.05,26.28,25.46,25.48,20561,0
20170120,25.68,25.81,25.379,25.51,23473,0
20170123,25.93,26.1,25.728,25.97,21189,0
20170124,26.04,26.04,25.8,25.94,8032,0
20170125,25.93,25.93,25.7318,25.76,15064,0
20170126,25.75,26.08,25.69,25.8712,9747,0
20170127,26.03,26.03,25.64,25.64,25757,0
20170130,25.65,25.76,25.6,25.6869,17525,0
20170131,25.73,25.7428,25.65,25.66,12596,0
20170201,25.68,25.7052,25.53,25.61,16686,0
20170202,25.62,25.77,25.62,25.75,15354,0
20170203,25.77,25.87,25.77,25.8436,5598,0
20170206,25.85,25.87,25.806,25.84,10189,0
20170207,25.87,25.87,25.77,25.77,7302,0
20170208,25.76,26,25.76,26,17386,0
20170209,25.99,26.0499,25.88,25.99,10577,0
20170210,25.99,26.05,25.99,26.0499,6113,0
20170213,26.01,26.039,25.89,25.9,11524,0
20170214,25.93,26.05,25.9,26.04,12516,0
20170215,25.83,26,25.83,25.97,8887,0
20170216,25.82,26.2,25.82,26.12,17170,0
20170217,26.02,26.0537,25.87,25.9,13137,0
20170221,25.91,25.9694,25.84,25.85,31910,0
20170222,25.86,25.9589,25.82,25.86,10467,0
20170223,25.93,25.94,25.85,25.93,10494,0
20170224,25.93,26.0638,25.93,26.02,13693,0
20170227,26.01,26.1168,25.97,25.97,9508,0
20170228,25.97,26.1299,25.97,26.0161,4884,0
20170301,25.94,26.0296,25.87,26.0296,5439,0
20170302,25.9,26.0058,25.81,25.81,9984,0
20170303,25.82,25.9,25.67,25.8281,15814,0
20170306,25.86,25.86,25.65,25.65,17665,0
20170307,25.65,25.74,25.61,25.61,14470,0
20170308,25.51,25.64,25.3899,25.53,21989,0
20170309,25.58,25.58,25.01,25.39,20390,0
20170310,25.29,25.45,25.15,25.4001,28314,0
20170313,25.22,25.25,25.03,25.25,14881,0
20170314,25.16,25.3034,25.1,25.1201,11754,0
20170315,25.14,25.431,25.121,25.4038,12636,0
20170316,25.45,25.56,25.4,25.52,13798,0
20170317,25.44,25.6799,25.44,25.63,11964,0
20170320,25.58,25.84,25.58,25.83,15512,0
20170321,25.73,25.93,25.72,25.82,25050,0
20170322,25.75,25.83,25.71,25.76,10789,0
20170323,25.82,25.856,25.73,25.73,16239,0
20170324,25.73,25.839,25.7,25.7,8335,0
20170327,25.69,25.78,25.57,25.68,11737,0
20170328,25.62,25.785,25.61,25.63,16353,0
20170329,25.66,25.74,25.63,25.7,16716,0
20170330,25.84,25.84,25.68,25.68,17075,0
20170331,25.81,25.81,25.6,25.69,11260,0
20170403,25.65,25.95,25.65,25.78,51382,0
20170404,25.78,25.89,25.77,25.83,12176,0
20170405,25.77,25.91,25.77,25.8,16107,0
20170406,25.77,25.85,25.77,25.8,12468,0
20170407,25.88,26.04,25.83,25.9014,33723,0
20170410,25.89,26.1699,25.89,26.01,13297,0
20170411,26,26.1029,26,26.08,8421,0
20170412,26.01,26.13,26.01,26.12,6148,0
20170413,26.12,26.15,26.12,26.1499,7607,0
20170417,26.05,26.32,26.05,26.3149,9010,0
20170418,26.05,26.34,26.05,26.25,9537,0
20170419,26.29,26.29,26.131,26.2436,8082,0
20170420,26.11,26.2382,26.06,26.1,10933,0
20170421,26.05,26.13,26.05,26.12,11510,0
20170424,26.13,26.2019,26.09,26.1,9653,0
20170425,26.13,26.15,26.04,26.05,23435,0
20170426,26.05,26.12,25.9716,25.9723,17604,0
20170427,25.97,26.095,25.94,25.94,22035,0
20170428,25.94,26.08,25.84,25.8415,9497,0
20170501,26.07,26.07,25.86,25.97,13316,0
20170502,25.88,26,25.87,25.8958,13912,0
20170503,25.89,26.09,25.89,26.08,28151,0
20170504,26,26.0415,25.96,26.01,12142,0
20170505,26,26.21,25.9999,26.21,13485,0
20170508,26.12,26.29,25.98,26.29,16383,0
20170509,26.25,26.36,26.18,26.3,35690,0
20170510,26.28,26.3184,26.21,26.2931,11344,0
20170511,26.35,26.35,26.2365,26.34,22590,0
20170512,26.24,26.3146,26.24,26.3146,12260,0
20170515,26.27,26.34,26.26,26.26,5533,0
20170516,26.29,26.43,26.29,26.4097,7368,0
20170517,26.25,26.43,26.25,26.344,12916,0
20170518,26.26,26.5,26.26,26.4552,10066,0
20170519,26.54,26.59,26.43,26.52,17587,0
20170522,26.55,27.12,26.55,26.93,23684,0
20170523,27.04,27.04,26.61,26.64,13725,0
20170524,26.63,26.749,26.55,26.6235,5108,0
20170525,26.68,26.81,26.5161,26.81,15537,0
20170526,26.81,26.81,26.7,26.78,6998,0
20170530,26.65,27,26.65,26.8,9827,0
20170531,26.82,26.96,26.65,26.96,9362,0
20170601,26.92,26.92,26.7501,26.83,15750,0
20170602,26.79,26.9893,26.79,26.89,4664,0
20170605,26.81,27.07,26.76,26.898,10390,0
20170606,26.8,27.13,26.75,26.82,12170,0
20170607,26.81,26.9161,26.6386,26.81,10594,0
20170608,26.81,26.9797,26.69,26.69,9423,0
20170609,26.74,26.96,26.731,26.96,25275,0
20170612,26.67,26.67,26.47,26.5299,3677,0
20170613,26.47,26.5,26.39,26.39,4407,0
20170614,26.38,26.99,26.3501,26.84,20673,0
20170615,26.71,27,26.71,27,9599,0
20170616,26.71,26.97,26.6267,26.9,5716,0
20170619,26.88,26.96,26.7145,26.9,8400,0
20170620,26.77,26.96,26.77,26.82,6348,0
20170621,27.06,27.06,26.84,26.9,4737,0
20170622,26.99,27,26.8401,27,9669,0
20170623,26.96,27.18,26.96,27.17,10098,0
20170626,27.17,27.2,27,27,13887,0
20170627,27,27.0728,26.87,26.89,6651,0
20170628,26.94,27.09,26.94,26.9899,7577,0
20170629,27,27.09,26.9799,26.98,8865,0
20170630,27.09,27.09,26.85,27,5795,0
20170703,26.9,26.9988,26.9,26.9499,3622,0
20170705,26.9,26.98,26.87,26.91,6564,0
20170706,26.89,26.91,26.88,26.89,3788,0
20170707,26.77,26.9775,26.66,26.66,10078,0
20170710,26.66,26.86,26.66,26.7,7703,0
20170711,26.66,26.9176,26.63,26.71,9631,0
20170712,26.71,26.85,26.71,26.78,10468,0
20170713,26.91,26.91,26.58,26.59,8603,0
20170714,26.84,26.84,26.6,26.6,11161,0
20170717,26.7,26.7291,26.6201,26.64,5745,0
20170718,26.63,26.83,26.59,26.78,12174,0
20170719,26.64,26.8977,26.64,26.7,27567,0
20170720,26.69,26.81,26.69,26.69,7406,0
20170721,26.85,27.03,26.69,27.03,17629,0
20170724,26.87,27.1799,26.78,26.78,4791,0
20170725,26.86,26.96,26.84,26.88,9127,0
20170726,27,27,26.76,26.92,15942,0
20170727,26.98,27.04,26.8444,27.02,4944,0
20170728,26.87,27.02,26.87,27.012,3542,0
20170731,26.97,27.0816,26.92,26.93,9991,0
20170801,26.9,27.14,26.9,27.14,12020,0
