Date,Open,High,Low,Close,Volume,OpenInt
20160614,25.116,25.267,24.983,25.144,79626,0
20160615,24.993,25.144,24.964,25.078,30525,0
20160616,24.964,25.191,24.176,25.125,377141,0
20160617,25.134,25.571,25.097,25.514,572325,0
20160620,25.491,25.686,25.491,25.59,163041,0
20160621,25.58,25.827,25.561,25.723,234795,0
20160622,25.693,25.762,25.524,25.59,93214,0
20160623,25.619,25.647,25.561,25.627,160232,0
20160624,25.049,25.467,25.049,25.401,60881,0
20160627,25.352,25.352,25.154,25.334,64388,0
20160628,25.477,25.561,25.467,25.524,81707,0
20160629,25.6,25.693,25.6,25.657,118031,0
20160630,25.552,25.941,25.552,25.809,552156,0
20160701,25.809,25.809,25.58,25.619,73252,0
20160705,25.693,25.693,25.22,25.286,69320,0
20160706,25.372,25.485,25.144,25.258,215749,0
20160707,25.382,25.418,25.296,25.325,68811,0
20160708,25.458,25.485,25.362,25.438,45284,0
20160711,25.514,25.534,25.401,25.477,35435,0
20160712,25.504,25.534,25.428,25.485,333491,0
20160713,25.534,25.58,25.477,25.485,63537,0
20160714,25.543,25.571,25.306,25.391,63984,0
20160715,25.418,25.477,25.245,25.334,105097,0
20160718,25.458,25.495,25.296,25.306,94047,0
20160719,25.315,25.477,25.315,25.391,81200,0
20160720,25.41,25.571,25.334,25.514,126336,0
20160721,25.543,25.543,25.428,25.495,72881,0
20160722,25.524,25.571,25.477,25.495,93020,0
20160725,25.495,25.59,25.495,25.552,153177,0
20160726,25.552,25.552,25.467,25.514,57419,0
20160727,25.514,25.657,25.477,25.59,133879,0
20160728,25.59,25.647,25.41,25.467,224611,0
20160729,25.477,25.504,25.391,25.401,213103,0
20160801,25.458,25.524,25.448,25.477,63881,0
20160802,25.504,25.61,25.485,25.6,62942,0
20160803,25.59,25.676,25.552,25.627,85845,0
20160804,25.627,25.733,25.627,25.647,109854,0
20160805,25.686,26.083,25.686,25.951,90318,0
20160808,25.951,26.074,25.904,26.007,48947,0
20160809,26.064,26.14,25.912,26.027,28748,0
20160810,26.074,26.179,25.961,26.179,49477,0
20160811,26.273,26.273,26.113,26.226,50414,0
20160812,26.226,26.263,26.093,26.254,26613,0
20160815,26.321,26.339,26.273,26.302,38932,0
20160816,26.33,26.33,26.217,26.321,40529,0
20160817,26.387,26.521,26.235,26.521,57551,0
20160818,26.567,26.567,26.425,26.539,29900,0
20160819,26.587,26.615,26.526,26.567,25215,0
20160822,26.606,26.606,26.516,26.587,38834,0
20160823,26.623,26.673,26.531,26.673,25335,0
20160824,26.748,26.748,26.653,26.748,17400,0
20160825,26.805,26.842,26.776,26.842,28391,0
20160826,26.871,26.985,26.871,26.947,57737,0
20160829,27.032,27.08,26.938,27.08,54423,0
20160830,27.174,27.212,26.885,27.097,45201,0
20160831,27.106,27.174,27.019,27.019,39995,0
20160901,27.116,27.174,27.049,27.125,30270,0
20160902,27.077,27.346,27.077,27.318,23153,0
20160906,27.231,27.346,27.087,27.289,48615,0
20160907,27.395,27.395,27.245,27.308,47219,0
20160908,27.405,27.405,27.269,27.289,30789,0
20160909,27.433,27.433,26.684,27.029,34112,0
20160912,27.212,27.269,26.972,27.154,19011,0
20160913,27.356,27.356,26.701,26.875,46627,0
20160914,27.01,27.192,26.846,27.039,66696,0
20160915,27.106,27.318,26.846,27.058,55526,0
20160916,27.26,27.26,26.933,27.029,155865,0
20160919,27.318,27.318,27.029,27.279,37064,0
20160920,27.279,27.289,27.192,27.289,79794,0
20160921,27.385,27.578,27.241,27.472,59657,0
20160922,27.692,27.886,27.52,27.876,45380,0
20160923,28.347,28.395,27.664,28.376,48960,0
20160926,28.376,28.376,27.933,27.99,37250,0
20160927,28.299,28.299,27.933,28.05,47839,0
20160928,28.241,28.28,27.75,28.107,43750,0
20160929,28.28,28.28,27.809,27.98,28785,0
20160930,28.087,28.135,27.799,27.98,48109,0
20161003,28.174,28.174,27.933,27.933,36129,0
20161004,28.087,28.174,27.913,27.923,38353,0
20161005,28.087,28.154,27.913,27.98,25151,0
20161006,28.117,28.117,27.712,27.876,20684,0
20161007,28.067,28.126,27.75,28.05,43146,0
20161010,28.077,28.077,27.827,27.923,16677,0
20161011,27.896,27.896,27.414,27.51,12388,0
20161012,27.645,27.645,27.375,27.375,25877,0
20161013,27.596,27.596,26.895,27.106,60530,0
20161014,27.251,27.346,27.019,27.279,20130,0
20161017,27.558,27.558,27.308,27.375,19068,0
20161018,27.549,27.549,27.318,27.405,57169,0
20161019,27.606,27.625,27.452,27.558,14274,0
20161020,27.896,27.904,27.5,27.5,27046,0
20161021,27.702,27.908,27.554,27.692,17556,0
20161024,28.087,28.135,27.713,28,16760,0
20161025,28.135,28.135,27.859,27.866,52593,0
20161026,27.99,28.019,27.842,27.846,31758,0
20161027,28.02,28.02,27.635,27.664,28296,0
20161028,27.866,27.99,27.702,27.742,16188,0
20161031,27.963,27.963,27.568,27.587,26282,0
20161101,27.75,27.886,27.298,27.558,25556,0
20161102,27.596,27.625,27.383,27.472,20663,0
20161103,27.529,27.529,27.346,27.346,16025,0
20161104,27.481,27.702,27.135,27.375,21458,0
20161107,27.673,27.673,27.318,27.366,84385,0
20161108,27.606,27.606,27.353,27.405,24556,0
20161109,27.539,27.539,27.164,27.298,19246,0
20161110,27.346,27.346,26.53,26.692,128045,0
20161111,26.567,26.567,25.404,25.904,32947,0
20161114,25.731,25.731,24.533,24.827,72125,0
20161115,24.99,25.576,24.971,25.471,36417,0
20161116,25.654,26.317,25.355,25.673,37720,0
20161117,25.683,25.738,25.31,25.422,35167,0
20161118,25.624,25.624,25.278,25.309,17391,0
20161121,25.616,25.645,25.404,25.432,29327,0
20161122,25.624,25.778,25.519,25.75,55400,0
20161123,25.75,25.75,25.539,25.673,32747,0
20161125,25.731,25.904,25.701,25.808,11231,0
20161128,25.846,25.846,25.646,25.683,23868,0
20161129,25.857,25.857,25.565,25.575,18277,0
20161130,25.584,25.594,25.156,25.312,28511,0
20161201,25.321,25.428,24.932,25.184,28094,0
20161202,25.35,25.711,24.932,25.253,35866,0
20161205,25.302,25.302,24.854,25,42916,0
20161206,25.078,25.184,24.844,24.95,33495,0
20161207,25,25.287,24.959,25.106,100700,0
20161208,25.204,25.204,24.892,24.912,32578,0
20161209,24.97,25.07,24.678,24.776,22961,0
20161212,24.766,24.766,24.336,24.492,23742,0
20161213,24.551,24.551,24.279,24.356,29079,0
20161214,24.326,24.636,24.097,24.454,70055,0
20161215,24.736,24.766,23.693,24.756,78790,0
20161216,24.98,24.99,24.579,24.912,21294,0
20161219,24.96,25.448,24.95,25.35,31085,0
20161220,25.536,26.081,25.145,25.925,36098,0
20161221,26.14,26.14,25.799,25.994,38591,0
20161222,25.984,25.984,25.739,25.925,24892,0
20161223,26.081,26.081,25.604,25.828,21340,0
20161227,26.471,26.471,25.595,25.867,25591,0
20161228,25.916,25.989,25.601,25.838,17284,0
20161229,25.965,26.028,25.789,25.877,24913,0
20161230,25.984,25.984,25.604,25.623,38292,0
20170103,25.575,25.964,25.575,25.867,23261,0
20170104,25.955,26.081,25.871,25.945,29219,0
20170105,26.053,26.101,25.701,25.855,28503,0
20170106,25.799,25.916,25.729,25.799,19932,0
20170109,25.887,25.887,25.643,25.838,358180,0
20170110,25.877,25.975,25.819,25.867,25734,0
20170111,25.935,25.965,25.877,25.897,29327,0
20170112,25.925,25.994,25.887,25.935,19794,0
20170113,25.984,26.179,25.887,25.935,22985,0
20170117,25.935,26.101,25.916,26.043,38929,0
20170118,26.033,26.033,25.925,26.013,9630,0
20170119,26.023,26.023,25.906,25.945,34920,0
20170120,26.013,26.013,25.887,25.984,52945,0
20170123,26.081,26.179,25.95,26.169,20269,0
20170124,26.111,26.383,26.111,26.305,16142,0
20170125,26.315,26.501,25.965,26.053,20833,0
20170126,26.159,26.227,25.556,25.789,85005,0
20170127,25.867,25.994,25.448,25.984,39448,0
20170130,26.072,26.111,25.935,26.072,28007,0
20170131,26.003,26.131,25.819,26.131,56637,0
20170201,26.003,26.315,26.003,26.227,14753,0
20170202,26.053,26.325,26.053,26.203,4815,0
20170203,26.375,27.056,26.375,26.988,57398,0
20170206,26.979,27.047,26.503,26.842,34517,0
20170207,26.813,27.203,26.813,27.203,14147,0
20170208,27.193,27.356,27.066,27.252,49665,0
20170209,27.242,27.388,27.097,27.368,20731,0
20170210,27.135,27.31,27.076,27.076,15929,0
20170213,27.32,27.32,26.959,27.232,8767,0
20170214,27.3,27.3,26.852,27.031,86250,0
20170215,26.979,27.135,26.951,27.086,14663,0
20170216,27.086,27.086,26.969,27.086,13497,0
20170217,27.086,27.086,27.012,27.086,12315,0
20170221,27.176,27.217,26.891,26.891,16078,0
20170222,27.057,27.057,26.891,27.037,9591,0
20170223,27.291,27.418,26.991,27.261,17843,0
20170224,27.359,27.359,27.177,27.359,7944,0
20170227,27.457,27.457,27.289,27.289,10712,0
20170228,27.457,27.535,27.457,27.457,11093,0
20170301,27.497,27.497,27.034,27.062,12960,0
20170302,27.398,27.398,26.726,27.082,12284,0
20170303,27.092,27.092,26.677,26.943,11088,0
20170306,26.943,27.437,26.766,27.309,10474,0
20170307,27.101,27.309,27.062,27.309,16505,0
20170308,27.013,27.18,26.825,26.845,14746,0
20170309,27.19,27.19,26.282,26.667,35150,0
20170310,26.42,26.657,25.966,26.637,15426,0
20170313,26.311,26.577,26.204,26.486,4939,0
20170314,26.311,26.637,26.183,26.42,8071,0
20170315,26.469,26.699,26.222,26.459,18141,0
20170316,26.361,26.879,26.361,26.766,46777,0
20170317,26.687,27.052,26.687,27.042,68356,0
20170320,27.22,27.256,26.865,26.993,10573,0
20170321,27.299,27.299,26.766,26.973,24839,0
20170322,27.309,27.309,26.716,27.014,9323,0
20170323,27.131,27.131,26.904,27.003,15062,0
20170324,26.845,27.179,26.845,26.953,73058,0
20170327,26.716,27.052,26.716,26.993,18974,0
20170328,27.013,27.014,26.934,27.013,14213,0
20170329,27.003,27.033,26.845,27.003,15011,0
20170330,26.874,27.032,26.855,26.864,34849,0
20170331,26.825,27.101,26.756,27.101,9857,0
20170403,27.299,27.339,26.963,27.072,97576,0
20170404,27.062,27.111,26.963,27.013,63663,0
20170405,27.062,27.299,26.963,27.062,50294,0
20170406,26.953,27.2,26.934,27.161,13883,0
20170407,27.26,27.283,26.993,26.993,25005,0
20170410,27.003,27.329,27.003,27.092,45540,0
20170411,27.092,27.151,26.874,27.052,15526,0
20170412,27.062,27.062,26.936,27.013,39696,0
20170413,27.042,27.061,26.943,27.052,15579,0
20170417,27.062,27.2,27.003,27.042,52517,0
20170418,27.052,27.119,26.983,26.983,24180,0
20170419,27.022,27.089,26.995,27.062,10269,0
20170420,26.993,27.088,26.884,27.032,17066,0
20170421,27.052,27.06,26.904,26.993,29995,0
20170424,27.062,27.131,27.013,27.072,15281,0
20170425,27.062,27.289,27.062,27.279,17330,0
20170426,27.289,27.378,27.131,27.26,18082,0
20170427,27.279,27.556,27.197,27.546,16364,0
20170428,27.546,27.556,27.279,27.506,20865,0
20170501,27.506,27.506,27.26,27.467,39457,0
20170502,27.457,27.457,27.211,27.457,7693,0
20170503,27.457,27.546,27.299,27.447,22777,0
20170504,27.398,27.408,27.26,27.408,117208,0
20170505,27.398,27.398,27.251,27.398,16605,0
20170508,27.398,27.398,27.288,27.388,21726,0
20170509,27.408,27.457,27.279,27.374,56532,0
20170510,27.408,27.408,27.286,27.299,94498,0
20170511,27.21,27.396,27.2,27.339,9745,0
20170512,27.348,27.388,27.24,27.358,11362,0
20170515,27.388,27.576,27.353,27.546,11611,0
20170516,27.427,28.148,27.399,28.089,23989,0
20170517,28.04,28.42,27.707,28.099,27703,0
20170518,28.05,28.425,27.817,28.336,22305,0
20170519,28.445,28.682,28.21,28.534,13799,0
20170522,28.593,28.593,28.395,28.514,24331,0
20170523,28.781,28.787,28.543,28.721,27058,0
20170524,28.79,28.79,28.641,28.741,19370,0
20170525,28.879,28.879,28.663,28.692,17213,0
20170526,28.672,28.889,28.366,28.771,7080,0
20170530,29.23,29.23,28.54,29.01,10349,0
20170531,29.04,29.04,28.6,28.6,19566,0
20170601,28.6,28.83,28.6,28.65,15593,0
20170602,28.65,28.78,28.63,28.65,27951,0
20170605,28.66,28.78,28.59,28.63,11824,0
20170606,28.57,28.99,28.57,28.98,36048,0
20170607,28.87,29.05,28.87,29.05,13549,0
20170608,29.06,29.06,28.78,28.9,6029,0
20170609,28.85,28.9935,28.73,28.9,15911,0
20170612,28.97,28.97,28.543,28.9,72053,0
20170613,28.9,28.92,28.57,28.62,17683,0
20170614,28.72,28.7699,28.5406,28.693,5075,0
20170615,28.7,28.9,28.69,28.71,20417,0
20170616,28.57,28.89,28.57,28.8,12390,0
20170619,28.9,28.9,28.687,28.8899,9341,0
20170620,28.73,28.9,28.73,28.88,12966,0
20170621,28.76,29.19,28.75,28.995,41672,0
20170622,29.15,29.15,28.8762,29.0499,13383,0
20170623,29.1,29.339,28.8673,28.9562,34458,0
20170626,28.85,29.107,28.82,28.875,18936,0
20170627,28.82,28.98,28.76,28.78,9690,0
20170628,28.75,28.8658,28.75,28.75,9992,0
20170629,28.62,28.84,28.6177,28.6883,12946,0
20170630,28.87,29.1131,28.81,29.04,35463,0
20170703,29,29.04,28.77,28.85,9570,0
20170705,28.76,28.95,28.7492,28.85,13194,0
20170706,28.63,28.865,28.63,28.74,18424,0
20170707,28.6,28.72,28.29,28.46,33461,0
20170710,28.46,28.585,28.27,28.35,18016,0
20170711,28.35,28.48,28.3,28.3,19463,0
20170712,28.31,28.4225,28.13,28.3,19089,0
20170713,28.31,28.31,28.23,28.28,11677,0
20170714,28.4,28.4,28.31,28.4,11868,0
20170717,28.42,28.42,28.3034,28.4,9204,0
20170718,28.42,28.42,28.3,28.33,23088,0
20170719,28.38,28.47,28.36,28.36,17720,0
20170720,28.43,28.4424,28.36,28.43,11889,0
20170721,28.42,28.51,28.38,28.51,10012,0
20170724,28.49,28.73,28.49,28.73,15651,0
20170725,28.45,28.66,28.38,28.46,12236,0
20170726,28.57,28.76,28.47,28.72,17557,0
20170727,28.6,29.1052,28.6,29,18838,0
20170728,29.06,29.855,28.83,29.44,31658,0
20170731,29.18,29.55,29.14,29.55,15018,0
20170801,29.59,29.59,29.33,29.45,14786,0
