Date,Open,High,Low,Close,Volume,OpenInt
20110419,7.95,8.65,7.95,8.35,748215,0
20110420,8.52,8.57,7.98,8.03,336898,0
20110421,8.03,8.25,8.03,8.12,90105,0
20110425,8.23,8.35,8.15,8.25,250380,0
20110426,8.23,8.4,8.19,8.27,114656,0
20110427,8.39,8.7,8.32,8.5,338557,0
20110428,8.69,9.72,8.45,9.68,1216394,0
20110429,9.79,10.4,9.55,10.26,1160367,0
20110502,10.3,10.68,9.91,10.11,591713,0
20110503,10.14,10.14,9.25,9.38,448778,0
20110504,9.52,9.54,8.84,9.18,202383,0
20110505,9.1,10.18,9.03,9.99,347228,0
20110506,10.14,10.41,9.96,10.01,376540,0
20110509,10.2,10.2,9.83,10.14,199809,0
20110510,10.29,10.71,9.9,9.96,674061,0
20110511,10.01,10.04,9.45,9.77,234175,0
20110512,9.67,10.12,9.63,9.71,496185,0
20110513,9.72,9.84,9.2,9.27,174413,0
20110516,9.28,9.28,8.46,8.78,346782,0
20110517,9.14,9.14,8.52,8.63,174287,0
20110518,8.61,8.89,8.45,8.51,205401,0
20110519,8.47,8.92,8.4,8.82,111428,0
20110520,8.95,9.17,8.82,9.12,473002,0
20110523,10.95,12.23,10.56,11.73,5771077,0
20110524,12.3,14.86,11.79,13.35,4724752,0
20110525,14.14,14.3,12.05,12.1,3238507,0
20110526,12.86,13.98,12.65,13.67,3246431,0
20110527,14.07,15.55,14.02,15.3,3840424,0
20110531,15.98,19.5,15.86,19.17,4238270,0
20110601,17.12,17.59,16.35,16.95,3193345,0
20110602,17.62,17.87,16.5,16.91,1510948,0
20110603,16.31,17.44,16.02,16.95,828803,0
20110606,16.41,16.9,14.5,14.83,1320059,0
20110607,15.4,15.4,13.5,14.02,1111405,0
20110608,13.72,14.4,13.7,13.85,650616,0
20110609,14,14.35,13.5,13.67,449109,0
20110610,13.39,13.49,12.5,12.5,849213,0
20110613,12.55,13.8,12.54,13.56,563272,0
20110614,14.35,15.27,13.93,14.07,1260278,0
20110615,14.1,14.25,13.28,13.93,528502,0
20110616,14.11,14.4,12.63,13.09,731914,0
20110617,13.45,13.5,12.25,12.63,900419,0
20110620,12.61,12.61,11.81,12.28,580487,0
20110621,12.76,13.22,12.4,12.99,495409,0
20110622,12.78,13.54,12.65,12.95,482937,0
20110623,12.65,13.53,12.13,12.98,815652,0
20110624,13.12,13.24,12.77,12.78,416544,0
20110627,12.82,12.94,12.44,12.69,296530,0
20110628,13,14,12.8,13.79,766221,0
20110629,14.1,14.88,14.05,14.13,955334,0
20110630,14.36,14.89,14.19,14.25,469414,0
20110701,14.25,14.64,14.03,14.55,357439,0
20110705,14.6,16.34,14.51,16.29,1257843,0
20110706,16.44,17.8,16.15,16.47,1344076,0
20110707,16.76,17.62,16.53,16.58,1167108,0
20110708,15.92,16.3,15.27,16.13,917010,0
20110711,15.91,16.48,15.5,16.33,530561,0
20110712,16.03,16.91,15.8,15.93,532416,0
20110713,16.2,16.72,15.55,15.61,516083,0
20110714,15.7,16.08,14.17,14.57,730838,0
20110715,15.39,15.77,14.5,14.75,372837,0
20110718,14.5,14.5,13.75,14.36,458920,0
20110719,14.65,15.27,14.05,14.81,456589,0
20110720,15.25,15.25,14.5,15.08,242689,0
20110721,15.4,15.6,14.88,15.3,300267,0
20110722,15.12,15.49,14.8,15.37,221987,0
20110725,14.96,15.3,14.88,14.94,204435,0
20110726,15,15.05,14.55,14.85,244167,0
20110727,14.74,15.5,14.05,15.43,446788,0
20110728,9.79,10.59,8.36,8.55,3433630,0
20110729,8.26,8.83,7.87,8.19,793277,0
20110801,8.58,8.58,7.55,7.75,708283,0
20110802,7.9,7.9,7.27,7.28,505849,0
20110803,7.37,7.54,6.78,6.86,774620,0
20110804,6.81,7.13,6.53,6.9,907444,0
20110805,7.1,7.28,6.66,7.13,476986,0
20110808,6.5,6.69,5.5,5.7,873388,0
20110809,5.65,5.97,5.51,5.93,482776,0
20110810,5.88,6.45,5.74,5.85,593426,0
20110811,6.01,6.25,5.8,6.07,333339,0
20110812,6.45,6.47,6.12,6.2,259815,0
20110815,6.36,7.08,6.16,7,611236,0
20110816,6.99,7.11,6.43,6.66,393704,0
20110817,6.79,6.79,6.1,6.28,303746,0
20110818,6.01,6.02,5.65,5.78,235647,0
20110819,5.67,6.1,5.61,6.1,248734,0
20110822,6.42,6.5,5.67,5.7,178919,0
20110823,5.9,5.98,5.67,5.8,210119,0
20110824,5.75,5.88,5.64,5.69,158050,0
20110825,5.66,5.83,5.58,5.68,253616,0
20110826,5.81,5.82,5.42,5.46,288631,0
20110829,5.56,5.78,5.52,5.61,259853,0
20110830,5.72,6.45,5.66,6.34,1057272,0
20110831,6.64,6.65,5.9,5.92,564807,0
20110901,5.99,6.09,5.8,5.9,189354,0
20110902,5.78,6.11,5.68,6.08,240104,0
20110906,5.71,5.98,5.55,5.86,244901,0
20110907,6.05,6.15,5.77,5.8,181606,0
20110908,5.88,5.95,5.65,5.74,124835,0
20110909,5.66,5.78,5.5,5.54,189408,0
20110912,5.5,5.5,4.63,4.83,555207,0
20110913,4.63,4.79,4.23,4.43,493595,0
20110914,4.45,8.75,4.36,7.44,7137998,0
20110915,7.48,8.65,6.71,6.98,4401248,0
20110916,7.06,7.39,6.37,6.66,1851044,0
20110919,6.45,7.55,6.39,7.37,2187891,0
20110920,7.42,7.75,6.67,6.8,1027748,0
20110921,6.92,6.99,6.28,6.51,844684,0
20110922,6.2,6.2,5.58,5.7,657846,0
20110923,5.51,6.05,5.51,5.58,380065,0
20110926,5.61,5.79,5.4,5.65,388965,0
20110927,6.34,7.33,5.7,5.92,2302595,0
20110928,5.87,5.97,5.5,5.58,527917,0
20110929,5.93,5.94,5.05,5.23,437554,0
20110930,5.03,5.38,4.93,5.02,487859,0
20111003,4.74,4.93,4.05,4.3,806639,0
20111004,4.14,4.54,4.06,4.4,550192,0
20111005,4.59,4.93,4.43,4.78,362171,0
20111006,5.15,5.19,4.82,5.03,213122,0
20111007,5.25,5.25,4.53,4.64,431212,0
20111010,4.92,4.92,4.51,4.54,375703,0
20111011,4.4,4.91,4.2,4.6,1017331,0
20111012,4.89,5.22,4.74,4.85,1115062,0
20111013,4.89,4.94,4.57,4.62,671390,0
20111014,4.89,4.89,4.62,4.69,288060,0
20111017,4.8,5.62,4.52,5.26,1343729,0
20111018,5.2,5.49,4.87,5.18,784053,0
20111019,5.28,5.77,5,5.52,852138,0
20111020,6,6.38,5.5,5.65,1250307,0
20111021,5.76,5.82,5.3,5.44,666539,0
20111024,5.4,5.78,5.4,5.71,509927,0
20111025,5.64,5.67,5.21,5.3,625995,0
20111026,5.4,5.47,5.17,5.24,339865,0
20111027,5.33,5.68,5.07,5.47,821416,0
20111028,5.18,5.79,5.18,5.73,762061,0
20111031,5.56,5.65,5.28,5.33,387024,0
20111101,5.1,5.1,4.8,5.04,511452,0
20111102,4.99,5.28,4.89,5.04,259232,0
20111103,5.07,5.47,4.88,5.39,385150,0
20111104,5.33,5.58,5.21,5.33,175636,0
20111107,5.45,5.62,5.22,5.39,250277,0
20111108,5.55,5.55,5.11,5.26,233850,0
20111109,5.05,5.26,4.95,4.99,196087,0
20111110,5.17,5.17,4.85,4.88,156277,0
20111111,4.93,5.07,4.85,4.94,151551,0
20111114,4.9,5.15,4.9,4.97,192592,0
20111115,4.92,5.08,4.84,4.85,166412,0
20111116,4.72,4.9,4.6,4.85,227310,0
20111117,4.85,4.99,4.8,4.88,101740,0
20111118,4.87,5.01,4.77,4.97,215890,0
20111121,4.9,4.94,4.61,4.73,156828,0
20111122,4.73,4.99,4.52,4.6,270951,0
20111123,4.62,4.62,4.1,4.1,309813,0
20111125,4.12,4.26,4.1,4.12,212433,0
20111128,4.22,4.46,4.22,4.3,268043,0
20111129,4.3,4.32,4.15,4.22,141293,0
20111130,4.42,4.42,4.05,4.18,201589,0
20111201,4.25,4.42,4.1,4.18,159975,0
20111202,4.16,4.25,4,4.11,180077,0
20111205,4.17,4.33,4.02,4.1,401699,0
20111206,4.15,4.16,3.95,4.03,240645,0
20111207,3.99,4.01,3.73,3.81,395577,0
20111208,3.91,4.17,3.77,3.84,791227,0
20111209,3.9,3.97,3.69,3.9,322445,0
20111212,3.9,3.9,3.64,3.74,143434,0
20111213,3.75,3.76,3.51,3.55,155721,0
20111214,2.48,2.7,2.31,2.63,1262827,0
20111215,2.56,2.58,2.35,2.49,440287,0
20111216,2.47,2.47,2.25,2.28,470193,0
20111219,2.33,2.33,2.12,2.13,353940,0
20111220,2.23,2.4,2.16,2.28,479477,0
20111221,2.26,2.31,2.17,2.23,392204,0
20111222,2.24,2.52,2.22,2.43,592384,0
20111223,2.49,2.61,2.47,2.54,312057,0
20111227,2.55,2.63,2.45,2.5,195293,0
20111228,2.46,3.17,2.42,2.95,1007692,0
20111229,2.88,3.13,2.77,2.84,491769,0
20111230,2.84,2.98,2.72,2.78,427123,0
20120103,2.88,3,2.64,2.68,360012,0
20120104,2.68,2.68,2.53,2.58,185882,0
20120105,2.5,2.74,2.5,2.68,121403,0
20120106,2.64,2.99,2.64,2.78,591499,0
20120109,2.83,2.83,2.72,2.77,123403,0
20120110,2.94,2.96,2.8,2.85,164374,0
20120111,2.85,3.15,2.81,2.96,593232,0
20120112,3,3.02,2.8,2.92,233857,0
20120113,2.81,2.85,2.7,2.73,222538,0
20120117,2.74,2.75,2.51,2.51,261353,0
20120118,2.5,2.84,2.5,2.75,327050,0
20120119,2.77,2.88,2.71,2.75,143251,0
20120120,2.75,2.83,2.75,2.79,86747,0
20120123,2.8,3.05,2.76,2.9,301543,0
20120124,2.99,2.99,2.86,2.92,89183,0
20120125,2.9,3.31,2.88,3.29,583781,0
20120126,3.31,3.44,3.2,3.22,297918,0
20120127,3.25,3.8,3.25,3.8,592626,0
20120130,3.72,3.82,3.57,3.66,173033,0
20120131,3.76,3.77,3.25,3.38,298035,0
20120201,3.41,3.49,3.11,3.16,272429,0
20120202,3.15,3.45,3.12,3.4,233696,0
20120203,3.5,3.56,3.37,3.45,231328,0
20120206,3.4,3.4,3.24,3.38,253296,0
20120207,3.38,3.4,3.27,3.32,121580,0
20120208,3.32,3.42,3.2,3.2,196319,0
20120209,2.94,3.3,2.7,3,634056,0
20120210,2.86,3.05,2.85,3.03,148633,0
20120213,3.12,3.12,2.96,3.09,101461,0
20120214,3.01,3.28,2.96,3.19,125836,0
20120215,3.2,3.21,3,3.02,132734,0
20120216,2.97,3.38,2.97,3.25,437735,0
20120217,3.24,3.3,3.11,3.16,90649,0
20120221,3.19,3.2,2.98,3,228156,0
20120222,2.94,3.17,2.92,3.05,93275,0
20120223,3.12,3.25,3.05,3.17,140433,0
20120224,3.1,3.25,3.03,3.17,167478,0
20120227,3.2,3.3,3.08,3.18,154042,0
20120228,3.12,3.19,3.06,3.06,158416,0
20120229,3.18,3.18,2.93,2.94,252615,0
20120301,2.95,3.03,2.95,3.01,155895,0
20120302,3,3.05,2.96,3,44451,0
20120305,3,3.04,2.82,2.89,165605,0
20120306,2.9,2.93,2.72,2.79,232711,0
20120307,2.8,2.92,2.79,2.83,71775,0
20120308,2.92,2.93,2.78,2.9,58850,0
20120309,3,3.05,2.87,2.87,96229,0
20120312,2.87,2.9,2.78,2.82,118846,0
20120313,2.87,2.94,2.82,2.91,55801,0
20120314,2.92,3,2.84,2.88,56885,0
20120315,2.9,2.93,2.8,2.87,52453,0
20120316,2.86,2.9,2.78,2.78,99494,0
20120319,2.75,3.1,2.74,2.92,550325,0
20120320,2.99,2.99,2.79,2.84,136690,0
20120321,2.89,2.94,2.82,2.89,35285,0
20120322,2.83,2.93,2.75,2.77,75217,0
20120323,2.78,2.88,2.75,2.81,128058,0
20120326,2.9,2.9,2.77,2.8,33151,0
20120327,2.75,2.95,2.75,2.86,169057,0
20120328,2.84,2.85,2.77,2.79,58123,0
20120329,2.77,2.81,2.69,2.72,115155,0
20120330,2.77,2.79,2.65,2.66,119755,0
20120402,2.61,2.76,2.61,2.65,80315,0
20120403,2.67,2.72,2.6,2.64,48833,0
20120404,2.6,2.72,2.6,2.62,88405,0
20120405,2.56,2.7,2.56,2.57,60709,0
20120409,2.52,2.6,2.51,2.51,72353,0
20120410,2.53,2.69,2.38,2.38,1630261,0
20120411,2.41,2.55,2.4,2.45,128423,0
20120412,2.5,2.58,2.46,2.48,76589,0
20120413,2.46,2.53,2.4,2.43,42719,0
20120416,2.49,2.5,2.21,2.24,217576,0
20120417,2.29,2.36,2.24,2.34,95443,0
20120418,2.41,2.5,2.33,2.35,119364,0
20120419,2.31,2.4,2.27,2.28,77252,0
20120420,2.28,2.3,2.05,2.24,186616,0
20120423,2.15,2.28,2.15,2.25,142304,0
20120424,2.26,2.32,2.25,2.25,37357,0
20120425,2.4,2.47,2.27,2.31,140274,0
20120426,2.24,2.36,2.05,2.13,283052,0
20120427,2.05,2.13,2,2.06,325230,0
20120430,2.02,2.16,2,2.06,148793,0
20120501,2.1,2.2,2.07,2.12,74739,0
20120502,2.12,2.25,2.1,2.22,52975,0
20120503,2.19,2.39,2.17,2.34,162786,0
20120504,2.34,2.38,2.21,2.23,192932,0
20120507,2.25,2.32,2.11,2.2,107262,0
20120508,2.2,2.55,2.2,2.49,384358,0
20120509,2.43,2.47,2.35,2.43,93135,0
20120510,2.5,2.5,2.35,2.4,66086,0
20120511,2.35,2.45,2.34,2.43,140994,0
20120514,2.39,2.5,2.36,2.38,40837,0
20120515,2.4,2.46,2.3,2.36,70868,0
20120516,2.39,2.39,2.22,2.22,57368,0
20120517,2.29,2.35,2.21,2.25,66267,0
20120518,2.22,2.25,2.1,2.11,227631,0
20120521,2.14,2.31,2.07,2.24,147305,0
20120522,2.3,2.32,2.15,2.22,114042,0
20120523,2.16,2.19,2.1,2.16,115070,0
20120524,2.19,2.26,2.1,2.18,155542,0
20120525,2.19,2.21,2.11,2.12,63004,0
20120529,2.15,2.18,2.12,2.14,26969,0
20120530,2.11,2.21,2.11,2.17,69138,0
20120531,2.17,2.17,2.13,2.16,47030,0
20120601,2.12,2.19,2.08,2.14,78811,0
20120604,2.11,2.18,2.1,2.1,78593,0
20120605,2.12,2.21,2.11,2.19,60705,0
20120606,2.15,2.27,2.14,2.23,81430,0
20120607,2.22,2.34,2.19,2.24,85910,0
20120608,2.19,2.24,2.15,2.15,24227,0
20120611,2.45,2.45,2.21,2.29,109595,0
20120612,2.33,2.42,2.28,2.35,56802,0
20120613,2.33,2.37,2.29,2.31,42586,0
20120614,2.3,2.3,2.22,2.29,41888,0
20120615,2.3,2.33,2.15,2.3,65413,0
20120618,2.24,2.35,2.2,2.25,58984,0
20120619,2.22,2.4,2.2,2.26,66762,0
20120620,2.26,2.26,2.18,2.18,73261,0
20120621,2.19,2.29,2.15,2.18,74201,0
20120622,2.2,2.22,2.11,2.15,67748,0
20120625,2.12,2.19,2.12,2.12,31303,0
20120626,2.15,2.22,2.11,2.19,96086,0
20120627,2.2,2.22,2.14,2.16,48600,0
20120628,2.19,2.22,2.16,2.18,39715,0
20120629,2.2,2.29,2.15,2.23,42491,0
20120702,2.22,2.3,2.22,2.23,35376,0
20120703,2.26,2.26,2.19,2.21,33141,0
20120705,2.2,2.23,2.19,2.19,27811,0
20120706,2.25,2.29,2.13,2.14,39075,0
20120709,2.14,2.17,2.06,2.1,68457,0
20120710,2.1,2.15,2.05,2.05,59713,0
20120711,2.05,2.09,2.05,2.07,22045,0
20120712,2.08,2.12,2.04,2.04,83751,0
20120713,2.04,2.11,2.04,2.07,39712,0
20120716,2.07,2.1,2.06,2.1,31800,0
20120717,2.07,2.09,2.01,2.05,133546,0
20120718,2,2.08,2,2.04,39728,0
20120719,2.07,2.07,2.02,2.07,35215,0
20120720,2.03,2.05,1.95,1.98,109895,0
20120723,1.95,2,1.92,1.94,106752,0
20120724,1.96,1.99,1.9,1.91,65600,0
20120725,1.9,2,1.83,1.86,82315,0
20120726,1.95,1.96,1.54,1.9,215167,0
20120727,1.99,1.99,1.78,1.88,53859,0
20120730,1.82,1.9,1.82,1.84,48344,0
20120731,1.87,1.94,1.8,1.92,57519,0
20120801,1.9,1.9,1.8,1.83,50608,0
20120802,1.84,1.9,1.75,1.79,57280,0
20120803,2,2,1.75,1.78,38074,0
20120806,1.74,1.83,1.64,1.78,93874,0
20120807,1.78,1.95,1.69,1.74,84518,0
20120808,1.75,1.88,1.74,1.76,135258,0
20120809,1.78,1.82,1.71,1.74,97877,0
20120810,1.74,1.82,1.73,1.75,30600,0
20120813,1.72,1.79,1.71,1.76,19292,0
20120814,1.73,1.75,1.7,1.71,24122,0
20120815,1.68,1.7,1.66,1.69,18400,0
20120816,1.66,1.88,1.66,1.8,108035,0
20120817,1.8,1.8,1.7,1.72,60935,0
20120820,1.75,1.75,1.68,1.69,43755,0
20120821,1.72,1.74,1.65,1.67,41627,0
20120822,1.6,1.66,1.59,1.63,91030,0
20120823,1.63,1.7,1.6,1.65,28598,0
20120824,1.66,1.72,1.65,1.68,61173,0
20120827,1.72,1.74,1.63,1.7,51713,0
20120828,1.69,1.72,1.63,1.64,55067,0
20120829,1.73,1.73,1.64,1.69,28462,0
20120830,1.71,1.74,1.68,1.71,39382,0
20120831,1.72,1.74,1.65,1.71,21050,0
20120904,1.69,1.71,1.61,1.62,53957,0
20120905,1.61,1.74,1.55,1.56,119047,0
20120906,1.56,1.71,1.56,1.61,102580,0
20120907,1.66,1.66,1.6,1.63,46124,0
20120910,1.62,1.69,1.6,1.67,14519,0
20120911,1.65,1.78,1.65,1.73,42163,0
20120912,1.73,1.77,1.68,1.7,34340,0
20120913,1.76,1.76,1.7,1.73,18540,0
20120914,1.73,1.87,1.73,1.81,115258,0
20120917,1.8,1.84,1.78,1.79,25300,0
20120918,1.79,1.84,1.78,1.79,53855,0
20120919,1.78,1.79,1.55,1.7,47239,0
20120920,1.65,1.76,1.64,1.67,8980,0
20120921,1.63,1.76,1.63,1.74,25419,0
20120924,1.7,1.7,1.63,1.64,43745,0
20120925,1.7,1.7,1.64,1.64,31000,0
20120926,1.64,1.67,1.6,1.63,63615,0
20120927,1.62,1.74,1.61,1.65,53319,0
20120928,1.69,1.71,1.64,1.69,35734,0
20121001,1.7,1.72,1.65,1.67,39600,0
20121002,1.63,1.73,1.63,1.66,26150,0
20121003,1.66,1.72,1.65,1.71,30569,0
20121004,1.72,1.74,1.66,1.68,9305,0
20121005,1.64,1.72,1.64,1.72,64584,0
20121008,1.77,1.79,1.72,1.74,20461,0
20121009,1.74,1.83,1.7,1.74,67758,0
20121010,1.77,1.79,1.65,1.7,80950,0
20121011,1.75,1.75,1.59,1.63,41497,0
20121012,1.69,1.7,1.6,1.63,26256,0
20121015,1.64,1.68,1.57,1.61,50928,0
20121016,1.63,1.74,1.59,1.68,43551,0
20121017,1.67,1.68,1.62,1.62,23899,0
20121018,1.62,1.7,1.6,1.69,19543,0
20121019,1.67,1.67,1.63,1.64,11960,0
20121022,1.67,1.7,1.6,1.65,21350,0
20121023,1.66,1.71,1.6,1.62,12590,0
20121024,1.66,1.85,1.6,1.73,92544,0
20121025,1.66,1.68,1.36,1.46,221882,0
20121026,1.41,1.46,1.36,1.4,105577,0
20121031,1.4,1.58,1.32,1.45,119123,0
20121101,1.37,1.45,1.35,1.38,61986,0
20121102,1.31,1.8,1.3,1.72,111081,0
20121105,1.76,1.8,1.66,1.71,67310,0
20121106,1.75,1.75,1.66,1.67,12912,0
20121107,1.61,1.61,1.35,1.4,130838,0
20121108,1.4,1.85,1.4,1.66,161946,0
20121109,1.73,1.78,1.65,1.69,31426,0
20121112,1.63,1.75,1.46,1.69,22709,0
20121113,1.65,1.65,1.52,1.52,29072,0
20121114,1.56,1.56,1.48,1.48,20397,0
20121115,1.48,1.52,1.38,1.51,46627,0
20121116,1.48,1.49,1.4,1.41,15400,0
20121119,1.42,1.46,1.4,1.43,52053,0
20121120,1.45,1.45,1.38,1.38,11728,0
20121121,1.39,1.45,1.39,1.42,29856,0
20121123,1.44,1.45,1.4,1.43,5190,0
20121126,1.41,1.44,1.38,1.4,8200,0
20121127,1.41,1.44,1.38,1.44,11944,0
20121128,1.44,1.72,1.39,1.39,91329,0
20121129,1.42,1.46,1.41,1.42,35692,0
20121130,1.4,1.55,1.31,1.48,157788,0
20121203,1.73,2.34,1.68,2.3,1161874,0
20121204,2.25,2.3,1.99,2.16,387725,0
20121205,2.1,2.25,2.05,2.14,128440,0
20121206,2.2,2.25,2.02,2.08,145070,0
20121207,2.02,2.02,1.9,2,76927,0
20121210,2,2,1.9,1.96,60213,0
20121211,1.92,2,1.91,1.97,30335,0
20121212,2.21,2.22,2.06,2.1,62475,0
20121213,2.1,2.1,2,2.04,77195,0
20121214,2.04,2.1,2.04,2.1,67939,0
20121217,2.09,2.1,2.05,2.08,31695,0
20121218,2.05,2.12,2.03,2.11,44250,0
20121219,2.12,2.3,2.09,2.28,159550,0
20121220,2.3,2.75,2.3,2.71,397133,0
20121221,2.59,2.7,2.44,2.7,182642,0
20121224,2.66,2.72,2.6,2.69,46871,0
20121226,2.66,2.74,2.55,2.57,82762,0
20121227,2.64,2.64,2.41,2.42,122131,0
20121228,2.52,2.54,2.44,2.44,54322,0
20121231,2.4,2.44,2.32,2.34,111650,0
20130102,2.74,2.75,2.44,2.54,116021,0
20130103,2.56,2.61,2.5,2.54,116769,0
20130104,2.56,2.59,2.53,2.54,24801,0
20130107,2.57,2.79,2.57,2.74,218700,0
20130108,2.75,2.85,2.56,2.56,120799,0
20130109,2.64,2.69,2.6,2.62,33074,0
20130110,2.67,2.69,2.5,2.52,41631,0
20130111,2.49,2.63,2.45,2.55,37311,0
20130114,2.77,2.77,2.49,2.56,132585,0
20130115,2.65,2.65,2.4,2.43,63319,0
20130116,2.43,2.55,2.43,2.47,21091,0
20130117,2.47,2.59,2.45,2.55,40939,0
20130118,2.52,2.57,2.42,2.42,34645,0
20130122,2.4,2.44,2.21,2.23,116284,0
20130123,2.2,2.32,2.2,2.28,26300,0
20130124,2.35,2.35,2.21,2.24,50554,0
20130125,2.2,2.26,2.2,2.25,30588,0
20130128,2.29,2.29,2.23,2.29,23425,0
20130129,2.26,2.26,2.1,2.24,36835,0
20130130,2.24,2.3,2.2,2.28,19440,0
20130131,2.28,2.29,2.2,2.22,27247,0
20130201,2.23,2.29,2.23,2.28,5904,0
20130204,2.3,2.31,2.13,2.17,50921,0
20130205,2.26,2.26,2.15,2.16,13597,0
20130206,2.15,2.18,2.08,2.08,60757,0
20130207,2.13,2.13,1.87,2.01,75975,0
20130208,2.03,2.06,1.88,1.91,75894,0
20130211,1.86,2.05,1.85,2.05,49849,0
20130212,2.04,2.12,1.95,1.95,35678,0
20130213,1.91,1.95,1.76,1.82,186603,0
20130214,1.83,1.95,1.65,1.71,163932,0
20130215,1.54,1.8,1.5,1.69,565544,0
20130219,1.69,1.69,1.6,1.6,105530,0
20130220,1.63,1.66,1.61,1.61,33450,0
20130221,1.69,1.7,1.6,1.67,29393,0
20130222,1.65,1.68,1.6,1.66,50968,0
20130225,1.65,1.75,1.65,1.68,109514,0
20130226,1.73,1.75,1.63,1.68,31326,0
20130227,1.7,1.75,1.64,1.7,634519,0
20130228,1.72,1.8,1.7,1.79,83874,0
20130301,1.75,1.83,1.75,1.8,35962,0
20130304,1.85,1.85,1.6,1.64,78999,0
20130305,1.62,1.74,1.6,1.67,72270,0
20130306,1.68,1.78,1.62,1.68,73864,0
20130307,1.68,1.73,1.62,1.72,37600,0
20130308,1.67,1.71,1.63,1.66,57553,0
20130311,1.63,1.66,1.52,1.6,155259,0
20130312,1.57,1.63,1.55,1.59,53842,0
20130313,1.57,1.62,1.57,1.6,48600,0
20130314,1.57,1.63,1.57,1.57,38340,0
20130315,1.6,1.64,1.57,1.58,77837,0
20130318,1.59,1.6,1.46,1.59,59957,0
20130319,1.56,1.56,1.53,1.54,17269,0
20130320,1.53,1.58,1.53,1.55,20199,0
20130321,1.57,1.59,1.52,1.59,12210,0
20130322,1.59,1.6,1.56,1.6,14900,0
20130325,1.6,1.6,1.5,1.52,61392,0
20130326,1.51,1.6,1.51,1.56,42860,0
20130327,1.54,1.55,1.51,1.54,37128,0
20130328,1.51,1.59,1.51,1.59,35870,0
20130401,1.59,1.6,1.51,1.53,6749,0
20130402,1.52,1.54,1.51,1.53,26680,0
20130403,1.53,1.54,1.51,1.52,16823,0
20130404,1.51,1.55,1.51,1.55,34136,0
20130405,1.55,1.6,1.53,1.6,13875,0
20130408,1.57,1.59,1.49,1.55,67749,0
20130409,1.58,1.6,1.51,1.58,40237,0
20130410,1.59,1.74,1.5,1.59,67462,0
20130411,1.55,1.59,1.47,1.54,105795,0
20130412,1.51,1.59,1.5,1.59,40047,0
20130415,1.49,1.6,1.49,1.6,154792,0
20130416,1.51,1.6,1.51,1.56,67090,0
20130417,1.54,1.59,1.52,1.53,53661,0
20130418,1.53,1.53,1.52,1.53,24008,0
20130419,1.53,1.53,1.51,1.52,30515,0
20130422,1.51,1.58,1.51,1.57,10455,0
20130423,1.57,1.6,1.51,1.56,18680,0
20130424,1.59,1.6,1.53,1.55,12996,0
20130425,1.52,1.6,1.5,1.5,115738,0
20130426,1.51,1.55,1.51,1.54,40570,0
20130429,1.51,1.55,1.5,1.51,76564,0
20130430,1.53,1.55,1.52,1.55,20058,0
20130501,1.55,1.55,1.51,1.55,18116,0
20130502,1.54,1.55,1.51,1.55,54469,0
20130503,1.54,1.54,1.51,1.51,36007,0
20130506,1.51,1.54,1.51,1.54,8569,0
20130507,1.52,1.54,1.51,1.53,21263,0
20130508,1.53,1.54,1.5,1.53,51075,0
20130509,1.5,1.55,1.48,1.51,30322,0
20130510,1.5,1.54,1.48,1.52,47878,0
20130513,1.5,1.55,1.49,1.51,78397,0
20130514,1.51,1.54,1.48,1.5,74757,0
20130515,1.5,1.54,1.5,1.51,37800,0
20130516,1.5,1.54,1.48,1.51,31329,0
20130517,1.5,1.54,1.47,1.53,63518,0
20130520,1.53,1.64,1.52,1.57,552109,0
20130521,1.57,1.59,1.54,1.54,81225,0
20130522,1.55,1.58,1.49,1.5,61252,0
20130523,1.5,1.53,1.5,1.51,19150,0
20130524,1.51,1.54,1.51,1.52,16103,0
20130528,1.54,1.54,1.51,1.51,36825,0
20130529,1.55,1.58,1.51,1.51,38368,0
20130530,1.52,1.54,1.51,1.53,27084,0
20130531,1.51,1.56,1.51,1.56,31654,0
20130603,1.56,1.6,1.52,1.55,347293,0
20130604,1.56,1.56,1.49,1.5,237139,0
20130605,1.5,1.54,1.48,1.48,180030,0
20130606,1.48,1.51,1.47,1.49,69919,0
20130607,1.5,1.5,1.47,1.47,55461,0
20130610,1.47,1.5,1.47,1.47,50133,0
20130611,1.49,1.49,1.46,1.46,36852,0
20130612,1.48,1.48,1.46,1.47,51994,0
20130613,1.46,1.53,1.45,1.51,34516,0
20130614,1.52,1.52,1.45,1.46,44780,0
20130617,1.45,1.46,1.45,1.45,47292,0
20130618,1.45,1.48,1.44,1.45,26219,0
20130619,1.46,1.51,1.46,1.49,26356,0
20130620,1.48,1.49,1.46,1.48,7050,0
20130621,1.46,1.49,1.44,1.44,34550,0
20130624,1.45,1.46,1.45,1.45,29450,0
20130625,1.46,1.47,1.45,1.47,15249,0
20130626,1.49,1.52,1.46,1.5,92726,0
20130627,1.5,1.52,1.49,1.5,102468,0
20130628,1.51,1.52,1.48,1.51,166773,0
20130701,1.51,1.53,1.49,1.49,56494,0
20130702,1.49,1.5,1.49,1.5,11617,0
20130703,1.5,1.5,1.5,1.5,8570,0
20130705,1.49,1.5,1.48,1.48,25617,0
20130708,1.5,1.5,1.48,1.49,9346,0
20130709,1.51,1.56,1.5,1.55,74673,0
20130710,1.54,1.58,1.53,1.57,33587,0
20130711,1.59,1.59,1.55,1.58,35273,0
20130712,1.54,1.58,1.53,1.55,11700,0
20130715,1.53,1.56,1.53,1.53,36303,0
20130716,1.53,1.59,1.49,1.55,141921,0
20130717,1.59,1.6,1.55,1.56,44124,0
20130718,1.57,1.6,1.5,1.55,19300,0
20130719,1.52,1.59,1.5,1.58,64287,0
20130722,1.54,1.6,1.53,1.59,116376,0
20130723,1.56,1.6,1.56,1.56,30114,0
20130724,1.57,1.58,1.49,1.5,406529,0
20130725,1.6,1.89,1.6,1.69,520572,0
20130726,1.69,1.79,1.69,1.78,201066,0
20130729,1.78,2.13,1.77,2.03,402422,0
20130730,2.12,2.12,1.88,1.99,187655,0
20130731,1.9,2.03,1.85,1.98,127739,0
20130801,1.99,2.16,1.85,2.14,83361,0
20130802,2.2,2.2,2.06,2.14,138517,0
20130805,2.15,2.21,1.98,2.1,37103,0
20130806,2.16,2.16,2.06,2.1,19980,0
20130807,2.13,2.13,1.99,2.05,69260,0
20130808,2.1,2.1,1.95,2,38947,0
20130809,2,2.01,1.89,1.97,62976,0
20130812,1.96,2,1.92,1.94,115906,0
20130813,1.95,2.05,1.95,2.02,182075,0
20130814,2.01,2.05,2,2.01,127908,0
20130815,2,2.01,1.85,1.86,159458,0
20130816,1.96,2.05,1.9,2.04,190868,0
20130819,2.05,2.13,2.03,2.08,206680,0
20130820,2.09,2.1,1.99,2.08,62558,0
20130821,2.04,2.09,2,2.05,86609,0
20130822,2.01,2.09,2.01,2.09,76765,0
20130823,2.05,2.09,2.04,2.06,27540,0
20130826,2.02,2.08,2.02,2.05,72407,0
20130827,2,2.08,2,2.05,25312,0
20130828,2.05,2.05,2.03,2.04,26353,0
20130829,2.05,2.06,1.99,2.04,92679,0
20130830,2.02,2.02,1.98,1.99,34564,0
20130903,1.98,1.98,1.9,1.96,9312,0
20130904,1.98,2.3,1.9,2.17,212058,0
20130905,2.2,2.22,2.16,2.19,126484,0
20130906,2.17,2.2,2.12,2.17,8537,0
20130909,2.2,2.24,2.13,2.22,104564,0
20130910,2.25,2.25,2.15,2.25,53781,0
20130911,2.2,2.24,2.17,2.2,37861,0
20130912,2.14,2.25,2.14,2.2,194285,0
20130913,2.19,2.55,2.12,2.45,297493,0
20130916,2.5,2.59,2.4,2.42,189110,0
20130917,2.44,2.49,2.37,2.43,43384,0
20130918,2.4,2.49,2.4,2.43,46074,0
20130919,2.43,2.47,2.4,2.47,49270,0
20130920,2.44,2.45,2.3,2.38,48293,0
20130923,2.43,2.44,2.35,2.39,25118,0
20130924,2.36,2.48,2.35,2.42,133920,0
20130925,2.44,2.44,2.35,2.36,18885,0
20130926,2.41,2.41,2.35,2.37,16787,0
20130927,2.37,2.45,2.37,2.4,41820,0
20130930,2.36,2.48,2.32,2.45,135375,0
20131001,2.48,2.75,2.45,2.61,201959,0
20131002,2.65,2.75,2.65,2.74,321060,0
20131003,2.74,2.95,2.68,2.85,222955,0
20131004,2.8,2.95,2.63,2.64,297181,0
20131007,2.55,2.69,2.51,2.6,507349,0
20131008,2.53,2.61,2.53,2.59,296522,0
20131009,2.56,2.75,2.52,2.55,134707,0
20131010,2.6,2.65,2.53,2.6,79955,0
20131011,2.56,2.56,2.4,2.45,136148,0
20131014,2.47,2.54,2.45,2.49,46225,0
20131015,2.55,2.57,2.41,2.43,56352,0
20131016,2.45,2.48,2.44,2.46,38165,0
20131017,2.48,2.49,2.35,2.44,91970,0
20131018,2.5,2.55,2.44,2.47,37248,0
20131021,2.5,2.5,2.4,2.43,28965,0
20131022,2.44,2.53,2.37,2.47,45076,0
20131023,2.5,2.54,2.45,2.46,120138,0
20131024,2.46,2.5,2,2.14,983732,0
20131025,2.1,2.14,2,2.1,98672,0
20131028,2.1,2.34,1.82,2.11,434542,0
20131029,2.39,2.39,2.04,2.18,210635,0
20131030,2.19,2.2,1.96,2.06,69812,0
20131031,2.03,2.11,2.01,2.06,27417,0
20131101,2.12,2.17,2.01,2.15,52120,0
20131104,2.04,2.18,1.99,2.01,74623,0
20131105,2.03,2.04,1.95,2.04,72814,0
20131106,2.04,2.15,2,2.14,106096,0
20131107,2.05,2.15,2.05,2.12,72970,0
20131108,2.08,2.15,2.03,2.15,61056,0
20131111,2.15,2.15,2.06,2.15,33349,0
20131112,2.11,2.15,2.02,2.15,27800,0
20131113,2.09,2.12,2.06,2.08,27262,0
20131114,2.15,2.38,2.14,2.37,340168,0
20131115,2.28,2.33,2.2,2.23,126981,0
20131118,2.21,2.3,2.03,2.14,227088,0
20131119,2.09,2.09,2,2.03,100851,0
20131120,2,2.05,2,2.01,53261,0
20131121,1.81,1.94,1.8,1.8,1219871,0
20131122,1.84,1.86,1.8,1.81,336414,0
20131125,1.85,1.88,1.82,1.88,122176,0
20131126,1.9,1.93,1.85,1.92,119984,0
20131127,1.95,1.99,1.9,1.94,95127,0
20131129,1.99,1.99,1.88,1.93,37848,0
20131202,1.91,1.95,1.81,1.84,573272,0
20131203,1.9,1.95,1.86,1.92,208265,0
20131204,1.95,1.95,1.85,1.95,45967,0
20131205,1.95,1.98,1.9,1.96,73548,0
20131206,1.95,1.98,1.88,1.98,58609,0
20131209,1.98,1.99,1.94,1.95,72569,0
20131210,1.94,1.98,1.94,1.95,16707,0
20131211,1.94,1.96,1.92,1.93,74234,0
20131212,1.93,1.96,1.89,1.9,69857,0
20131213,1.89,1.98,1.87,1.98,100350,0
20131216,1.97,1.97,1.89,1.9,50381,0
20131217,1.9,1.98,1.9,1.98,34895,0
20131218,1.98,1.99,1.93,1.99,25215,0
20131219,1.98,2.14,1.93,2.03,207165,0
20131220,2.06,2.06,1.96,2.03,80236,0
20131223,1.95,2.01,1.9,1.95,168462,0
20131224,1.95,1.96,1.9,1.91,70192,0
20131226,1.89,2,1.89,1.98,284601,0
20131227,1.94,2.01,1.92,2.01,63700,0
20131230,1.98,1.98,1.95,1.97,51293,0
20131231,1.95,2.01,1.95,2,98768,0
20140102,2.04,2.05,1.95,2,69131,0
20140103,2,2.03,1.96,2.03,30344,0
20140106,2.04,2.05,1.98,2,63234,0
20140107,2,2.09,1.96,1.99,281481,0
20140108,1.96,2.01,1.96,2,64787,0
20140109,2,2,1.96,2,34088,0
20140110,1.98,2,1.96,1.97,64417,0
20140113,1.95,1.96,1.9,1.93,66670,0
20140114,1.91,1.99,1.9,1.98,491567,0
20140115,1.94,2.12,1.92,2.11,561700,0
20140116,2.11,2.2,2.06,2.13,273635,0
20140117,2.1,2.27,2.06,2.24,338846,0
20140121,2.28,2.34,2.21,2.28,280012,0
20140122,2.26,2.42,2.26,2.4,371339,0
20140123,2.32,2.43,2.32,2.42,307500,0
20140124,2.36,2.42,2.23,2.31,301321,0
20140127,2.19,2.36,2.19,2.3,96074,0
20140128,2.27,2.39,2.2,2.37,94621,0
20140129,2.35,2.49,2.31,2.47,334032,0
20140130,2.59,2.66,2.54,2.59,736815,0
20140131,2.59,2.8,2.52,2.71,508054,0
20140203,2.74,2.79,2.58,2.62,206942,0
20140204,2.63,2.74,2.61,2.67,205347,0
20140205,2.68,2.73,2.61,2.61,374788,0
20140206,2.54,2.86,2.53,2.75,835599,0
20140207,2.78,2.9,2.73,2.81,450776,0
20140210,2.87,2.87,2.71,2.82,220892,0
20140211,2.85,2.89,2.78,2.8,248144,0
20140212,2.78,2.82,2.7,2.72,425650,0
20140213,2.79,2.79,2.66,2.75,214190,0
20140214,2.71,2.83,2.66,2.79,124084,0
20140218,2.78,2.95,2.75,2.88,292757,0
20140219,2.9,3.01,2.85,2.94,582038,0
20140220,2.97,2.98,2.83,2.86,156665,0
20140221,2.87,3.06,2.85,2.95,875913,0
20140224,3.04,3.08,2.94,3.01,376323,0
20140225,3.01,3.05,2.85,2.95,247943,0
20140226,2.99,3.04,2.84,2.92,131830,0
20140227,2.88,2.97,2.83,2.87,307276,0
20140228,2.85,2.98,2.85,2.89,88058,0
20140303,2.91,2.93,2.85,2.9,97674,0
20140304,2.95,3.06,2.9,3,510255,0
20140305,3.02,3.23,3,3.15,365410,0
20140306,3.23,3.3,3.15,3.23,259305,0
20140307,3.23,3.36,3.1,3.12,195916,0
20140310,3.3,3.34,3.2,3.22,386047,0
20140311,3.3,3.4,3.25,3.27,469575,0
20140312,3.27,3.39,3.09,3.18,283963,0
20140313,3.24,3.28,3.14,3.14,64463,0
20140314,3.1,3.2,3.1,3.18,113297,0
20140317,3.2,3.2,3.08,3.08,160010,0
20140318,3.17,3.17,3.06,3.1,61561,0
20140319,3.12,3.13,2.91,2.93,169342,0
20140320,2.93,3.05,2.93,3.01,48372,0
20140321,3.06,3.06,2.95,2.98,66313,0
20140324,2.98,3.01,2.66,2.79,205064,0
20140325,2.72,2.83,2.72,2.79,123382,0
20140326,2.82,2.88,2.63,2.69,126800,0
20140327,2.7,2.7,2.5,2.63,168376,0
20140328,2.5,2.81,2.5,2.78,117758,0
20140331,2.85,2.87,2.77,2.82,55231,0
20140401,3.05,3.1,2.85,2.86,459414,0
20140402,2.9,2.92,2.8,2.81,113453,0
20140403,2.84,2.91,2.8,2.8,169604,0
20140404,2.81,2.83,2.7,2.7,118777,0
20140407,2.76,2.77,2.51,2.57,136606,0
20140408,2.52,2.58,2.5,2.52,205053,0
20140409,2.55,2.62,2.5,2.53,164124,0
20140410,2.56,2.6,2.38,2.41,142987,0
20140411,2.36,2.44,2.33,2.35,167273,0
20140414,2.33,2.45,2.28,2.31,331036,0
20140415,2.28,2.32,2.08,2.2,446691,0
20140416,2.2,2.32,2.2,2.2,325349,0
20140417,2.22,2.31,2.22,2.24,193105,0
20140421,2.27,2.57,2.27,2.55,230952,0
20140422,2.6,2.6,2.48,2.55,109520,0
20140423,2.53,2.56,2.41,2.47,101784,0
20140424,2.07,2.29,1.95,2.02,987049,0
20140425,1.98,2.01,1.86,1.88,574028,0
20140428,1.86,1.92,1.55,1.59,1422753,0
20140429,1.6,1.7,1.58,1.66,513801,0
20140430,1.68,1.72,1.65,1.69,105379,0
20140501,1.73,1.75,1.68,1.71,257601,0
20140502,1.66,1.7,1.64,1.65,231526,0
20140505,1.71,1.71,1.67,1.68,158924,0
20140506,1.7,1.75,1.67,1.72,249806,0
20140507,1.79,1.8,1.65,1.68,338687,0
20140508,1.7,1.73,1.67,1.68,310038,0
20140509,1.69,1.69,1.42,1.45,591989,0
20140512,1.51,1.68,1.51,1.6,537800,0
20140513,1.62,1.7,1.61,1.68,269311,0
20140514,1.7,1.74,1.7,1.73,72160,0
20140515,1.76,1.76,1.7,1.7,213247,0
20140516,1.77,1.77,1.67,1.67,309356,0
20140519,1.7,1.73,1.68,1.72,161398,0
20140520,1.72,1.94,1.72,1.85,257175,0
20140521,1.78,1.96,1.77,1.94,232942,0
20140522,1.96,1.99,1.93,1.93,82210,0
20140523,1.9,1.95,1.86,1.92,54657,0
20140527,1.89,1.93,1.83,1.84,74557,0
20140528,1.81,1.83,1.71,1.78,385081,0
20140529,1.82,1.85,1.78,1.8,66003,0
20140530,1.79,1.85,1.76,1.8,69584,0
20140602,1.8,1.8,1.72,1.75,76649,0
20140603,1.77,1.78,1.76,1.77,50642,0
20140604,1.73,1.78,1.72,1.76,58319,0
20140605,1.8,1.84,1.76,1.8,58947,0
20140606,1.86,1.86,1.77,1.8,24135,0
20140609,1.82,1.82,1.76,1.8,45953,0
20140610,1.76,1.81,1.76,1.8,31000,0
20140611,1.87,1.91,1.77,1.79,30385,0
20140612,1.74,1.77,1.72,1.75,47140,0
20140613,1.72,1.75,1.72,1.72,46438,0
20140616,1.72,1.8,1.72,1.74,48168,0
20140617,1.76,1.8,1.73,1.73,56184,0
20140618,1.78,1.78,1.75,1.75,51078,0
20140619,1.79,1.79,1.73,1.75,16318,0
20140620,1.73,1.76,1.71,1.71,53660,0
20140623,1.73,1.74,1.71,1.72,44402,0
20140624,1.74,1.8,1.72,1.75,142834,0
20140625,1.75,1.8,1.75,1.8,67672,0
20140626,1.8,1.8,1.76,1.77,17108,0
20140627,1.77,1.77,1.76,1.76,29940,0
20140630,1.77,1.79,1.72,1.72,36013,0
20140701,1.73,1.77,1.73,1.75,53764,0
20140702,1.74,1.76,1.72,1.72,63200,0
20140703,1.75,1.75,1.73,1.73,16400,0
20140707,1.73,1.76,1.71,1.72,102594,0
20140708,1.69,1.72,1.69,1.7,148594,0
20140709,1.7,1.71,1.68,1.7,31438,0
20140710,1.66,1.69,1.62,1.64,112881,0
20140711,1.66,1.68,1.65,1.68,21567,0
20140714,1.7,1.7,1.67,1.68,12873,0
20140715,1.68,1.68,1.62,1.65,114989,0
20140716,1.64,1.67,1.64,1.65,4300,0
20140717,1.62,1.68,1.62,1.62,44675,0
20140718,1.58,1.67,1.58,1.64,28998,0
20140721,1.62,1.63,1.51,1.61,255703,0
20140722,1.61,1.61,1.58,1.58,61759,0
20140723,1.57,1.76,1.57,1.7,351752,0
20140724,1.7,1.91,1.66,1.74,176354,0
20140725,1.68,1.8,1.68,1.77,48510,0
20140728,1.81,1.81,1.72,1.78,110103,0
20140729,1.75,1.8,1.75,1.76,55600,0
20140730,1.77,1.77,1.68,1.74,49234,0
20140731,1.75,1.75,1.65,1.69,31955,0
20140801,1.74,1.74,1.62,1.62,45802,0
20140804,1.62,1.66,1.62,1.65,10050,0
20140805,1.62,1.7,1.6,1.68,57649,0
20140806,1.68,1.69,1.64,1.68,42896,0
20140807,1.68,1.69,1.62,1.65,60581,0
20140808,1.62,1.66,1.62,1.66,44307,0
20140811,1.6,1.87,1.6,1.85,208375,0
20140812,1.88,1.88,1.78,1.83,63542,0
20140813,1.79,1.92,1.79,1.81,83811,0
20140814,1.84,1.93,1.78,1.89,188681,0
20140815,1.9,1.97,1.85,1.88,157772,0
20140818,1.9,1.94,1.86,1.87,49817,0
20140819,1.85,1.86,1.83,1.85,23002,0
20140820,1.86,1.86,1.77,1.82,42157,0
20140821,1.85,1.94,1.83,1.89,155963,0
20140822,1.88,1.94,1.85,1.87,21126,0
20140825,1.86,1.89,1.8,1.85,75090,0
20140826,1.84,1.95,1.8,1.88,123839,0
20140827,1.92,2.2,1.83,2.02,368591,0
20140828,1.98,2.13,1.96,2.02,149430,0
20140829,2.06,2.19,2.06,2.12,80961,0
20140902,2.2,2.2,2.03,2.13,91223,0
20140903,2.12,2.18,2.07,2.1,86811,0
20140904,2.15,2.3,2.13,2.15,265960,0
20140905,2.18,2.22,2.13,2.18,58358,0
20140908,2.13,2.2,2.07,2.18,120034,0
20140909,2.2,2.22,2.1,2.1,35750,0
20140910,2.12,2.14,2.05,2.05,22969,0
20140911,2.05,2.12,1.95,2.1,84328,0
20140912,2.02,2.19,2.01,2.12,104787,0
20140915,2.16,2.16,2.05,2.05,50026,0
20140916,2.02,2.02,1.91,1.99,102125,0
20140917,1.99,2.2,1.99,2,552576,0
20140918,2.1,2.15,2,2.02,106195,0
20140919,2.02,2.09,1.98,2.03,53764,0
20140922,1.99,2.02,1.92,1.98,138644,0
20140923,1.91,2.05,1.91,1.99,32951,0
20140924,2,2,1.95,1.96,16639,0
20140925,1.95,2,1.9,1.91,99883,0
20140926,1.92,2.01,1.9,1.97,81288,0
20140929,1.93,2.03,1.9,2,84795,0
20140930,2.02,2.02,1.93,1.98,58079,0
20141001,1.94,2,1.91,1.92,51749,0
20141002,1.95,1.95,1.8,1.85,71971,0
20141003,1.82,1.88,1.8,1.83,123522,0
20141006,1.85,1.85,1.72,1.74,66801,0
20141007,1.79,1.81,1.7,1.76,30337,0
20141008,1.75,1.77,1.73,1.76,47562,0
20141009,1.75,1.76,1.74,1.75,16745,0
20141010,1.72,1.72,1.61,1.64,144514,0
20141013,1.62,1.7,1.58,1.61,46408,0
20141014,1.59,1.66,1.5,1.57,51765,0
20141015,1.55,1.61,1.31,1.58,308440,0
20141016,1.53,1.62,1.44,1.56,41916,0
20141017,1.59,1.61,1.57,1.61,55851,0
20141020,1.59,1.71,1.5,1.65,36536,0
20141021,1.67,1.7,1.52,1.61,55839,0
20141022,1.57,1.64,1.51,1.56,184243,0
20141023,1.47,1.5,1.34,1.46,110739,0
20141024,1.49,1.55,1.39,1.52,44989,0
20141027,1.56,1.68,1.51,1.55,46590,0
20141028,1.61,1.67,1.58,1.64,62480,0
20141029,1.65,1.72,1.57,1.58,22445,0
20141030,1.58,1.66,1.51,1.59,40338,0
20141031,1.53,1.61,1.51,1.57,20449,0
20141103,1.55,1.62,1.52,1.55,56544,0
20141104,1.51,1.59,1.5,1.55,27179,0
20141105,1.54,1.68,1.54,1.55,58580,0
20141106,1.52,1.64,1.52,1.59,37154,0
20141107,1.57,1.6,1.55,1.56,45558,0
20141110,1.65,1.65,1.53,1.57,34881,0
20141111,1.57,1.57,1.48,1.56,29521,0
20141112,1.55,1.55,1.41,1.47,116994,0
20141113,1.49,1.49,1.42,1.43,23069,0
20141114,1.43,1.57,1.43,1.53,56310,0
20141117,1.47,1.65,1.47,1.55,119936,0
20141118,1.6,1.65,1.56,1.61,105757,0
20141119,1.59,1.65,1.45,1.46,148037,0
20141120,1.51,1.53,1.43,1.43,38304,0
20141121,1.5,1.52,1.41,1.44,33741,0
20141124,1.44,1.49,1.41,1.43,16457,0
20141125,1.49,1.49,1.42,1.44,12402,0
20141126,1.42,1.47,1.42,1.44,11873,0
20141128,1.48,1.48,1.4,1.42,97797,0
20141201,1.42,1.42,1.38,1.39,40629,0
20141202,1.36,1.38,1.32,1.36,57428,0
20141203,1.36,1.49,1.36,1.45,124557,0
20141204,1.44,1.48,1.39,1.44,9249,0
20141205,1.44,1.47,1.35,1.42,35286,0
20141208,1.41,1.42,1.38,1.39,70800,0
20141209,1.39,1.41,1.27,1.33,53140,0
20141210,1.3,1.37,1.25,1.26,76794,0
20141211,1.23,1.28,1.23,1.25,81691,0
20141212,1.28,1.29,1.24,1.27,63785,0
20141215,1.24,1.28,1.23,1.23,148551,0
20141216,1.25,1.25,1.22,1.22,94706,0
20141217,1.23,1.24,1.19,1.2,119859,0
20141218,1.18,1.34,1.18,1.32,92200,0
20141219,1.24,1.29,1.22,1.24,158509,0
20141222,1.25,1.32,1.25,1.29,113133,0
20141223,1.27,1.27,1.21,1.22,190134,0
20141224,1.2,1.25,1.2,1.25,11376,0
20141226,1.24,1.26,1.24,1.24,59739,0
20141229,1.26,1.31,1.21,1.24,500049,0
20141230,1.24,1.25,1.2,1.22,414349,0
20141231,1.2,1.3,1.19,1.19,267033,0
20150102,1.2,1.22,1.19,1.21,70620,0
20150105,1.19,1.23,1.17,1.2,66650,0
20150106,1.25,1.25,1.19,1.21,76065,0
20150107,1.21,1.31,1.21,1.24,134847,0
20150108,1.29,1.29,1.24,1.25,80480,0
20150109,1.28,1.29,1.24,1.29,37896,0
20150112,1.28,1.29,1.25,1.27,84580,0
20150113,1.28,1.35,1.27,1.33,177292,0
20150114,1.31,1.33,1.22,1.27,49170,0
20150115,1.27,1.33,1.22,1.22,22567,0
20150116,1.23,1.28,1.15,1.15,82979,0
20150120,1.12,1.23,1.12,1.18,28736,0
20150121,1.19,1.2,1.15,1.17,17934,0
20150122,1.18,1.21,1.15,1.17,35432,0
20150123,1.15,1.18,1.13,1.16,22893,0
20150126,1.12,1.15,1.08,1.13,103440,0
20150127,1.11,1.16,1.11,1.13,9542,0
20150128,1.11,1.13,1.11,1.11,78664,0
20150129,1.11,1.11,1.03,1.04,133412,0
20150130,1.01,1.16,1.01,1.11,84928,0
20150202,1.08,1.19,1.08,1.18,48333,0
20150203,1.26,1.46,1.26,1.29,420994,0
20150204,1.36,1.4,1.28,1.34,94146,0
20150205,1.28,1.3,1.15,1.29,105124,0
20150206,1.25,1.27,1.24,1.25,38577,0
20150209,1.25,1.34,1.25,1.3,169830,0
20150210,1.29,1.38,1.28,1.36,89698,0
20150211,1.32,1.56,1.32,1.48,224757,0
20150212,1.53,1.62,1.53,1.6,110666,0
20150213,1.57,1.8,1.57,1.79,180205,0
20150217,1.81,1.99,1.81,1.95,302107,0
20150218,1.96,2,1.8,1.81,97053,0
20150219,1.8,1.91,1.8,1.91,71238,0
20150220,1.94,1.94,1.85,1.89,47285,0
20150223,1.9,1.9,1.72,1.72,89042,0
20150224,1.71,1.81,1.67,1.75,113566,0
20150225,1.78,1.93,1.78,1.91,104716,0
20150226,1.95,2,1.87,1.87,115415,0
20150227,1.88,1.88,1.8,1.82,36433,0
20150302,1.92,1.95,1.87,1.9,70000,0
20150303,1.9,1.9,1.86,1.86,29400,0
20150304,1.88,1.95,1.86,1.87,68800,0
20150305,1.92,1.92,1.84,1.84,32500,0
20150306,1.92,1.94,1.83,1.83,33900,0
20150309,1.84,1.84,1.75,1.77,55600,0
20150310,1.75,1.77,1.55,1.57,167900,0
20150311,1.66,1.66,1.52,1.54,75700,0
20150312,1.55,1.56,1.54,1.54,300500,0
20150313,1.54,1.57,1.3,1.54,193100,0
20150316,1.54,1.64,1.5,1.6,27500,0
20150317,1.52,1.6,1.52,1.57,42500,0
20150318,1.58,1.64,1.57,1.59,16200,0
20150319,1.64,1.65,1.59,1.62,22300,0
20150320,1.66,1.74,1.6,1.6,29300,0
20150323,1.61,1.7,1.61,1.67,14800,0
20150324,1.71,1.83,1.71,1.76,61700,0
20150325,1.8,1.8,1.71,1.73,16900,0
20150326,1.68,1.73,1.61,1.66,63300,0
20150327,1.74,1.74,1.6,1.61,17300,0
20150330,1.57,1.65,1.54,1.62,19300,0
20150331,1.59,1.72,1.55,1.68,23024,0
20150401,1.7,1.75,1.6,1.75,48800,0
20150402,1.68,1.78,1.62,1.74,16300,0
20150406,1.69,1.69,1.57,1.65,32200,0
20150407,1.61,1.68,1.58,1.68,23102,0
20150408,1.68,1.71,1.63,1.69,36600,0
20150409,1.67,1.69,1.63,1.68,10229,0
20150410,1.69,1.69,1.63,1.68,8600,0
20150413,1.7,1.71,1.61,1.66,25900,0
20150414,1.63,1.68,1.6,1.63,40000,0
20150415,1.62,1.7,1.6,1.63,42787,0
20150416,1.81,1.81,1.65,1.77,154432,0
20150417,1.85,1.88,1.76,1.87,49500,0
20150420,1.89,1.94,1.84,1.94,35887,0
20150421,1.95,1.95,1.9,1.94,57816,0
20150422,1.93,1.98,1.88,1.96,60089,0
20150423,1.9,2.32,1.86,2.25,739400,0
20150424,2.23,2.23,2.1,2.1,210400,0
20150427,2.19,2.24,1.95,2.01,226700,0
20150428,1.99,2.1,1.99,2.06,57700,0
20150429,2.1,2.11,2.02,2.03,26100,0
20150430,1.99,2.04,1.99,2.01,63600,0
20150501,2.04,2.05,2.02,2.03,11600,0
20150504,2.08,2.08,2.01,2.05,29300,0
20150505,2.01,2.03,1.99,2,33900,0
20150506,1.99,2.03,1.98,1.98,23792,0
20150507,1.95,2.07,1.95,2.02,43350,0
20150508,2.02,2.07,2,2,27600,0
20150511,2.02,2.06,1.96,1.99,66100,0
20150512,2,2.04,1.99,2.02,26491,0
20150513,2.02,2.02,1.97,2.01,31200,0
20150514,1.99,2,1.96,1.99,31200,0
20150515,1.98,2,1.95,1.97,15610,0
20150518,2,2,1.98,1.98,2052,0
20150519,1.98,1.98,1.96,1.97,5500,0
20150520,1.97,2.02,1.94,1.97,45000,0
20150521,2,2,1.96,1.98,43300,0
20150522,1.9,1.99,1.9,1.97,78600,0
20150526,1.93,1.98,1.93,1.98,71082,0
20150527,2.01,2.11,1.98,2.02,120400,0
20150528,2.04,2.04,2,2.01,70942,0
20150529,1.99,2.03,1.96,2.01,69100,0
20150601,2,2,1.96,1.97,30905,0
20150602,1.97,2.02,1.96,2.01,47653,0
20150603,1.97,2.01,1.9,1.95,91100,0
20150604,2.04,2.04,1.93,1.97,42800,0
20150605,1.98,2,1.96,1.96,29900,0
20150608,1.93,1.95,1.87,1.9,145900,0
20150609,1.84,1.91,1.82,1.86,27574,0
20150610,1.88,1.93,1.86,1.87,21256,0
20150611,1.84,1.93,1.8,1.93,13798,0
20150612,1.9,1.99,1.86,1.93,109700,0
20150615,1.93,1.95,1.89,1.95,13100,0
20150616,1.9,1.96,1.9,1.92,43200,0
20150617,1.86,1.89,1.85,1.89,5700,0
20150618,1.84,1.88,1.82,1.83,22500,0
20150619,1.81,1.91,1.69,1.87,82000,0
20150622,1.78,1.78,1.69,1.75,54800,0
20150623,1.77,1.77,1.75,1.76,901,0
20150624,1.76,1.76,1.7,1.72,15400,0
20150625,1.7,1.73,1.7,1.72,4200,0
20150626,1.7,1.7,1.64,1.65,27900,0
20150629,1.62,1.62,1.56,1.59,18300,0
20150630,1.6,1.74,1.58,1.71,58313,0
20150701,1.7,1.7,1.67,1.69,11500,0
20150702,1.7,1.77,1.64,1.66,9000,0
20150706,1.66,1.76,1.66,1.71,61700,0
20150707,1.68,1.73,1.61,1.64,37500,0
20150708,1.7,1.7,1.6,1.6,22200,0
20150709,1.61,1.61,1.53,1.58,24400,0
20150710,1.56,1.6,1.49,1.52,142800,0
20150713,1.62,1.69,1.62,1.69,26100,0
20150714,1.65,1.7,1.65,1.69,17722,0
20150715,1.69,1.7,1.66,1.67,16844,0
20150716,1.63,1.63,1.5,1.58,40900,0
20150717,1.57,1.58,1.55,1.56,8000,0
20150720,1.67,1.67,1.55,1.55,8400,0
20150721,1.63,1.65,1.6,1.62,48700,0
20150722,1.64,1.65,1.47,1.53,238900,0
20150723,1.64,1.65,1.55,1.6,116600,0
20150724,1.56,1.58,1.53,1.57,16600,0
20150727,1.57,1.6,1.53,1.54,61700,0
20150728,1.53,1.53,1.43,1.46,126500,0
20150729,1.49,1.49,1.43,1.45,15300,0
20150730,1.45,1.46,1.33,1.34,74400,0
20150731,1.4,1.4,1.36,1.38,46400,0
20150803,1.35,1.38,1.32,1.36,8908,0
20150804,1.3,1.33,1.3,1.3,31700,0
20150805,1.25,1.39,1.25,1.37,78800,0
20150806,1.37,1.37,1.32,1.36,26133,0
20150807,1.37,1.37,1.16,1.19,134300,0
20150810,1.19,1.19,1.11,1.16,81700,0
20150811,1.18,1.18,1.1,1.15,77300,0
20150812,1.17,1.26,1.13,1.26,44300,0
20150813,1.28,1.29,1.25,1.28,14000,0
20150814,1.3,1.37,1.3,1.36,34100,0
20150817,1.32,1.33,1.31,1.32,11800,0
20150818,1.32,1.32,1.3,1.3,5900,0
20150819,1.37,1.5,1.25,1.25,22000,0
20150820,1.26,1.26,1.04,1.11,197900,0
20150821,1.13,1.14,1.07,1.13,68700,0
20150824,1.12,1.13,0.66,1.04,141397,0
20150825,1.04,1.11,1.01,1.07,42900,0
20150826,1.06,1.12,1.01,1.09,66900,0
20150827,1.13,1.15,1.06,1.06,39800,0
20150828,1.06,1.11,1.05,1.06,64700,0
20150831,1.05,1.11,1.05,1.09,12900,0
20150901,1.15,1.15,1.01,1.06,46700,0
20150902,1.07,1.08,1,1.03,88300,0
20150903,1.09,1.22,1.06,1.14,191100,0
20150904,1.22,1.22,1.1,1.13,136600,0
20150908,1.13,1.2,1.1,1.19,12900,0
20150909,1.16,1.22,1.15,1.17,36000,0
20150910,1.16,1.19,1.16,1.18,29800,0
20150911,1.18,1.18,1.17,1.17,2100,0
20150914,1.2,1.2,1.16,1.16,51500,0
20150915,1.16,1.17,1.16,1.16,8500,0
20150916,1.16,1.19,1.16,1.17,16100,0
20150917,1.18,1.18,1.07,1.1,122238,0
20150918,1.08,1.11,1.07,1.09,50300,0
20150921,1.09,1.12,1.07,1.07,111900,0
20150922,1.08,1.15,1,1.02,223200,0
20150923,1.04,1.05,1,1.01,20800,0
20150924,1.03,1.03,1,1.03,81978,0
20150925,1.03,1.03,1,1,22200,0
20150928,1.04,1.04,0.99,1,7259,0
20150929,1,1.02,0.97,0.97,45400,0
20150930,0.97,1.1,0.97,1.05,111500,0
20151001,1.1,1.1,1.01,1.08,47300,0
20151002,1.11,1.16,1.1,1.15,75300,0
20151005,1.16,1.23,1.14,1.21,51219,0
20151006,1.17,1.25,1.13,1.13,67200,0
20151007,1.14,1.14,1.07,1.09,38900,0
20151008,1.11,1.12,1.07,1.07,24200,0
20151009,1.06,1.06,1,1.04,122800,0
20151012,1.05,1.07,1,1.05,35400,0
20151013,1.06,1.34,1.02,1.1,43700,0
20151014,1.11,1.11,1.05,1.07,22900,0
20151015,1.05,1.17,1.05,1.16,72300,0
20151016,1.15,1.16,1.15,1.15,17800,0
20151019,1.15,1.27,1.15,1.2,92900,0
20151020,1.21,1.21,1.19,1.1999,30900,0
20151021,1.22,1.26,1.2,1.22,265800,0
20151022,1.33,1.65,1.32,1.63,2287900,0
20151023,1.5,1.6,1.4,1.52,245000,0
20151026,1.5,1.54,1.42,1.42,59200,0
20151027,1.59,1.59,1.42,1.45,47000,0
20151028,1.4,1.47,1.4,1.45,30800,0
20151029,1.49,1.58,1.45,1.49,74000,0
20151030,1.6,2,1.6,1.86,459100,0
20151102,1.88,1.9,1.75,1.8,145535,0
20151103,1.8,1.99,1.8,1.95,163600,0
20151104,1.99,2.08,1.94,1.94,159671,0
20151105,1.88,1.94,1.85,1.88,40800,0
20151106,1.88,1.89,1.81,1.81,56500,0
20151109,1.84,1.87,1.84,1.86,42103,0
20151110,1.86,1.87,1.75,1.76,52300,0
20151111,1.76,1.76,1.62,1.63,89400,0
20151112,1.63,1.69,1.62,1.62,26100,0
20151113,1.6,1.62,1.6,1.61,99800,0
20151116,1.6,1.68,1.55,1.6,44000,0
20151117,1.58,1.63,1.48,1.49,146500,0
20151118,1.49,1.56,1.49,1.52,16900,0
20151119,1.5,1.54,1.5,1.54,19300,0
20151120,1.55,1.73,1.53,1.7,208200,0
20151123,1.75,1.95,1.56,1.8,520400,0
20151124,1.85,1.92,1.75,1.77,134300,0
20151125,1.76,1.79,1.72,1.74,146300,0
20151127,1.74,1.83,1.74,1.74,93500,0
20151130,1.72,1.83,1.7,1.7,174400,0
20151201,1.7,1.78,1.61,1.69,65929,0
20151202,1.69,1.78,1.69,1.75,100357,0
20151203,1.77,1.8,1.73,1.73,37512,0
20151204,1.74,1.78,1.74,1.74,17800,0
20151207,1.73,1.77,1.73,1.75,31900,0
20151208,1.77,1.82,1.75,1.78,22706,0
20151209,1.8,1.82,1.79,1.8,50400,0
20151210,1.82,1.83,1.81,1.83,6500,0
20151211,1.83,1.87,1.83,1.86,76400,0
20151214,1.86,2,1.86,1.97,133608,0
20151215,1.97,2.07,1.97,2.01,254400,0
20151216,2,2.05,1.83,1.87,176100,0
20151217,1.92,1.98,1.88,1.88,79600,0
20151218,1.86,1.94,1.85,1.94,97300,0
20151221,1.9,1.95,1.87,1.88,72600,0
20151222,1.88,1.92,1.83,1.86,60886,0
20151223,1.9,1.9,1.83,1.85,46800,0
20151224,1.86,1.94,1.86,1.91,39854,0
20151228,1.93,2,1.91,1.95,148308,0
20151229,1.95,1.98,1.92,1.97,73492,0
20151230,1.94,2.17,1.9061,2.14,128919,0
20151231,2.14,2.14,2.051,2.1,76651,0
20160104,2.05,2.2,2.0495,2.1889,210181,0
20160105,2.17,2.29,2.15,2.23,205711,0
20160106,2.17,2.18,1.94,2.08,102275,0
20160107,1.95,2.08,1.9,1.93,81444,0
20160108,2.01,2.0399,1.95,1.96,100848,0
20160111,1.96,1.99,1.87,1.9,84601,0
20160112,1.87,1.947,1.75,1.77,125683,0
20160113,1.76,1.82,1.73,1.7384,53519,0
20160114,1.75,2,1.67,1.87,192703,0
20160115,1.89,1.89,1.7601,1.78,31895,0
20160119,1.79,1.79,1.7,1.71,61800,0
20160120,1.67,1.74,1.53,1.71,100720,0
20160121,1.7,1.89,1.66,1.83,103651,0
20160122,1.84,1.94,1.81,1.9,86786,0
20160125,1.89,1.95,1.84,1.9,53940,0
20160126,1.9,1.9,1.81,1.84,65909,0
20160127,1.8222,1.85,1.78,1.81,28993,0
20160128,1.81,1.92,1.8,1.8,29333,0
20160129,1.89,1.91,1.87,1.88,41792,0
20160201,1.89,1.96,1.89,1.95,32341,0
20160202,1.92,1.97,1.9,1.9,20034,0
20160203,1.8899,1.96,1.83,1.96,57050,0
20160204,1.99,2,1.76,1.95,119194,0
20160205,1.99,2.02,1.9,1.95,96750,0
20160208,1.9,1.96,1.89,1.91,45622,0
20160209,1.88,1.9,1.8501,1.87,15345,0
20160210,1.85,1.87,1.8315,1.85,14038,0
20160211,1.82,1.84,1.78,1.79,14423,0
20160212,1.859,1.86,1.79,1.86,13416,0
20160216,1.86,1.9,1.78,1.87,29731,0
20160217,1.86,1.88,1.85,1.86,17021,0
20160218,1.8601,1.862,1.83,1.85,5207,0
20160219,1.86,2.1,1.85,2.1,162944,0
20160222,2.06,2.23,2.04,2.06,216495,0
20160223,2.11,2.467,2.09,2.17,372189,0
20160224,2.2,2.35,2.1501,2.34,152731,0
20160225,2.33,2.7,2.33,2.63,558187,0
20160226,2.63,2.73,2.42,2.67,266687,0
20160229,2.73,2.75,2.55,2.578,150183,0
20160301,2.58,2.6489,2.3201,2.45,251515,0
20160302,2.45,2.47,2.39,2.46,153419,0
20160303,2.5,2.51,2.4,2.48,154108,0
20160304,2.46,2.5,2.41,2.47,114269,0
20160307,2.45,2.52,2.43,2.5,156974,0
20160308,2.5,2.54,2.39,2.41,134732,0
20160309,2.48,2.5,2.43,2.5,105600,0
20160310,2.5,2.53,2.44,2.49,135090,0
20160311,2.5,2.52,2.4,2.46,144891,0
20160314,2.43,2.495,2.43,2.48,85484,0
20160315,2.49,2.5,2.46,2.5,104714,0
20160316,2.5,2.5,2.42,2.5,71961,0
20160317,2.5,2.52,2.48,2.52,84567,0
20160318,2.57,2.8,2.5,2.77,301588,0
20160321,2.89,2.99,2.78,2.99,362163,0
20160322,2.98,3,2.74,2.93,383412,0
20160323,2.94,2.94,2.61,2.68,82992,0
20160324,2.65,2.95,2.5,2.91,242065,0
20160328,2.89,2.95,2.709,2.8,99110,0
20160329,2.82,2.89,2.7508,2.82,38810,0
20160330,2.8166,2.88,2.68,2.75,43993,0
20160331,2.86,2.86,2.66,2.72,68682,0
20160401,2.73,2.73,2.61,2.62,104501,0
20160404,2.6488,2.75,2.61,2.75,110908,0
20160405,2.75,2.75,2.62,2.63,40461,0
20160406,2.7156,2.72,2.57,2.6714,62509,0
20160407,2.61,2.67,2.56,2.56,18596,0
20160408,2.59,2.66,2.53,2.6,30742,0
20160411,2.6,2.69,2.58,2.6182,55900,0
20160412,2.54,2.61,2.465,2.49,123147,0
20160413,2.48,2.57,2.461,2.57,54154,0
20160414,2.56,2.59,2.51,2.56,58595,0
20160415,2.54,2.59,2.51,2.52,41818,0
20160418,2.5,2.56,2.4836,2.53,26363,0
20160419,2.52,2.55,2.43,2.44,68776,0
20160420,2.41,2.44,2.18,2.19,231378,0
20160421,2.21,2.31,2.16,2.18,139743,0
20160422,2.2,2.2,2.11,2.17,138213,0
20160425,2.2,2.57,2.2,2.35,248127,0
20160426,2.4,2.6,2.4,2.54,121082,0
20160427,2.54,2.7,2.52,2.53,183228,0
20160428,2.28,2.6,2.21,2.3201,236161,0
20160429,2.33,2.45,2.305,2.43,142319,0
20160502,2.42,2.51,2.29,2.31,81827,0
20160503,2.3,2.3,2.12,2.12,175050,0
20160504,2.15,2.22,2.15,2.2,71143,0
20160505,2.19,2.2499,2.13,2.19,37778,0
20160506,2.189,2.2,2.14,2.16,32651,0
20160509,2.16,2.21,2.13,2.15,32847,0
20160510,2.14,2.17,2.05,2.11,85223,0
20160511,2.1,2.17,2.05,2.11,74224,0
20160512,2.13,2.2,2.06,2.06,31130,0
20160513,2.07,2.1,2.06,2.07,50665,0
20160516,2.07,2.1,2.05,2.08,40191,0
20160517,2.13,2.2199,2.12,2.12,96770,0
20160518,2.14,2.25,2.14,2.16,44595,0
20160519,2.17,2.17,2.06,2.1,78586,0
20160520,2.09,2.2835,2.09,2.24,56623,0
20160523,2.25,2.36,2.25,2.33,57471,0
20160524,2.33,2.49,2.33,2.34,85801,0
20160525,2.33,2.4,2.25,2.31,29462,0
20160526,2.33,2.39,2.27,2.3,56306,0
20160527,2.28,2.3499,2.25,2.3,59691,0
20160531,2.41,2.41,2.2,2.29,47367,0
20160601,2.27,2.27,2.1,2.16,116487,0
20160602,2.17,2.24,2.16,2.2,42913,0
20160603,2.25,2.31,2.21,2.27,26395,0
20160606,2.24,2.3,2.2,2.25,30788,0
20160607,2.2,2.27,2.17,2.22,38602,0
20160608,2.24,2.3,2.17,2.25,84566,0
20160609,2.25,2.255,2.2,2.21,32241,0
20160610,2.2,2.24,2.11,2.17,67427,0
20160613,2.14,2.24,2.14,2.18,47339,0
20160614,2.19,2.25,2.1499,2.18,63245,0
20160615,2.2,2.23,2.12,2.13,38469,0
20160616,2.175,2.175,2.06,2.08,52814,0
20160617,2.0714,2.09,2,2.03,109465,0
20160620,2.03,2.13,2,2.06,62739,0
20160621,2.05,2.09,2,2.09,12210,0
20160622,2.15,2.18,2.04,2.05,18033,0
20160623,2.0675,2.1,2.05,2.1,8023,0
20160624,2.04,2.09,2,2.07,42084,0
20160627,2.09,2.09,1.75,1.85,259090,0
20160628,1.94,1.9599,1.85,1.86,17809,0
20160629,1.8892,1.95,1.86,1.93,42969,0
20160630,1.907,2.14,1.907,2.05,61686,0
20160701,2.0701,2.09,1.95,2.08,7367,0
20160705,2.1,2.1,1.99,1.9999,16456,0
20160706,2,2.15,1.99,2.09,146644,0
20160707,2.11,2.16,2.0895,2.11,17781,0
20160708,2.1583,2.18,2.12,2.18,5320,0
20160711,2.15,2.46,2.15,2.29,150388,0
20160712,2.41,2.47,2.35,2.38,56521,0
20160713,2.26,2.3,2.15,2.21,77966,0
20160714,2.239,2.24,2.16,2.17,89092,0
20160715,2.15,2.16,2,2.12,62475,0
20160718,2.11,2.15,2.11,2.11,10904,0
20160719,2.17,2.17,2.05,2.07,27640,0
20160720,2.04,2.12,2.04,2.09,56868,0
20160721,2.07,2.11,1.9832,1.99,137125,0
20160722,2.01,2.06,1.95,2.04,93261,0
20160725,2.05,2.14,2,2.02,60510,0
20160726,1.971,2.02,1.95,2.01,53241,0
20160727,2.01,2.07,2,2.0195,37151,0
20160728,2,2,1.81,1.87,117210,0
20160729,1.92,1.9699,1.85,1.93,54139,0
20160801,1.97,2.16,1.861,2.03,109134,0
20160802,2.08,2.14,1.91,2,114755,0
20160803,2,2.09,1.8876,1.91,45870,0
20160804,1.94,2,1.88,1.97,27938,0
20160805,1.95,2.02,1.86,1.89,105361,0
20160808,1.93,1.999,1.93,1.95,24332,0
20160809,1.97,1.97,1.9,1.94,9137,0
20160810,1.91,1.9299,1.8601,1.89,43226,0
20160811,1.89,1.97,1.85,1.8983,51434,0
20160812,1.85,1.9,1.84,1.87,68170,0
20160815,1.85,1.9445,1.84,1.85,60876,0
20160816,1.86,1.86,1.68,1.71,160522,0
20160817,1.65,1.7499,1.65,1.73,43839,0
20160818,1.765,1.8,1.7,1.73,18041,0
20160819,1.68,1.7,1.6201,1.66,106485,0
20160822,1.68,1.76,1.61,1.68,36797,0
20160823,1.7,1.73,1.6564,1.71,31970,0
20160824,1.7,1.77,1.6601,1.72,15456,0
20160825,1.7599,1.82,1.72,1.74,54639,0
20160826,1.74,1.79,1.74,1.79,4162,0
20160829,1.84,1.8801,1.805,1.82,36844,0
20160830,1.8788,1.8788,1.79,1.798,24062,0
20160831,1.8,1.87,1.8,1.83,52053,0
20160901,1.84,1.88,1.81,1.84,65261,0
20160902,1.88,1.885,1.8571,1.88,71971,0
20160906,1.91,2.32,1.87,2.16,314357,0
20160907,2.2,2.299,2.15,2.1672,78013,0
20160908,2.18,2.22,2.14,2.17,31685,0
20160909,2.11,2.16,1.95,1.97,97302,0
20160912,1.99,2,1.93,1.98,52606,0
20160913,2.05,2.15,2,2,101276,0
20160914,2.03,2.08,1.88,1.9,102271,0
20160915,1.6,1.75,1.6,1.71,1170156,0
20160916,1.72,1.8,1.66,1.7,382720,0
20160919,1.69,1.74,1.68,1.7,191804,0
20160920,1.75,1.82,1.72,1.76,420134,0
20160921,1.75,1.77,1.64,1.7,166767,0
20160922,1.7,1.78,1.65,1.7,117196,0
20160923,1.7,1.7001,1.65,1.67,127575,0
20160926,1.68,1.68,1.62,1.65,293049,0
20160927,1.67,1.7,1.64,1.65,73430,0
20160928,1.72,1.72,1.62,1.65,261700,0
20160929,1.68,1.73,1.65,1.69,78260,0
20160930,1.6677,1.78,1.66,1.77,376543,0
20161003,1.83,1.8851,1.65,1.68,225394,0
20161004,1.68,1.79,1.68,1.76,235312,0
20161005,1.91,1.91,1.74,1.8,154432,0
20161006,1.82,1.84,1.7,1.83,55307,0
20161007,1.86,1.86,1.79,1.79,49182,0
20161010,1.82,1.87,1.7,1.85,111483,0
20161011,1.83,1.895,1.77,1.78,48080,0
20161012,1.8,1.825,1.73,1.73,24675,0
20161013,1.7,1.8019,1.7,1.7901,164306,0
20161014,1.78,1.845,1.73,1.73,150281,0
20161017,1.76,1.815,1.73,1.75,108342,0
20161018,1.76,1.7928,1.72,1.73,38473,0
20161019,1.75,1.81,1.71,1.74,93883,0
20161020,1.75,1.75,1.72,1.72,33494,0
20161021,1.73,1.75,1.7,1.72,32721,0
20161024,1.74,1.83,1.74,1.8,132635,0
20161025,1.83,1.88,1.75,1.77,100113,0
20161026,1.79,1.83,1.7214,1.77,165411,0
20161027,1.95,2.03,1.86,1.86,401069,0
20161028,1.9,1.935,1.8,1.87,185135,0
20161031,1.93,2.06,1.85,2.04,278193,0
20161101,2.04,2.07,2,2.02,218554,0
20161102,2,2.0299,1.87,1.94,175245,0
20161103,1.94,2.03,1.93,2,45635,0
20161104,2,2.0165,1.86,1.92,46004,0
20161107,1.96,1.971,1.86,1.88,52296,0
20161108,1.8638,1.94,1.81,1.9,50999,0
20161109,1.85,2.01,1.83,1.94,169725,0
20161110,1.98,1.9944,1.86,1.88,104762,0
20161111,1.86,1.99,1.86,1.93,33122,0
20161114,1.96,1.96,1.9001,1.92,32401,0
20161115,1.94,1.99,1.9,1.95,68364,0
20161116,1.95,2,1.9471,1.96,285088,0
20161117,1.99,1.9928,1.95,1.96,39013,0
20161118,1.9564,2.018,1.95,2,51383,0
20161121,2,2.09,1.99,2.02,119738,0
20161122,2.01,2.07,2,2,104371,0
20161123,2,2.0481,2,2.01,44469,0
20161125,2,2.0359,2,2,9293,0
20161128,2.03,2.05,1.98,2.05,87811,0
20161129,2.04,2.04,1.99,1.99,122158,0
20161130,2.01,2.05,1.91,1.93,80920,0
20161201,1.9,1.93,1.79,1.86,182481,0
20161202,1.84,1.88,1.76,1.78,221583,0
20161205,1.84,1.84,1.73,1.73,765603,0
20161206,1.75,1.8,1.75,1.76,71991,0
20161207,1.78,1.8,1.77,1.78,96572,0
20161208,1.79,1.79,1.76,1.76,127610,0
20161209,1.77,1.8,1.745,1.77,172823,0
20161212,1.76,1.774,1.74,1.74,223380,0
20161213,1.8,1.8,1.72,1.73,213196,0
20161214,1.73,1.81,1.65,1.72,470897,0
20161215,1.73,1.82,1.71,1.7701,57641,0
20161216,1.76,1.85,1.75,1.75,108611,0
20161219,1.77,1.85,1.76,1.8293,50214,0
20161220,1.84,1.85,1.76,1.84,102417,0
20161221,1.84,1.85,1.8,1.84,280048,0
20161222,1.84,1.84,1.77,1.79,78111,0
20161223,1.79,1.79,1.78,1.78,32530,0
20161227,1.78,1.83,1.78,1.82,31056,0
20161228,1.82,1.83,1.8,1.82,27602,0
20161229,1.84,1.84,1.71,1.82,396161,0
20161230,1.84,1.89,1.78,1.87,238456,0
20170103,1.95,1.95,1.87,1.92,75411,0
20170104,1.97,2.09,1.95,2.05,213294,0
20170105,2,2.1,2,2.05,95450,0
20170106,2.1,2.15,2.06,2.13,223382,0
20170109,2.1,2.18,2.1,2.17,221766,0
20170110,2.2,2.215,2.15,2.16,237655,0
20170111,2.17,2.27,2.16,2.2699,603731,0
20170112,2.32,2.439,2.25,2.4,400842,0
20170113,2.43,2.45,2.4,2.44,277810,0
20170117,2.46,2.52,2.44,2.46,420250,0
20170118,2.46,2.489,2.4,2.4,207904,0
20170119,2.45,2.45,2.3,2.3,216482,0
20170120,2.3,2.32,2.28,2.32,173604,0
20170123,2.34,2.3934,2.3,2.31,170246,0
20170124,2.32,2.46,2.3101,2.45,163798,0
20170125,2.44,2.499,2.39,2.4,222609,0
20170126,2.41,2.44,2.4,2.41,59564,0
20170127,2.44,2.5764,2.41,2.55,312565,0
20170130,2.6,2.6,2.45,2.54,368983,0
20170131,2.55,2.6,2.51,2.59,154845,0
20170201,2.6,2.6,2.55,2.56,73171,0
20170202,2.57,2.5813,2.52,2.53,107706,0
20170203,2.53,2.59,2.45,2.49,229117,0
20170206,2.52,2.52,2.35,2.39,283647,0
20170207,2.39,2.3999,2.25,2.29,193315,0
20170208,2.28,2.42,2.27,2.39,137428,0
20170209,2.4,2.4665,2.35,2.36,144651,0
20170210,2.35,2.43,2.35,2.38,122061,0
20170213,2.43,2.45,2.38,2.4,250983,0
20170214,2.45,2.54,2.25,2.54,447074,0
20170215,2.54,2.5568,2.4,2.44,301825,0
20170216,2.48,2.48,2.44,2.48,63756,0
20170217,2.43,2.48,2.4,2.43,161965,0
20170221,2.44,2.55,2.43,2.55,256874,0
20170222,2.55,2.7,2.55,2.67,276924,0
20170223,2.65,2.8,2.65,2.78,259060,0
20170224,2.81,3.02,2.8,2.94,1104108,0
20170227,2.94,2.94,2.72,2.81,401315,0
20170228,2.76,2.76,2.66,2.71,270068,0
20170301,2.75,2.75,2.61,2.66,196541,0
20170302,2.66,2.68,2.61,2.68,235236,0
20170303,2.65,2.81,2.63,2.75,351312,0
20170306,2.7,2.76,2.65,2.72,208574,0
20170307,2.73,2.8,2.67,2.72,79129,0
20170308,2.7,2.75,2.65,2.72,99205,0
20170309,2.7,2.9,2.66,2.82,534876,0
20170310,2.82,2.93,2.77,2.91,132641,0
20170313,2.95,2.95,2.86,2.95,267620,0
20170314,2.95,2.95,2.8,2.86,167678,0
20170315,2.86,2.86,2.6,2.72,369375,0
20170316,2.73,2.7576,2.63,2.65,169738,0
20170317,2.64,2.69,2.611,2.68,84123,0
20170320,2.67,2.73,2.67,2.72,132506,0
20170321,2.73,2.73,2.64,2.64,163298,0
20170322,2.65,2.66,2.6101,2.63,95578,0
20170323,2.62,2.63,2.6,2.6,106572,0
20170324,2.62,2.73,2.6144,2.65,61904,0
20170327,2.62,2.73,2.58,2.7,79957,0
20170328,2.68,2.79,2.68,2.71,68237,0
20170329,2.69,2.79,2.69,2.73,291179,0
20170330,2.7811,2.82,2.7303,2.78,147038,0
20170331,2.77,2.77,2.7,2.75,201695,0
20170403,2.76,2.7908,2.72,2.74,81186,0
20170404,2.7,2.81,2.6799,2.79,199786,0
20170405,2.77,2.85,2.67,2.71,190716,0
20170406,2.71,2.75,2.655,2.74,71146,0
20170407,2.76,2.78,2.73,2.74,51168,0
20170410,2.76,2.78,2.7199,2.74,88297,0
20170411,2.73,3.29,2.65,3.22,2493651,0
20170412,3.1,3.23,3.02,3.22,522220,0
20170413,3.19,3.2299,3.11,3.16,180018,0
20170417,3.16,3.1816,3.07,3.11,107195,0
20170418,3.08,3.08,2.91,3.01,218033,0
20170419,2.99,3.11,2.97,3.1,94240,0
20170420,3.11,3.2,3.1,3.15,152439,0
20170421,3.19,3.4,3.1164,3.34,580854,0
20170424,3.3,3.47,3.3,3.35,278686,0
20170425,3.34,3.41,3.26,3.29,316147,0
20170426,3.27,3.4,3.22,3.38,204494,0
20170427,3.41,3.5299,3.36,3.46,453254,0
20170428,3.5,3.53,3.32,3.4,510487,0
20170501,3.49,3.49,3.28,3.42,336453,0
20170502,3.49,3.58,3.3796,3.54,1063226,0
20170503,3.52,3.92,3.4,3.87,1635233,0
20170504,3.86,3.91,3.68,3.81,587636,0
20170505,3.8,3.87,3.73,3.86,498199,0
20170508,3.93,3.939,3.6872,3.76,279128,0
20170509,3.76,4.23,3.74,4.06,2229515,0
20170510,4.11,4.12,3.9248,3.99,537528,0
20170511,3.99,3.99,3.85,3.92,289257,0
20170512,3.91,3.93,3.8,3.9,193615,0
20170515,3.93,3.93,3.84,3.89,221188,0
20170516,3.9,4.1399,3.84,4.05,692596,0
20170517,4.05,4.05,3.83,3.9,402957,0
20170518,3.87,3.94,3.8106,3.86,149374,0
20170519,3.9,4.1,3.8,4,429243,0
20170522,4,4.1763,3.995,4.07,879855,0
20170523,4.05,4.18,4.03,4.12,836380,0
20170524,4.15,4.15,4.0801,4.14,292096,0
20170525,4.15,4.44,4.1,4.37,1213376,0
20170526,4.4,4.56,4.3,4.56,1296973,0
20170530,4.55,4.75,4.5,4.64,1642037,0
20170531,4.63,4.655,4.3,4.47,657945,0
20170601,4.5,4.55,4.42,4.52,548414,0
20170602,4.51,4.52,4.39,4.42,346887,0
20170605,4.38,4.48,4.38,4.4,332318,0
20170606,4.35,4.45,3.8,4.19,1310809,0
20170607,4.21,4.38,4.21,4.29,310115,0
20170608,4.29,4.29,4.05,4.21,338749,0
20170609,4.15,4.35,3.8,4.04,1044517,0
20170612,3.97,4.08,3.9,4.05,485384,0
20170613,4.05,4.16,3.936,4.05,287624,0
20170614,4,4.3,3.96,4.1,2431923,0
20170615,4.01,4.1338,4,4.04,227598,0
20170616,4.04,4.0782,3.95,3.99,319127,0
20170619,4,4.05,3.95,3.98,215950,0
20170620,3.97,3.97,3.85,3.93,368754,0
20170621,3.95,4.12,3.92,4.1,444552,0
20170622,4.1,4.25,4.02,4.15,744360,0
20170623,4.18,4.24,4.13,4.19,203485,0
20170626,4.15,4.187,3.92,3.99,358290,0
20170627,3.97,3.99,3.55,3.7,977668,0
20170628,3.69,3.74,3.5,3.69,850831,0
20170629,3.69,3.69,3.47,3.56,423753,0
20170630,3.57,3.57,3.12,3.31,875154,0
20170703,3.25,3.25,3.02,3.14,739480,0
20170705,3.06,3.36,3.03,3.31,576499,0
20170706,3.28,3.31,3.14,3.17,358113,0
20170707,3.16,3.295,3.16,3.18,359954,0
20170710,3.25,3.3,3.05,3.2,311879,0
20170711,3.24,3.26,3.16,3.24,171766,0
20170712,3.25,3.55,3.24,3.38,373125,0
20170713,3.38,3.58,3.322,3.43,283534,0
20170714,3.45,3.95,3.4348,3.74,875159,0
20170717,3.71,3.86,3.56,3.8,528459,0
20170718,3.8,3.88,3.56,3.57,400497,0
20170719,3.58,3.709,3.45,3.57,201982,0
20170720,3.58,3.91,3.58,3.85,399623,0
20170721,3.83,3.83,3.64,3.66,203067,0
20170724,3.65,3.7307,3.47,3.56,263324,0
20170725,3.56,3.68,3.45,3.67,173405,0
20170726,3.67,3.82,3.61,3.69,203675,0
20170727,3.69,3.73,3.5,3.58,138280,0
20170728,3.58,3.63,3.52,3.61,85571,0
20170731,3.65,3.7,3.52,3.68,413099,0
20170801,3.17,3.25,2.85,3.01,1820534,0
