Date,Open,High,Low,Close,Volume,OpenInt
20130513,21.441,21.65,21.441,21.573,37047,0
20130514,21.65,21.702,21.632,21.702,13960,0
20130515,21.702,21.727,21.616,21.702,14429,0
20130516,21.659,21.659,21.659,21.659,8426,0
20130517,21.624,21.763,21.494,21.675,37052,0
20130520,21.763,21.763,21.693,21.693,27894,0
20130521,21.736,21.745,21.693,21.702,25465,0
20130522,21.797,21.797,21.702,21.711,30082,0
20130523,21.719,21.719,21.659,21.675,12986,0
20130524,21.745,22.378,21.745,21.831,42530,0
20130528,21.875,21.875,21.451,21.511,71358,0
20130529,21.554,21.616,21.381,21.597,24112,0
20130530,21.632,21.684,21.573,21.573,131578,0
20130531,21.659,21.684,21.528,21.528,10781,0
20130603,21.65,21.65,21.484,21.528,8310,0
20130604,21.528,21.616,21.528,21.554,15927,0
20130605,21.814,21.814,21.355,21.478,14995,0
20130606,21.451,21.459,21.018,21.225,11312,0
20130607,21.425,21.441,21.398,21.441,6670,0
20130610,21.478,21.478,21.398,21.398,2209,0
20130611,21.398,21.451,21.398,21.441,11791,0
20130612,21.441,21.441,21.311,21.311,5368,0
20130613,21.478,21.484,21.346,21.355,7272,0
20130614,21.441,21.484,21.441,21.441,3693,0
20130617,21.433,21.441,21.398,21.398,28557,0
20130618,21.407,21.441,21.398,21.398,6372,0
20130619,21.425,21.441,21.381,21.381,3330,0
20130620,21.295,21.303,21.07,21.268,6057,0
20130621,21.311,21.311,21.094,21.209,1616,0
20130624,21.303,21.303,20.793,21.113,5079,0
20130625,21.268,21.268,21.113,21.147,2307,0
20130626,21.051,21.268,20.765,21.26,5540,0
20130627,21.225,21.311,21.225,21.242,6061,0
20130628,21.641,21.713,21.624,21.713,1814,0
20130701,21.182,21.268,21.182,21.242,21995,0
20130702,21.182,21.268,21.182,21.225,4064,0
20130703,21.182,21.268,21.182,21.268,2770,0
20130705,21.416,21.433,21.416,21.433,3578,0
20130708,21.311,21.311,21.07,21.311,1964,0
20130709,21.225,21.242,21.225,21.242,3578,0
20130710,20.983,20.983,20.965,20.965,924,0
20130711,21.182,21.182,21.182,21.182,114,0
20130712,21.433,21.433,21.225,21.268,8888,0
20130715,21.355,21.355,21.182,21.182,4039,0
20130716,21.407,21.433,21.355,21.433,2424,0
20130717,21.441,21.441,21.13,21.225,2770,0
20130718,21.235,21.252,21.061,21.094,3811,0
20130719,21.303,21.311,21.303,21.311,806,0
20130722,21.311,21.398,21.311,21.398,9350,0
20130723,21.33,21.338,21.087,21.104,25366,0
20130724,21.094,21.311,21.094,21.311,1732,0
20130725,21.476,21.476,21.307,21.448,1478,0
20130726,21.404,21.404,21.404,21.404,680,0
20130729,21.448,21.448,21.386,21.386,905,0
20130730,21.369,21.394,21.271,21.271,2114,0
20130731,21.342,21.386,21.157,21.351,6684,0
20130801,21.315,21.315,21.21,21.315,5807,0
20130802,21.351,21.351,21.271,21.315,7964,0
20130805,21.271,21.351,21.218,21.218,1814,0
20130806,21.191,21.227,21.184,21.184,5949,0
20130807,21.227,21.263,21.184,21.218,5438,0
20130808,21.184,21.218,21.184,21.184,3399,0
20130809,21.184,21.191,21.184,21.184,8498,0
20130812,21.184,21.184,21.006,21.006,1281,0
20130813,21.184,21.184,21.174,21.174,510,0
20130814,21.05,21.139,20.653,20.714,13255,0
20130815,20.698,20.698,20.257,20.301,6337,0
20130816,19.903,20.185,19.859,20.097,13398,0
20130819,20.204,20.204,19.859,19.99,6057,0
20130820,19.514,20.548,19.514,20.301,2208,0
20130821,20.389,20.821,20.257,20.257,3173,0
20130822,20.309,20.743,20.238,20.743,4709,0
20130826,20.698,20.743,20.698,20.743,1042,0
20130827,20.566,20.566,20.124,20.521,1699,0
20130828,20.521,20.521,20.124,20.213,2351,0
20130829,20.653,21.086,20.653,20.69,2691,0
20130903,21.006,21.006,20.962,20.962,589,0
20130904,21.094,21.094,20.831,20.962,7223,0
20130905,20.653,20.918,20.477,20.743,2945,0
20130906,20.743,21.669,20.724,21.191,26967,0
20130909,21.184,21.184,20.477,20.724,9857,0
20130910,20.831,21.184,20.821,20.962,9315,0
20130911,21.05,21.077,20.743,20.918,7978,0
20130912,21.077,21.359,20.918,20.98,4483,0
20130913,22.463,22.463,21.05,21.201,27330,0
20130916,21.263,21.263,21.103,21.103,2719,0
20130917,21.184,21.624,21.077,21.263,16269,0
20130918,21.174,21.184,21.094,21.174,5665,0
20130919,21.06,21.165,19.859,21.139,9744,0
20130920,21.165,21.165,21.077,21.094,11670,0
20130923,21.094,21.184,21.05,21.184,14098,0
20130924,21.165,21.184,21.113,21.184,15845,0
20130925,21.184,21.184,21.077,21.184,21867,0
20130926,21.165,21.598,21.094,21.184,24145,0
20130927,21.263,21.579,21.263,21.271,9030,0
20130930,21.307,21.315,21.103,21.315,8650,0
20131001,21.227,21.227,21.227,21.227,342,0
20131003,20.875,21.094,20.831,21.006,12855,0
20131004,21.006,21.184,20.962,20.962,7534,0
20131007,20.962,21.184,20.962,21.184,2383,0
20131008,21.05,21.05,21.05,21.05,342,0
20131010,20.962,21.05,20.831,20.831,13284,0
20131011,20.918,20.918,20.875,20.875,11670,0
20131014,20.831,20.847,20.831,20.831,10084,0
20131015,20.831,20.831,20.821,20.821,1022,0
20131016,20.662,20.787,20.662,20.768,7682,0
20131017,20.768,20.812,20.698,20.787,33359,0
20131018,20.831,20.831,20.787,20.787,37042,0
20131021,20.787,20.787,20.787,20.787,10984,0
20131022,20.787,20.831,20.743,20.787,21626,0
20131023,20.768,20.821,20.743,20.787,22957,0
20131024,20.812,20.812,20.751,20.787,14637,0
20131025,21.066,21.066,20.787,20.877,5866,0
20131028,21.191,21.191,20.931,21.056,4351,0
20131029,21.011,21.011,20.877,20.877,1489,0
20131030,20.912,20.922,20.515,20.515,4496,0
20131031,20.569,20.742,20.56,20.742,10291,0
20131101,20.777,20.787,20.696,20.787,4130,0
20131104,20.742,20.787,20.633,20.787,5389,0
20131105,20.832,21.191,20.742,20.742,14533,0
20131106,20.867,20.867,20.696,20.696,8077,0
20131107,20.713,20.742,20.696,20.696,1489,0
20131108,20.832,20.832,20.705,20.705,1552,0
20131111,20.65,21.056,20.29,20.533,9376,0
20131112,20.742,20.742,20.533,20.533,1108,0
20131113,20.605,20.713,20.605,20.696,1475,0
20131114,20.515,20.569,20.515,20.569,998,0
20131118,20.569,20.722,20.569,20.65,3925,0
20131119,20.668,20.767,20.65,20.65,5962,0
20131120,20.742,20.742,20.371,20.705,8777,0
20131121,20.732,20.732,20.524,20.722,1620,0
20131122,20.742,20.742,20.713,20.713,1497,0
20131125,20.713,20.742,20.696,20.696,1634,0
20131126,21.092,21.092,20.56,20.732,1801,0
20131127,21.084,21.084,20.742,20.787,2240,0
20131129,20.742,20.832,20.742,20.742,7985,0
20131202,20.66,20.722,20.335,20.605,10323,0
20131203,20.425,20.588,20.317,20.317,24394,0
20131204,20.29,20.29,19.84,20.182,10579,0
20131205,20.11,20.11,19.848,20.02,8583,0
20131206,19.848,19.856,19.84,19.856,10013,0
20131209,19.856,19.885,19.524,19.795,6505,0
20131210,20.02,20.02,19.56,19.703,10173,0
20131211,20.065,20.065,19.569,19.875,9096,0
20131212,19.75,19.795,19.569,19.75,2356,0
20131213,20.11,20.29,19.84,20.226,13418,0
20131216,19.795,20.02,19.623,20.02,7213,0
20131217,19.93,19.93,19.658,19.658,10707,0
20131218,19.84,19.84,19.586,19.586,2661,0
20131219,19.885,19.885,19.524,19.84,765,0
20131220,19.586,19.75,19.586,19.75,5842,0
20131223,19.613,19.703,19.613,19.658,9372,0
20131224,19.658,19.75,19.658,19.75,4746,0
20131226,19.658,19.703,19.569,19.577,6972,0
20131227,19.703,19.83,19.596,19.83,3482,0
20131230,19.93,19.93,19.84,19.93,2689,0
20131231,20.056,20.38,20.056,20.38,31183,0
20140102,20.065,20.515,20.065,20.453,4047,0
20140103,20.732,20.732,20.597,20.597,444,0
20140106,20.677,20.722,20.569,20.722,7130,0
20140107,20.722,20.722,20.56,20.605,14820,0
20140108,20.56,20.56,20.335,20.552,2683,0
20140109,20.966,20.966,20.56,20.56,4358,0
20140110,20.948,20.948,20.317,20.742,2827,0
20140113,20.742,20.742,20.47,20.515,14340,0
20140114,20.742,20.742,20.742,20.742,6875,0
20140115,20.742,20.877,20.65,20.66,17068,0
20140116,20.877,20.877,20.38,20.38,14886,0
20140117,20.742,20.742,20.705,20.705,2417,0
20140121,20.742,20.742,20.65,20.742,10217,0
20140122,20.742,20.742,20.588,20.605,32970,0
20140123,20.605,20.605,20.488,20.56,17101,0
20140124,20.515,20.56,20.47,20.533,22000,0
20140127,20.763,20.783,20.459,20.478,5864,0
20140128,20.599,20.607,20.422,20.469,23274,0
20140129,20.727,20.727,20.34,20.459,13221,0
20140130,20.459,20.459,20.294,20.422,4502,0
20140131,20.35,20.921,20.284,20.921,9501,0
20140203,20.717,20.717,20.395,20.469,5035,0
20140204,20.616,20.616,20.156,20.497,38846,0
20140205,20.284,20.284,20.146,20.192,13617,0
20140206,20.174,20.284,20.128,20.275,6880,0
20140207,20.165,20.266,20.008,20.238,16937,0
20140210,20.174,20.616,20.174,20.266,38540,0
20140211,20.312,20.432,20.248,20.33,59575,0
20140212,20.367,20.469,20.284,20.33,27099,0
20140213,20.33,20.506,20.304,20.487,24437,0
20140214,20.57,20.717,20.432,20.717,16589,0
20140218,20.717,20.948,20.717,20.855,32805,0
20140219,20.939,20.948,20.653,20.921,36741,0
20140220,20.801,20.939,20.524,20.911,14647,0
20140221,20.911,20.911,20.653,20.746,67471,0
20140224,20.746,20.801,20.635,20.635,18937,0
20140225,20.699,20.773,20.699,20.746,10413,0
20140226,20.737,20.885,20.653,20.801,22894,0
20140227,20.801,20.893,20.783,20.819,3298,0
20140228,20.746,20.865,20.653,20.792,21576,0
20140303,20.783,20.977,20.653,20.717,50187,0
20140304,20.809,20.931,20.727,20.829,23388,0
20140305,20.801,20.875,20.717,20.801,31616,0
20140306,20.801,20.865,20.755,20.792,14048,0
20140307,20.773,20.875,20.727,20.801,9035,0
20140310,20.838,20.855,20.809,20.838,3641,0
20140311,20.755,20.855,20.709,20.855,7807,0
20140312,20.809,20.865,20.809,20.838,760,0
20140313,20.885,21.023,20.746,20.819,15141,0
20140314,20.838,20.948,20.792,20.911,15858,0
20140317,20.885,20.911,20.727,20.911,32234,0
20140318,20.921,21.419,20.727,21.345,41129,0
20140319,21.327,21.594,21.069,21.501,20863,0
20140320,21.161,21.575,21.161,21.575,12196,0
20140321,21.603,21.898,21.492,21.492,10064,0
20140324,21.76,21.862,21.465,21.659,9961,0
20140325,21.622,21.76,21.575,21.751,13073,0
20140326,21.898,21.944,21.723,21.815,6508,0
20140327,21.63,21.852,21.63,21.806,11860,0
20140328,21.806,21.934,21.668,21.797,4160,0
20140331,21.806,21.87,21.714,21.87,6757,0
20140401,21.852,21.944,21.769,21.824,23216,0
20140402,21.852,21.862,21.76,21.76,11280,0
20140403,21.705,21.898,21.705,21.852,13037,0
20140404,21.963,22.018,21.676,21.879,12429,0
20140407,21.824,22,21.806,21.963,9707,0
20140408,21.944,22.036,21.862,21.925,20076,0
20140409,22.018,22.018,21.879,21.944,9441,0
20140410,21.797,22.451,21.797,22.009,6319,0
20140411,22.064,22.22,21.944,22.036,7564,0
20140414,22.304,22.304,22.128,22.266,3471,0
20140415,22.276,22.405,22.174,22.368,29913,0
20140416,22.396,22.405,21.944,22.295,14103,0
20140417,22.387,22.387,22.266,22.387,8403,0
20140421,22.368,22.442,22.286,22.405,48767,0
20140422,22.405,22.811,22.35,22.581,44473,0
20140423,22.581,22.682,22.405,22.654,38288,0
20140424,22.589,22.682,22.358,22.635,37086,0
20140425,22.824,22.824,22.429,22.692,22920,0
20140428,22.588,23.398,22.588,22.805,69185,0
20140429,23.097,23.097,22.57,22.871,45775,0
20140430,22.843,22.843,22.777,22.777,5463,0
20140501,22.777,22.777,22.682,22.682,2943,0
20140502,22.852,22.918,22.674,22.682,20380,0
20140505,22.692,22.824,22.692,22.815,4559,0
20140506,22.777,22.795,22.701,22.777,6296,0
20140507,22.777,22.777,22.701,22.701,3140,0
20140508,22.701,22.805,22.645,22.786,18517,0
20140509,22.692,22.824,22.664,22.777,6524,0
20140512,22.805,22.833,22.721,22.777,3098,0
20140513,22.729,22.777,22.729,22.777,7554,0
20140514,22.852,22.899,22.748,22.824,8478,0
20140515,22.739,22.871,22.729,22.777,35610,0
20140516,22.909,22.909,22.862,22.909,4070,0
20140519,22.918,22.966,22.899,22.966,15172,0
20140520,22.984,23.04,22.871,23.04,5716,0
20140521,23.097,23.201,23.021,23.201,14041,0
20140522,24.095,24.095,23.078,23.154,13578,0
20140523,23.248,23.248,22.993,23.097,7559,0
20140527,23.238,23.248,23.154,23.248,4510,0
20140528,23.248,23.323,23.248,23.323,3288,0
20140529,23.285,23.323,23.154,23.248,7362,0
20140530,23.201,23.201,23.06,23.191,8246,0
20140602,23.256,23.256,23.097,23.238,23748,0
20140603,23.115,23.201,23.115,23.162,4221,0
20140604,23.162,23.219,23.078,23.182,4863,0
20140605,23.323,23.323,23.144,23.201,25931,0
20140606,23.162,23.229,23.162,23.209,1663,0
20140609,23.229,23.417,23.209,23.342,8357,0
20140610,23.342,23.407,23.209,23.342,7544,0
20140611,23.248,23.342,23.248,23.342,7225,0
20140612,23.248,23.342,23.248,23.342,9436,0
20140613,23.342,23.342,23.323,23.332,1806,0
20140616,23.342,23.389,23.313,23.38,5450,0
20140617,23.407,23.407,23.295,23.295,10603,0
20140618,23.295,23.332,23.266,23.266,15318,0
20140619,23.323,23.36,23.295,23.323,19751,0
20140620,23.389,24.048,23.36,23.436,8685,0
20140623,23.53,23.53,23.38,23.389,1062,0
20140624,23.398,23.474,23.248,23.36,14964,0
20140625,23.389,23.398,23.389,23.398,1487,0
20140626,23.427,23.427,23.332,23.389,50245,0
20140627,23.454,23.454,23.342,23.389,11078,0
20140630,23.53,23.568,23.389,23.427,3018,0
20140701,23.577,23.615,23.436,23.595,17124,0
20140702,23.53,23.719,23.53,23.709,21144,0
20140703,23.624,23.672,23.53,23.539,4012,0
20140707,23.539,23.539,23.483,23.53,8980,0
20140708,23.53,23.568,23.53,23.548,4239,0
20140709,23.539,23.615,23.492,23.615,37282,0
20140710,23.577,23.624,23.454,23.454,11345,0
20140711,23.539,23.558,23.539,23.558,1967,0
20140714,23.577,23.605,23.577,23.605,4993,0
20140715,23.586,23.605,23.53,23.539,13818,0
20140716,23.595,23.595,23.558,23.577,10465,0
20140717,23.558,23.605,23.313,23.313,20996,0
20140718,23.483,23.577,23.474,23.577,16130,0
20140721,23.577,23.615,23.577,23.615,2656,0
20140722,23.577,23.662,23.577,23.642,234941,0
20140723,23.719,23.719,23.539,23.672,19171,0
20140724,23.672,23.672,23.624,23.652,23083,0
20140725,23.786,23.844,23.624,23.834,41117,0
20140728,23.748,23.864,23.672,23.864,16756,0
20140729,23.738,23.912,23.71,23.864,19648,0
20140730,23.882,23.882,23.624,23.786,15523,0
20140731,23.768,23.912,23.71,23.912,18495,0
20140801,23.758,23.912,23.758,23.912,2672,0
20140804,23.912,24.122,23.892,23.998,13317,0
20140805,23.844,23.988,23.844,23.892,3313,0
20140806,23.969,23.978,23.825,23.882,9961,0
20140807,23.969,24.2,23.969,24.152,15718,0
20140808,23.96,23.969,23.96,23.969,979,0
20140811,24.094,24.094,24.017,24.046,2741,0
20140812,24.094,24.094,23.96,24.008,7222,0
20140813,23.882,23.882,23.882,23.882,1041,0
20140814,24.065,24.248,24.065,24.228,3905,0
20140815,24.122,24.122,24.008,24.094,4582,0
20140818,24.026,24.056,23.988,24.017,4972,0
20140819,23.96,24.008,23.96,24.008,1249,0
20140820,23.988,24.065,23.988,24.065,1873,0
20140821,24.008,24.104,23.96,23.96,2671,0
20140822,24.104,24.122,23.988,24.008,4822,0
20140825,24.008,24.17,24.008,24.084,7289,0
20140826,24.056,24.238,24.056,24.152,10456,0
20140827,24.238,24.248,24.17,24.17,7460,0
20140828,24.122,24.238,24.094,24.094,9372,0
20140829,24.094,24.248,24.094,24.248,6149,0
20140902,24.228,24.228,24.152,24.152,6539,0
20140903,24.19,24.2,24.122,24.142,3828,0
20140904,24.132,24.248,24.104,24.104,13058,0
20140905,24.056,24.142,24.056,24.142,8131,0
20140908,24.17,24.218,24.065,24.152,4836,0
20140909,24.113,24.248,24.104,24.209,16975,0
20140910,24.228,24.228,24.008,24.008,13748,0
20140911,24.074,24.142,24.017,24.026,7728,0
20140912,24.084,24.122,24.056,24.056,5519,0
20140915,24.008,24.084,24.008,24.084,3249,0
20140916,24.084,24.104,24.026,24.074,13457,0
20140917,24.074,24.2,24.065,24.2,4270,0
20140918,24.142,24.152,24.132,24.142,10171,0
20140919,24.228,24.228,24.142,24.142,1065,0
20140922,24.036,24.094,24.036,24.065,2083,0
20140923,24.104,24.104,24.084,24.084,729,0
20140924,24.104,24.113,24.104,24.104,4811,0
20140925,24.113,24.2,24.113,24.18,4436,0
20140926,24.104,24.122,24.104,24.122,573,0
20140929,24.084,24.084,24.065,24.084,16016,0
20140930,24.152,24.152,24.065,24.065,752,0
20141001,24.084,24.152,24.084,24.152,1010,0
20141002,24.084,24.113,24.084,24.113,1187,0
20141003,24.122,24.132,24.084,24.104,3357,0
20141006,24.084,24.238,24.084,24.238,5328,0
20141007,24.2,24.2,24.104,24.104,3540,0
20141008,24.209,24.238,24.17,24.218,4120,0
20141009,24.152,24.152,24.008,24.008,8122,0
20141010,24.017,24.017,23.748,23.796,6039,0
20141013,23.672,23.72,22.807,22.807,24028,0
20141014,22.797,22.797,17.91,20.944,137897,0
20141015,21.203,22.125,20.848,22.039,21587,0
20141016,22.183,23.335,22.183,23.335,23230,0
20141017,23.518,23.527,23.498,23.518,1614,0
20141020,23.527,23.527,23.21,23.412,7295,0
20141021,23.508,23.527,23.306,23.518,15547,0
20141022,23.527,23.624,23.335,23.508,11657,0
20141023,23.537,24.008,23.537,24.008,15654,0
20141024,24.008,24.008,23.72,23.998,5967,0
20141027,23.998,24.243,23.998,24.155,8333,0
20141028,24.184,24.194,24.184,24.194,2500,0
20141029,24.194,24.194,23.91,24.184,6383,0
20141030,24.174,24.174,23.812,24.008,3470,0
20141031,24.008,24.478,23.91,24.066,7023,0
20141103,24.047,24.223,24.047,24.204,3569,0
20141104,24.253,24.253,23.949,24.155,1199,0
20141105,24.184,24.253,24.184,24.223,1454,0
20141106,23.861,24.272,23.861,24.272,969,0
20141107,24.204,24.204,23.919,24.076,4654,0
20141110,24.204,24.204,24.008,24.194,6817,0
20141111,24.194,24.194,24.106,24.106,2147,0
20141112,24.194,24.292,24.194,24.292,5169,0
20141113,24.282,24.282,24.282,24.282,898,0
20141114,24.351,24.38,24.253,24.341,17308,0
20141117,24.302,24.341,24.106,24.341,9986,0
20141118,24.057,24.321,24.057,24.282,1756,0
20141119,24.311,24.311,24.057,24.066,7657,0
20141120,24.155,24.272,24.076,24.253,7975,0
20141121,24.066,24.311,24.066,24.302,2516,0
20141124,24.311,24.321,24.302,24.321,3419,0
20141125,24.253,24.39,24.086,24.311,3578,0
20141126,24.155,24.282,23.91,24.155,9895,0
20141128,23.508,23.733,23.508,23.733,4164,0
20141201,23.821,23.9,23.527,23.606,14091,0
20141202,23.763,23.782,23.763,23.772,2951,0
20141203,23.694,23.929,23.645,23.645,1531,0
20141204,24.429,24.429,23.723,24.008,8119,0
20141205,23.998,23.998,23.753,23.753,1799,0
20141208,23.743,24.008,22.9,23.4,18224,0
20141209,23.047,23.498,22.548,23.322,9314,0
20141210,23.42,23.42,22.891,23.028,5113,0
20141211,23.322,23.322,23.126,23.126,9155,0
20141212,23.253,23.42,23.253,23.42,4490,0
20141215,23.42,24.008,23.42,23.988,7909,0
20141216,23.978,24.008,23.763,23.763,23237,0
20141217,23.929,23.929,23.449,23.518,4592,0
20141218,23.567,24.008,23.371,23.91,3156,0
20141219,23.988,23.988,23.429,23.567,1184,0
20141222,23.567,23.645,23.567,23.645,1151,0
20141223,23.616,23.998,23.616,23.998,1475,0
20141224,23.998,24.027,23.988,23.998,4256,0
20141226,24.164,24.164,23.9,24.164,5802,0
20141229,24.213,24.213,23.939,24.047,2922,0
20141230,24.057,24.106,23.802,23.812,3087,0
20150105,23.841,24.027,23.841,24.027,2041,0
20150106,24.017,24.213,24.017,24.057,9685,0
20150107,24.106,24.194,24.017,24.194,3724,0
20150108,24.174,24.292,24.008,24.125,11750,0
20150109,24.184,24.292,24.096,24.204,3427,0
20150112,24.253,24.351,24.174,24.351,4645,0
20150113,24.351,24.468,24.253,24.468,2347,0
20150114,24.449,24.449,24.4,24.419,6948,0
20150115,24.36,24.498,24.351,24.498,3164,0
20150116,24.498,24.576,24.38,24.38,6502,0
20150120,24.409,24.566,24.155,24.547,9476,0
20150121,24.498,24.498,24.253,24.253,2021,0
20150122,24.498,24.498,24.164,24.164,6746,0
20150123,24.4,24.4,24.106,24.125,8812,0
20150126,24.429,24.498,24.38,24.38,1398,0
20150127,24.25,24.37,24.19,24.37,1521,0
20150128,24.3,24.33,24.2,24.2,5295,0
20150129,24.35,24.35,24.2,24.35,2925,0
20150130,24.25,24.33,24.2,24.2,1884,0
20150202,24.34,24.35,24.34,24.35,1360,0
20150203,24.42,24.53,24.22,24.53,6487,0
20150204,24.26,24.53,24.11,24.4,8165,0
20150205,24.52,24.62,24.3,24.48,9796,0
20150206,24.38,24.55,24.38,24.55,242,0
20150209,24.41,24.44,24.41,24.44,1950,0
20150210,24.45,24.51,24.22,24.4,12281,0
20150211,24.25,24.5,24.25,24.49,2625,0
20150212,24.5,24.56,24.5,24.5,3113,0
20150213,24.55,24.59,24.4,24.4,2880,0
20150217,24.49,24.71,24.45,24.6,11382,0
20150218,24.62,24.89,24.62,24.85,5854,0
20150219,24.88,24.89,24.76,24.89,10673,0
20150220,24.89,25,24.75,24.99,9580,0
20150223,24.79,24.98,24.79,24.9,4480,0
20150224,24.97,25,24.97,25,1225,0
20150225,24.88,24.98,24.6,24.8,6470,0
20150226,24.8,24.96,24.8,24.96,3991,0
20150227,24.94,25,24.85,24.97,11325,0
20150302,24.9,24.99,24.85,24.99,3090,0
20150303,24.99,25,24.99,25,1081,0
20150304,24.904,25,24.9,25,30135,0
20150305,25,25,24.848,24.973,14136,0
20150306,25,25,24.8,25,12705,0
20150309,25,25,24.85,25,6170,0
20150310,25,25,24.85,24.99,2650,0
20150311,25,25.32,25,25.29,18180,0
20150312,24.92,25.28,24.92,25.15,7754,0
20150313,25.12,25.22,25.12,25.16,3300,0
20150316,25.19,25.23,25.051,25.23,1981,0
20150317,25.2,25.217,25.18,25.19,6906,0
20150318,25.263,25.58,25.25,25.547,9120,0
20150319,25.4,25.4,25.2,25.38,3640,0
20150320,25.38,25.52,25.3,25.44,6489,0
20150323,25.64,25.64,25.25,25.45,6240,0
20150324,25.52,25.52,25.35,25.48,2200,0
20150325,25.48,25.58,25.25,25.58,11785,0
20150326,25.51,25.68,25.51,25.68,2480,0
20150327,25.371,25.63,25.371,25.604,3753,0
20150330,25.59,25.61,25.29,25.4,1557,0
20150331,25.4,25.701,25.322,25.701,6709,0
20150401,25.374,25.59,25.374,25.58,4335,0
20150402,25.58,25.59,25.58,25.58,980,0
20150406,25.57,25.59,25.341,25.341,1590,0
20150407,25.59,25.59,25.33,25.59,961,0
20150408,25.41,25.5,25.4,25.4,1760,0
20150409,25.57,25.57,25.57,25.57,101,0
20150410,25.57,25.6,25.54,25.558,3220,0
20150413,25.28,25.355,25.28,25.355,899,0
20150414,25.56,25.57,25.31,25.31,3800,0
20150415,25.58,25.58,25.499,25.499,1250,0
20150416,25.57,25.58,25.33,25.496,3795,0
20150417,25.5,25.67,25.4,25.67,6194,0
20150420,25.58,25.67,25.437,25.66,3600,0
20150421,25.45,25.67,25.45,25.45,17605,0
20150422,25.61,25.61,25.21,25.486,9700,0
20150423,25.5,25.6,25.5,25.59,2365,0
20150424,25.56,25.57,25.3,25.5,11608,0
20150427,25.19,25.19,25.06,25.18,5940,0
20150428,25.68,25.68,25.18,25.4,3401,0
20150429,25.3,25.3,25.153,25.17,3170,0
20150430,25.25,25.25,25.05,25.137,28679,0
20150501,25.07,25.1,24.99,25.1,17300,0
20150504,25.15,25.15,25.07,25.08,2800,0
20150505,25.1,25.21,24.98,25.045,13075,0
20150506,25.12,25.12,24.78,25,4260,0
20150507,25,25.01,25,25,1100,0
20150508,25.02,25.15,25.02,25.129,4296,0
20150511,25.129,25.18,25.01,25.15,5474,0
20150512,25.14,25.15,25.09,25.1,6840,0
20150513,25.15,25.25,25.136,25.136,1127,0
20150514,25.19,25.19,25.15,25.182,700,0
20150515,25.121,25.25,25.12,25.13,5820,0
20150518,25.25,25.25,25.1,25.17,3218,0
20150519,25.13,25.25,25.11,25.15,6450,0
20150520,25.2,25.25,25.18,25.25,4530,0
20150521,25.13,25.2,25.13,25.2,1500,0
20150522,25.201,25.25,25.192,25.25,4161,0
20150526,25.25,25.25,25.25,25.25,1120,0
20150527,25.121,25.15,25.121,25.15,1700,0
20150528,25.123,25.162,25.12,25.143,3858,0
20150529,25.17,25.3,25.17,25.19,4682,0
20150601,25.17,25.19,25.15,25.15,2200,0
20150602,25.15,25.25,25.05,25.095,3390,0
20150603,25.07,25.07,25,25,1000,0
20150604,25.15,25.177,25.02,25.02,2700,0
20150605,25.02,25.2,25.02,25.2,3150,0
20150608,25.2,25.2,25.2,25.2,300,0
20150609,25.19,25.4,25.085,25.15,3400,0
20150610,25.2,25.2,25.163,25.18,1800,0
20150611,25.2,25.53,25.2,25.4,15900,0
20150612,25.4,25.4,25.4,25.4,402,0
20150615,26.079,26.079,25.343,25.4,1500,0
20150616,25.8,25.8,25.8,25.8,100,0
20150617,25.3,25.31,25.3,25.3,800,0
20150618,25.26,25.27,25.26,25.27,980,0
20150619,25.28,25.37,25.28,25.37,300,0
20150622,25.23,25.33,25.23,25.33,7000,0
20150623,25.33,25.33,25.25,25.25,300,0
20150624,25.423,25.423,25.423,25.423,500,0
20150625,25.25,25.4,25.25,25.39,1850,0
20150626,25.25,25.4,25.25,25.4,480,0
20150629,25.2,25.2,24.81,24.842,11309,0
20150630,25.098,25.098,25.05,25.05,350,0
20150701,25.13,25.25,25.13,25.25,5100,0
20150702,24.87,25.263,24.87,25.263,11000,0
20150706,25.35,25.35,25.094,25.26,2270,0
20150707,25.06,25.15,25.04,25.11,16155,0
20150708,25.06,25.3,25.02,25.25,5330,0
20150709,25.06,25.275,25,25.01,4690,0
20150710,25.15,25.25,25.06,25.14,12340,0
20150713,25.25,25.36,25.25,25.27,3350,0
20150714,25.38,25.38,25.22,25.228,2500,0
20150715,25.3,25.4,25.21,25.25,1300,0
20150716,25.3,25.3,25.21,25.21,3340,0
20150717,25.23,25.3,25.23,25.3,560,0
20150720,25.4,25.4,25.226,25.226,2101,0
20150721,25.4,25.4,25.35,25.35,610,0
20150722,25.33,25.33,25.2,25.23,1838,0
20150723,25.23,25.32,25.077,25.15,10330,0
20150724,25.11,25.32,25.1,25.1,9780,0
20150727,24.7,24.88,24.6,24.88,4931,0
20150728,24.75,24.75,24.66,24.66,1925,0
20150729,24.66,24.839,24.66,24.839,500,0
20150730,24.88,24.89,24.8,24.8,3180,0
20150731,24.8,24.8,24.78,24.8,1927,0
20150803,24.74,24.8,24.521,24.521,4706,0
20150804,24.711,24.92,24.711,24.85,1300,0
20150805,24.931,24.931,24.77,24.88,2400,0
20150806,24.77,24.98,24.77,24.98,2100,0
20150807,24.71,24.8,24.65,24.785,2795,0
20150810,24.68,24.703,24.66,24.703,1100,0
20150811,24.57,24.57,24.57,24.57,300,0
20150813,24.612,24.612,24.6,24.601,2300,0
20150814,24.622,24.643,24.62,24.643,1900,0
20150817,24.65,24.85,24.65,24.716,3873,0
20150818,24.62,24.65,24.62,24.65,4137,0
20150819,24.65,24.65,24.65,24.65,200,0
20150820,24.57,24.57,24.51,24.51,6474,0
20150821,24.6,24.6,24.51,24.6,4720,0
20150824,24.5,24.5,23.42,24.142,8665,0
20150825,24.3,24.56,24.15,24.25,2710,0
20150826,24.272,24.65,24.272,24.65,840,0
20150827,24.5,24.5,24.3,24.3,880,0
20150828,24.29,24.36,24.29,24.36,1900,0
20150831,24.55,24.55,24.16,24.16,6480,0
20150901,24.1,24.1,23.889,23.889,6010,0
20150902,24,24.401,23.87,24.39,10895,0
20150903,24.38,24.4,24.11,24.4,5429,0
20150904,24.4,24.4,24.4,24.4,950,0
20150909,24.6,24.6,24.6,24.6,1151,0
20150910,24.4,24.44,24.199,24.199,724,0
20150911,24.336,24.4,24.336,24.4,1253,0
20150914,24.41,24.41,24.41,24.41,100,0
20150915,24.42,24.54,24.42,24.499,400,0
20150916,24.409,24.409,24.4,24.4,400,0
20150918,24.306,24.306,24.306,24.306,800,0
20150921,24.473,24.473,23.9,23.9,2100,0
20150922,24,24.34,24,24.29,4800,0
20150924,24.1,24.401,24,24.401,6260,0
20150925,24.48,24.511,24.48,24.511,250,0
20150928,24.35,24.35,24.03,24.03,2260,0
20150929,24.35,24.39,24.34,24.39,3440,0
20150930,24.39,24.45,24.39,24.45,440,0
20151001,24.45,24.5,24.45,24.5,2780,0
20151005,24.41,24.53,24.41,24.529,800,0
20151006,24.59,24.6,24.5,24.5,1200,0
20151008,24.4,24.42,24.4,24.42,500,0
20151009,24.6,24.6,24.5,24.58,5399,0
20151012,24.529,24.6,24.529,24.6,2350,0
20151013,24.56,24.65,24.56,24.65,6330,0
20151014,24.65,24.75,24.65,24.75,2702,0
20151015,24.75,24.75,24.739,24.75,950,0
20151016,24.642,24.642,24.642,24.642,1000,0
20151019,24.601,24.75,24.6,24.74,1980,0
20151020,24.74,24.74,24.66,24.72,1300,0
20151021,24.74,25.03,24.74,25,2461,0
20151022,25,25,24.89,24.89,834,0
20151023,25.25,25.25,25.25,25.25,200,0
20151026,25.143,25.143,24.888,25.09,4601,0
20151027,24.75,24.75,24.119,24.65,3630,0
20151028,24.93,24.93,24.521,24.521,559,0
20151029,24.5,24.55,24.15,24.5,2609,0
20151030,24.5,24.81,24.499,24.81,4639,0
20151102,24.635,24.68,24.635,24.68,600,0
20151103,24.502,24.658,24.502,24.55,1650,0
20151104,24.496,24.5,24.4,24.4,2642,0
20151105,24.4,24.471,24.4,24.471,1500,0
20151106,24.4,24.846,24.4,24.846,3026,0
20151110,24.7,24.75,24.7,24.75,500,0
20151112,24.58,24.59,24.41,24.51,3050,0
20151117,24.49,24.79,24.49,24.7,894,0
20151118,24.704,24.704,24.704,24.704,1250,0
20151119,24.42,24.45,24.25,24.25,2050,0
20151120,24.32,24.71,24.22,24.7,14030,0
20151123,24.19,24.55,23.99,24.37,18335,0
20151124,24.36,24.58,24.36,24.39,3710,0
20151125,24.091,24.38,24.091,24.131,1025,0
20151127,24.4,24.45,24.05,24.05,3875,0
20151130,24.415,24.8,24.415,24.45,1045,0
20151201,24.39,24.8,24.39,24.5,996,0
20151202,24.4,24.42,24.05,24.05,3371,0
20151203,24.07,24.07,23.8,23.8,3745,0
20151207,23.89,23.89,23.32,23.38,11820,0
20151208,23.5,23.81,23.21,23.5,7896,0
20151209,23.62,23.94,23.584,23.89,7232,0
20151210,24.098,24.12,23.832,23.85,950,0
20151211,24.08,24.1,23.891,24.04,600,0
20151214,23.881,23.901,23.88,23.9,1160,0
20151215,24,24.05,23.63,24.05,5825,0
20151216,23.824,24,23.82,23.88,2150,0
20151217,24.05,24.063,23.5,23.7,11393,0
20151218,23.68,23.68,23.633,23.633,1000,0
20151221,23.56,23.78,23,23.27,5441,0
20151222,23.31,23.47,23.01,23.47,2450,0
20151223,23.5,23.75,23.39,23.75,650,0
20151224,23.73,23.73,23.73,23.73,100,0
20151228,23.6,23.64,23.4,23.4,400,0
20151229,23.344,23.85,23.344,23.64,1854,0
20151230,24.01,24.32,23.8,23.96,4607,0
20151231,23.96,23.96,23.96,23.96,165,0
20160104,23.96,24.15,23.96,24.15,9231,0
20160105,24.37,24.68,24.22,24.35,9029,0
20160106,24.3,24.5001,23.98,24.35,5307,0
20160107,24.03,24.45,23.9701,24,4395,0
20160111,24.04,24.1,23.51,23.55,9344,0
20160112,23.55,23.6,20.81,22,44550,0
20160113,21.62,22.0282,21.37,21.8529,10845,0
20160114,21.7,22.3499,21.11,22.28,11791,0
20160115,21.7,22.28,21.514,22.28,3600,0
20160119,22.3,22.3,22.3,22.3,0,0
20160120,22.3,22.3,20.4984,21.6313,21576,0
20160121,20.96,22.4156,20.96,22.08,4144,0
20160122,22.69,22.785,22.22,22.22,2160,0
20160125,22.22,22.68,22.22,22.23,2332,0
20160126,22.55,22.9469,22.5451,22.65,4097,0
20160127,22.3,22.38,22.07,22.07,6169,0
20160128,22.06,22.25,22,22.25,2220,0
20160129,22.25,22.27,21.55,21.55,466,0
20160201,21.81,22.1899,21.6,21.9773,2110,0
20160202,21.7513,21.7513,21.7513,21.7513,440,0
20160203,21.5701,22.1,21.57,22.05,8352,0
20160204,21.8039,22.35,21.8,22.35,2207,0
20160205,22.5,22.51,22.05,22.05,2090,0
20160208,21.6,21.7,21.5,21.5,2103,0
20160209,21.5702,21.5702,21.5,21.5,1567,0
20160210,21.51,21.696,21.51,21.6537,2811,0
20160211,21.5,21.8,20.85,21.8,5067,0
20160212,21.81,22.076,21.81,22.05,7828,0
20160216,22.15,22.15,22.1,22.15,638,0
20160217,22.5,22.5495,21.75,22.1053,5807,0
20160218,22.35,22.35,21.7705,21.7705,1160,0
20160219,21.8499,22.19,21.75,22.09,3379,0
20160222,22.1001,22.56,22.1001,22.4799,3860,0
20160223,22.7549,22.7549,22.25,22.27,2481,0
20160224,22.25,22.379,22.25,22.3015,1446,0
20160226,22.4495,22.5232,22.4495,22.5232,1050,0
20160229,22.4,22.5,22.3,22.3,9648,0
20160301,23.14,23.14,22.32,22.5,1352,0
20160302,22.95,22.966,22.5,22.5,7178,0
20160303,22.746,22.7499,22.64,22.67,1855,0
20160304,22.74,23.38,22.7,23,9088,0
20160307,23.2,23.37,22.84,23.37,3861,0
20160308,23.03,23.34,23.03,23.2,2113,0
20160309,22.97,23.01,22.825,23,561,0
20160310,22.9999,23.01,22.615,22.9999,2454,0
20160311,23.1819,23.312,23.0331,23.312,1887,0
20160314,23.34,23.4799,23.289,23.47,3841,0
20160315,23.23,23.94,23.03,23.93,10503,0
20160316,23.92,24.12,23.702,23.86,23550,0
20160317,24.1,24.1,23.5,24.04,4222,0
20160318,24.112,24.18,23.5,23.8272,6634,0
20160321,23.57,23.9,23.55,23.9,1660,0
20160322,23.9,24.81,23.9,24.2729,10280,0
20160323,24.324,24.342,24.25,24.25,1170,0
20160324,24.01,24.57,23.86,24.466,7796,0
20160328,24.43,24.43,23.85,24.2199,5281,0
20160329,24.31,24.49,23.92,24.49,6595,0
20160330,23.93,24.485,23.2,24.485,4445,0
20160331,24.4965,24.4965,24.4965,24.4965,306,0
20160401,24.004,24.004,24.004,24.004,250,0
20160404,24.0698,24.37,24.0501,24.2,1514,0
20160405,24.2775,24.47,24.0501,24.47,2281,0
20160406,24.47,24.47,24.33,24.47,2920,0
20160408,24.3961,24.4,24.3961,24.4,575,0
20160411,24.4899,24.74,24.35,24.74,2539,0
20160412,24.75,24.9599,24.7,24.7,6370,0
20160413,24.7399,24.75,24.7399,24.75,1800,0
20160414,24.7,24.7399,24.44,24.7399,7243,0
20160415,24.7001,24.7001,24.562,24.571,2275,0
20160418,24.664,24.78,24.664,24.7575,5935,0
20160419,24.681,24.78,24.5799,24.7,5471,0
20160420,24.76,24.78,24.65,24.78,2561,0
20160421,24.77,24.79,24.4,24.4,6072,0
20160422,24.77,24.77,24.5918,24.7699,2907,0
20160425,24.78,24.86,24.69,24.69,11521,0
20160426,24.6936,24.96,24.6936,24.9,6779,0
20160427,24.57,24.59,24.3301,24.3301,7568,0
20160428,24.5201,24.76,24.2601,24.55,13392,0
20160429,24.6481,24.6481,24.565,24.565,890,0
20160502,24.6449,24.6449,24.6449,24.6449,312,0
20160504,24.5999,24.5999,24.2201,24.2201,2490,0
20160505,23.62,24.4,22.94,24.21,17187,0
20160506,24.54,24.57,24.38,24.38,3252,0
20160509,24.26,24.51,24.241,24.28,2317,0
20160510,24.51,24.52,24.31,24.52,3220,0
20160511,24.52,24.6,24.3128,24.59,7288,0
20160512,24.6,24.6,24.37,24.6,2746,0
20160513,24.25,24.73,24.25,24.725,800,0
20160516,24.55,24.73,24.4,24.6,4821,0
20160517,24.66,24.66,24.66,24.66,100,0
20160518,24.7286,24.7286,24.65,24.65,3188,0
20160519,24.6015,24.7,24.6015,24.7,1624,0
20160523,24.7,24.7,24.5399,24.64,3061,0
20160524,24.6985,24.7,24.31,24.7,3554,0
20160525,24.68,24.68,24.361,24.55,1068,0
20160526,24.668,24.74,24.668,24.73,1405,0
20160527,24.71,24.9001,24.6001,24.6501,3099,0
20160531,24.7999,24.95,24.7001,24.94,3353,0
20160601,24.7899,25.14,24.7799,25,42002,0
20160602,24.84,25.1299,24.82,25.01,4864,0
20160603,25.06,25.69,24.9099,25.05,29320,0
20160606,25.4,25.41,25.15,25.3,11662,0
20160607,25.39,25.39,25.19,25.208,7700,0
20160608,25.2,25.3,25.1301,25.155,4402,0
20160609,25.15,25.15,25.1152,25.14,933,0
20160613,25.1999,25.2,25.15,25.16,2714,0
20160614,25.11,25.15,25.05,25.05,6381,0
20160615,25.125,25.125,25.125,25.125,1253,0
20160616,25.101,25.24,25.05,25.1037,4961,0
20160617,25.0997,25.1201,25.0997,25.1201,524,0
20160620,25.12,25.12,24.7096,24.79,3938,0
20160621,24.86,25.05,24.81,24.81,1567,0
20160622,25.0001,25.146,25.0001,25.14,4490,0
20160623,25.1431,25.15,25.07,25.07,1630,0
20160624,24.79,24.99,24.79,24.9,5660,0
20160627,25,25,24.0086,24.12,32688,0
20160628,24.425,24.8267,24.35,24.65,5887,0
20160629,24.68,24.99,24.68,24.99,3050,0
20160630,24.99,25.042,24.77,24.9599,1292,0
20160701,24.98,24.98,24.8,24.98,1380,0
20160705,24.95,24.95,24.95,24.95,250,0
20160706,24.5,24.7226,24.42,24.48,38705,0
20160707,24.4978,24.72,24.4978,24.72,34866,0
20160708,24.8899,24.89,24.645,24.8599,6593,0
20160711,24.859,24.8599,24.83,24.85,1200,0
20160712,24.86,24.94,24.84,24.9299,5182,0
20160713,24.741,24.9299,24.741,24.909,1290,0
20160714,24.9192,24.92,24.85,24.92,10802,0
20160715,24.9255,25.29,24.8618,25.17,17641,0
20160718,25.17,25.38,25.01,25.38,6722,0
20160719,25.3,25.48,25.3,25.404,18792,0
20160720,25.43,25.48,25.4,25.41,2807,0
20160721,25.38,25.47,25.36,25.37,5323,0
20160722,25.43,25.5,25.3901,25.49,8844,0
20160725,25.52,25.52,25.464,25.52,8290,0
20160726,25.49,25.57,25.41,25.5599,24762,0
20160727,25.37,25.37,25.01,25.02,4883,0
20160728,25.07,25.16,25.04,25.05,3447,0
20160729,25.06,25.1001,25.0301,25.0401,5109,0
20160801,25.0573,25.24,25.03,25.1,11039,0
20160802,25.03,25.229,24.81,25.03,21096,0
20160803,25.03,25.12,25.0161,25.12,4732,0
20160804,25.06,25.163,25.03,25.1,6602,0
20160805,25.24,25.42,25.1,25.1201,8440,0
20160808,25.23,25.23,25.15,25.15,400,0
20160809,25.2081,25.2081,25.2081,25.2081,400,0
20160810,25.2,25.2,25.14,25.14,1870,0
20160811,25.15,25.1601,25.15,25.1601,763,0
20160815,25.13,25.2545,25.13,25.24,2006,0
20160816,25.24,25.24,25.1301,25.23,4476,0
20160817,25.2,25.2,25.165,25.165,393,0
20160818,25.134,25.16,25.134,25.16,800,0
20160819,25.2,25.2,25.1353,25.136,1386,0
20160822,25.19,25.19,25.15,25.1815,2405,0
20160823,25.16,25.18,25.14,25.1691,4150,0
20160824,25.15,25.22,25.15,25.185,6940,0
20160825,25.1823,25.3201,25.1823,25.28,3556,0
20160826,25.4,25.4899,25.22,25.39,3635,0
20160829,25.414,25.414,25.39,25.39,231,0
20160830,25.381,25.48,25.28,25.47,16483,0
20160831,25.4,25.4259,25.35,25.4,12773,0
20160901,25.4199,25.59,25.36,25.36,17475,0
20160906,25.54,25.54,25.535,25.535,1000,0
20160907,25.54,25.54,25.37,25.37,1432,0
20160908,25.54,25.54,25.42,25.43,14872,0
20160909,25.43,25.45,25.4,25.4,6842,0
20160912,25.43,25.43,25.42,25.43,1480,0
20160913,25.44,25.4679,25.37,25.37,5254,0
20160914,25.33,25.4141,25.27,25.4106,3550,0
20160915,25.35,25.45,25.27,25.45,3317,0
20160916,25.31,25.335,25.31,25.335,1300,0
20160919,25.37,25.53,25.37,25.53,5140,0
20160920,25.4,25.4999,25.38,25.44,11155,0
20160921,25.43,25.44,25.3,25.3,11250,0
20160922,25.49,25.54,25.34,25.45,7510,0
20160923,25.49,25.5,25.49,25.5,1400,0
20160926,25.35,25.4085,25.35,25.4,3102,0
20160927,25.3501,25.53,25.3501,25.525,5467,0
20160928,25.49,25.53,25.49,25.53,4447,0
20160929,25.525,25.525,25.46,25.46,2050,0
20161003,25.479,25.51,25.479,25.51,821,0
20161004,25.5,25.525,25.45,25.47,2799,0
20161005,25.49,25.54,25.49,25.54,1370,0
20161007,25.48,25.53,25.48,25.53,1350,0
20161010,25.54,25.55,25.5187,25.53,2320,0
20161012,25.54,25.54,25.5,25.5,3864,0
20161013,25.53,25.583,25.53,25.58,8680,0
20161014,25.56,25.56,25.5383,25.5383,1158,0
20161017,25.554,25.554,25.51,25.51,6900,0
20161018,25.5,25.55,25.5,25.51,2005,0
20161019,25.57,25.604,25.5201,25.6,5927,0
20161020,25.599,25.65,25.53,25.53,6840,0
20161021,25.58,25.65,25.55,25.64,10010,0
20161024,25.5629,25.6266,25.55,25.55,2290,0
20161025,25.5401,25.83,25.5401,25.83,9963,0
20161026,25.4,25.4,25.31,25.33,5850,0
20161027,25.354,25.354,25.3,25.305,1400,0
20161028,25.25,25.25,25.2,25.25,1200,0
20161031,25.22,25.36,25.22,25.3214,1503,0
20161101,25.2291,25.36,25.15,25.19,5664,0
20161102,25.18,25.18,24.72,25.0567,12959,0
20161103,25,25.0129,24.92,25.0129,3201,0
20161104,25.226,25.226,25.03,25.03,1300,0
20161107,25.147,25.147,24.906,24.906,2500,0
20161108,24.91,25,24.24,24.92,12858,0
20161109,24.92,24.92,24.8,24.84,1893,0
20161110,24.85,24.95,24.62,24.62,8723,0
20161111,24.9442,24.9442,24.6,24.7858,4675,0
20161114,24.75,24.75,24.6071,24.6071,1815,0
20161115,24.73,24.813,24.7,24.8,9900,0
20161116,24.837,25.0081,24.837,25.0081,2904,0
20161117,24.905,24.905,24.794,24.9,1703,0
20161118,25,25,24.85,24.85,500,0
20161121,25.078,25.078,24.86,24.9976,1500,0
20161122,25,25.0899,25,25.05,5600,0
20161123,25.015,25.015,24.95,24.95,350,0
20161125,25.08,25.1,25.04,25.04,3200,0
20161128,24.95,24.95,24.736,24.8,17545,0
20161129,24.95,25.189,24.95,25.18,6964,0
20161130,25.12,25.17,25.12,25.17,1690,0
20161201,25.1049,25.18,25.0101,25.17,7970,0
20161202,25.124,25.18,25.124,25.1254,2470,0
20161205,25.1502,25.19,25.1502,25.1893,1220,0
20161206,25.0515,25.0515,25.0515,25.0515,1000,0
20161207,25.07,25.101,25.07,25.101,920,0
20161208,25.1172,25.1712,25.1001,25.1712,1459,0
20161209,25.04,25.13,25.04,25.13,1308,0
20161212,25.17,25.33,25.168,25.17,3328,0
20161213,25.1432,25.2329,25.1432,25.19,3967,0
20161214,25.2572,25.2572,25.1866,25.1902,3790,0
20161215,25.0201,25.199,25.02,25.0504,1861,0
20161216,25.06,25.09,25.038,25.09,6300,0
20161219,25.3139,25.36,25.2266,25.25,5569,0
20161220,25.3,25.3,25.25,25.299,1500,0
20161221,25.25,25.39,25.1915,25.39,3790,0
20161222,25.25,25.2719,25.11,25.27,5780,0
20161223,25.11,25.11,25.11,25.11,600,0
20161227,25.165,25.39,25.165,25.3648,2529,0
20161228,25.2752,25.2752,25.1979,25.2724,1430,0
20170103,25.2514,25.49,25.25,25.315,7729,0
20170104,25.33,25.49,25.3,25.3,6280,0
20170106,25.48,25.79,25.455,25.51,1592,0
20170109,25.5,25.7017,25.5,25.5628,4380,0
20170110,25.51,25.51,25.51,25.51,1400,0
20170111,25.51,25.55,25.51,25.55,2100,0
20170112,25.51,25.5292,25.43,25.5292,6200,0
20170113,25.57,25.6123,25.4116,25.47,5199,0
20170117,25.62,25.62,25.4101,25.4101,3390,0
20170119,25.494,25.619,25.4348,25.482,6604,0
20170120,25.53,25.63,25.53,25.6299,2000,0
20170123,25.508,25.508,25.508,25.508,500,0
20170124,25.4,25.66,25.4,25.6513,4406,0
20170125,25.27,25.27,25.2,25.27,6360,0
20170126,25.28,25.398,25.26,25.35,9290,0
20170127,25.38,25.415,25.24,25.38,5560,0
20170130,25.3136,25.3244,25.3,25.3244,705,0
20170131,25.2,25.263,25.2,25.263,1263,0
20170201,25.181,25.2244,25.181,25.2244,595,0
20170202,25.2348,25.2452,25.17,25.1952,761,0
20170203,25.25,25.25,25.163,25.2317,1084,0
20170206,25.2795,25.2999,25.2775,25.29,1400,0
20170207,25.25,25.282,25.25,25.282,890,0
20170208,25.19,25.344,25.19,25.2,3228,0
20170209,25.344,25.344,25.344,25.344,400,0
20170210,25.37,25.37,25.3699,25.37,2390,0
20170213,25.37,25.37,25.362,25.362,1300,0
20170214,25.26,25.363,25.255,25.354,2150,0
20170215,25.21,25.38,25.21,25.38,1400,0
20170216,25.2802,25.372,25.262,25.372,400,0
20170217,25.22,25.2687,25.21,25.2687,2047,0
20170221,25.23,25.2744,25.23,25.2744,920,0
20170222,25.23,25.53,25.1678,25.53,8106,0
20170223,25.508,25.508,25.508,25.508,550,0
20170224,25.554,25.554,25.554,25.554,800,0
20170227,25.555,25.557,25.555,25.557,400,0
20170228,25.5119,25.5119,25.5119,25.5119,770,0
20170302,25.3405,25.3405,25.3405,25.3405,425,0
20170303,25.5319,25.541,25.5319,25.541,800,0
20170308,25.35,25.385,25.32,25.3765,3800,0
20170309,25.42,25.4201,25.42,25.42,1057,0
20170310,25.5296,25.64,25.5296,25.61,3250,0
20170314,25.52,25.57,25.43,25.43,3194,0
20170315,25.5374,25.5374,25.45,25.461,944,0
20170316,25.5,25.6071,25.5,25.6071,1000,0
20170317,25.69,25.69,25.4704,25.69,4095,0
20170320,25.45,25.54,25.43,25.529,2540,0
20170321,25.441,25.5325,25.43,25.459,1644,0
20170322,25.6,25.6,25.59,25.59,4200,0
20170323,25.6,25.6,25.528,25.528,400,0
20170327,25.55,25.55,25.55,25.55,1770,0
20170328,25.6,25.68,25.55,25.6103,4224,0
20170329,25.55,25.65,25.55,25.643,5648,0
20170330,25.608,25.68,25.6,25.6,10190,0
20170331,25.58,25.62,25.58,25.6008,1200,0
20170403,25.62,25.62,25.528,25.528,855,0
20170404,25.53,25.53,25.53,25.53,100,0
20170405,25.66,25.69,25.66,25.69,1800,0
20170406,25.621,25.65,25.62,25.62,5200,0
20170407,25.62,25.63,25.61,25.61,2110,0
20170410,25.83,25.83,25.57,25.61,5375,0
20170411,25.8,25.81,25.57,25.57,6690,0
20170412,25.77,25.77,25.6098,25.65,600,0
20170413,25.5701,25.62,25.57,25.59,1755,0
20170417,25.62,25.78,25.59,25.645,8804,0
20170418,25.734,25.734,25.59,25.59,4350,0
20170419,25.6,25.74,25.6,25.6867,9482,0
20170420,25.699,25.7,25.6,25.6,10612,0
20170421,25.6,25.65,25.6,25.6,2913,0
20170424,25.65,25.8188,25.65,25.7125,10630,0
20170425,25.7,25.813,25.7,25.813,5125,0
20170426,25.32,25.36,25.2,25.35,7534,0
20170427,25.35,25.35,25.23,25.23,200,0
20170501,25.319,25.3303,25.319,25.3303,432,0
20170502,25.3181,25.3181,25.3181,25.3181,391,0
20170503,25.3373,25.7499,25.3373,25.37,7254,0
20170504,25.407,25.407,25.39,25.3945,2450,0
20170505,25.3801,25.46,25.3801,25.3803,3846,0
20170508,25.43,25.59,25.38,25.38,12392,0
20170509,25.28,25.335,25.28,25.335,790,0
20170510,25.3985,25.485,25.365,25.365,2450,0
20170511,25.37,25.43,25.35,25.43,6601,0
20170512,25.43,25.5,25.43,25.48,5963,0
20170515,25.5,25.59,25.5,25.52,9020,0
20170516,25.55,25.59,25.47,25.5114,6182,0
20170517,25.53,25.53,25.45,25.45,690,0
20170518,25.55,25.6133,25.55,25.6133,660,0
20170519,25.622,25.622,25.622,25.622,600,0
20170522,25.5527,25.5527,25.5527,25.5527,300,0
20170523,25.51,25.55,25.43,25.55,3928,0
20170524,25.46,25.539,25.46,25.532,1704,0
20170526,25.5032,25.5032,25.5032,25.5032,400,0
20170530,25.48,25.505,25.44,25.44,3180,0
20170531,25.44,25.44,25.44,25.44,400,0
20170601,25.475,25.485,25.475,25.485,400,0
20170602,25.44,25.46,25.43,25.44,5291,0
20170605,25.44,25.527,25.44,25.48,1435,0
20170606,25.4882,25.4882,25.4882,25.4882,400,0
20170607,25.4928,25.575,25.43,25.43,2367,0
20170608,25.44,25.4446,25.44,25.44,1830,0
20170609,25.44,25.4416,25.44,25.44,4056,0
20170612,25.535,25.59,25.535,25.59,400,0
20170613,25.59,25.59,25.59,25.59,100,0
20170614,25.46,25.55,25.46,25.506,3169,0
20170615,25.465,25.599,25.465,25.51,540,0
20170619,25.502,25.502,25.502,25.502,100,0
20170620,25.586,25.586,25.5713,25.5713,1200,0
20170621,25.474,25.474,25.474,25.474,545,0
20170626,25.47,25.47,25.47,25.47,580,0
20170628,25.54,25.586,25.46,25.509,7200,0
20170629,25.47,25.49,25.43,25.49,5471,0
20170630,25.49,25.49,25.48,25.48,1670,0
20170705,25.51,25.516,25.5,25.516,6000,0
20170706,25.51,25.566,25.5,25.5,7715,0
20170707,25.51,25.526,25.49,25.5,12300,0
20170710,25.5,25.52,25.4389,25.48,20285,0
20170711,25.48,25.54,25.48,25.54,5090,0
20170712,25.5293,25.62,25.5,25.62,9420,0
20170713,25.55,25.58,25.5499,25.5752,5400,0
20170714,25.6,25.6,25.5827,25.6,3372,0
20170717,25.5999,25.7176,25.5778,25.7176,2909,0
20170718,25.73,25.92,25.73,25.778,20476,0
20170719,25.9,25.94,25.9,25.9,19013,0
20170720,25.94,25.94,25.9,25.9,5050,0
20170721,26,26.0642,25.9,25.975,8817,0
20170724,26,26.0774,26,26.0157,1200,0
20170725,26,26.03,26,26.03,975,0
20170726,25.73,25.73,25.73,25.73,200,0
20170727,25.5583,25.5583,25.5583,25.5583,125,0
20170728,25.54,25.54,25.54,25.54,200,0
20170731,25.5393,25.6,25.53,25.55,1600,0
