Date,Open,High,Low,Close,Volume,OpenInt
20100823,21.325,21.458,21.218,21.317,24716,0
20100824,21.325,21.591,21.263,21.557,15356,0
20100825,21.44,21.574,21.44,21.538,12308,0
20100826,21.644,21.778,21.423,21.529,40032,0
20100827,21.503,21.583,21.466,21.583,17493,0
20100830,21.743,21.85,21.637,21.76,10351,0
20100831,21.663,21.822,21.663,21.778,9375,0
20100901,21.822,21.912,21.218,21.458,26521,0
20100902,21.423,21.423,21.146,21.343,27888,0
20100903,21.333,21.565,21.333,21.485,5720,0
20100907,21.538,21.672,21.396,21.653,9635,0
20100908,21.6,21.92,21.503,21.92,7593,0
20100909,21.867,22.223,21.76,21.946,7762,0
20100910,21.946,22.081,21.946,22.018,19509,0
20100913,21.529,21.672,21.494,21.503,17870,0
20100914,21.351,21.547,21.263,21.396,12057,0
20100915,21.458,21.466,21.201,21.333,12841,0
20100916,21.557,21.557,21.254,21.325,14413,0
20100917,21.529,21.672,21.485,21.485,21686,0
20100920,21.752,21.752,21.557,21.61,12764,0
20100921,21.547,21.734,21.423,21.644,12467,0
20100922,21.52,21.716,21.476,21.61,11691,0
20100923,21.591,21.69,21.565,21.69,12575,0
20100924,21.644,21.734,21.637,21.663,5267,0
20100927,21.725,21.725,21.574,21.574,8836,0
20100928,21.6,21.725,21.512,21.627,8471,0
20100929,21.6,21.743,21.485,21.627,8415,0
20100930,21.557,21.912,21.557,21.877,9328,0
20101001,21.69,21.973,21.644,21.787,8052,0
20101004,21.893,21.946,21.644,21.653,11842,0
20101005,21.69,21.814,21.644,21.644,8907,0
20101006,21.565,21.672,21.557,21.618,10988,0
20101007,21.6,21.69,21.565,21.6,14196,0
20101008,21.663,21.85,21.547,21.557,18482,0
20101011,21.529,21.672,21.529,21.663,3318,0
20101012,21.574,21.734,21.529,21.69,8969,0
20101013,21.769,21.778,21.734,21.769,2653,0
20101014,21.84,21.867,21.68,21.716,4201,0
20101015,21.778,21.778,21.627,21.637,6889,0
20101018,21.61,21.653,21.387,21.423,17231,0
20101019,21.529,21.618,21.466,21.476,10058,0
20101020,21.432,21.637,21.423,21.557,10677,0
20101021,21.672,21.734,21.512,21.583,19906,0
20101022,21.644,21.69,21.6,21.6,8202,0
20101025,21.725,21.725,21.591,21.653,9666,0
20101026,21.627,21.69,21.405,21.485,18847,0
20101027,21.512,21.512,21.343,21.476,9344,0
20101028,21.485,21.538,21.45,21.476,7017,0
20101029,21.557,21.557,21.405,21.405,6278,0
20101101,21.583,21.583,21.432,21.466,7713,0
20101102,21.476,21.644,21.396,21.557,16402,0
20101103,21.512,21.61,21.512,21.529,14303,0
20101104,21.637,21.644,21.538,21.591,5753,0
20101105,20.791,21.644,20.791,21.574,13882,0
20101108,21.529,21.627,21.458,21.627,19610,0
20101109,21.61,21.653,21.52,21.618,9677,0
20101110,21.565,21.618,21.466,21.547,9117,0
20101111,21.52,21.644,21.494,21.557,5279,0
20101112,21.538,21.618,21.503,21.52,3217,0
20101115,21.672,21.672,21.52,21.557,12736,0
20101116,21.591,21.591,21.254,21.317,10347,0
20101117,21.271,21.396,21.245,21.245,9567,0
20101118,21.307,21.485,21.307,21.485,3504,0
20101119,21.432,21.574,21.432,21.529,1912,0
20101122,21.565,21.583,21.413,21.476,6066,0
20101123,21.485,21.485,21.387,21.387,3075,0
20101124,21.351,21.494,21.343,21.396,4588,0
20101126,21.325,21.343,21.325,21.343,1012,0
20101129,21.458,21.583,21.37,21.45,7546,0
20101130,21.485,21.485,21.343,21.379,9144,0
20101201,21.432,21.503,21.387,21.432,3997,0
20101202,21.405,21.44,21.245,21.423,24686,0
20101203,21.37,21.476,21.325,21.325,11165,0
20101206,21.245,21.45,21.245,21.333,14656,0
20101207,21.432,21.458,21.333,21.423,16876,0
20101208,21.476,21.476,21.379,21.396,11025,0
20101209,21.45,21.485,21.44,21.485,7554,0
20101210,21.44,21.547,21.37,21.547,12368,0
20101213,21.227,21.325,21.201,21.271,7202,0
20101214,21.396,21.396,21.067,21.201,8124,0
20101215,21.271,21.317,20.952,21.103,10552,0
20101216,20.978,20.978,20.738,20.837,14221,0
20101217,20.961,21.058,20.845,20.934,11410,0
20101220,21.067,21.067,20.89,20.89,15400,0
20101221,20.969,20.969,20.667,20.676,135514,0
20101222,20.81,20.81,20.498,20.676,18489,0
20101223,20.712,21.077,20.267,20.649,8060,0
20101227,20.622,20.827,20.551,20.765,10154,0
20101228,20.738,20.8,20.676,20.72,5761,0
20101229,20.783,20.8,20.658,20.791,4617,0
20101230,20.819,20.863,20.551,20.863,9182,0
20101231,20.916,21.014,20.819,21.014,3866,0
20110103,21.014,21.093,20.899,21.04,135633,0
20110104,21.058,21.058,20.969,20.978,5682,0
20110105,21.067,21.067,20.819,20.837,8603,0
20110106,20.8,21.05,20.8,20.969,9436,0
20110107,20.961,21.067,20.943,21.023,8415,0
20110110,21.058,21.067,20.906,20.952,9395,0
20110111,20.952,21.067,20.916,21.005,12527,0
20110112,21.067,21.254,21.067,21.254,11326,0
20110113,21.245,21.29,21.085,21.227,5131,0
20110114,21.201,21.29,21.146,21.245,4708,0
20110118,21.29,21.325,21.227,21.227,4936,0
20110119,21.236,21.317,21.112,21.236,9459,0
20110120,21.236,21.29,21.077,21.077,8541,0
20110121,20.881,21.405,20.881,21.263,9499,0
20110124,21.317,21.317,21.245,21.317,4039,0
20110125,21.36,21.45,21.29,21.423,15464,0
20110126,21.458,21.458,21.37,21.37,5546,0
20110127,21.458,21.512,21.387,21.512,8620,0
20110128,21.44,21.44,21.333,21.333,8248,0
20110131,21.476,21.476,21.36,21.405,3221,0
20110201,21.503,21.503,21.333,21.333,12976,0
20110202,21.333,21.379,21.254,21.307,11403,0
20110203,21.396,21.458,21.067,21.067,9034,0
20110204,21.13,21.333,21.093,21.112,19929,0
20110207,21.192,21.192,20.943,21.014,15707,0
20110208,21.031,21.13,20.978,21.103,12550,0
20110209,21.023,21.218,21.023,21.156,7730,0
20110210,21.298,21.307,21.192,21.218,6298,0
20110211,21.28,21.325,21.139,21.271,3937,0
20110214,21.218,21.245,21.085,21.236,83676,0
20110215,21.146,21.387,21.139,21.263,6430,0
20110216,21.325,21.45,21.307,21.333,7245,0
20110218,21.413,21.458,21.379,21.405,12369,0
20110222,21.351,21.44,21.209,21.209,11075,0
20110223,21.317,21.387,21.263,21.307,4817,0
20110224,21.254,21.387,21.192,21.307,14918,0
20110225,21.36,21.476,21.307,21.379,9542,0
20110228,21.466,21.529,21.44,21.529,5220,0
20110301,21.538,21.565,21.476,21.485,6047,0
20110302,21.565,21.565,21.45,21.466,3958,0
20110303,21.512,21.627,21.512,21.591,5979,0
20110304,21.627,21.644,21.529,21.6,6283,0
20110307,21.565,21.69,21.538,21.583,5290,0
20110308,21.653,21.69,21.591,21.68,8256,0
20110309,21.752,22.001,21.627,21.706,10054,0
20110310,21.653,21.653,21.529,21.538,6964,0
20110311,21.325,21.396,21.201,21.271,19920,0
20110314,21.423,21.423,21.254,21.317,13972,0
20110315,21.192,21.343,21.13,21.343,15948,0
20110316,21.29,21.325,21.209,21.28,7926,0
20110317,21.254,21.271,21.183,21.192,7294,0
20110318,21.156,21.29,21.156,21.245,9837,0
20110321,21.29,21.333,21.245,21.325,6329,0
20110322,21.37,21.413,21.298,21.413,11678,0
20110323,21.45,21.45,21.227,21.343,8945,0
20110324,21.405,21.466,21.317,21.36,12417,0
20110325,21.333,21.503,21.333,21.476,3199,0
20110328,21.423,21.503,21.387,21.476,7002,0
20110329,21.413,21.529,21.413,21.503,6455,0
20110330,21.494,21.591,21.432,21.574,12659,0
20110331,21.583,21.591,21.466,21.583,7394,0
20110401,21.529,21.618,21.44,21.466,8608,0
20110404,21.557,21.61,21.485,21.494,19977,0
20110405,21.583,21.831,21.494,21.716,22540,0
20110406,21.716,21.716,21.565,21.618,7147,0
20110407,21.61,21.752,21.574,21.618,9093,0
20110408,21.644,21.706,21.529,21.61,6743,0
20110411,21.61,21.778,21.557,21.716,9915,0
20110412,21.637,21.734,21.557,21.734,5765,0
20110413,21.627,21.725,21.476,21.503,17686,0
20110414,21.503,21.574,21.503,21.503,6933,0
20110415,21.565,21.61,21.476,21.591,12275,0
20110418,21.591,21.6,21.538,21.6,5989,0
20110419,21.6,21.663,21.565,21.663,7863,0
20110420,21.706,21.778,21.672,21.672,4142,0
20110421,21.778,22.169,21.61,21.653,21005,0
20110425,21.69,21.778,21.69,21.778,6476,0
20110426,21.912,22.028,21.743,21.956,11060,0
20110427,21.93,22.009,21.912,22.009,5456,0
20110428,22.009,22.063,21.938,22.028,4124,0
20110429,21.973,21.973,21.831,21.93,6679,0
20110502,21.946,21.946,21.814,21.84,10506,0
20110503,21.884,21.92,21.769,21.769,6604,0
20110504,21.743,21.85,21.743,21.787,4169,0
20110505,21.743,21.831,21.699,21.831,9660,0
20110506,21.884,22.09,21.867,22.09,8836,0
20110509,22.098,22.116,21.992,22.045,6625,0
20110510,22.028,22.045,21.938,21.992,11249,0
20110511,21.956,22.108,21.956,22.081,8157,0
20110512,22.009,22.116,21.965,22.018,5755,0
20110513,22.081,22.081,21.983,22.045,4775,0
20110516,22.045,22.045,21.983,22.018,2926,0
20110517,21.983,22.028,21.973,22.028,49626,0
20110518,21.992,22.028,21.983,22.001,5175,0
20110519,21.973,22.045,21.973,22.045,2127,0
20110520,22.001,22.081,22.001,22.028,4008,0
20110523,22.098,22.151,22.054,22.151,4738,0
20110524,22.169,22.169,22.001,22.036,13277,0
20110525,22.036,22.054,22.009,22.009,1994,0
20110526,21.965,22.116,21.965,22.054,8092,0
20110527,22.161,22.196,22.045,22.196,6645,0
20110531,22.098,22.151,22.081,22.09,7684,0
20110601,22.09,22.134,22.054,22.116,5030,0
20110602,22.116,22.161,22.028,22.108,5294,0
20110603,22.134,22.143,22.081,22.09,5669,0
20110606,22.09,22.125,22.081,22.125,4863,0
20110607,22.108,22.161,22.054,22.108,8447,0
20110608,22.161,22.169,22.09,22.161,8779,0
20110609,22.161,22.161,22.028,22.045,5763,0
20110610,22.045,22.134,22.001,22.081,194098,0
20110613,21.858,21.903,21.787,21.867,12105,0
20110614,22.018,22.028,21.796,21.938,11602,0
20110615,21.938,22.028,21.85,21.956,5700,0
20110616,22.018,22.018,21.787,21.84,7592,0
20110617,21.965,21.965,21.858,21.92,4434,0
20110620,21.956,21.956,21.85,21.85,5065,0
20110621,21.983,22.009,21.84,21.93,7655,0
20110622,21.956,22.108,21.912,22.09,7434,0
20110623,21.946,22.151,21.946,22.134,10802,0
20110624,22.134,22.143,22.018,22.054,38497,0
20110627,22.125,22.151,22.063,22.108,8697,0
20110628,22.143,22.196,22.081,22.081,8120,0
20110629,22.009,22.143,22.009,22.098,3974,0
20110630,22.151,22.178,22.098,22.125,6039,0
20110701,22.125,22.134,22.125,22.125,6502,0
20110705,22.125,22.161,22.036,22.036,21403,0
20110706,22.161,22.214,22.143,22.205,6052,0
20110707,22.196,22.214,22.098,22.169,5429,0
20110708,22.134,22.178,22.134,22.143,2562,0
20110711,22.205,22.223,22.125,22.161,27683,0
20110712,22.205,22.223,22.028,22.161,7183,0
20110713,22.045,22.214,22.045,22.214,38131,0
20110714,22.134,22.196,22.134,22.161,12336,0
20110715,22.188,22.188,22.134,22.178,3166,0
20110718,22.188,22.188,22.09,22.09,5219,0
20110719,22.151,22.223,22.071,22.098,11340,0
20110720,22.161,22.178,22.09,22.143,3871,0
20110721,22.169,22.223,22.134,22.134,8976,0
20110722,22.205,22.205,22.151,22.196,5311,0
20110725,22.151,22.205,22.151,22.205,13145,0
20110726,22.223,22.223,22.108,22.108,3214,0
20110727,22.151,22.178,22.028,22.108,7398,0
20110728,22.151,22.151,22.063,22.108,7068,0
20110729,22.063,22.116,21.938,22.018,4759,0
20110801,22.071,22.143,22.036,22.036,30298,0
20110802,22.098,22.169,21.992,21.992,22321,0
20110803,22.036,22.161,21.84,21.983,18280,0
20110804,22.018,22.054,21.822,21.858,8096,0
20110805,21.983,21.983,20.392,21.343,17324,0
20110808,21.333,21.343,19.601,20.294,25361,0
20110809,20.445,21.37,20.445,21.37,24986,0
20110810,21.29,21.557,20.952,21.333,18092,0
20110811,21.333,21.68,21.12,21.565,13380,0
20110812,21.814,21.992,21.396,21.557,18061,0
20110815,21.557,22.116,21.557,22.009,13703,0
20110816,21.946,21.946,21.61,21.787,17475,0
20110817,22.028,22.028,21.672,21.672,7804,0
20110818,21.432,21.787,21.432,21.583,8339,0
20110819,21.618,21.653,21.36,21.413,10028,0
20110822,21.494,21.653,21.423,21.644,5933,0
20110823,21.69,21.956,21.672,21.956,13029,0
20110824,21.84,22.001,21.831,21.938,13549,0
20110825,22.036,22.161,22.001,22.151,12146,0
20110826,22.028,22.178,22.018,22.116,8797,0
20110829,22.063,22.205,22.063,22.205,12368,0
20110830,22.071,22.312,22.054,22.161,14801,0
20110831,22.098,22.312,22.098,22.241,9830,0
20110901,22.161,22.25,22.161,22.25,7068,0
20110902,22.151,22.303,22.151,22.268,3488,0
20110906,22.036,22.268,21.92,22.169,12999,0
20110907,22.214,22.285,22.143,22.223,6700,0
20110908,22.071,22.241,22.063,22.161,5483,0
20110909,22.223,22.276,22.143,22.276,5679,0
20110912,22.223,22.338,22.178,22.329,14393,0
20110913,22.161,22.169,21.877,22.169,11128,0
20110914,22.045,22.161,21.93,22.09,14653,0
20110915,22.116,22.231,22.09,22.108,11272,0
20110916,22.028,22.214,22.009,22.045,6184,0
20110919,22.028,22.178,22.028,22.161,8681,0
20110920,22.134,22.25,22.098,22.125,13792,0
20110921,22.116,22.223,22.116,22.161,5502,0
20110922,22.108,22.108,21.893,21.893,14842,0
20110923,21.893,22.036,21.796,21.877,23519,0
20110926,21.867,21.93,21.61,21.61,14791,0
20110927,21.769,22.054,21.725,21.867,20374,0
20110928,21.956,22.223,21.956,22.214,10595,0
20110929,22.196,22.258,22.188,22.188,11187,0
20110930,22.143,22.285,22.045,22.285,23990,0
20111003,22.25,22.25,22.134,22.134,22327,0
20111004,22.134,22.134,21.938,22.081,17014,0
20111005,21.983,22.098,21.938,22.036,10606,0
20111006,22.081,22.081,21.867,22.001,4667,0
20111007,21.93,22.036,21.752,21.76,7667,0
20111010,21.938,21.965,21.706,21.706,8946,0
20111011,21.734,22.071,21.734,21.84,19237,0
20111012,21.884,22.009,21.84,21.84,10694,0
20111013,21.84,21.938,21.84,21.858,9266,0
20111014,21.93,21.93,21.706,21.822,9128,0
20111017,21.877,22.125,21.85,22.125,9704,0
20111018,22.028,22.223,22.009,22.178,10803,0
20111019,22.098,22.151,21.867,21.867,6465,0
20111020,21.912,22.081,21.858,21.867,11708,0
20111021,22.045,22.045,21.822,21.912,15778,0
20111024,22.045,22.108,21.903,22.081,7047,0
20111025,21.956,22.09,21.884,22.045,6971,0
20111026,22.063,22.134,21.973,21.992,8312,0
20111027,22.054,22.116,21.973,22.108,11058,0
20111028,22.108,22.205,22.063,22.161,18990,0
20111031,22.169,22.196,22.09,22.098,8609,0
20111101,21.778,22.045,21.778,22.045,14235,0
20111102,21.877,22.125,21.831,21.983,6551,0
20111103,22.036,22.134,21.965,22.116,9357,0
20111104,22.081,22.098,21.946,22.098,3667,0
20111107,22.09,22.134,22.001,22.134,6390,0
20111108,22.125,22.125,22.028,22.063,11628,0
20111109,22.045,22.241,21.956,22.001,20306,0
20111110,22.036,22.134,21.983,22.028,10567,0
20111111,22.125,22.161,22.028,22.161,10514,0
20111114,22.151,22.214,22.081,22.214,7644,0
20111115,22.143,22.391,22.143,22.391,12483,0
20111116,22.258,22.391,22.25,22.347,16202,0
20111117,22.268,22.401,22.268,22.391,11506,0
20111118,22.303,22.321,22.178,22.285,9605,0
20111121,22.161,22.241,22.054,22.231,11048,0
20111122,22.258,22.321,22.134,22.178,13863,0
20111123,22.25,22.25,22.098,22.116,7811,0
20111125,22.09,22.205,22.081,22.205,1487,0
20111128,22.258,22.258,22.116,22.169,3826,0
20111129,22.125,22.294,22.063,22.268,28902,0
20111130,22.268,22.276,22.018,22.018,30491,0
20111201,22.09,22.09,21.956,22.081,26061,0
20111202,22.09,22.151,22.071,22.151,2270,0
20111205,22.134,22.231,22.071,22.231,16294,0
20111206,22.223,22.312,22.161,22.312,4342,0
20111207,22.294,22.312,22.223,22.258,6440,0
20111208,22.294,22.312,22.241,22.312,4957,0
20111209,22.312,22.356,22.25,22.312,11031,0
20111212,22.312,22.312,22.143,22.268,8706,0
20111213,22.045,22.196,21.867,22.108,24193,0
20111214,22.028,22.063,21.822,22.028,6906,0
20111215,21.93,22.134,21.814,21.983,16526,0
20111216,22.071,22.098,21.956,21.973,9751,0
20111219,22.09,22.108,21.992,22.081,4557,0
20111220,22.009,22.196,21.992,22.169,19596,0
20111221,22.188,22.188,22.116,22.169,4307,0
20111222,22.178,22.391,22.054,22.347,19653,0
20111223,22.258,22.276,22.09,22.25,10939,0
20111227,22.214,22.329,22.143,22.329,8024,0
20111228,22.312,22.321,22.223,22.321,2041,0
20111229,22.268,22.356,22.205,22.294,1505,0
20111230,22.391,22.391,22.276,22.391,5265,0
20120103,22.391,22.391,22.258,22.268,8838,0
20120104,22.329,22.365,22.268,22.347,6406,0
20120105,22.356,22.356,22.178,22.178,15965,0
20120106,22.268,22.321,22.161,22.321,2976,0
20120109,22.312,22.445,22.268,22.445,7014,0
20120110,22.445,22.462,22.321,22.445,6577,0
20120111,22.428,22.498,22.276,22.445,12319,0
20120112,22.445,22.524,22.418,22.524,11726,0
20120113,22.516,22.543,22.374,22.543,6186,0
20120117,22.428,22.49,22.356,22.374,7527,0
20120118,22.312,22.418,22.276,22.374,22002,0
20120119,22.347,22.418,22.268,22.312,2716,0
20120120,22.365,22.445,22.285,22.445,2101,0
20120123,22.445,22.445,22.268,22.383,5411,0
20120124,22.294,22.401,22.25,22.25,12824,0
20120125,22.329,22.365,22.258,22.347,6181,0
20120126,22.383,22.391,22.241,22.347,13386,0
20120127,22.312,22.471,22.268,22.356,3784,0
20120130,22.428,22.462,22.321,22.356,9028,0
20120131,22.445,22.498,22.338,22.481,12419,0
20120201,22.454,22.516,22.436,22.49,10558,0
20120202,22.481,22.561,22.321,22.321,6072,0
20120203,22.428,22.516,22.383,22.49,5011,0
20120206,22.49,22.498,22.329,22.329,10193,0
20120207,22.356,22.428,22.356,22.418,9905,0
20120208,22.445,22.49,22.391,22.428,9940,0
20120209,22.471,22.471,22.401,22.428,7864,0
20120210,22.462,22.462,22.188,22.188,12581,0
20120213,22.294,22.374,22.268,22.329,13097,0
20120214,22.312,22.428,22.258,22.329,71053,0
20120215,22.418,22.436,22.356,22.365,2293,0
20120216,22.329,22.578,22.329,22.471,20583,0
20120217,22.445,22.552,22.365,22.445,11754,0
20120221,22.578,22.615,22.445,22.615,7790,0
20120222,22.552,22.552,22.462,22.498,13798,0
20120223,22.561,22.561,22.462,22.561,239358,0
20120224,22.516,22.596,22.516,22.552,229559,0
20120227,22.578,22.605,22.543,22.561,4471,0
20120228,22.596,22.631,22.569,22.587,7846,0
20120229,22.711,22.764,22.561,22.596,11707,0
20120301,22.596,22.64,22.481,22.481,20545,0
20120302,22.498,22.543,22.498,22.498,11095,0
20120305,22.578,22.747,22.498,22.578,10482,0
20120306,22.578,22.64,22.552,22.552,5325,0
20120307,22.668,22.694,22.471,22.471,11787,0
20120308,22.561,22.587,22.507,22.569,5346,0
20120309,22.543,22.578,22.436,22.507,10911,0
20120312,22.569,22.569,22.409,22.436,6736,0
20120313,22.188,22.241,22.134,22.188,25318,0
20120314,22.294,22.303,22.125,22.143,13367,0
20120315,22.205,22.205,22.071,22.151,14213,0
20120316,22.09,22.178,22.071,22.178,20100,0
20120319,22.231,22.241,22.116,22.241,9582,0
20120320,22.231,22.276,22.169,22.223,9844,0
20120321,22.196,22.312,22.196,22.312,67037,0
20120322,22.321,22.347,22.108,22.143,7229,0
20120323,22.258,22.347,22.214,22.329,9847,0
20120326,22.241,22.454,22.241,22.401,20199,0
20120327,22.294,22.401,22.223,22.356,4618,0
20120328,22.356,22.428,22.347,22.409,46192,0
20120329,22.294,22.596,22.294,22.561,23465,0
20120330,22.481,22.668,22.481,22.605,50350,0
20120402,22.543,22.764,22.454,22.764,11457,0
20120403,22.668,22.898,22.668,22.817,26524,0
20120404,22.802,22.889,22.755,22.827,23746,0
20120405,22.792,22.802,22.684,22.755,11464,0
20120409,22.73,22.73,22.596,22.64,2794,0
20120410,22.605,22.668,22.409,22.409,16639,0
20120411,22.578,22.755,22.516,22.552,3138,0
20120412,22.64,22.64,22.498,22.543,8361,0
20120413,22.578,22.658,22.409,22.454,2425,0
20120416,22.462,22.802,22.462,22.802,6976,0
20120417,22.755,22.774,22.711,22.711,2121,0
20120418,22.73,22.73,22.596,22.649,4820,0
20120419,22.615,22.615,22.383,22.524,26975,0
20120420,22.596,22.596,22.409,22.409,8228,0
20120423,22.481,22.596,22.436,22.534,8377,0
20120424,22.615,22.615,22.445,22.445,20390,0
20120425,22.481,22.49,22.329,22.445,17391,0
20120426,22.401,22.436,22.329,22.436,15445,0
20120427,22.383,22.436,22.365,22.391,5254,0
20120430,22.436,22.462,22.338,22.338,8241,0
20120501,22.428,22.428,22.356,22.383,5542,0
20120502,22.418,22.462,22.401,22.445,3667,0
20120503,22.374,22.569,22.356,22.569,9260,0
20120504,22.445,22.471,22.383,22.445,3763,0
20120507,22.428,22.436,22.258,22.383,25106,0
20120508,22.383,22.436,22.312,22.436,5637,0
20120509,22.418,22.471,22.347,22.454,7034,0
20120510,22.401,22.445,22.383,22.391,3001,0
20120511,22.428,22.428,22.391,22.418,1236,0
20120514,22.401,22.428,22.383,22.391,4160,0
20120515,22.409,22.428,22.383,22.383,3473,0
20120516,22.454,22.454,22.383,22.391,1514,0
20120517,22.401,22.428,22.268,22.268,10528,0
20120518,22.268,22.391,22.231,22.268,12793,0
20120521,22.347,22.418,22.258,22.418,2613,0
20120522,22.329,22.418,22.329,22.409,4773,0
20120523,22.409,22.409,22.276,22.383,7096,0
20120524,22.498,22.498,22.383,22.481,396766,0
20120525,22.49,22.561,22.409,22.552,379628,0
20120529,22.552,22.578,22.524,22.534,15435,0
20120530,22.552,22.552,22.409,22.436,5255,0
20120531,22.481,22.596,22.481,22.578,11308,0
20120601,22.462,22.524,22.418,22.524,2842,0
20120604,22.569,22.615,22.507,22.561,3794,0
20120605,22.623,22.623,22.524,22.615,7868,0
20120606,22.561,22.578,22.534,22.578,6035,0
20120607,22.623,22.649,22.534,22.534,5913,0
20120608,22.524,22.668,22.49,22.668,3915,0
20120611,22.668,22.668,22.569,22.596,8968,0
20120612,22.596,22.668,22.596,22.668,3695,0
20120613,22.401,22.401,22.312,22.391,5335,0
20120614,22.401,22.481,22.188,22.471,5926,0
20120615,22.534,22.534,22.428,22.516,4076,0
20120618,22.534,22.623,22.516,22.623,4115,0
20120619,22.649,22.747,22.524,22.747,8619,0
20120620,22.73,22.73,22.428,22.428,28400,0
20120621,22.615,22.721,22.428,22.721,9731,0
20120622,22.578,22.711,22.534,22.711,7321,0
20120625,22.677,22.721,22.578,22.658,5028,0
20120626,22.694,22.694,22.49,22.623,6357,0
20120627,22.64,22.64,22.543,22.543,1350,0
20120628,22.462,22.605,22.462,22.49,8835,0
20120629,22.471,22.836,22.471,22.836,10489,0
20120702,22.739,22.889,22.578,22.889,6214,0
20120703,22.871,22.889,22.739,22.889,4466,0
20120705,22.889,22.889,22.764,22.809,5572,0
20120706,22.809,22.809,22.702,22.764,8075,0
20120709,22.889,23.182,22.889,23.11,8101,0
20120710,23.11,23.11,22.677,22.917,7821,0
20120711,23.004,23.004,22.569,22.979,13021,0
20120712,22.836,22.863,22.587,22.755,15358,0
20120713,22.792,22.836,22.605,22.721,5509,0
20120716,22.774,23.023,22.596,23.023,5175,0
20120717,22.988,22.988,22.631,22.845,9074,0
20120718,22.739,22.836,22.623,22.623,7765,0
20120719,22.668,22.802,22.623,22.721,3484,0
20120720,22.747,22.774,22.462,22.462,14025,0
20120723,22.49,22.802,22.49,22.561,6538,0
20120724,22.668,22.792,22.524,22.668,5151,0
20120725,22.615,22.631,22.507,22.569,7256,0
20120726,22.649,22.649,22.516,22.631,5235,0
20120727,22.668,22.668,22.516,22.543,5502,0
20120730,22.631,22.631,22.534,22.543,8970,0
20120731,22.596,22.615,22.498,22.524,3717,0
20120801,22.615,22.694,22.569,22.677,2175,0
20120802,22.694,22.73,22.596,22.721,9359,0
20120803,22.739,22.739,22.694,22.739,3744,0
20120806,22.747,22.747,22.524,22.658,21794,0
20120807,22.649,22.747,22.649,22.739,3599,0
20120808,22.73,22.747,22.677,22.702,12861,0
20120809,22.73,22.747,22.73,22.73,3530,0
20120810,22.755,22.792,22.668,22.739,10620,0
20120813,22.802,22.802,22.658,22.694,5156,0
20120814,22.764,22.951,22.524,22.677,15257,0
20120815,22.649,22.739,22.578,22.73,5732,0
20120816,22.649,22.658,22.578,22.64,5982,0
20120817,22.721,22.747,22.578,22.721,3622,0
20120820,22.615,22.747,22.615,22.739,3826,0
20120821,22.783,22.817,22.578,22.578,7274,0
20120822,22.623,22.711,22.596,22.631,5253,0
20120823,22.668,22.668,22.578,22.605,9011,0
20120824,22.631,22.739,22.631,22.711,5170,0
20120827,22.739,22.809,22.721,22.721,1907,0
20120828,22.711,22.836,22.702,22.817,2512,0
20120829,22.711,22.783,22.658,22.783,5566,0
20120830,22.677,22.827,22.668,22.827,6504,0
20120831,22.774,22.898,22.764,22.774,2399,0
20120904,22.73,22.97,22.73,22.97,3907,0
20120905,22.88,22.925,22.721,22.88,17057,0
20120906,22.802,22.933,22.802,22.933,1165,0
20120907,22.889,22.942,22.845,22.917,6651,0
20120910,22.898,22.898,22.783,22.855,2076,0
20120911,22.845,22.845,22.792,22.827,1616,0
20120912,22.845,22.961,22.802,22.961,6353,0
20120913,22.596,22.702,22.569,22.702,3726,0
20120914,22.587,22.702,22.587,22.702,2146,0
20120917,22.631,22.649,22.596,22.649,1799,0
20120918,22.587,22.649,22.569,22.649,2057,0
20120919,22.569,22.677,22.569,22.631,4422,0
20120920,22.578,22.596,22.534,22.578,6102,0
20120921,22.668,22.702,22.587,22.694,5589,0
20120924,22.668,22.668,22.578,22.578,4380,0
20120925,22.587,22.631,22.587,22.631,563,0
20120926,22.587,22.668,22.578,22.631,2519,0
20120927,22.587,22.684,22.587,22.684,5413,0
20120928,22.631,22.668,22.471,22.481,17054,0
20121001,22.552,22.569,22.471,22.524,8202,0
20121002,22.471,22.605,22.471,22.552,7775,0
20121003,22.516,22.543,22.498,22.498,3139,0
20121004,22.605,22.64,22.481,22.596,4992,0
20121005,22.596,22.64,22.569,22.605,1504,0
20121008,22.552,22.64,22.428,22.64,4039,0
20121009,22.658,22.677,22.569,22.649,5405,0
20121010,22.623,22.658,22.596,22.658,2470,0
20121011,22.578,22.64,22.552,22.578,3671,0
20121012,22.507,22.524,22.481,22.516,3202,0
20121015,22.516,22.561,22.462,22.561,5329,0
20121016,22.516,22.578,22.471,22.516,4433,0
20121017,22.524,22.631,22.524,22.631,3915,0
20121018,22.498,22.623,22.498,22.623,6946,0
20121019,22.552,22.587,22.524,22.587,8659,0
20121022,22.552,22.668,22.534,22.668,177837,0
20121023,22.649,22.649,22.552,22.64,3280,0
20121024,22.561,22.631,22.561,22.578,1545,0
20121025,22.578,22.658,22.578,22.605,1893,0
20121026,22.552,22.578,22.498,22.578,3238,0
20121031,22.462,22.64,22.462,22.569,6907,0
20121101,22.561,22.596,22.561,22.578,3233,0
20121102,22.543,22.596,22.534,22.587,7213,0
20121105,22.569,22.658,22.569,22.64,2953,0
20121106,22.64,22.64,22.543,22.615,3659,0
20121107,22.552,22.587,22.481,22.481,118097,0
20121108,22.49,22.534,22.471,22.534,1856,0
20121109,22.498,22.578,22.454,22.578,3357,0
20121112,22.534,22.534,22.471,22.471,5239,0
20121113,22.578,22.596,22.49,22.596,4540,0
20121114,22.524,22.524,22.374,22.401,67667,0
20121115,22.401,22.471,22.231,22.303,111703,0
20121116,22.338,22.49,22.231,22.365,13388,0
20121119,22.383,22.481,22.374,22.481,2591,0
20121120,22.481,22.534,22.481,22.498,2031,0
20121121,22.534,22.623,22.534,22.561,2953,0
20121123,22.454,22.561,22.454,22.561,687,0
20121126,22.49,22.649,22.49,22.649,7552,0
20121127,22.64,22.64,22.498,22.498,9323,0
20121128,22.534,22.534,22.534,22.534,114,0
20121129,22.507,22.578,22.49,22.524,7616,0
20121130,22.543,22.615,22.524,22.524,3762,0
20121203,22.516,22.578,22.498,22.578,50558,0
20121204,22.552,22.561,22.49,22.516,8886,0
20121205,22.49,22.569,22.49,22.569,7796,0
20121206,22.534,22.578,22.516,22.534,12375,0
20121207,22.49,22.534,22.471,22.498,3726,0
20121210,22.543,22.543,22.49,22.534,4269,0
20121211,22.498,22.534,22.49,22.49,2672,0
20121212,22.507,22.516,22.471,22.481,14143,0
20121213,22.151,22.268,22.151,22.268,20827,0
20121214,22.223,22.356,22.223,22.294,7073,0
20121217,22.258,22.321,22.25,22.25,1475,0
20121218,22.338,22.347,22.241,22.347,13711,0
20121219,22.294,22.303,22.25,22.276,11994,0
20121220,22.285,22.285,22.231,22.268,5262,0
20121221,22.231,22.268,22.188,22.188,11335,0
20121224,22.223,22.25,22.223,22.231,2436,0
20121226,22.223,22.25,22.188,22.205,9732,0
20121227,22.241,22.276,22.214,22.258,12278,0
20121228,22.214,22.356,22.188,22.303,8376,0
20121231,22.231,22.365,22.231,22.276,6620,0
20130102,22.365,22.365,22.303,22.338,11379,0
20130103,22.321,22.374,22.321,22.374,25005,0
20130104,22.401,22.401,22.329,22.401,12262,0
20130107,22.409,22.428,22.391,22.418,17599,0
20130108,22.383,22.409,22.383,22.401,8995,0
20130109,22.365,22.401,22.356,22.391,29381,0
20130110,22.418,22.436,22.383,22.409,17411,0
20130111,22.436,22.436,22.383,22.401,10653,0
20130114,22.409,22.428,22.401,22.401,7424,0
20130115,22.374,22.418,22.374,22.409,3894,0
20130116,22.383,22.445,22.338,22.391,13834,0
20130117,22.374,22.418,22.347,22.401,22344,0
20130118,22.401,22.401,22.383,22.401,12449,0
20130122,22.401,22.436,22.391,22.436,60033,0
20130123,22.49,22.49,22.401,22.401,17548,0
20130124,22.418,22.49,22.418,22.481,9243,0
20130125,22.471,22.516,22.401,22.401,6413,0
20130128,22.471,22.524,22.428,22.462,9473,0
20130129,22.471,22.524,22.454,22.454,4876,0
20130130,22.49,22.507,22.445,22.481,3930,0
20130131,22.436,22.534,22.428,22.428,13347,0
20130201,22.462,22.524,22.462,22.524,1963,0
20130204,22.498,22.507,22.481,22.481,1461,0
20130205,22.49,22.524,22.49,22.498,7041,0
20130206,22.524,22.534,22.49,22.507,67788,0
20130207,22.507,22.524,22.507,22.524,3658,0
20130208,22.524,22.534,22.524,22.534,9049,0
20130211,22.524,22.552,22.445,22.552,115900,0
20130212,22.507,22.552,22.507,22.516,9152,0
20130213,22.498,22.552,22.498,22.552,2848,0
20130214,22.498,22.561,22.498,22.561,5398,0
20130215,22.578,22.578,22.516,22.569,4084,0
20130219,22.524,22.569,22.498,22.534,99924,0
20130220,22.516,22.569,22.516,22.552,201253,0
20130221,22.587,22.649,22.578,22.605,23328,0
20130222,22.552,22.668,22.516,22.668,9380,0
20130225,22.631,22.702,22.631,22.64,7898,0
20130226,22.623,22.702,22.623,22.702,5414,0
20130227,22.649,22.702,22.615,22.615,8124,0
20130228,22.615,22.64,22.524,22.524,8851,0
20130301,22.534,22.668,22.534,22.631,5400,0
20130304,22.623,22.684,22.623,22.631,57645,0
20130305,22.596,22.658,22.587,22.649,5726,0
20130306,22.668,22.668,22.543,22.578,26325,0
20130307,22.561,22.596,22.561,22.578,4810,0
20130308,22.578,22.631,22.578,22.596,10178,0
20130311,22.552,22.658,22.552,22.649,7311,0
20130312,22.649,22.684,22.623,22.623,13454,0
20130313,22.616,22.832,22.616,22.813,21132,0
20130314,22.759,22.851,22.759,22.841,7283,0
20130315,22.768,22.978,22.768,22.968,11129,0
20130318,22.797,22.978,22.797,22.978,8701,0
20130319,22.949,22.959,22.851,22.895,7615,0
20130320,22.841,22.94,22.841,22.914,3070,0
20130321,22.914,22.914,22.851,22.905,3310,0
20130322,22.797,22.959,22.797,22.959,2296,0
20130325,22.914,22.968,22.914,22.959,3536,0
20130326,22.914,22.968,22.687,22.968,90934,0
20130327,22.914,22.93,22.914,22.914,3699,0
20130328,22.86,22.978,22.778,22.778,13778,0
20130401,22.978,22.978,22.822,22.868,6254,0
20130402,22.804,22.876,22.797,22.797,9777,0
20130403,22.797,22.804,22.787,22.797,10950,0
20130404,22.813,22.822,22.768,22.813,20250,0
20130405,22.759,22.822,22.759,22.822,10257,0
20130408,22.822,22.822,22.787,22.787,1327,0
20130409,22.787,22.822,22.768,22.787,15207,0
20130410,22.778,22.813,22.742,22.742,15366,0
20130411,22.778,22.813,22.742,22.813,12429,0
20130412,22.778,22.778,22.759,22.778,4436,0
20130415,22.742,22.787,22.733,22.759,14381,0
20130416,22.733,22.797,22.733,22.768,74661,0
20130417,22.742,22.832,22.733,22.832,12500,0
20130418,22.923,22.923,22.787,22.804,17198,0
20130419,22.822,22.923,22.822,22.886,5055,0
20130422,22.851,22.978,22.851,22.886,12014,0
20130423,23.003,23.003,22.914,22.94,14018,0
20130424,22.86,22.978,22.86,22.968,4854,0
20130425,22.986,22.986,22.895,22.914,5795,0
20130426,22.876,22.968,22.876,22.968,1881,0
20130429,22.968,22.994,22.949,22.949,5515,0
20130430,22.905,22.968,22.905,22.93,4359,0
20130501,22.905,23.003,22.905,22.93,13190,0
20130502,22.978,22.978,22.914,22.978,20420,0
20130503,22.959,22.978,22.93,22.978,12782,0
20130506,22.986,22.986,22.895,22.914,10634,0
20130507,22.895,22.978,22.895,22.968,9009,0
20130508,22.914,22.978,22.914,22.978,12075,0
20130509,22.94,23.086,22.94,23.086,12118,0
20130510,23.13,23.193,23.013,23.057,8677,0
20130513,23.166,23.166,23.076,23.086,11949,0
20130514,23.095,23.149,23.022,23.086,8781,0
20130515,23.032,23.12,23.032,23.095,7725,0
20130516,23.032,23.095,23.032,23.095,2666,0
20130517,23.049,23.095,23.049,23.086,2097,0
20130520,23.076,23.076,23.076,23.076,386,0
20130521,23.086,23.266,23.086,23.166,10342,0
20130522,23.158,23.203,22.986,23.032,18109,0
20130523,23.032,23.166,22.978,23.095,13752,0
20130524,23.04,23.095,22.994,23.086,10475,0
20130528,23.12,23.212,23.003,23.003,10409,0
20130529,22.978,23.174,22.978,23.049,6868,0
20130530,22.986,23.076,22.986,23.067,3908,0
20130531,23.057,23.095,22.94,22.94,13186,0
20130603,23.032,23.049,22.876,23.003,11449,0
20130604,22.895,22.93,22.832,22.86,11110,0
20130605,22.851,22.93,22.813,22.923,12162,0
20130606,22.914,22.968,22.914,22.923,3410,0
20130607,22.851,22.994,22.851,22.914,5259,0
20130610,22.959,22.978,22.914,22.949,9168,0
20130611,22.959,22.959,22.876,22.923,22679,0
20130612,22.968,22.968,22.633,22.679,40258,0
20130613,22.444,22.587,22.227,22.506,32489,0
20130614,22.524,22.804,22.506,22.804,11509,0
20130617,22.579,22.714,22.579,22.679,8581,0
20130618,22.606,22.705,22.597,22.696,6092,0
20130619,22.616,22.679,22.597,22.616,13768,0
20130620,22.416,22.597,22.326,22.552,21073,0
20130621,22.822,22.905,22.281,22.281,18306,0
20130624,22.452,22.651,22.245,22.462,15590,0
20130625,22.48,22.66,22.271,22.66,6329,0
20130626,22.641,22.67,22.326,22.506,6264,0
20130627,22.515,22.797,22.506,22.778,5015,0
20130628,23.165,23.256,23.072,23.256,7165,0
20130701,22.876,22.876,22.67,22.86,5160,0
20130702,22.876,22.876,22.705,22.733,4894,0
20130703,22.787,22.787,22.679,22.742,3385,0
20130705,22.66,22.787,22.66,22.714,4118,0
20130708,22.733,22.733,22.579,22.579,3692,0
20130709,22.587,22.641,22.389,22.633,15214,0
20130710,22.569,22.705,22.561,22.616,8244,0
20130711,22.624,22.66,22.606,22.624,5515,0
20130712,22.624,22.705,22.624,22.687,7516,0
20130715,22.633,22.641,22.624,22.624,9404,0
20130716,22.67,22.679,22.616,22.616,8597,0
20130717,22.624,22.733,22.624,22.724,15042,0
20130718,22.687,22.696,22.66,22.66,2631,0
20130719,22.597,22.696,22.597,22.606,452764,0
20130722,22.679,22.778,22.679,22.724,10510,0
20130723,22.86,22.895,22.742,22.86,12171,0
20130724,22.822,22.94,22.822,22.876,4878,0
20130725,22.822,22.851,22.822,22.841,2185,0
20130726,22.822,22.832,22.822,22.822,5008,0
20130729,22.822,22.86,22.822,22.822,3061,0
20130730,22.822,22.851,22.822,22.822,2451,0
20130731,22.822,22.86,22.797,22.851,5403,0
20130801,22.797,22.868,22.778,22.778,4592,0
20130802,22.797,22.822,22.742,22.822,6994,0
20130805,22.787,22.787,22.687,22.687,3053,0
20130806,22.606,22.606,22.308,22.444,36190,0
20130807,22.344,22.416,22.344,22.38,2903,0
20130808,22.353,22.372,22.245,22.335,11077,0
20130809,22.299,22.462,22.299,22.462,6103,0
20130812,22.462,22.462,22.308,22.308,6330,0
20130813,22.308,22.344,21.982,21.992,17923,0
20130814,21.992,22.227,21.992,22.064,23032,0
20130815,22.009,22.1,21.404,21.521,40007,0
20130816,21.558,21.558,21.386,21.386,18735,0
20130819,21.458,21.676,21.197,21.44,21208,0
20130820,21.449,21.593,21.26,21.314,21786,0
20130821,21.205,21.422,21.124,21.124,20376,0
20130822,21.214,21.666,21.205,21.558,9008,0
20130823,21.558,21.828,21.558,21.811,13671,0
20130826,21.828,21.964,21.694,21.901,13088,0
20130827,21.865,22.018,21.711,21.937,15285,0
20130828,21.828,21.937,21.657,21.891,5098,0
20130829,21.802,22.046,21.802,22,7307,0
20130830,22.245,22.391,22.245,22.383,6069,0
20130903,22.136,22.181,21.964,21.964,8005,0
20130904,21.874,22,21.874,21.945,3095,0
20130905,21.855,22,21.476,21.72,10957,0
20130906,21.701,21.883,21.701,21.874,3656,0
20130909,22,22,21.82,21.883,9832,0
20130910,21.919,21.919,21.874,21.91,5695,0
20130911,21.901,21.91,21.802,21.802,8054,0
20130912,21.803,21.913,21.794,21.885,10815,0
20130913,21.785,21.868,21.73,21.803,5732,0
20130916,21.821,21.849,21.683,21.683,6820,0
20130917,21.582,21.794,21.582,21.738,6759,0
20130918,21.858,21.996,21.748,21.978,11144,0
20130919,21.904,22.226,21.758,21.758,33329,0
20130920,21.701,21.868,21.701,21.803,10263,0
20130923,21.895,21.904,21.765,21.895,10696,0
20130924,21.83,22.152,21.83,22.125,14725,0
20130925,22.06,22.06,21.941,22.052,7576,0
20130926,21.978,22.152,21.969,22.152,86196,0
20130927,22.107,22.18,22.107,22.152,1572,0
20130930,22.088,22.391,22.088,22.391,10032,0
20131001,22.41,22.41,22.235,22.309,4981,0
20131002,22.18,22.52,22.18,22.328,12832,0
20131003,22.3,22.309,22.17,22.208,5766,0
20131004,22.17,22.263,22.143,22.143,3553,0
20131007,22.217,22.217,21.941,22.052,219831,0
20131008,22.033,22.033,21.904,21.932,4991,0
20131009,21.849,21.987,21.849,21.987,4582,0
20131010,21.996,21.996,21.885,21.959,9624,0
20131011,21.849,22.107,21.849,22.107,14028,0
20131014,22.162,22.198,22.088,22.162,10894,0
20131015,22.088,22.134,21.913,21.978,20818,0
20131016,21.877,21.987,21.71,21.95,21874,0
20131017,21.904,21.987,21.904,21.932,3154,0
20131018,21.941,22.272,21.941,22.272,4236,0
20131021,22.217,22.263,22.125,22.263,15309,0
20131022,22.272,22.429,22.143,22.419,10213,0
20131023,22.52,22.529,22.318,22.419,14372,0
20131024,22.3,22.456,22.3,22.309,211777,0
20131025,22.226,22.429,22.226,22.383,5477,0
20131028,22.3,22.401,22.245,22.245,11206,0
20131029,22.309,22.391,22.18,22.355,9512,0
20131030,22.235,22.309,22.217,22.272,2735,0
20131031,22.263,22.272,22.079,22.079,6442,0
20131101,22.198,22.226,22.107,22.125,4392,0
20131104,22.088,22.217,22.088,22.217,3715,0
20131105,22.208,22.208,22.06,22.125,11524,0
20131106,22.107,22.152,21.996,22.079,7173,0
20131107,22.143,22.143,21.959,21.959,6391,0
20131108,21.895,22.134,21.895,21.941,7394,0
20131111,21.868,22.042,21.868,21.996,2101,0
20131112,21.932,22.014,21.932,21.996,5496,0
20131113,21.849,21.996,21.849,21.95,7365,0
20131114,22.024,22.069,21.803,21.84,11834,0
20131115,21.83,21.969,21.83,21.941,6786,0
20131118,21.941,22.014,21.868,21.868,9379,0
20131119,21.813,22.006,21.803,21.932,9610,0
20131120,21.932,22.052,21.932,21.978,5689,0
20131121,22.033,22.06,21.904,22.042,11641,0
20131122,22.125,22.3,22.125,22.3,10057,0
20131125,22.198,22.217,22.088,22.152,9312,0
20131126,22.107,22.125,22.079,22.079,3962,0
20131127,22.024,22.125,22.024,22.107,1495,0
20131129,22.107,22.125,22.107,22.125,1145,0
20131202,22.079,22.079,22.069,22.069,2070,0
20131203,21.932,22.3,21.932,22.29,3443,0
20131204,22.152,22.235,22.069,22.079,8237,0
20131205,21.996,22.052,21.794,21.932,16021,0
20131206,21.849,21.923,21.849,21.849,5316,0
20131209,21.877,21.877,21.71,21.738,13640,0
20131210,21.72,21.821,21.701,21.738,17750,0
20131211,21.701,21.758,21.655,21.655,17660,0
20131212,21.622,21.641,21.51,21.557,8742,0
20131213,21.5,21.576,21.472,21.491,16503,0
20131216,21.538,21.538,21.35,21.388,19256,0
20131217,21.35,21.519,21.266,21.304,18655,0
20131218,21.257,21.388,21.257,21.36,11960,0
20131219,21.519,21.519,21.275,21.463,16052,0
20131220,21.463,21.791,21.453,21.632,56162,0
20131223,21.706,21.735,21.407,21.482,34816,0
20131224,21.397,21.659,21.397,21.659,10059,0
20131226,21.613,21.613,21.313,21.35,12254,0
20131227,21.444,21.538,21.341,21.444,22131,0
20131230,21.491,21.65,21.388,21.632,26238,0
20131231,21.632,21.688,21.406,21.491,22486,0
20140102,21.613,21.613,21.397,21.566,19491,0
20140103,21.632,21.883,21.566,21.706,13348,0
20140106,21.735,21.903,21.735,21.819,17771,0
20140107,21.883,21.883,21.791,21.876,8312,0
20140108,21.913,22.052,21.819,21.959,13097,0
20140109,21.94,22.24,21.932,22.221,12240,0
20140110,22.137,22.55,22.137,22.54,35095,0
20140113,22.577,22.718,22.381,22.511,7140,0
20140114,22.52,22.616,22.325,22.408,12065,0
20140115,22.325,22.55,22.174,22.446,19385,0
20140116,22.53,22.698,22.408,22.624,9148,0
20140117,22.718,22.718,22.624,22.708,4762,0
20140121,22.662,22.83,22.662,22.83,7768,0
20140122,22.698,22.793,22.681,22.774,8590,0
20140123,22.774,22.83,22.689,22.689,25112,0
20140124,22.728,22.728,22.53,22.606,12598,0
20140127,22.502,22.577,22.389,22.577,7119,0
20140128,22.596,22.681,22.484,22.616,13424,0
20140129,22.494,22.586,22.494,22.52,5356,0
20140130,22.672,22.672,22.53,22.54,9931,0
20140131,22.55,22.577,22.474,22.474,9889,0
20140203,22.567,22.586,22.381,22.408,14365,0
20140204,22.381,22.474,22.372,22.381,16834,0
20140205,22.333,22.408,22.333,22.381,7446,0
20140206,22.484,22.494,22.372,22.446,16964,0
20140207,22.558,22.567,22.484,22.511,27602,0
20140210,22.606,22.606,22.511,22.511,7753,0
20140211,22.577,22.577,22.502,22.511,15456,0
20140212,22.577,22.577,22.464,22.494,25866,0
20140213,22.446,22.616,22.437,22.616,11856,0
20140214,22.567,22.698,22.567,22.698,7361,0
20140218,22.728,22.886,22.708,22.803,9855,0
20140219,22.811,23.008,22.764,22.764,17026,0
20140220,22.764,22.932,22.764,22.896,7890,0
20140221,23.017,23.064,22.905,22.961,6942,0
20140224,23.073,23.073,22.859,23.037,13010,0
20140225,22.971,23.073,22.961,23.008,10562,0
20140226,23.008,23.11,23.008,23.093,3446,0
20140227,23.083,23.159,23.083,23.102,11213,0
20140228,23.159,23.327,23.12,23.223,12123,0
20140303,23.223,23.251,23.176,23.185,4878,0
20140304,23.261,23.345,23.241,23.297,10125,0
20140305,23.289,23.345,23.223,23.271,7900,0
20140306,23.195,23.345,23.195,23.205,21507,0
20140307,23.307,23.505,23.176,23.505,42234,0
20140310,23.41,23.522,23.393,23.439,27191,0
20140311,23.505,23.505,23.457,23.457,3047,0
20140312,23.419,23.449,23.327,23.439,14862,0
20140313,23.443,23.642,23.443,23.642,11723,0
20140314,23.585,23.795,23.585,23.795,16476,0
20140317,23.795,23.795,23.633,23.633,13659,0
20140318,23.624,23.776,23.604,23.776,5701,0
20140319,23.671,23.776,23.671,23.738,9038,0
20140320,23.728,23.776,23.614,23.738,25418,0
20140321,23.805,23.823,23.709,23.805,18882,0
20140324,23.805,23.862,23.756,23.786,13882,0
20140325,23.919,23.919,23.795,23.89,16285,0
20140326,23.937,23.957,23.813,23.852,12917,0
20140327,24.004,24.004,23.852,23.862,20289,0
20140328,23.862,23.9,23.843,23.87,11387,0
20140331,23.88,23.9,23.786,23.786,16921,0
20140401,23.89,24.118,23.88,24.061,13321,0
20140402,24.061,24.061,23.985,24.061,9051,0
20140403,24.118,24.128,23.928,23.985,16481,0
20140404,23.957,24.091,23.862,23.862,17315,0
20140407,23.852,23.947,23.852,23.87,3918,0
20140408,23.928,23.994,23.833,23.957,9876,0
20140409,23.928,23.967,23.862,23.862,4919,0
20140410,23.9,24.071,23.823,23.843,8799,0
20140411,23.87,23.88,23.823,23.823,5431,0
20140414,23.833,23.937,23.833,23.909,3677,0
20140415,23.88,23.937,23.852,23.909,11232,0
20140416,23.919,23.947,23.823,23.89,12288,0
20140417,23.833,23.937,23.823,23.87,12792,0
20140421,23.843,23.985,23.823,23.947,38476,0
20140422,23.89,24.091,23.89,24.033,13313,0
20140423,24.091,24.166,24.004,24.128,21889,0
20140424,24.166,24.166,24.024,24.024,7898,0
20140425,23.919,24.071,23.919,24.061,9355,0
20140428,24.043,24.061,23.947,23.947,23165,0
20140429,24.033,24.051,23.994,24.033,8232,0
20140430,24.004,24.091,23.994,24.081,6738,0
20140501,24.091,24.118,24.033,24.091,10267,0
20140502,24.051,24.138,24.051,24.051,29381,0
20140505,23.994,24.118,23.994,24.043,4757,0
20140506,24.004,24.014,24.004,24.004,1126,0
20140507,23.994,24.051,23.994,23.994,4380,0
20140508,23.994,24.004,23.919,23.947,4885,0
20140509,23.937,23.985,23.937,23.957,9636,0
20140512,24.014,24.024,23.957,23.976,3816,0
20140513,23.957,24.024,23.957,24.024,13286,0
20140514,24.004,24.061,23.994,24.014,6436,0
20140515,24.014,24.071,24.004,24.014,5298,0
20140516,24.004,24.061,24.004,24.024,2128,0
20140519,24.014,24.166,24.014,24.138,5910,0
20140520,24.157,24.195,24.061,24.195,5848,0
20140521,24.272,24.272,24.138,24.185,6745,0
20140522,24.262,24.272,24.1,24.108,6562,0
20140523,24.061,24.108,24.024,24.051,5588,0
20140527,24.108,24.166,24.051,24.138,1731,0
20140528,24.108,24.185,24.081,24.185,4021,0
20140529,24.108,24.252,24.081,24.223,4457,0
20140530,24.299,24.299,24.138,24.289,4112,0
20140602,24.205,24.338,24.205,24.338,1706,0
20140603,24.329,24.338,24.175,24.175,2633,0
20140604,24.148,24.148,23.833,24.033,15214,0
20140605,24.091,24.091,23.909,24.051,9043,0
20140606,24.091,24.166,24.043,24.1,13546,0
20140609,24.175,24.242,24.175,24.242,1571,0
20140610,24.157,24.223,24.091,24.157,6511,0
20140611,24.081,24.319,24.081,24.252,11233,0
20140612,24.256,24.382,24.236,24.246,7153,0
20140613,24.246,24.314,24.236,24.236,4288,0
20140616,24.294,24.343,24.198,24.343,16412,0
20140617,24.276,24.285,24.198,24.276,8815,0
20140618,24.343,24.401,24.304,24.372,13097,0
20140619,24.46,24.46,24.334,24.372,7883,0
20140620,24.314,24.45,24.314,24.44,2084,0
20140623,24.508,24.518,24.372,24.45,8810,0
20140624,24.498,24.662,24.46,24.584,7403,0
20140625,24.508,24.566,24.488,24.508,13072,0
20140626,24.45,24.546,24.45,24.546,6468,0
20140627,24.44,24.526,24.44,24.526,2537,0
20140630,24.468,24.556,24.44,24.44,17630,0
20140701,24.526,24.692,24.526,24.614,10762,0
20140702,24.71,24.71,24.546,24.604,3512,0
20140703,24.536,24.701,24.526,24.634,2630,0
20140707,24.546,24.566,24.498,24.546,5809,0
20140708,24.546,24.643,24.546,24.556,2920,0
20140709,24.556,24.701,24.556,24.672,5457,0
20140710,24.594,24.768,24.594,24.634,3773,0
20140711,24.604,24.682,24.556,24.662,6412,0
20140714,24.662,24.71,24.584,24.614,7817,0
20140715,24.604,24.71,24.604,24.662,11232,0
20140716,24.662,24.682,24.643,24.643,1113,0
20140717,24.634,24.73,24.634,24.634,1568,0
20140718,24.614,24.692,24.584,24.584,48714,0
20140721,24.662,24.662,24.526,24.526,5248,0
20140722,24.546,24.584,24.536,24.546,7944,0
20140723,24.566,24.634,24.536,24.604,10708,0
20140724,24.546,24.624,24.546,24.566,3198,0
20140725,24.614,24.634,24.556,24.556,944,0
20140728,24.556,24.594,24.556,24.576,3986,0
20140729,24.526,24.672,24.526,24.584,4098,0
20140730,24.643,24.643,24.546,24.566,4577,0
20140731,24.526,24.594,24.401,24.401,13515,0
20140801,24.401,24.508,24.401,24.498,4934,0
20140804,24.42,24.44,24.285,24.362,7740,0
20140805,24.352,24.44,24.343,24.392,11493,0
20140806,24.43,24.45,24.392,24.45,2156,0
20140807,24.42,24.46,24.41,24.42,2660,0
20140808,24.45,24.45,24.401,24.45,5171,0
20140811,24.468,24.488,24.401,24.43,3756,0
20140812,24.45,24.46,24.401,24.42,3103,0
20140813,24.401,24.488,24.401,24.468,6113,0
20140814,24.468,24.518,24.468,24.498,875,0
20140815,24.488,24.498,24.43,24.488,16969,0
20140818,24.624,24.634,24.42,24.624,6465,0
20140819,24.566,24.614,24.546,24.556,4538,0
20140820,24.566,24.566,24.46,24.556,4105,0
20140821,24.508,24.518,24.45,24.498,4479,0
20140822,24.566,24.643,24.566,24.634,7214,0
20140825,24.526,24.662,24.526,24.662,13741,0
20140826,24.576,24.634,24.576,24.594,2139,0
20140827,24.546,24.672,24.546,24.614,5382,0
20140828,24.74,24.74,24.662,24.72,7686,0
20140829,24.594,24.72,24.594,24.594,4508,0
20140902,24.594,24.692,24.584,24.614,2648,0
20140903,24.556,24.652,24.556,24.556,5652,0
20140904,24.536,24.584,24.536,24.536,7010,0
20140905,24.536,24.546,24.42,24.498,4979,0
20140908,24.508,24.518,24.42,24.518,1631,0
20140909,24.556,24.566,24.518,24.518,2980,0
20140910,24.614,24.614,24.556,24.556,660,0
20140911,24.58,24.865,24.56,24.727,70246,0
20140912,24.776,24.776,24.619,24.698,18776,0
20140915,24.668,24.747,24.658,24.698,36471,0
20140916,24.707,24.776,24.678,24.688,24496,0
20140917,24.688,24.747,24.609,24.688,10439,0
20140918,24.668,24.717,24.668,24.668,13268,0
20140919,24.688,24.776,24.678,24.737,19089,0
20140922,24.796,24.796,24.658,24.767,1794,0
20140923,24.776,24.835,24.707,24.835,26366,0
20140924,24.757,24.757,24.737,24.737,720,0
20140925,24.717,24.796,24.717,24.796,1100,0
20140926,24.865,24.865,24.707,24.796,24839,0
20140929,24.865,25.081,24.855,24.973,13646,0
20140930,24.924,25.18,24.924,25.091,5115,0
20141001,25.15,25.15,24.796,25.052,14090,0
20141002,25.14,25.14,24.924,24.934,5547,0
20141003,24.944,24.953,24.924,24.953,6840,0
20141006,25.072,25.121,25.042,25.121,12693,0
20141007,25.131,25.19,25.091,25.14,16255,0
20141008,25.121,25.17,25.121,25.17,4173,0
20141009,25.17,25.17,25.101,25.15,5933,0
20141010,25.081,25.121,25.062,25.121,1450,0
20141013,24.993,25.19,24.953,25.14,22720,0
20141014,25.042,25.219,25.032,25.18,4153,0
20141015,25.219,25.219,25.091,25.091,3584,0
20141016,25.17,25.17,25.091,25.121,2742,0
20141017,25.19,25.19,25.042,25.17,3888,0
20141020,25.239,25.239,24.993,25.131,3431,0
20141021,25.16,25.308,25.16,25.308,5976,0
20141022,25.209,25.239,25.209,25.239,1276,0
20141023,25.209,25.288,25.199,25.249,4261,0
20141024,25.278,25.298,25.229,25.288,3883,0
20141027,25.239,25.318,25.209,25.259,8844,0
20141028,25.199,25.249,25.15,25.209,4346,0
20141029,25.16,25.288,25.14,25.288,3420,0
20141030,25.19,25.318,25.091,25.209,12947,0
20141031,25.288,25.465,25.091,25.436,18243,0
20141103,25.199,25.357,25.18,25.249,7734,0
20141104,25.298,25.386,25.249,25.386,10136,0
20141105,25.377,25.377,25.308,25.357,4269,0
20141106,25.357,25.357,25.278,25.308,1571,0
20141107,25.199,25.485,25.121,25.15,6085,0
20141110,25.327,25.377,25.259,25.318,9292,0
20141111,25.386,25.465,25.357,25.426,6403,0
20141112,25.377,25.386,25.239,25.239,4272,0
20141113,25.298,25.298,25.219,25.219,3864,0
20141114,25.249,25.268,25.199,25.239,4602,0
20141117,25.229,25.288,25.15,25.288,11807,0
20141118,25.278,25.367,25.199,25.259,7134,0
20141119,25.121,25.278,25.091,25.14,26781,0
20141120,25.17,25.239,25.16,25.16,1990,0
20141121,25.229,25.288,25.131,25.249,14465,0
20141124,25.14,25.268,25.14,25.239,8755,0
20141125,25.219,25.268,25.15,25.219,2891,0
20141126,25.16,25.259,25.16,25.259,2037,0
20141128,25.278,25.278,25.278,25.278,139,0
20141201,25.259,25.337,25.199,25.239,3541,0
20141202,25.268,25.485,25.268,25.337,8566,0
20141203,25.327,25.445,25.268,25.268,1827,0
20141204,25.19,25.337,25.17,25.18,8511,0
20141205,25.209,25.209,25.18,25.199,2243,0
20141208,25.259,25.357,25.209,25.308,2439,0
20141209,25.14,25.436,25.14,25.436,7447,0
20141210,25.347,25.416,25.268,25.416,3324,0
20141211,25.51,25.58,25.38,25.46,5958,0
20141212,25.4,25.52,25.33,25.43,10111,0
20141215,25.4,25.44,25.39,25.43,4627,0
20141216,25.39,25.39,25.24,25.29,5846,0
20141217,25.23,25.37,25.2,25.34,83207,0
20141218,25.31,25.47,25.27,25.27,2665,0
20141219,25.43,25.43,25.14,25.27,7586,0
20141222,25.25,25.34,25.24,25.34,4993,0
20141223,25.28,25.39,25.28,25.36,2516,0
20141224,25.33,25.35,25.29,25.29,3009,0
20141226,25.46,25.46,25.31,25.39,4424,0
20141229,25.3,25.52,25.3,25.52,80302,0
20141230,25.46,25.68,25.46,25.68,1074,0
20141231,25.75,25.77,25.4,25.4,11310,0
20150102,25.41,25.89,25.41,25.86,10329,0
20150105,25.88,25.88,25.65,25.77,6654,0
20150106,25.72,25.8,25.6,25.61,11172,0
20150107,25.78,25.78,25.48,25.54,12286,0
20150108,25.59,25.69,25.55,25.64,6594,0
20150109,25.62,25.63,25.56,25.56,2343,0
20150112,25.6,25.69,25.6,25.69,1799,0
20150113,25.62,25.74,25.62,25.7,8918,0
20150114,25.7,25.74,25.7,25.73,3786,0
20150115,25.73,25.75,25.71,25.74,2440,0
20150116,25.71,25.84,25.66,25.77,12272,0
20150120,25.75,25.9,25.75,25.88,9925,0
20150121,25.84,25.98,25.75,25.76,7295,0
20150122,25.87,25.87,25.76,25.86,3742,0
20150123,25.81,25.95,25.78,25.94,12690,0
20150126,25.93,25.98,25.85,25.87,7819,0
20150127,25.9,25.9,25.85,25.85,6407,0
20150128,25.81,25.88,25.77,25.77,30614,0
20150129,25.78,25.78,25.57,25.73,16019,0
20150130,25.83,25.83,25.65,25.65,26627,0
20150202,25.73,25.74,25.64,25.69,8911,0
20150203,25.66,25.66,25.64,25.65,7645,0
20150204,25.74,25.74,25.61,25.62,4479,0
20150205,25.65,25.65,25.6,25.6,8797,0
20150206,25.6,25.65,25.6,25.64,2244,0
20150209,25.59,25.65,25.5,25.5,11450,0
20150210,25.5,25.58,25.5,25.54,6429,0
20150211,25.54,25.59,25.45,25.59,7135,0
20150212,25.6,25.65,25.55,25.6,11450,0
20150213,25.57,25.59,25.55,25.58,5374,0
20150217,25.69,25.69,25.48,25.48,16758,0
20150218,25.48,25.51,25.35,25.38,21974,0
20150219,25.4,25.46,25.38,25.45,15776,0
20150220,25.5,25.5,25.32,25.44,21961,0
20150223,25.49,25.56,25.45,25.56,9865,0
20150224,25.46,25.54,25.46,25.53,10026,0
20150225,25.49,25.58,25.48,25.53,54097,0
20150226,25.48,25.58,25.47,25.56,5707,0
20150227,25.49,25.6,25.47,25.6,24046,0
20150302,25.61,25.66,25.594,25.64,6674,0
20150303,25.64,25.665,25.62,25.66,4259,0
20150304,25.57,25.71,25.57,25.65,3597,0
20150305,25.65,25.68,25.63,25.66,10528,0
20150306,25.55,25.56,25.45,25.46,6628,0
20150309,25.47,25.56,25.46,25.54,5600,0
20150310,25.54,25.73,25.54,25.7,19466,0
20150311,25.7,25.73,25.61,25.7,8416,0
20150312,25.3,25.39,25.3,25.381,8676,0
20150313,25.35,25.39,25.27,25.348,8995,0
20150316,25.43,25.43,25.32,25.34,7906,0
20150317,25.32,25.32,25.2,25.25,11064,0
20150318,25.25,25.3,25.19,25.25,9107,0
20150319,25.27,25.32,25.23,25.25,7551,0
20150320,25.28,25.38,25.27,25.35,12056,0
20150323,25.36,25.36,25.27,25.32,16627,0
20150324,25.36,25.39,25.35,25.38,3006,0
20150325,25.38,25.43,25.34,25.4,12946,0
20150326,25.42,25.42,25.3,25.37,45009,0
20150327,25.38,25.42,25.38,25.42,7330,0
20150330,25.42,25.44,25.38,25.437,8022,0
20150331,25.44,25.47,25.36,25.36,9186,0
20150401,25.45,25.46,25.37,25.45,44521,0
20150402,25.39,25.45,25.39,25.42,7568,0
20150406,25.48,25.523,25.35,25.505,9745,0
20150407,25.5,25.58,25.5,25.58,5449,0
20150408,25.48,25.58,25.48,25.571,5341,0
20150409,25.47,25.58,25.45,25.492,8078,0
20150410,25.503,25.503,25.503,25.503,225,0
20150413,25.5,25.559,25.46,25.52,1536,0
20150414,25.55,25.56,25.417,25.48,5019,0
20150415,25.52,25.56,25.42,25.559,2970,0
20150416,25.54,25.56,25.43,25.44,6414,0
20150417,25.52,25.56,25.43,25.56,13668,0
20150420,25.5,25.532,25.47,25.47,3153,0
20150421,25.5,25.54,25.5,25.5,4589,0
20150422,25.5,25.5,25.49,25.49,3736,0
20150423,25.48,25.5,25.441,25.5,11947,0
20150424,25.5,25.5,25.43,25.44,5820,0
20150427,25.46,25.48,25.43,25.46,4591,0
20150428,25.448,25.49,25.39,25.426,2055,0
20150429,25.413,25.46,25.4,25.46,5634,0
20150430,25.4,25.44,25.29,25.29,4863,0
20150501,25.38,25.4,25.321,25.35,3783,0
20150504,25.38,25.39,25.351,25.39,3693,0
20150505,25.35,25.35,25.3,25.35,4329,0
20150506,25.32,25.32,25.12,25.131,21990,0
20150507,25.31,25.31,25.15,25.2,7792,0
20150508,25.2,25.3,25.2,25.26,3991,0
20150511,25.28,25.28,25.22,25.25,6663,0
20150512,25.26,25.262,25.19,25.22,10547,0
20150513,25.23,25.338,25.22,25.31,7100,0
20150514,25.39,25.44,25.27,25.36,8286,0
20150515,25.3,25.51,25.3,25.39,9246,0
20150518,25.392,25.414,25.337,25.374,2484,0
20150519,25.36,25.381,25.31,25.365,1750,0
20150520,25.392,25.41,25.3,25.4,3220,0
20150521,25.383,25.44,25.383,25.401,1160,0
20150522,25.414,25.48,25.36,25.39,1375,0
20150526,25.4,25.52,25.378,25.42,2387,0
20150527,25.489,25.489,25.489,25.489,100,0
20150528,25.509,25.55,25.509,25.55,3148,0
20150529,25.46,25.54,25.4,25.42,7615,0
20150601,25.39,25.53,25.39,25.53,2231,0
20150602,25.51,25.51,25.44,25.51,5689,0
20150603,25.53,25.53,25.432,25.432,4900,0
20150604,25.48,25.53,25.436,25.47,4200,0
20150605,25.45,25.46,25.4,25.43,8734,0
20150608,25.5,25.5,25.43,25.45,5800,0
20150609,25.52,25.52,25.43,25.43,2113,0
20150610,25.48,25.5,25.45,25.49,2607,0
20150611,25.05,25.14,25.041,25.06,12093,0
20150612,25.15,25.15,25.08,25.08,3943,0
20150615,25.05,25.16,25.05,25.16,4483,0
20150616,25.17,25.17,25.09,25.15,5610,0
20150617,25.15,25.15,25.1,25.1,6197,0
20150618,25.14,25.21,25.07,25.09,15747,0
20150619,25.07,25.09,25.06,25.09,4573,0
20150622,25.1,25.11,25.06,25.1,7690,0
20150623,25.1,25.13,25.043,25.052,14448,0
20150624,25.12,25.14,25.052,25.14,11186,0
20150625,25.1,25.22,25.09,25.15,2864,0
20150626,25.31,25.31,25.05,25.05,9420,0
20150629,25.116,25.2,25.07,25.1,96680,0
20150630,25.19,25.37,25.15,25.15,10201,0
20150701,25.31,25.31,25.19,25.28,4266,0
20150702,25.31,25.311,25.24,25.24,1298,0
20150706,25.22,25.22,25.07,25.14,4068,0
20150707,25.2,25.24,25.16,25.16,4162,0
20150708,25.16,25.2,25.14,25.2,5093,0
20150709,25.15,25.25,25.14,25.19,7995,0
20150710,25.206,25.24,25.2,25.2,4339,0
20150713,25.2,25.3,25.2,25.21,7438,0
20150714,25.261,25.269,25.24,25.24,3100,0
20150715,25.2,25.28,25.2,25.253,2957,0
20150716,25.28,25.35,25.22,25.35,4769,0
20150717,25.39,25.39,25.26,25.26,2525,0
20150720,25.362,25.366,25.35,25.35,750,0
20150721,25.35,25.42,25.3,25.42,5499,0
20150722,25.42,25.42,25.3,25.3,4470,0
20150723,25.37,25.37,25.3,25.31,2821,0
20150724,25.35,25.4,25.35,25.388,2199,0
20150727,25.4,25.415,25.36,25.41,4825,0
20150728,25.384,25.44,25.33,25.43,6247,0
20150729,25.44,25.457,25.43,25.43,3367,0
20150730,25.43,25.43,25.32,25.37,3632,0
20150731,25.37,25.45,25.37,25.45,3053,0
20150803,25.45,25.47,25.395,25.431,4074,0
20150804,25.453,25.48,25.41,25.48,2431,0
20150805,25.5,25.5,25.448,25.46,3966,0
20150806,25.5,25.54,25.42,25.51,11111,0
20150807,25.425,25.521,25.415,25.47,2150,0
20150810,25.48,25.56,25.471,25.54,4156,0
20150811,25.5,25.59,25.5,25.59,4578,0
20150812,25.526,25.55,25.5,25.53,3200,0
20150813,25.5,25.51,25.47,25.5,4706,0
20150814,25.47,25.53,25.46,25.52,3766,0
20150817,25.52,25.61,25.52,25.61,2256,0
20150818,25.52,25.6,25.52,25.6,1450,0
20150819,25.61,25.61,25.46,25.5,8557,0
20150820,25.56,25.6,25.55,25.55,1200,0
20150821,25.53,25.53,25.36,25.43,12780,0
20150824,25.3,25.405,25.3,25.33,7401,0
20150825,25.444,25.444,25.32,25.362,4463,0
20150826,25.411,25.44,25.35,25.38,6702,0
20150827,25.422,25.562,25.422,25.562,3028,0
20150828,25.36,25.6,25.36,25.49,3395,0
20150831,25.49,25.52,25.48,25.51,2729,0
20150901,25.39,25.5,25.36,25.447,3759,0
20150902,25.33,25.47,25.33,25.439,2528,0
20150903,25.411,25.48,25.411,25.48,756,0
20150904,25.432,25.537,25.42,25.494,4856,0
20150908,25.454,25.51,25.45,25.49,22736,0
20150909,25.48,25.59,25.46,25.57,6663,0
20150910,25.546,25.6,25.537,25.54,3007,0
20150911,25.14,25.17,25.11,25.16,4690,0
20150914,25.166,25.166,25.12,25.12,6600,0
20150915,25.15,25.15,25.12,25.13,21500,0
20150916,25.151,25.18,25.15,25.17,2680,0
20150917,25.155,25.24,25.155,25.24,5267,0
20150918,25.18,25.23,25.11,25.19,8824,0
20150921,25.27,25.27,25.15,25.191,55450,0
20150922,25.17,25.179,25.16,25.173,3350,0
20150923,25.18,25.2,25.176,25.2,1723,0
20150924,25.17,25.2,25.17,25.191,1300,0
20150925,25.2,25.2,25.11,25.142,29589,0
20150928,25.154,25.154,25.06,25.09,9232,0
20150929,25.124,25.125,25.01,25.06,10066,0
20150930,25.12,25.12,25.01,25.01,20811,0
20151001,25.09,25.09,25.02,25.07,9595,0
20151002,25.12,25.12,25.05,25.07,14776,0
20151005,25.12,25.12,25.02,25.02,23097,0
20151006,25.03,25.09,25.03,25.06,32988,0
20151007,25.09,25.14,25.08,25.13,1901,0
20151008,25.19,25.22,25.18,25.19,6158,0
20151009,25.19,25.19,25.05,25.06,24019,0
20151012,25.12,25.23,25.1,25.11,20067,0
20151013,25.21,25.24,25.184,25.22,8577,0
20151014,25.27,25.27,25.215,25.242,3426,0
20151015,25.2,25.26,25.193,25.193,18850,0
20151016,25.26,25.27,25.191,25.235,7153,0
20151019,25.251,25.251,25.22,25.22,13600,0
20151020,25.25,25.27,25.232,25.25,7049,0
20151021,25.205,25.25,25.18,25.23,23164,0
20151022,25.23,25.3,25.21,25.21,12902,0
20151023,25.27,25.29,25.24,25.26,4072,0
20151026,25.278,25.29,25.25,25.28,6161,0
20151027,25.29,25.3,25.27,25.297,5174,0
20151028,25.291,25.348,25.291,25.325,6130,0
20151029,25.32,25.35,25.316,25.35,15096,0
20151030,25.334,25.36,25.3,25.3,3198,0
20151102,25.34,25.36,25.305,25.36,18289,0
20151103,25.36,25.38,25.35,25.38,20193,0
20151104,25.37,25.386,25.37,25.386,2200,0
20151105,25.39,25.39,25.33,25.355,7390,0
20151106,25.35,25.35,25.28,25.3,21613,0
20151109,25.31,25.323,25.25,25.27,3615,0
20151110,25.285,25.3,25.28,25.285,23430,0
20151111,25.28,25.33,25.28,25.3,18014,0
20151112,25.28,25.39,25.28,25.35,53655,0
20151113,25.36,25.37,25.314,25.37,5848,0
20151116,25.358,25.39,25.341,25.38,4030,0
20151117,25.334,25.4,25.33,25.39,11851,0
20151118,25.39,25.4,25.366,25.4,5045,0
20151119,25.39,25.4,25.384,25.4,8806,0
20151120,25.38,25.45,25.37,25.45,33553,0
20151123,25.4,25.47,25.4,25.47,16320,0
20151124,25.47,25.47,25.425,25.47,7280,0
20151125,25.446,25.47,25.443,25.47,1705,0
20151127,25.429,25.452,25.429,25.452,300,0
20151130,25.42,25.461,25.42,25.44,7844,0
20151201,25.42,25.54,25.42,25.54,10466,0
20151202,25.478,25.53,25.46,25.496,6005,0
20151203,25.54,25.54,25.46,25.48,17099,0
20151204,25.489,25.51,25.48,25.5,4825,0
20151207,25.47,25.52,25.44,25.52,17793,0
20151208,25.45,25.52,25.45,25.52,4947,0
20151209,25.52,25.57,25.514,25.57,21657,0
20151210,25.55,25.59,25.55,25.59,8525,0
20151211,25.18,25.23,25.13,25.16,16733,0
20151214,25.14,25.14,24.98,24.995,14497,0
20151215,25.02,25.15,25.01,25.09,24503,0
20151216,25.15,25.15,25.056,25.13,7806,0
20151217,25.15,25.25,25.15,25.16,19699,0
20151218,25.24,25.24,25.2,25.226,6130,0
20151221,25.21,25.25,25.2,25.2,3440,0
20151222,25.2,25.25,25.17,25.226,13759,0
20151223,25.24,25.3,25.221,25.3,12500,0
20151224,25.31,25.33,25.31,25.33,613,0
20151228,25.282,25.42,25.282,25.4,5910,0
20151229,25.32,25.38,25.32,25.32,2047,0
20151230,25.45,25.45,25.29,25.45,14867,0
20151231,25.42,25.48,25.42,25.46,13260,0
20160104,25.39,25.54,25.361,25.51,21662,0
20160105,25.66,25.67,25.56,25.64,16660,0
20160106,25.62,25.62,25.4532,25.51,7049,0
20160107,25.64,25.64,25.4317,25.6,4336,0
20160108,25.54,25.63,25.37,25.61,16044,0
20160111,25.5,25.6099,25.5,25.519,6938,0
20160112,25.55,25.66,25.55,25.66,9323,0
20160113,25.6334,25.6599,25.56,25.5903,8520,0
20160114,25.51,25.6,25.51,25.56,12894,0
20160115,25.56,25.62,25.5232,25.6099,6373,0
20160119,25.6342,25.6342,25.6342,25.6342,0,0
20160120,25.62,25.64,25.42,25.61,18001,0
20160121,25.59,25.68,25.54,25.61,13365,0
20160122,25.67,25.75,25.6,25.75,9515,0
20160125,25.7,25.7,25.55,25.68,11347,0
20160126,25.73,25.73,25.6899,25.72,5020,0
20160127,25.651,25.69,25.6,25.67,3604,0
20160128,25.67,25.75,25.5916,25.75,11192,0
20160129,25.62,25.83,25.62,25.78,13175,0
20160201,25.784,25.814,25.78,25.7946,3911,0
20160202,25.7112,25.8399,25.6419,25.72,8455,0
20160203,25.731,25.84,25.73,25.84,3851,0
20160204,25.85,25.89,25.81,25.8307,6768,0
20160205,25.85,25.85,25.71,25.8023,9197,0
20160208,25.76,25.8,25.6201,25.76,3855,0
20160209,25.74,25.75,25.4851,25.59,16717,0
20160210,25.88,25.88,25.6523,25.678,5144,0
20160211,25.4752,25.77,25.12,25.12,20296,0
20160212,25.2855,25.65,25.125,25.53,14386,0
20160216,25.464,25.62,25.464,25.61,1602,0
20160217,25.62,25.8,25.62,25.79,4789,0
20160218,25.7,25.84,25.6501,25.84,1978,0
20160219,25.84,25.93,25.72,25.92,6912,0
20160222,25.8279,25.93,25.8279,25.93,1193,0
20160223,25.93,26,25.87,25.9113,7981,0
20160224,25.87,25.95,25.73,25.941,6159,0
20160225,25.94,25.94,25.7921,25.94,4266,0
20160226,25.874,26.02,25.874,25.9,3162,0
20160229,25.89,25.99,25.794,25.8,15979,0
20160301,25.77,25.9432,25.77,25.84,8196,0
20160302,25.85,25.9,25.85,25.9,745,0
20160303,25.91,25.92,25.88,25.9,4155,0
20160304,25.9,25.99,25.9,25.9242,4542,0
20160307,25.944,25.9655,25.944,25.9655,1199,0
20160308,25.986,26.03,25.88,26.0201,7852,0
20160309,26.038,26.04,26.0341,26.0341,420,0
20160310,26,26.0125,25.91,25.9583,7448,0
20160311,25.5832,25.63,25.551,25.6,7789,0
20160314,25.62,25.652,25.571,25.5863,4640,0
20160315,25.55,25.6161,25.51,25.51,6274,0
20160316,25.63,25.63,25.54,25.57,4176,0
20160317,25.57,25.6199,25.57,25.6199,1619,0
20160318,25.57,25.63,25.52,25.54,4968,0
20160321,25.5885,25.63,25.45,25.55,57177,0
20160322,25.6216,25.63,25.504,25.5499,13947,0
20160323,25.51,25.5801,25.51,25.5801,2841,0
20160324,25.603,25.63,25.55,25.63,5588,0
20160328,25.5969,25.64,25.5965,25.64,3821,0
20160329,25.6,25.6682,25.6,25.645,4620,0
20160330,25.67,25.76,25.5973,25.7299,8056,0
20160331,25.73,25.75,25.63,25.63,9476,0
20160401,25.66,25.7199,25.61,25.7099,21120,0
20160404,25.7,25.7,25.5001,25.5601,5177,0
20160405,25.5656,25.62,25.4784,25.61,3318,0
20160406,25.65,25.69,25.5761,25.64,5881,0
20160407,25.608,25.67,25.58,25.5891,2450,0
20160408,25.68,25.68,25.58,25.59,3205,0
20160411,25.6999,25.7,25.5782,25.7,2590,0
20160412,25.64,25.7,25.61,25.6576,7785,0
20160413,25.7048,25.71,25.686,25.686,4029,0
20160414,25.65,25.7,25.63,25.69,4639,0
20160415,25.65,25.7,25.6401,25.7,1035,0
20160418,25.6201,25.7499,25.6201,25.7499,1986,0
20160419,25.6896,25.7599,25.6896,25.73,5034,0
20160420,25.7,25.8299,25.68,25.6801,20961,0
20160421,25.74,25.8,25.74,25.79,1886,0
20160422,25.74,25.89,25.69,25.72,25480,0
20160425,25.77,25.832,25.7,25.8212,9693,0
20160426,25.68,25.88,25.68,25.84,11760,0
20160427,25.83,25.88,25.7601,25.88,4456,0
20160428,25.77,25.98,25.77,25.98,8905,0
20160429,25.837,26.03,25.8,25.88,14834,0
20160502,26.04,26.04,25.86,25.86,5698,0
20160503,25.86,25.98,25.86,25.97,3124,0
20160504,25.936,25.96,25.91,25.91,4995,0
20160505,25.91,25.91,25.82,25.9,8001,0
20160506,25.84,25.97,25.84,25.97,8323,0
20160509,25.93,25.93,25.87,25.9,7348,0
20160510,25.86,25.96,25.86,25.888,7251,0
20160511,25.888,25.9499,25.83,25.88,8464,0
20160512,25.9399,25.96,25.8761,25.96,3219,0
20160513,25.96,26.05,25.9545,26.04,3848,0
20160516,25.99,26.05,25.9301,25.97,15320,0
20160517,26.0444,26.0444,25.935,25.98,5048,0
20160518,25.95,26.03,25.95,26.01,4616,0
20160519,25.95,25.96,25.8,25.96,3809,0
20160520,25.9989,26.05,25.98,26.05,9038,0
20160523,26.06,26.15,26.0112,26.15,9188,0
20160524,26.15,26.17,26.0199,26.17,3963,0
20160525,26.0501,26.18,26.04,26.17,7021,0
20160526,26.06,26.14,26.05,26.14,2984,0
20160527,26.17,26.17,26.0299,26.06,9929,0
20160531,26.0699,26.12,25.9701,26.12,10677,0
20160601,25.9999,26.12,25.9999,26.12,5206,0
20160602,26.0643,26.2,26.02,26.2,10925,0
20160603,26.14,26.3,26.0653,26.3,8309,0
20160606,26.35,26.35,26.1799,26.221,7728,0
20160607,26.2,26.35,26.14,26.33,6189,0
20160608,26.34,26.42,26.22,26.22,13048,0
20160609,26.29,26.36,26.23,26.36,5867,0
20160610,26.3699,26.45,26.25,26.25,8675,0
20160613,25.91,25.912,25.82,25.9,7908,0
20160614,25.87,26.03,25.87,26.02,16165,0
20160615,26.03,26.2,26.03,26.1203,4578,0
20160616,26.02,26.2,26.02,26.13,16289,0
20160617,26.04,26.27,26.04,26.2,5094,0
20160620,26.2,26.36,26.09,26.09,7472,0
20160621,26.15,26.15,26.04,26.115,19195,0
20160622,26.2,26.2,25.88,25.9299,15209,0
20160623,26.11,26.23,25.98,26.04,5079,0
20160624,25.69,25.9927,25.661,25.9927,5629,0
20160627,25.92,25.9695,25.65,25.6999,15043,0
20160628,25.77,25.99,25.77,25.96,8207,0
20160629,25.95,26.13,25.95,26.0549,3049,0
20160630,25.905,26.35,25.9022,26.34,8768,0
20160701,26.35,26.38,26.1,26.36,8913,0
20160705,26.37,26.37,25.98,26.1901,11283,0
20160706,26.27,26.32,26.25,26.29,4330,0
20160707,26.23,26.29,26.2,26.2539,6108,0
20160708,26.21,26.39,26.21,26.39,7280,0
20160711,26.32,26.38,26.1,26.1,9711,0
20160712,26.1758,26.26,26.1758,26.26,3187,0
20160713,26.22,26.26,26.2,26.205,4419,0
20160714,26.2361,26.27,26.2317,26.27,3991,0
20160715,26.19,26.35,26.19,26.32,6156,0
20160718,26.35,26.35,26.11,26.19,12732,0
20160719,26.14,26.27,26.13,26.25,4509,0
20160720,26.07,26.17,25.98,26.0481,7435,0
20160721,26.05,26.08,26.05,26.07,2335,0
20160722,25.93,25.99,25.851,25.955,11902,0
20160725,25.88,25.95,25.88,25.95,3669,0
20160726,25.9,26.03,25.9,25.98,4213,0
20160727,25.9143,25.985,25.9143,25.98,2736,0
20160728,25.8982,25.99,25.8982,25.92,10673,0
20160729,25.92,25.96,25.75,25.75,9476,0
20160801,25.89,25.92,25.89,25.92,3978,0
20160802,25.86,25.8899,25.6001,25.71,20506,0
20160803,25.78,25.83,25.66,25.79,8741,0
20160804,25.7802,25.83,25.71,25.72,18081,0
20160805,25.7241,25.7758,25.72,25.75,6147,0
20160808,25.78,25.94,25.76,25.94,5846,0
20160809,25.94,25.94,25.76,25.76,10281,0
20160810,25.76,25.76,25.7101,25.76,24225,0
20160811,25.6601,25.82,25.6601,25.8,12136,0
20160812,25.76,25.79,25.67,25.7498,7549,0
20160815,25.702,25.78,25.69,25.75,3082,0
20160816,25.708,25.7293,25.708,25.729,989,0
20160817,25.77,25.85,25.69,25.85,5411,0
20160818,25.81,25.85,25.81,25.85,2018,0
20160819,25.7521,25.816,25.75,25.75,4360,0
20160822,25.79,25.844,25.7606,25.82,1596,0
20160823,25.7945,25.85,25.7945,25.8499,6669,0
20160824,25.82,25.91,25.82,25.91,4387,0
20160825,25.81,26.079,25.81,26.07,12954,0
20160826,26.0554,26.0799,26.0328,26.07,2957,0
20160829,26.01,26.08,26.01,26.05,2379,0
20160830,26.08,26.09,25.97,26.02,6943,0
20160831,25.9805,26.071,25.84,25.84,14862,0
20160901,25.87,26.02,25.81,26.0099,10360,0
20160902,25.97,26.04,25.97,26.027,10720,0
20160906,26.05,26.1261,26.03,26.1261,6481,0
20160907,26.11,26.19,26.026,26.17,7962,0
20160908,26.06,26.24,26.0301,26.1,5754,0
20160909,26.0701,26.17,26.03,26.03,5457,0
20160912,26.0609,26.26,26.0609,26.25,5070,0
20160913,25.97,26.02,25.67,26.02,12625,0
20160914,25.97,26.11,25.88,26.11,5812,0
20160915,26.11,26.25,25.88,26.25,5379,0
20160916,26.22,26.2299,25.99,25.99,3481,0
20160919,26.192,26.192,26.1452,26.1452,494,0
20160920,26.1,26.1,26.02,26.0499,5147,0
20160921,26.0001,26.19,26.0001,26.19,4386,0
20160922,26.23,26.23,26.05,26.2,10823,0
20160923,26.27,26.3,26,26,3442,0
20160926,25.96,26,25.746,25.8,8754,0
20160927,25.87,25.98,25.87,25.88,3145,0
20160928,25.92,25.97,25.81,25.95,4574,0
20160929,25.92,25.92,25.8403,25.8465,8615,0
20160930,25.7886,25.8984,25.765,25.77,8078,0
20161003,25.86,25.86,25.65,25.65,5518,0
20161004,25.75,25.75,25.6488,25.65,5756,0
20161005,25.6,25.683,25.6,25.659,3291,0
20161006,25.6,25.6885,25.5514,25.59,8815,0
20161007,25.6,25.605,25.5611,25.5611,6055,0
20161010,25.56,25.57,25.48,25.57,11134,0
20161011,25.57,25.57,25.5,25.5049,2204,0
20161012,25.5544,25.5544,25.5323,25.5323,994,0
20161013,25.5,25.55,25.5,25.55,1315,0
20161014,25.61,25.61,25.5,25.5706,2706,0
20161017,25.5357,25.564,25.46,25.54,13405,0
20161018,25.5072,25.59,25.49,25.58,9739,0
20161019,25.61,25.69,25.53,25.55,12204,0
20161020,25.55,25.64,25.55,25.596,3556,0
20161021,25.6139,25.669,25.6,25.6,3210,0
20161024,25.6186,25.66,25.6186,25.66,2628,0
20161025,25.63,25.67,25.59,25.6699,6777,0
20161026,25.67,25.67,25.6338,25.6338,1322,0
20161027,25.66,25.66,25.59,25.59,2120,0
20161028,25.59,25.62,25.59,25.5904,5260,0
20161031,25.59,25.6053,25.44,25.44,12587,0
20161101,25.41,25.48,25.39,25.406,10377,0
20161102,25.39,25.48,25.39,25.4,4290,0
20161103,25.4444,25.4444,25.4196,25.4196,1188,0
20161104,25.42,25.4479,25.39,25.4479,2316,0
20161107,25.46,25.5191,25.38,25.38,3818,0
20161108,25.4,25.4745,25.38,25.38,4556,0
20161109,25.43,25.43,25.23,25.375,3195,0
20161110,25.4,25.4,25.17,25.1812,19862,0
20161111,25.19,25.28,25.13,25.25,10254,0
20161114,25.19,25.245,25.1,25.2,25530,0
20161115,25.21,25.4301,25.21,25.4301,14889,0
20161116,25.405,25.4714,25.405,25.4488,1772,0
20161117,25.41,25.4363,25.21,25.31,7668,0
20161118,25.31,25.35,25.27,25.35,13651,0
20161121,25.35,25.42,25.34,25.36,7682,0
20161122,25.36,25.66,25.36,25.41,15493,0
20161123,25.36,25.48,25.3,25.48,4213,0
20161125,25.43,25.43,25.37,25.37,1714,0
20161128,25.34,25.36,25.33,25.35,6016,0
20161129,25.36,25.46,25.36,25.4,3935,0
20161130,25.37,25.49,25.35,25.36,4146,0
20161201,25.31,25.43,25.21,25.32,5992,0
20161202,25.3,25.3501,25.3,25.35,6939,0
20161205,25.334,25.42,25.334,25.41,1419,0
20161206,25.38,25.419,25.37,25.38,2940,0
20161207,25.41,25.46,25.4,25.43,3983,0
20161208,25.41,25.47,25.41,25.42,2960,0
20161209,25.41,25.4237,25.39,25.42,2758,0
20161212,25.46,25.4841,25.39,25.45,10319,0
20161213,25.08,25.0899,25.04,25.0699,4877,0
20161214,25.07,25.09,25.01,25.01,14548,0
20161215,25.02,25.042,24.89,25,29308,0
20161216,25.04,25.07,24.97,25.02,14416,0
20161219,25.04,25.09,25,25.03,25122,0
20161220,25.0448,25.06,25.01,25.03,6924,0
20161221,25.02,25.09,25.02,25.05,8673,0
20161222,25.05,25.09,25.05,25.07,6780,0
20161223,25.09,25.09,25.05,25.07,13959,0
20161227,25.05,25.27,25.05,25.27,28695,0
20161228,25.31,25.31,25.12,25.24,2235,0
20161229,25.13,25.21,25.11,25.15,7922,0
20161230,25.1477,25.18,25.06,25.06,16602,0
20170103,25.17,25.19,25.06,25.13,17941,0
20170104,25.17,25.31,25.16,25.29,14674,0
20170105,25.2601,25.2894,25.24,25.26,3426,0
20170106,25.2772,25.322,25.18,25.2909,12578,0
20170109,25.24,25.2793,25.18,25.21,7854,0
20170110,25.18,25.37,25.18,25.3405,5643,0
20170111,25.37,25.605,25.3444,25.51,20927,0
20170112,25.4649,25.62,25.436,25.62,3726,0
20170113,25.65,25.65,25.4301,25.54,3136,0
20170117,25.43,25.4955,25.39,25.42,7813,0
20170118,25.42,25.6,25.42,25.4887,6811,0
20170119,25.45,25.464,25.4,25.4047,3237,0
20170120,25.39,25.4599,25.26,25.4599,6524,0
20170123,25.4475,25.69,25.4365,25.5908,4712,0
20170124,25.54,25.66,25.52,25.63,5090,0
20170125,25.54,25.55,25.34,25.54,4707,0
20170126,25.3881,25.6,25.3881,25.58,7644,0
20170127,25.6,25.6,25.45,25.49,3089,0
20170130,25.48,25.48,25.44,25.45,1620,0
20170131,25.45,25.4599,25.37,25.43,3940,0
20170201,25.44,25.44,25.31,25.43,10536,0
20170202,25.3956,25.504,25.3956,25.4,9034,0
20170203,25.4,25.5201,25.4,25.4492,1801,0
20170206,25.5645,25.5781,25.5545,25.5545,2212,0
20170207,25.5,25.5499,25.42,25.495,6068,0
20170208,25.5,25.64,25.5,25.64,3827,0
20170209,25.58,25.5862,25.5301,25.56,5467,0
20170210,25.4923,25.6013,25.4923,25.54,4530,0
20170213,25.58,25.6,25.58,25.6,3001,0
20170214,25.5799,25.59,25.495,25.52,3424,0
20170215,25.51,25.59,25.5,25.5215,8442,0
20170216,25.53,25.58,25.5244,25.5625,2519,0
20170217,25.58,25.58,25.5001,25.576,3556,0
20170221,25.55,25.55,25.4844,25.51,3453,0
20170222,25.48,25.67,25.4798,25.67,4380,0
20170223,25.6248,25.66,25.6248,25.6582,2303,0
20170224,25.56,25.64,25.54,25.61,5072,0
20170227,25.66,25.74,25.53,25.74,12014,0
20170228,25.78,25.78,25.6598,25.75,2358,0
20170301,25.76,25.76,25.55,25.7199,5987,0
20170302,25.68,25.68,25.56,25.63,3433,0
20170303,25.7299,25.7299,25.6418,25.72,964,0
20170306,25.66,25.7,25.66,25.7,4215,0
20170307,25.69,25.77,25.69,25.7328,2694,0
20170308,25.64,25.7199,25.6098,25.6098,1625,0
20170309,25.61,25.61,25.55,25.55,5220,0
20170310,25.55,25.69,25.52,25.69,7654,0
20170313,25.24,25.25,25.2126,25.25,4266,0
20170314,25.23,25.3008,25.23,25.3,8161,0
20170315,25.3325,25.49,25.3,25.49,4659,0
20170316,25.5,25.5,25.42,25.4304,6090,0
20170317,25.4,25.4799,25.3,25.38,7910,0
20170320,25.38,25.4492,25.38,25.4492,3248,0
20170321,25.42,25.44,25.4,25.428,4293,0
20170322,25.4386,25.44,25.41,25.41,1303,0
20170323,25.431,25.5,25.431,25.4747,3628,0
20170324,25.4962,25.55,25.47,25.47,3940,0
20170327,25.51,25.54,25.4988,25.54,1550,0
20170328,25.48,25.5684,25.48,25.5038,3807,0
20170329,25.58,25.68,25.535,25.68,15346,0
20170330,25.67,25.67,25.542,25.5701,2580,0
20170331,25.6283,25.65,25.58,25.64,6223,0
20170403,25.65,26.07,25.6334,25.96,27251,0
20170404,26,26,25.83,25.9,20914,0
20170405,25.79,25.95,25.7796,25.9,6570,0
20170406,25.8669,25.89,25.8602,25.89,15003,0
20170407,25.87,25.87,25.7903,25.86,1858,0
20170410,25.87,25.87,25.82,25.85,8036,0
20170411,25.76,25.7948,25.76,25.7948,927,0
20170412,25.8389,25.8389,25.74,25.75,5010,0
20170413,25.8115,25.8115,25.74,25.7482,4130,0
20170417,25.75,25.83,25.6701,25.77,6484,0
20170418,25.7959,25.81,25.7761,25.7935,2144,0
20170419,25.69,25.76,25.6,25.71,10740,0
20170420,25.73,25.75,25.73,25.73,1177,0
20170421,25.75,25.85,25.68,25.68,2209,0
20170424,25.87,25.87,25.71,25.74,1508,0
20170425,25.88,25.89,25.7768,25.88,3598,0
20170426,25.88,25.88,25.75,25.76,6754,0
20170427,25.75,25.8799,25.7149,25.8399,4249,0
20170428,25.69,25.76,25.69,25.76,5024,0
20170501,25.81,25.81,25.76,25.76,2963,0
20170502,25.7,25.71,25.62,25.71,23067,0
20170503,25.661,25.67,25.6234,25.65,5160,0
20170504,25.6404,25.6404,25.6404,25.6404,4441,0
20170505,25.6,25.65,25.6,25.635,3413,0
20170508,25.631,25.65,25.63,25.65,9868,0
20170509,25.6804,25.6804,25.6258,25.6276,3279,0
20170510,25.6626,25.71,25.62,25.62,2860,0
20170511,25.6692,25.6692,25.6,25.6121,4668,0
20170512,25.68,25.73,25.62,25.62,2144,0
20170515,25.712,25.73,25.6747,25.69,1267,0
20170516,25.62,25.6985,25.6,25.6,5929,0
20170517,25.55,25.55,25.51,25.51,3851,0
20170518,25.51,25.593,25.51,25.593,2380,0
20170519,25.52,25.61,25.52,25.61,1485,0
20170522,25.61,25.61,25.6015,25.6099,1570,0
20170523,25.61,25.7216,25.6028,25.7216,5157,0
20170524,25.61,25.71,25.5876,25.63,4787,0
20170525,25.61,25.6528,25.61,25.6375,2910,0
20170526,25.65,25.68,25.65,25.6501,2105,0
20170530,25.7,25.73,25.63,25.68,2333,0
20170531,25.76,25.77,25.56,25.56,13689,0
20170601,25.61,25.71,25.61,25.71,9807,0
20170602,25.7,25.72,25.7,25.72,3263,0
20170605,25.74,25.77,25.7307,25.7502,4762,0
20170606,25.7,25.7701,25.7,25.72,5543,0
20170607,25.74,25.747,25.71,25.7357,4031,0
20170608,25.74,25.7751,25.7,25.7751,5144,0
20170609,25.7677,25.82,25.7677,25.82,1788,0
20170612,25.81,25.84,25.76,25.84,3505,0
20170613,25.43,25.52,25.4231,25.52,6208,0
20170614,25.46,25.54,25.46,25.53,21569,0
20170615,25.6,25.63,25.5,25.51,7916,0
20170616,25.53,25.6101,25.5,25.53,3697,0
20170619,25.54,25.62,25.54,25.62,2082,0
20170620,25.6441,25.6441,25.64,25.64,531,0
20170621,25.72,25.72,25.632,25.6988,2353,0
20170622,25.62,25.7,25.62,25.7,2489,0
20170623,25.6806,25.72,25.6551,25.72,707,0
20170626,25.63,25.75,25.63,25.72,2490,0
20170627,25.7,25.82,25.7,25.8199,4381,0
20170628,25.83,25.88,25.7462,25.83,5360,0
20170629,25.85,25.86,25.73,25.79,5504,0
20170630,25.73,25.9,25.73,25.9,2764,0
20170703,25.9,25.9,25.8771,25.8999,2585,0
20170705,25.81,25.99,25.81,25.99,6767,0
20170706,25.91,25.97,25.82,25.85,5392,0
20170707,25.9,26,25.9,25.99,6959,0
20170710,25.97,26.13,25.97,26.041,5280,0
20170711,26,26,25.87,25.87,5504,0
20170712,25.99,26.13,25.98,26.13,4436,0
20170713,26.139,26.139,26.01,26.11,4439,0
20170714,26.0571,26.095,25.905,26,7670,0
20170717,26.02,26.05,25.9,25.9,6673,0
20170718,25.9201,26,25.89,26,2204,0
20170719,26.08,26.08,25.91,25.9186,3595,0
20170720,25.9,25.99,25.89,25.8901,6139,0
20170721,25.91,25.93,25.85,25.89,6102,0
20170724,25.9364,25.9364,25.84,25.85,9936,0
20170725,25.8,25.94,25.8,25.84,9786,0
20170726,25.92,25.94,25.8284,25.8542,5500,0
20170727,25.7688,25.85,25.724,25.75,5714,0
20170728,25.76,25.94,25.76,25.9,1272,0
20170731,25.9,25.9,25.6948,25.85,1909,0
20170801,25.73,25.81,25.73,25.74,5115,0
