Date,Open,High,Low,Close,Volume,OpenInt
20160708,7.1971,7.2458,6.8665,6.8665,7005,0
20160711,7.1485,7.1485,6.5358,6.7498,15310,0
20160712,7.0026,7.2457,6.9055,6.9398,1542,0
20160713,6.8567,7.1096,6.7984,6.8762,28122,0
20160714,6.9297,7.0318,6.7692,6.8081,8593,0
20160715,6.9049,6.9054,6.8081,6.9054,30500,0
20160718,6.8081,6.8373,6.5163,6.5163,25291,0
20160719,6.5163,6.7011,6.3121,6.4483,11403,0
20160720,6.3802,6.6914,6.3121,6.3121,33090,0
20160721,6.2246,6.4483,6.1857,6.2635,43511,0
20160722,6.0398,6.4191,6.0398,6.4191,13272,0
20160725,6.1371,6.6622,6.137,6.3315,51541,0
20160726,6.3315,6.7109,6.2246,6.3218,35069,0
20160727,6.3996,6.5162,6.2246,6.2246,29057,0
20160728,6.4774,6.4774,6.2246,6.2246,18334,0
20160729,6.2246,6.7983,6.1565,6.7983,21330,0
20160801,6.4677,7.2166,6.4188,6.9929,64652,0
20160802,7.1193,7.1193,6.1468,6.3218,52675,0
20160803,6.413,6.847,6.3909,6.5372,16357,0
20160804,6.4872,6.7109,6.4774,6.6185,823,0
20160805,6.4726,7.0513,6.4726,7.0026,34138,0
20160808,6.8179,7.1874,6.8179,7.1291,65826,0
20160809,6.9054,7.205,6.7021,7.1387,20496,0
20160810,7.2457,7.2652,6.847,7.0026,6478,0
20160811,6.5358,7.0026,6.5358,6.8178,24447,0
20160812,6.8567,7.0513,6.8567,7.0513,9534,0
20160815,7.1193,7.1193,6.633,6.8081,9191,0
20160816,6.7109,6.7595,6.3218,6.4288,46293,0
20160817,6.4288,6.7887,6.2537,6.672,64264,0
20160818,6.3929,6.6525,6.2246,6.6428,36716,0
20160819,6.565,7.0026,6.3316,7.0026,58325,0
20160822,7.0026,7.2361,6.7789,7.0902,78925,0
20160823,6.9832,7.2458,6.6292,7.1485,64314,0
20160824,7.2166,7.2166,6.9054,7.2069,10060,0
20160825,7.0707,7.1582,6.9054,7.0999,32871,0
20160826,7.1474,7.1485,6.8276,7.1485,52177,0
20160829,7.0902,7.2847,6.954,7.2847,25428,0
20160830,7.1291,7.2847,6.7596,7.1291,32995,0
20160831,6.9637,7.2944,6.8665,7.275,77480,0
20160901,6.8956,7.168,6.8081,7.0999,66679,0
20160902,6.7887,7.2944,6.7887,7.2263,55885,0
20160906,7.061,9.0937,6.9346,8.3643,253421,0
20160907,8.0822,8.3643,7.6154,7.9752,101003,0
20160908,7.4889,8.0822,7.3333,7.9266,105357,0
20160909,7.946,8.1065,7.6251,7.8585,75364,0
20160912,7.7223,8.7922,7.5278,8.3254,475180,0
20160913,8.0628,8.549,7.4597,7.8682,130589,0
20160914,7.6834,8.7144,7.6834,8.0919,186069,0
20160915,7.9558,8.5588,7.8877,7.9752,102576,0
20160916,7.8391,8.1795,7.5376,7.5765,674906,0
20160919,7.5084,7.7515,7.3819,7.6932,37809,0
20160920,7.9849,7.9849,7.5278,7.8196,21792,0
20160921,7.9752,8.2281,7.8002,8.0141,28982,0
20160922,8.16,8.3545,7.8293,8.2086,23658,0
20160923,8.0628,8.3934,8.0336,8.1406,34594,0
20160926,8.267,8.3156,7.6251,8.0919,21620,0
20160927,8.0725,8.0725,7.7807,7.9558,6089,0
20160928,7.878,8.1114,7.4889,7.7029,57786,0
20160929,7.5667,7.8682,7.0804,7.3625,62899,0
20160930,7.4403,7.7807,7.1485,7.2847,44233,0
20161003,7.343,8.0238,7.343,7.6056,158699,0
20161004,7.5959,8.267,7.5959,8.053,58293,0
20161005,7.9363,8.267,7.9363,8.1697,22621,0
20161006,8.0336,8.267,8.0336,8.2475,12195,0
20161007,8.0919,8.5101,8.0919,8.5004,22982,0
20161010,8.4615,8.5101,8.267,8.5004,14836,0
20161011,8.3156,8.4907,7.8974,8.2378,49613,0
20161012,8.1707,8.3156,8.0628,8.2281,6233,0
20161013,8.1114,8.4129,8.053,8.2767,17461,0
20161014,8.1892,8.481,7.9266,8.0238,55423,0
20161017,7.9849,8.1746,7.878,8.0044,11259,0
20161018,7.9849,8.2913,7.5765,7.9752,37817,0
20161019,7.9752,8.3254,7.9752,8.2378,31283,0
20161020,8.1697,8.3545,7.8682,7.9266,24949,0
20161021,7.8974,8.1795,7.7904,7.9558,40819,0
20161024,8.1795,8.2767,8.053,8.2767,53738,0
20161025,8.1795,8.2766,7.8391,7.878,21951,0
20161026,7.878,8.267,7.878,7.9266,11264,0
20161027,8.0044,8.2475,7.8196,7.8974,16859,0
20161028,7.8974,8.1114,7.8002,8.0044,77258,0
20161031,7.9655,8.0044,7.7904,7.8974,74541,0
20161101,7.9169,8.1795,7.6737,7.7515,96837,0
20161102,7.7029,7.878,7.2263,7.5765,53913,0
20161103,7.557,7.9558,7.4014,7.5959,45316,0
20161104,7.4695,7.7758,7.3236,7.3917,31164,0
20161107,7.4111,7.5084,7.2652,7.3236,20290,0
20161108,7.3236,8.0238,7.3236,7.7418,86609,0
20161109,8.2184,8.2184,7.6834,8.2184,41609,0
20161110,8.0238,8.2184,7.878,8.2184,23859,0
20161111,8.1211,8.267,8.0725,8.0725,25451,0
20161114,8.1697,8.656,8.1697,8.656,47869,0
20161115,8.6074,8.7727,8.4712,8.5101,125230,0
20161116,8.5393,8.7338,8.5004,8.7338,9864,0
20161117,8.7533,8.9225,8.7115,8.7825,35591,0
20161118,8.8019,8.9468,8.5782,8.7533,73036,0
20161121,8.8408,9.1618,8.763,8.8505,81263,0
20161122,8.9284,9.2201,8.8992,9.0742,60700,0
20161123,9.0256,9.1715,8.8992,8.977,8413,0
20161125,9.0645,9.1812,8.9186,8.9478,3089,0
20161128,9.084,9.084,8.6852,8.8019,77814,0
20161129,8.763,8.9186,8.7533,8.8116,3868,0
20161130,8.7533,8.904,8.7533,8.7727,35015,0
20161201,8.7533,9.0937,8.5589,8.9673,46289,0
20161202,8.9964,9.2104,8.7751,9.0451,44701,0
20161205,9.1034,9.2396,8.7825,8.8895,61354,0
20161206,8.9478,9.0937,8.7436,9.0159,95197,0
20161207,9.1715,9.191,8.9284,9.0937,52249,0
20161208,9.1326,9.2396,9.0256,9.0742,38341,0
20161209,9.2007,9.2104,8.7922,9.1229,59451,0
20161212,9.0937,9.3077,9.0937,9.1521,51995,0
20161213,9.1229,9.609,9.1229,9.3368,79115,0
20161214,9.3271,9.473,8.9964,9.1423,47554,0
20161215,9.0937,9.2985,9.0256,9.1521,12500,0
20161216,9.0937,9.619,9.084,9.619,42860,0
20161219,9.531,9.531,9.0742,9.2299,147013,0
20161220,9.2785,9.502,9.016,9.2299,29671,0
20161221,9.2979,9.4438,9.1423,9.4438,47115,0
20161222,9.3563,9.551,8.9964,9.1131,22770,0
20161223,9.2503,9.4244,9.0162,9.3368,31510,0
20161227,9.2966,9.3757,9.1034,9.2007,21129,0
20161228,9.2007,9.2007,8.4615,8.7727,108024,0
20161229,8.8603,8.9808,8.4275,8.9673,115352,0
20161230,8.5685,9.366,8.5589,8.9867,114691,0
20170103,9.0451,9.3757,8.5879,9.2785,35532,0
20170104,9.2882,9.629,9.0451,9.4827,50495,0
20170105,9.512,9.599,9.1618,9.512,49182,0
20170106,9.4244,9.619,9.1229,9.4244,18451,0
20170109,9.512,9.522,9.1423,9.2299,44945,0
20170110,9.3271,9.3271,8.8603,9.1326,91538,0
20170111,9.0353,9.3174,8.956,9.1229,77857,0
20170112,9.1326,9.1326,8.6512,8.9478,48821,0
20170113,8.8797,9.0645,8.7533,9.0353,28171,0
20170117,9.0159,9.1958,8.7241,8.9575,44776,0
20170118,8.8797,9.0742,8.8797,8.9381,34581,0
20170119,8.8603,9.1326,8.8603,9.084,69356,0
20170120,8.8992,9.2882,8.8992,9.2299,32128,0
20170123,9.3077,9.3368,8.977,9.259,57183,0
20170124,9.2201,9.3368,9.1034,9.2639,47878,0
20170125,9.3368,9.58,9.2975,9.4244,90375,0
20170126,9.4827,9.502,9.2509,9.4049,23920,0
20170127,9.3952,9.4341,9.259,9.4146,14914,0
20170130,9.2396,9.3757,9.0937,9.3174,18068,0
20170131,9.3077,9.4536,9.0353,9.2979,29357,0
20170201,9.3952,9.561,9.2785,9.4438,57957,0
20170202,9.4925,9.561,9.2007,9.517,34180,0
20170203,9.531,9.969,9.4876,9.843,105408,0
20170206,9.969,10.607,9.926,10.232,149980,0
20170207,10.378,10.942,10.066,10.864,195064,0
20170208,11.156,11.156,10.378,10.932,110013,0
20170209,10.99,11.832,10.913,11.749,119231,0
20170210,11.856,11.914,11.136,11.506,102075,0
20170213,11.671,11.777,11.185,11.408,39173,0
20170214,11.428,11.622,11.136,11.428,67136,0
20170215,11.535,11.593,11.214,11.467,40490,0
20170216,11.438,11.661,11.204,11.408,65444,0
20170217,11.34,11.545,11.107,11.301,45814,0
20170221,11.408,11.408,11.117,11.34,40021,0
20170222,11.243,11.35,10.963,11.049,60926,0
20170223,11.087,11.087,10.747,10.942,37194,0
20170224,10.786,10.883,9.706,10.708,98299,0
20170227,10.63,11.01,10.446,10.757,100283,0
20170228,10.708,10.825,10.339,10.475,42102,0
20170301,10.757,10.942,10.339,10.698,78761,0
20170302,10.634,10.65,10.222,10.387,45595,0
20170303,10.309,10.737,10.057,10.329,80708,0
20170306,10.29,10.416,10.086,10.251,45322,0
20170307,10.241,11.087,10.232,10.728,166254,0
20170308,10.718,10.747,10.144,10.523,70090,0
20170309,10.591,10.932,10.562,10.718,145992,0
20170310,10.825,10.922,10.465,10.533,102613,0
20170313,10.698,11.039,10.465,10.621,73539,0
20170314,10.912,11.185,10.222,10.475,130673,0
20170315,10.436,10.718,10.076,10.348,123960,0
20170316,10.378,10.728,9.765,9.784,184003,0
20170317,9.541,10.027,8.5782,9.561,299579,0
20170320,9.531,9.862,9.2931,9.765,95866,0
20170321,9.765,9.833,9.3077,9.473,64939,0
20170322,9.522,9.638,9.3174,9.531,71759,0
20170323,9.473,9.473,9.2882,9.3174,13058,0
20170324,9.2979,9.3916,8.8869,9.0256,44767,0
20170327,8.8992,9.4049,8.7436,9.3077,92892,0
20170328,9.57,9.57,9.1618,9.2396,147782,0
20170329,9.2736,9.4049,9.1034,9.2104,43401,0
20170330,9.1326,9.4001,9.084,9.2104,53557,0
20170331,9.3563,9.3956,9.1618,9.2785,21538,0
20170403,9.2882,9.3271,8.9381,9.0159,99492,0
20170404,8.9964,9.1326,8.9964,9.084,25755,0
20170405,9.2493,9.2493,8.7825,8.8214,60203,0
20170406,8.763,9.2299,8.7144,9.0159,35926,0
20170407,8.9964,9.2007,8.9478,9.2007,32343,0
20170410,9.1131,9.57,8.6949,8.9089,118712,0
20170411,8.87,9.0451,8.6366,8.6755,92906,0
20170412,8.5879,8.6366,8.1503,8.2475,95592,0
20170413,8.1308,8.5787,7.912,7.9655,67218,0
20170417,7.9071,8.4907,7.4413,8.0141,92325,0
20170418,8.0044,8.2184,7.9558,8.0919,46072,0
20170419,8.1697,8.4712,8.1308,8.3545,53236,0
20170420,8.5004,8.9964,8.4712,8.8603,103196,0
20170421,8.8992,9.2396,8.8992,9.2396,93297,0
20170424,9.2396,9.4976,9.2007,9.2007,116715,0
20170425,9.2299,9.4827,9.2201,9.2979,65954,0
20170426,9.2299,9.4827,9.2299,9.3466,28412,0
20170427,9.2882,9.446,9.2396,9.2979,24411,0
20170501,9.2299,9.4049,9.191,9.2785,55377,0
20170502,9.3077,9.3077,9.1618,9.2396,44276,0
20170503,9.1423,9.4536,9.0645,9.259,45304,0
20170504,9.4341,9.4341,9.2347,9.2785,38508,0
20170505,9.1618,9.4146,9.0451,9.1326,38106,0
20170508,9.4925,10.068,9.4633,9.716,245904,0
20170509,9.775,9.901,9.541,9.58,142397,0
20170510,9.677,9.706,9.4341,9.4438,135322,0
20170511,9.4536,9.599,9.4341,9.4633,110883,0
20170512,9.614,9.614,9.2299,9.259,237700,0
20170515,9.4244,9.4633,9.2201,9.2299,128436,0
20170516,9.2299,9.3174,9.1715,9.2007,110601,0
20170517,9.1715,9.3466,9.1521,9.2007,69898,0
20170518,9.2007,9.3174,9.1773,9.259,120372,0
20170519,9.2785,9.4438,9.2104,9.2299,64445,0
20170522,9.2396,9.4341,9.1618,9.2201,113167,0
20170523,9.2104,9.3757,9.1131,9.2396,142687,0
20170524,9.2104,9.3174,9.1521,9.1812,98584,0
20170525,9.2979,9.3368,9.1618,9.2396,138532,0
20170526,9.2396,9.2633,9.1423,9.2007,110672,0
20170530,9.3757,9.3855,8.9478,9.0548,143315,0
20170531,9.1423,9.2299,8.8505,9.1229,91962,0
20170601,9.1423,9.3368,9.1229,9.2493,239722,0
20170602,9.3271,9.3271,9.1715,9.2104,162909,0
20170605,9.2396,9.3855,9.1715,9.3077,195865,0
20170606,9.3077,9.609,9.1715,9.4827,208281,0
20170607,9.1423,9.2201,8.9575,9.2007,308194,0
20170608,9.2007,9.3368,9.1715,9.2688,194370,0
20170609,9.3271,9.4146,9.2882,9.3563,120158,0
20170612,9.3077,9.4341,9.0937,9.2299,126083,0
20170613,9.259,9.629,9.2299,9.4341,152714,0
20170614,9.4341,9.4341,9.2201,9.2396,114273,0
20170615,9.473,9.473,9.2396,9.4244,158924,0
20170616,9.4049,9.4438,9.191,9.3952,116121,0
20170619,9.4341,9.648,9.366,9.4536,248252,0
20170620,9.4925,9.629,9.4049,9.512,155280,0
20170621,9.57,9.629,9.1618,9.3466,151076,0
20170622,9.366,9.4146,8.8992,9.1521,236429,0
20170623,9.2201,9.2785,8.8214,8.87,1779245,0
20170626,8.93,9.25,8.87,9.16,272838,0
20170627,9.16,9.25,8.86,8.87,106829,0
20170628,8.92,9.25,8.835,9.22,126893,0
20170629,9.24,9.395,9.11,9.24,175184,0
20170630,9.3,9.335,9.03,9.16,117888,0
20170703,9.17,9.47,9.11,9.38,71982,0
20170705,9.41,9.46,9.131,9.27,125005,0
20170706,9.25,9.34,8.93,9.02,167232,0
20170707,8.94,9.04,8.83,9.02,111216,0
20170710,9.02,9.15,9,9.03,93670,0
20170711,9.03,9.15,9,9.08,78106,0
20170712,9.14,9.2,9.065,9.15,61853,0
20170713,9.15,9.34,9.11,9.29,91119,0
20170714,9.28,9.47,9.28,9.4,69055,0
20170717,9.47,9.73,9.37,9.62,144905,0
20170718,9.59,9.6,9.4,9.55,76659,0
20170719,9.63,9.83,9.42,9.72,95556,0
20170720,9.74,9.78,9.506,9.55,77543,0
20170721,9.69,9.69,9.43,9.58,127100,0
20170724,9.51,9.77,9.4,9.6,89332,0
20170725,9.68,10.19,9.66,10.02,221953,0
20170726,10.04,10.4293,9.93,10.1,150088,0
20170727,10.25,10.25,9.96,10.04,126215,0
20170728,10.37,10.62,10.23,10.56,204497,0
20170731,10.68,10.98,10.56,10.75,191841,0
20170801,10.9,11.31,10.8,11.21,262270,0
