Date,Open,High,Low,Close,Volume,OpenInt
20140124,5.51,5.52,5.22,5.34,285712,0
20140127,5.3,5.416,4.84,5.17,88006,0
20140128,5.17,5.4,5,5.19,134829,0
20140129,5.21,5.29,5,5.09,36497,0
20140130,5.1,5.25,5.04,5.19,9996,0
20140131,5.19,5.2001,4.89,4.99,54101,0
20140203,4.91,5.17,4.88,5,80305,0
20140204,5.01,5.15,5,5.15,20961,0
20140205,5.15,5.15,5.08,5.14,14839,0
20140206,5.03,5.03,4.55,4.85,45412,0
20140207,4.81,4.93,4.8,4.8517,13961,0
20140210,4.85,4.9754,4.85,4.85,2300,0
20140211,4.99,5.05,4.6,4.67,26161,0
20140212,4.6201,4.99,4.6201,4.88,19299,0
20140213,4.76,4.89,4.6601,4.6601,24820,0
20140214,4.76,5.1975,4.7399,4.81,19170,0
20140218,4.8001,5.0599,4.7,4.75,19943,0
20140219,4.69,4.71,4.5,4.62,21236,0
20140220,4.66,5.04,4.47,4.86,10581,0
20140221,4.8,4.8,4.7301,4.8,4629,0
20140224,4.8,4.99,4.7601,4.85,18571,0
20140225,4.8,4.8,4.65,4.75,17450,0
20140226,4.61,4.7399,4.5,4.63,16942,0
20140227,4.75,5.05,4.75,5,55438,0
20140228,4.9,5.3999,4.7,4.97,59591,0
20140303,4.88,5.08,4.87,5.05,17370,0
20140304,4.92,5.25,4.88,5.14,66502,0
20140305,5.19,5.2,5,5.09,66624,0
20140306,5.09,5.14,5,5.12,18500,0
20140307,5.01,5.19,5.01,5.15,16269,0
20140310,5.15,5.25,5.0601,5.09,30035,0
20140311,5.1,5.24,4.85,4.99,47423,0
20140312,5.04,5.32,4.8,5.04,89494,0
20140313,5.07,5.15,4.81,4.95,19796,0
20140314,4.95,4.98,4.6514,4.81,70384,0
20140317,4.81,5,4.57,4.68,55464,0
20140318,4.75,5.08,4.75,5.07,28000,0
20140319,4.9,5,4.85,4.95,11566,0
20140320,4.9,5.2,4.86,5.2,43111,0
20140321,4.91,5.05,4.83,4.83,88256,0
20140324,4.8101,4.88,4.6501,4.7,25436,0
20140325,4.66,4.92,4.65,4.85,30289,0
20140326,4.68,4.84,4.6,4.8,54300,0
20140327,4.75,4.86,4.7,4.7108,10303,0
20140328,4.75,4.75,4.3,4.53,43316,0
20140331,4.43,4.645,4.39,4.56,8439,0
20140401,4.6,4.6,3.81,3.92,101790,0
20140402,3.88,4.2501,3.88,4.0701,19587,0
20140403,4.1,4.1,3.72,3.82,24402,0
20140404,3.85,4.15,3.85,3.97,26254,0
20140407,4.02,4.02,3.85,3.85,13019,0
20140408,3.86,3.86,3.65,3.75,20910,0
20140409,3.83,4,3.83,3.95,34504,0
20140410,3.761,3.808,3.65,3.75,14570,0
20140411,3.75,3.98,3.6,3.81,30759,0
20140414,3.94,3.94,3.6,3.77,24854,0
20140415,3.7,3.75,3.67,3.7,14167,0
20140416,3.79,3.85,3.79,3.84,14431,0
20140417,3.85,4.35,3.85,4.25,54173,0
20140421,4.35,4.65,4.2101,4.33,21759,0
20140422,4.59,4.61,4.05,4.15,22850,0
20140423,4.09,4.15,4.09,4.11,7145,0
20140424,4,4.001,3.75,3.9,18240,0
20140425,3.75,4.0096,3.72,3.7701,8792,0
20140428,3.78,3.85,3.54,3.8,28140,0
20140429,3.57,3.8699,3.18,3.19,134639,0
20140430,3.21,4,3.075,3.55,27759,0
20140501,3.501,3.6099,3.5,3.5,7203,0
20140502,3.56,3.58,3.4,3.56,17164,0
20140505,3.5,3.65,3.49,3.51,8604,0
20140506,3.66,3.79,3.27,3.57,10350,0
20140507,3.55,3.75,3.5,3.53,13348,0
20140508,3.72,3.77,3.5,3.76,10100,0
20140509,3.77,3.77,3.5,3.73,7940,0
20140512,3.6699,3.949,3.6,3.68,23093,0
20140513,3.82,4,3.59,3.85,27470,0
20140514,3.99,4,3.78,3.92,27430,0
20140515,3.8501,3.8501,3.78,3.78,9553,0
20140516,3.8,3.81,3.6,3.71,12116,0
20140519,3.75,3.99,3.75,3.94,12090,0
20140520,3.99,3.99,3.83,3.84,15311,0
20140521,3.7701,3.99,3.7701,3.85,3300,0
20140522,3.99,3.99,3.98,3.98,3064,0
20140523,3.83,3.92,3.8001,3.92,8940,0
20140527,3.8549,3.8601,3.8301,3.85,6325,0
20140528,4.045,4.045,3.7801,3.85,2391,0
20140529,3.89,4,3.8803,3.98,4450,0
20140530,3.9999,4,3.9,3.907,12232,0
20140602,3.99,3.9995,3.7801,3.7801,3000,0
20140603,3.989,3.989,3.82,3.837,2625,0
20140604,3.791,4.11,3.791,3.99,20433,0
20140605,4.05,4.15,4.04,4.13,19149,0
20140606,4.18,4.19,4.04,4.1,9740,0
20140609,4.24,4.25,3.9999,3.9999,38498,0
20140610,4,4,3.6,3.78,27200,0
20140611,3.74,3.82,3.61,3.809,11826,0
20140612,3.86,3.99,3.86,3.95,9798,0
20140613,3.89,3.97,3.89,3.95,8711,0
20140616,3.93,3.93,3.93,3.93,303,0
20140617,4.03,4.03,3.8201,3.9,2800,0
20140618,3.949,3.949,3.8,3.91,16133,0
20140619,3.78,3.91,3.5,3.61,18606,0
20140620,3.82,3.8699,3.37,3.83,15299,0
20140623,3.78,3.94,3.76,3.94,9255,0
20140624,3.99,3.99,3.79,3.95,7341,0
20140625,4.19,4.19,3.75,4.15,49520,0
20140626,4.14,4.25,3.74,4.22,38247,0
20140627,4.121,4.14,3.9999,4.0101,3622,0
20140630,4.05,4.3099,4.04,4.26,22133,0
20140701,4.33,4.34,4.1,4.15,7432,0
20140702,4.06,4.29,4.06,4.28,13400,0
20140703,4.32,4.32,4.32,4.32,300,0
20140707,4.25,4.32,4.1,4.26,9941,0
20140708,4.31,4.46,4.07,4.18,16633,0
20140709,4.19,4.36,4.19,4.2001,3608,0
20140710,4.21,4.23,3.81,3.88,17428,0
20140711,4.06,4.1899,4.02,4.07,6000,0
20140714,4.06,4.1,3.996,4,7884,0
20140715,4.1862,4.1862,3.98,4.0899,6640,0
20140716,4.02,4.0706,3.88,3.899,9002,0
20140717,4.2,4.2,3.54,3.6,73870,0
20140718,3.7301,3.96,3.7301,3.8716,28275,0
20140721,3.88,3.97,3.88,3.9499,5200,0
20140722,3.9,4.04,3.9,4.04,8755,0
20140723,4.04,4.04,3.8,3.94,4800,0
20140724,3.9,3.9,3.75,3.851,5030,0
20140725,3.85,3.85,3.85,3.85,419,0
20140728,3.849,3.86,3.6925,3.7,31049,0
20140729,3.83,3.85,3.7,3.76,6302,0
20140730,3.69,3.827,3.67,3.71,1500,0
20140731,3.84,3.84,3.7,3.83,8850,0
20140801,3.7,3.72,3.5201,3.69,21588,0
20140804,3.62,3.64,3.28,3.4201,39446,0
20140805,3.5,3.7,3.37,3.44,7996,0
20140806,3.35,3.514,3.32,3.38,19301,0
20140807,3.6999,3.6999,3.45,3.45,1612,0
20140808,3.7199,3.7199,3.45,3.7,6441,0
20140811,3.815,3.9,3.5901,3.9,11157,0
20140812,3.7,3.9199,3.5,3.5827,24855,0
20140813,3.54,3.58,3.45,3.45,2876,0
20140814,3.39,3.45,3.32,3.32,16258,0
20140815,3.35,3.35,3.14,3.28,18035,0
20140818,3.487,3.487,3.37,3.37,7857,0
20140819,3.25,3.27,3.2,3.2,3955,0
20140820,3.21,3.21,2.56,3.1,113388,0
20140821,3.137,3.2499,3.03,3.2499,13395,0
20140822,3.15,3.15,3.068,3.15,5325,0
20140825,3.05,3.05,2.82,2.96,9255,0
20140826,2.86,3.13,2.86,3.1,16555,0
20140827,2.99,3.0929,2.98,3.02,6784,0
20140828,2.98,3.16,2.98,3.06,16818,0
20140829,3.01,3.11,3,3.1,7419,0
20140902,3,3.11,2.87,2.88,11423,0
20140903,2.99,3.1099,2.95,3.06,19435,0
20140904,3.06,3.49,3.06,3.48,30938,0
20140905,3.15,3.51,3.15,3.51,19890,0
20140908,3.32,3.63,3.163,3.58,16864,0
20140909,3.81,4.58,3.78,4.2,47964,0
20140910,4.2,4.55,4.2,4.55,33349,0
20140911,4.55,5.09,4.55,4.97,88718,0
20140912,4.74,5,4.65,4.73,43405,0
20140915,4.71,4.85,4.1701,4.22,48675,0
20140916,4.16,4.8,4.1501,4.76,18034,0
20140917,4.8,4.8,4.37,4.69,3388,0
20140918,4.74,4.8,4.1901,4.34,22527,0
20140919,4.44,4.6999,4.27,4.4,29954,0
20140922,4.37,4.37,4.06,4.15,13919,0
20140923,4.04,4.22,4,4.05,11917,0
20140924,3.93,3.95,3.66,3.92,20591,0
20140925,3.5301,3.8199,3.5301,3.78,10562,0
20140926,3.63,3.777,3.63,3.777,6328,0
20140929,3.7,3.79,3.7,3.75,4365,0
20140930,3.76,3.8,3.59,3.6,17809,0
20141001,3.7,3.95,3.7,3.76,57827,0
20141002,3.6,4.15,3.59,3.83,75711,0
20141003,3.63,4.15,3.5,3.5,113484,0
20141006,3.5,3.85,3.48,3.48,74161,0
20141007,3.6,3.8199,3.45,3.45,34867,0
20141008,3.31,3.39,3.25,3.39,5025,0
20141009,3.3,3.3699,3.11,3.11,10980,0
20141010,3.2699,3.36,3.06,3.3056,19060,0
20141013,3.1001,3.3,3.1001,3.3,11156,0
20141014,3.24,3.25,3.0514,3.2,45523,0
20141015,3.28,3.38,3.2,3.2,47449,0
20141016,3.22,3.25,3.11,3.11,3320,0
20141017,3.21,3.39,3.11,3.11,4080,0
20141020,3.2,3.86,3.2,3.58,7972,0
20141021,3.98,3.99,3.5,3.55,42019,0
20141022,3.74,3.74,3.5,3.57,11206,0
20141023,3.75,3.99,3.46,3.57,29512,0
20141024,3.55,3.59,3.47,3.59,4000,0
20141027,3.59,3.8499,3.35,3.78,10250,0
20141028,3.6,3.6,3.52,3.55,16545,0
20141029,3.603,3.8499,3.59,3.59,5640,0
20141030,3.5501,3.714,3.55,3.55,9916,0
20141031,3.5,3.59,3.35,3.41,14891,0
20141103,3.35,3.56,3.32,3.32,13358,0
20141104,3.35,3.55,3.35,3.37,10530,0
20141105,3.39,3.589,3.35,3.42,15071,0
20141106,3.5899,3.5899,3.35,3.36,14075,0
20141107,3.39,3.47,3.07,3.07,17651,0
20141110,3.2,3.455,3.2,3.24,5629,0
20141111,3.23,3.34,3.11,3.2,15581,0
20141112,3.15,3.36,2.88,2.91,25952,0
20141113,3,3.1801,2.92,3.13,18049,0
20141114,3.18,3.18,2.65,2.81,21564,0
20141117,2.67,2.83,2.62,2.73,11999,0
20141118,2.79,2.86,2.71,2.71,9603,0
20141119,2.75,2.75,2.66,2.68,9036,0
20141120,2.65,2.93,2.6,2.62,45868,0
20141121,2.73,2.9605,2.71,2.71,37039,0
20141124,2.82,2.82,2.51,2.62,59744,0
20141125,2.66,2.85,2.6,2.79,27817,0
20141126,2.85,3.08,2.83,3,13604,0
20141128,3.0501,3.0501,3,3,700,0
20141201,3.01,3.06,2.92,2.93,4466,0
20141202,3,3,2.67,2.68,39410,0
20141203,2.93,3.0573,2.68,2.97,33917,0
20141204,3,3,2.74,2.74,15463,0
20141205,2.81,2.97,2.8,2.87,18576,0
20141208,2.85,2.95,2.67,2.67,11245,0
20141209,2.69,3.07,2.43,2.66,56456,0
20141210,2.79,3.2,2.77,2.91,65389,0
20141211,2.96,3.185,2.88,3.17,7184,0
20141212,3.05,3.231,3.05,3.22,9642,0
20141215,3.25,3.25,2.922,2.98,7113,0
20141216,3.01,3.12,2.9,2.99,12672,0
20141217,3.07,3.09,2.97,3.02,18355,0
20141218,3.02,3.49,3.02,3.14,84266,0
20141219,3.15,3.15,2.91,3,30738,0
20141222,2.99,3.48,2.9,3.23,14174,0
20141223,3.18,3.41,3,3.295,29259,0
20141224,3.38,3.38,3.0801,3.2,10405,0
20141226,3.4,3.6065,3.35,3.485,26557,0
20141229,3.7,3.73,3.49,3.63,9052,0
20141230,3.89,4.3,3.7601,3.99,51947,0
20141231,4.15,4.25,3.99,3.99,36050,0
20150102,3.99,4,3.59,3.7,18511,0
20150105,3.84,4,3.6,3.74,20570,0
20150106,3.81,3.97,3.44,3.72,22162,0
20150107,3.8,3.8,3.5501,3.665,6755,0
20150108,3.87,3.893,3.68,3.74,3454,0
20150109,3.87,3.87,3.6605,3.67,3893,0
20150112,3.75,3.76,3.41,3.48,13259,0
20150113,3.5,3.65,3.41,3.47,8531,0
20150114,3.43,3.46,3.1735,3.31,14357,0
20150115,3.13,3.4,3.13,3.22,4352,0
20150116,3.08,3.29,3.08,3.15,9713,0
20150120,3.24,3.3499,3.24,3.27,5606,0
20150121,3.37,3.38,3.13,3.24,3903,0
20150122,3.36,3.5,3.27,3.27,12223,0
20150123,3.4,3.94,3.34,3.38,16360,0
20150126,3.63,3.71,3.5,3.6,9465,0
20150127,3.68,3.7099,3.54,3.64,2571,0
20150128,3.707,3.931,3.57,3.57,10632,0
20150129,3.57,3.91,3.56,3.665,7547,0
20150130,3.67,3.7562,3.5101,3.5405,6113,0
20150203,3.52,3.537,3.5,3.537,5073,0
20150204,3.5,3.5013,3.451,3.451,4528,0
20150205,3.38,3.7299,3.37,3.37,2350,0
20150206,3.45,3.69,3.45,3.5299,3055,0
20150209,3.45,3.53,3.35,3.4,3407,0
20150210,3.36,3.71,3.16,3.23,3921,0
20150211,3.68,3.74,3.3,3.3,2347,0
20150212,3.6299,3.6299,3.3,3.3,685,0
20150213,3.4,3.6,3.4,3.5,12637,0
20150217,3.5,3.74,3.5,3.63,22404,0
20150218,3.74,4.25,3.74,3.92,46688,0
20150219,3.85,4.24,3.8,3.81,41096,0
20150220,3.74,3.82,3.65,3.7365,10841,0
20150223,3.58,3.82,3.51,3.59,18634,0
20150224,3.62,3.88,3.6,3.78,14843,0
20150225,3.78,3.96,3.76,3.82,17308,0
20150226,3.91,3.97,3.83,3.93,10662,0
20150227,3.85,3.85,3.71,3.82,9520,0
20150302,3.92,3.94,3.8,3.8,3700,0
20150303,3.79,3.79,3.71,3.72,1400,0
20150304,3.71,3.92,3.71,3.79,10400,0
20150305,3.72,3.92,3.72,3.85,11100,0
20150306,3.89,3.9,3.86,3.9,7800,0
20150309,3.95,3.96,3.62,3.79,10500,0
20150310,3.87,4.1,3.85,3.94,28800,0
20150311,4.06,4.24,3.9,3.91,28200,0
20150312,4.16,4.17,3.86,3.91,6500,0
20150313,4,4.18,4,4.16,10700,0
20150316,4.04,4.07,3.95,3.95,9100,0
20150317,3.95,4.85,3.77,4.51,81900,0
20150318,4.4,4.56,4.04,4.29,13400,0
20150319,4.33,4.43,4.33,4.35,11600,0
20150320,4.23,4.85,4.23,4.61,25000,0
20150323,4.48,4.48,4.1,4.26,30400,0
20150324,4.14,4.16,4.09,4.09,9500,0
20150325,4.09,4.15,3.9,3.9,12000,0
20150326,3.71,4.07,3.71,3.91,10200,0
20150327,3.91,4.05,3.9,3.9,7300,0
20150330,3.9,4.18,3.9,3.95,7600,0
20150331,4.04,4.66,4.03,4.24,7000,0
20150401,4.15,4.38,4.11,4.24,14700,0
20150402,4.76,4.94,4.48,4.78,88700,0
20150406,4.85,4.94,4.65,4.74,20400,0
20150407,4.75,4.75,4.35,4.56,28276,0
20150408,4.64,4.71,4.56,4.65,12900,0
20150409,4.75,4.75,4.59,4.6,4570,0
20150410,4.64,4.75,4.59,4.6,15500,0
20150413,4.68,5.2,4.59,5,136700,0
20150414,5.1,5.28,4.85,4.87,77600,0
20150415,4.98,4.98,4.65,4.72,35480,0
20150416,4.65,4.91,4.65,4.79,21021,0
20150417,4.81,4.99,4.65,4.77,31800,0
20150420,4.75,4.8799,4.66,4.69,22762,0
20150421,4.79,4.79,4.5,4.5,19299,0
20150422,4.51,4.7,4.4601,4.55,14962,0
20150423,4.6,4.7,4.5,4.65,10300,0
20150424,4.85,4.85,4.55,4.65,15800,0
20150427,4.7,4.85,4.65,4.65,23700,0
20150428,4.7,4.7,4.51,4.59,15100,0
20150429,4.52,4.79,4.52,4.66,19100,0
20150430,4.89,5,4.5,4.53,32700,0
20150501,4.46,4.56,4.02,4.19,34900,0
20150504,4.15,4.15,4.03,4.06,39600,0
20150505,4.05,4.13,3.85,4.12,23300,0
20150506,4.15,4.42,4.12,4.32,21837,0
20150507,4.33,4.57,4.26,4.52,5351,0
20150508,4.35,4.71,4.35,4.57,15600,0
20150511,4.61,4.62,4.38,4.54,6800,0
20150512,4.52,4.95,4.51,4.9,30301,0
20150513,4.95,5.14,4.67,4.67,49400,0
20150514,4.51,4.55,3.88,4.2,55200,0
20150515,4.2,4.242,3.65,3.93,67820,0
20150518,4.06,4.1399,3.72,4.05,51234,0
20150519,4.01,4.09,3.84,3.92,33300,0
20150520,4,4.12,3.86,3.99,30000,0
20150521,4.15,4.35,4.01,4.13,57200,0
20150522,4.25,4.37,4.11,4.14,26800,0
20150526,4.0201,4.2599,3.94,4.03,29599,0
20150527,4.03,4.35,4,4.22,47600,0
20150528,4.29,4.37,4.15,4.3,20059,0
20150529,4.24,4.5,4.24,4.39,36000,0
20150601,4.46,4.69,4.46,4.5,25400,0
20150602,4.6,4.65,4.42,4.53,3185,0
20150603,4.39,4.57,4.39,4.5,8200,0
20150604,4.54,4.54,4.08,4.14,29300,0
20150605,4.09,4.22,4.06,4.08,3800,0
20150608,4.09,4.15,3.87,4,10000,0
20150609,4.14,4.48,4.01,4.27,52757,0
20150610,4.26,4.457,4.07,4.29,17871,0
20150611,4.46,4.61,4.37,4.48,45494,0
20150612,4.54,4.55,4.4,4.41,14700,0
20150615,4.43,4.58,4.4,4.57,26400,0
20150616,4.41,4.69,4.41,4.6,45700,0
20150617,4.55,4.8,4.55,4.72,45700,0
20150618,4.74,4.86,4.59,4.66,27400,0
20150619,4.64,4.8,4.33,4.8,20800,0
20150622,4.87,4.87,4.55,4.64,11500,0
20150623,4.61,4.7,4.55,4.55,4098,0
20150624,4.41,4.55,4.37,4.44,7000,0
20150625,4.52,4.52,4.31,4.34,18300,0
20150626,4.48,4.51,4.33,4.33,17800,0
20150629,4.27,4.49,4.2,4.29,9200,0
20150630,4.25,4.472,4.1,4.35,11747,0
20150701,4.47,4.47,4.12,4.25,10900,0
20150702,4.25,4.26,4.02,4.03,11700,0
20150706,3.94,4.23,3.72,4.13,25800,0
20150707,3.96,4.15,3.92,4.11,14000,0
20150708,4.23,4.24,4.02,4.05,7000,0
20150709,4.05,4.49,3.93,4.1,15600,0
20150710,4.5,4.5,4.22,4.49,15900,0
20150713,4.43,4.49,4.3,4.44,13800,0
20150714,4.43,4.4899,4.27,4.27,4518,0
20150715,4.5,4.5,4.25,4.26,40019,0
20150716,4.26,4.49,4.26,4.35,6800,0
20150717,4.3,4.49,4.25,4.4,11000,0
20150720,4.4,4.5,4.4,4.41,8500,0
20150721,4.49,4.5,4.46,4.48,8500,0
20150722,4.5,4.51,4.12,4.3,21200,0
20150723,4.37,4.52,4.14,4.41,24600,0
20150724,4.48,4.54,4.36,4.36,34900,0
20150727,4.29,4.44,4.12,4.18,32600,0
20150728,4.25,4.37,4.16,4.24,52800,0
20150729,4.25,4.33,4.13,4.16,19100,0
20150730,4.07,4.3,4.07,4.18,11300,0
20150731,4.13,4.25,4.05,4.1,18100,0
20150803,4.1,4.34,4.09,4.12,22613,0
20150804,4.25,4.35,4.07,4.11,32900,0
20150805,4.1,4.34,4.1,4.2,61700,0
20150806,4.2,4.3399,3.66,3.92,44488,0
20150807,3.92,4.03,3.76,3.85,17800,0
20150810,3.84,3.96,3.74,3.74,29900,0
20150811,3.73,3.9,3.73,3.84,65239,0
20150812,3.8,3.83,3.77,3.77,32100,0
20150813,3.8,3.92,3.77,3.78,9900,0
20150814,3.79,3.86,3.77,3.78,8200,0
20150817,3.77,3.97,3.77,3.78,2300,0
20150818,3.77,3.82,2.51,3.08,247900,0
20150819,3.05,3.05,2.57,2.92,79200,0
20150820,2.9,2.9,2.8,2.8,6300,0
20150821,2.82,2.82,2.5,2.62,112500,0
20150824,2.55,2.79,2.25,2.69,37711,0
20150825,2.56,2.57,2.45,2.47,17600,0
20150826,2.28,2.59,2.27,2.56,86400,0
20150827,2.55,2.84,2.52,2.79,7700,0
20150828,2.76,2.76,2.45,2.48,41400,0
20150831,2.51,2.59,2.5,2.52,23600,0
20150901,2.54,2.55,2.53,2.53,700,0
20150902,2.59,2.84,2.59,2.77,35700,0
20150903,2.83,2.83,2.75,2.75,8600,0
20150904,2.74,2.8,2.59,2.75,9900,0
20150908,2.78,2.85,2.75,2.8,5200,0
20150909,2.72,2.97,2.72,2.97,4900,0
20150910,2.9,2.91,2.736,2.8,10849,0
20150911,2.73,3.03,2.66,2.96,66700,0
20150914,2.99,3.29,2.81,3.11,12700,0
20150915,3.08,3.19,2.8,2.95,24600,0
20150916,2.95,3.08,2.86,2.93,11100,0
20150917,2.88,3,2.88,2.97,9900,0
20150918,2.94,3.21,2.94,3.21,23100,0
20150921,3.01,3.91,3.01,3.54,74000,0
20150922,3.5,3.52,3.18,3.42,20500,0
20150923,3.42,3.5,3.31,3.48,14700,0
20150924,3.42,3.48,3.16,3.3899,14042,0
20150925,3.17,3.19,3.14,3.17,4200,0
20150928,3.1,3.1,2.7701,2.87,9309,0
20150929,2.96,3.18,2.96,3.1,5900,0
20150930,2.98,3.49,2.96,3.15,11100,0
20151001,3.06,3.19,3.05,3.19,1800,0
20151002,3.19,3.73,3.13,3.73,4600,0
20151005,3.73,3.73,3.3,3.4,51486,0
20151006,3.35,3.44,3.3,3.4,10000,0
20151007,3.53,3.53,3.35,3.4,6500,0
20151008,3.37,3.51,3.36,3.5,5600,0
20151009,3.4,3.54,3.3,3.54,20400,0
20151013,3.73,3.73,3.3,3.39,10700,0
20151014,3.28,3.28,3.24,3.25,2200,0
20151015,3.36,3.36,3.33,3.35,900,0
20151016,3.49,3.49,3.49,3.49,2000,0
20151019,3.35,3.49,3.27,3.3,2000,0
20151020,3.18,3.18,2.45,2.58,88891,0
20151021,2.78,2.79,2.64,2.69,28400,0
20151022,2.81,2.81,2.65,2.65,6000,0
20151023,2.6,2.75,2.31,2.7,18600,0
20151026,2.62,2.84,2.62,2.84,4900,0
20151027,2.83,2.92,2.74,2.74,4500,0
20151028,2.71,2.89,2.7,2.86,5200,0
20151029,2.87,3.02,2.79,3.02,15200,0
20151030,2.97,2.97,2.85,2.91,4200,0
20151102,2.6535,2.82,2.6535,2.72,5325,0
20151103,2.65,2.98,2.52,2.83,9300,0
20151104,3,3.31,2.61,3.2,58066,0
20151105,3.25,3.28,3.19,3.28,7700,0
20151106,3.21,3.24,3.02,3.05,9500,0
20151109,3.11,3.1399,2.85,2.9401,3722,0
20151110,2.93,3.2,2.88,3.05,7100,0
20151111,3,3,2.9,2.9,900,0
20151112,2.97,3.31,2.7,2.94,58400,0
20151113,2.71,2.76,1.76,1.92,214200,0
20151116,1.86,1.99,1.86,1.93,19300,0
20151117,2.03,2.03,1.9,1.95,21000,0
20151118,2,2.21,1.9,1.91,13700,0
20151119,2.18,2.18,1.91,2.08,6200,0
20151120,1.92,2.1,1.92,1.94,16900,0
20151123,1.95,2,1.95,1.95,17600,0
20151124,2,2,1.93,1.95,5600,0
20151125,2,2,1.95,1.95,3500,0
20151127,1.92,1.97,1.92,1.94,7000,0
20151130,1.91,1.98,1.91,1.91,7900,0
20151201,1.91,1.99,1.91,1.93,3620,0
20151202,1.92,1.92,1.92,1.92,167,0
20151203,1.89,1.89,1.71,1.71,20229,0
20151204,1.85,1.85,1.45,1.5,34200,0
20151207,1.43,1.52,1.43,1.51,24200,0
20151208,1.62,1.63,1.42,1.5,33477,0
20151209,1.54,1.62,1.5,1.59,4800,0
20151210,1.5,1.58,1.47,1.5,14500,0
20151211,1.5,1.52,1.45,1.45,9000,0
20151214,1.42,1.49,1.28,1.3699,34935,0
20151215,1.35,1.35,1.3,1.3,3400,0
20151216,1.28,1.38,1.22,1.38,14900,0
20151217,1.38,1.38,1.27,1.27,16500,0
20151218,1.33,1.33,1.29,1.29,8500,0
20151221,1.33,1.33,1.27,1.28,6200,0
20151222,1.27,1.28,1.15,1.2,29023,0
20151223,1.25,1.28,1.12,1.2,18500,0
20151224,1.22,1.22,1.2,1.22,1586,0
20151228,1.18,1.2787,1.18,1.2,18971,0
20151229,1.26,1.27,1.19,1.23,43063,0
20151230,1.2,1.27,1.2,1.23,36987,0
20151231,1.2,1.28,1.2,1.274,3212,0
20160104,1.23,1.32,1.23,1.304,7943,0
20160105,1.34,2.47,1.33,2,1089381,0
20160106,1.75,2.02,1.71,1.86,115894,0
20160107,1.91,1.91,1.44,1.62,57479,0
20160108,1.76,1.92,1.42,1.61,22545,0
20160111,1.75,1.76,1.48,1.56,25393,0
20160112,1.5,1.51,1.4196,1.44,19811,0
20160113,1.39,1.4301,1.18,1.24,37128,0
20160114,1.18,1.41,1.18,1.2501,16107,0
20160115,1.13,1.32,1.13,1.27,8570,0
20160119,1.14,1.33,1.11,1.25,12700,0
20160120,1.3001,1.3001,1.17,1.17,9771,0
20160121,1.27,1.39,1.18,1.39,20815,0
20160122,1.4,1.4,1.34,1.34,895,0
20160125,1.37,1.38,1.25,1.3,3593,0
20160126,1.33,1.33,1.2,1.27,9850,0
20160127,1.29,1.29,1.29,1.29,200,0
20160128,1.34,1.34,1.2607,1.32,5276,0
20160129,1.39,1.39,1.1701,1.2,13611,0
20160201,1.18,1.23,1.17,1.17,8254,0
20160202,1.3499,1.35,1.15,1.26,23180,0
20160203,1.22,1.34,1.08,1.2,77752,0
20160204,1.24,1.33,1.13,1.22,1000,0
20160205,1.27,1.34,1.19,1.2697,2200,0
20160208,1.18,1.32,1.17,1.2,8015,0
20160209,1.3,1.35,1.2501,1.31,3030,0
20160210,1.38,1.42,1.22,1.33,14409,0
20160211,1.25,1.32,1.23,1.32,3750,0
20160212,1.3,1.38,1.22,1.25,4361,0
20160216,1.278,1.4,1.27,1.35,18210,0
20160217,1.3501,1.8875,1.27,1.8875,85332,0
20160218,1.67,1.75,1.47,1.51,99200,0
20160219,1.33,1.5,1.26,1.43,144801,0
20160222,1.39,1.7,1.3266,1.41,96286,0
20160223,1.48,1.5,1.42,1.45,17697,0
20160224,1.51,1.5999,1.42,1.5201,9481,0
20160225,1.68,1.68,1.464,1.55,5193,0
20160226,1.59,1.64,1.4,1.56,22565,0
20160229,1.6,1.7389,1.6,1.68,6614,0
20160301,1.6168,1.7,1.6168,1.7,6912,0
20160302,1.75,1.92,1.75,1.89,38538,0
20160303,1.86,1.93,1.7,1.73,12448,0
20160304,1.8,2.17,1.7736,2.05,90217,0
20160307,1.97,2.22,1.87,1.94,49777,0
20160308,1.87,2.0357,1.8,1.8,7352,0
20160309,1.8001,1.838,1.53,1.71,15312,0
20160310,1.78,1.8333,1.68,1.7,8645,0
20160311,1.73,1.8199,1.55,1.67,18413,0
20160314,1.56,1.7,1.55,1.66,5415,0
20160315,1.68,2.047,1.68,1.85,19694,0
20160316,1.86,2.04,1.77,2.04,42730,0
20160317,1.9,2.15,1.9,2.06,13404,0
20160318,2.04,2.08,1.745,2,58102,0
20160321,2,2.04,1.901,1.97,5579,0
20160322,1.88,2.014,1.77,1.87,10042,0
20160323,1.88,1.95,1.7,1.9099,86928,0
20160324,1.9,1.9,1.65,1.8,46714,0
20160328,1.85,2.06,1.7,1.88,16832,0
20160329,1.79,1.9307,1.7,1.79,29489,0
20160330,1.71,1.71,1.4545,1.54,33372,0
20160331,1.48,1.68,1.37,1.68,15780,0
20160401,1.506,1.7599,1.43,1.54,3882,0
20160404,1.5301,1.6299,1.5301,1.5601,6832,0
20160405,1.865,1.865,1.56,1.772,31377,0
20160406,1.78,1.78,1.57,1.64,3420,0
20160407,1.54,1.76,1.52,1.63,18700,0
20160408,1.64,1.67,1.51,1.51,38565,0
20160411,1.5175,1.71,1.5001,1.61,21846,0
20160412,1.65,1.78,1.65,1.77,17235,0
20160413,1.75,1.77,1.66,1.66,19091,0
20160414,1.77,1.77,1.74,1.74,4201,0
20160415,1.75,1.76,1.68,1.68,17689,0
20160418,1.6901,1.76,1.674,1.69,5429,0
20160419,1.71,1.77,1.59,1.63,6701,0
20160420,1.5203,1.6799,1.5203,1.53,8529,0
20160421,1.5899,1.6,1.5649,1.57,2069,0
20160422,1.6,1.62,1.57,1.58,2911,0
20160425,1.52,1.74,1.45,1.62,33312,0
20160426,1.63,1.78,1.48,1.56,70645,0
20160427,1.53,1.75,1.5,1.66,52950,0
20160428,1.63,1.75,1.52,1.59,58239,0
20160429,1.55,1.6435,1.51,1.51,49227,0
20160502,1.55,1.6401,1.5,1.52,11587,0
20160503,1.6,1.6101,1.54,1.55,29416,0
20160504,1.56,1.6,1.4823,1.56,7900,0
20160505,1.58,1.61,1.55,1.56,10109,0
20160509,1.584,1.63,1.58,1.62,27092,0
20160510,1.68,1.72,1.5101,1.53,8484,0
20160511,1.58,1.69,1.5,1.56,21214,0
20160512,1.6299,1.71,1.6299,1.65,5583,0
20160513,1.6501,1.68,1.57,1.65,9943,0
20160516,1.67,1.71,1.451,1.6165,14686,0
20160517,1.59,1.78,1.59,1.78,12522,0
20160518,1.551,1.79,1.551,1.78,5400,0
20160519,1.73,1.85,1.73,1.85,10827,0
20160520,1.91,1.91,1.65,1.73,12740,0
20160523,1.75,2.32,1.695,2.2565,86500,0
20160524,2.32,2.42,2,2.24,106800,0
20160525,2.24,2.24,1.81,2.09,19004,0
20160526,2.14,2.19,2.0843,2.1601,17862,0
20160527,2.18,2.3,1.892,2.2501,20120,0
20160531,2.19,2.25,1.9865,2.14,27910,0
20160601,2.0101,2.1399,1.94,1.95,8778,0
20160602,1.94,2.0307,1.94,1.94,13139,0
20160603,1.88,1.9,1.8,1.89,7525,0
20160606,2.043,2.043,1.78,1.83,3300,0
20160607,1.78,1.95,1.75,1.95,5805,0
20160608,1.98,2.14,1.94,1.99,4903,0
20160609,2,2.1183,2,2.08,8729,0
20160610,2.09,2.09,1.92,2,484,0
20160613,1.86,1.87,1.834,1.85,2768,0
20160614,1.85,1.87,1.75,1.87,1354,0
20160615,1.8,2.11,1.8,1.96,17855,0
20160616,1.88,1.88,1.8001,1.81,6300,0
20160617,1.8799,2.0199,1.81,1.81,16156,0
20160620,1.97,2.03,1.9,1.91,11000,0
20160621,1.96,2.24,1.96,2.13,22639,0
20160622,2.06,2.23,2.06,2.1,14200,0
20160623,2.0289,2.09,2,2,3702,0
20160624,1.97,1.98,1.9101,1.9767,3938,0
20160627,2.05,3.23,2.05,2.54,2405026,0
20160628,2.55,2.83,2.4001,2.83,221049,0
20160629,2.89,3.04,2.5662,2.78,133985,0
20160630,3.18,3.5,2.89,3.22,1110501,0
20160701,3.3,3.3,2.93,2.9801,194789,0
20160705,3.05,3.3298,2.9501,3.14,74281,0
20160706,3.23,3.23,3.1,3.14,31252,0
20160707,3.13,3.24,2.61,2.7,92856,0
20160708,2.7,3.02,2.7,2.79,42321,0
20160711,2.77,2.88,2.71,2.75,8146,0
20160712,2.77,2.99,2.75,2.78,21929,0
20160713,2.79,2.9328,2.7,2.71,18114,0
20160714,2.73,2.7396,2.47,2.5,76927,0
20160715,2.49,2.99,2.47,2.9299,80027,0
20160718,2.89,3.01,2.82,2.8901,33474,0
20160719,2.95,2.9939,2.798,2.92,16358,0
20160720,2.82,2.93,2.82,2.88,18227,0
20160721,2.85,2.8999,2.7515,2.825,16479,0
20160722,2.85,3,2.7801,2.88,34506,0
20160725,2.97,3.0758,2.81,2.9,29864,0
20160726,2.85,3,2.8122,2.98,36594,0
20160727,3,3,2.76,2.9,40648,0
20160728,2.87,3.03,2.79,2.81,44595,0
20160729,2.9,3.1,2.88,3.04,38375,0
20160801,3.1,3.27,2.81,2.94,32937,0
20160802,2.93,3.0799,2.91,2.991,20186,0
20160803,3.16,3.2,3.02,3.19,25173,0
20160804,3.2,3.25,2.97,3.2,12029,0
20160805,3.1599,3.24,2.91,3.1508,20060,0
20160808,3.1,3.25,3.1,3.2,20894,0
20160809,3.257,3.26,3.14,3.15,12222,0
20160810,3.2084,3.2195,3.08,3.08,20609,0
20160811,3.3,3.4601,2.981,3.09,51274,0
20160812,3.2,3.3001,3.0813,3.15,37749,0
20160815,3.12,3.22,3.09,3.16,9111,0
20160816,3.2,3.25,3.09,3.09,21637,0
20160817,3.09,3.22,3.04,3.16,21197,0
20160818,3.23,3.4399,3.16,3.25,16018,0
20160819,3.5,3.5,3.22,3.45,24438,0
20160822,3.34,3.68,3.17,3.2,36780,0
20160823,3.22,3.34,3.02,3.27,60628,0
20160824,3.26,3.5,3.05,3.43,60151,0
20160825,3.41,3.65,3.35,3.45,86292,0
20160826,3.54,3.54,3.24,3.4899,67458,0
20160829,3.48,3.68,3.34,3.58,41017,0
20160830,3.65,3.7,3.4601,3.68,30913,0
20160831,3.58,3.6,3.45,3.58,12423,0
20160901,3.63,3.63,3.4343,3.53,35454,0
20160902,3.5048,3.66,3.5001,3.66,6299,0
20160906,3.61,3.679,3.55,3.62,13408,0
20160907,3.59,3.59,3.25,3.27,32341,0
20160908,3.32,3.3999,3.08,3.2,27801,0
20160909,3.33,3.41,3.101,3.41,29037,0
20160912,3.36,3.4401,3.22,3.34,8298,0
20160913,3.34,3.49,3.3192,3.49,11196,0
20160914,3.41,3.44,3.22,3.28,19128,0
20160915,3.4877,3.4877,3.28,3.43,450,0
20160916,3.39,3.47,3.28,3.47,7799,0
20160919,3.47,3.5,3.44,3.5,2075,0
20160920,3.46,3.4675,3.38,3.43,18270,0
20160921,3.43,3.4301,3.299,3.34,18696,0
20160922,3.28,3.339,3.2201,3.23,9806,0
20160923,3.24,3.354,3.13,3.31,20081,0
20160926,3.27,3.41,3.25,3.41,19667,0
20160927,3.35,3.4,3.21,3.33,15747,0
20160928,3.23,3.4,3.2,3.21,18073,0
20160929,3.26,3.31,3.105,3.2,19834,0
20160930,3.151,3.41,3.15,3.3589,19638,0
20161003,3.19,3.35,3.19,3.27,8855,0
20161004,3.3489,3.3489,3.21,3.33,10902,0
20161005,3.3161,3.3161,3.3161,3.3161,1000,0
20161006,3.28,3.3248,3.07,3.3248,29824,0
20161007,3.27,3.45,3.221,3.43,37458,0
20161010,3.3904,3.44,3.18,3.3143,20783,0
20161011,3.28,3.2999,2.87,3.25,51096,0
20161012,3.12,3.34,3.12,3.2,36947,0
20161013,3.26,3.33,3.141,3.17,5971,0
20161014,3.2,3.48,3.1316,3.3,100088,0
20161017,3.25,3.35,3.25,3.3,5100,0
20161018,3.29,3.35,3.25,3.3,11722,0
20161019,3.25,3.35,3.25,3.25,15200,0
20161020,3.35,3.35,3.25,3.25,3000,0
20161021,3.3401,3.35,3.25,3.25,8650,0
20161024,3.25,3.35,3.25,3.3,5300,0
20161025,3.25,3.35,3.25,3.25,20393,0
20161026,3.25,3.4,3.25,3.35,15526,0
20161027,3.2481,3.3,3.2333,3.25,5157,0
20161028,3.4,3.6,3.25,3.25,25997,0
20161031,3.3,3.35,3.205,3.25,16736,0
20161101,3.45,3.595,3.25,3.25,40931,0
20161102,3.45,3.45,3.25,3.25,2707,0
20161103,3.4,3.4,3.25,3.3,9730,0
20161104,3.25,3.3,3.205,3.3,21142,0
20161107,3.2,3.3,3.2,3.3,5562,0
20161108,3.25,3.3,3.25,3.3,3536,0
20161109,3.25,3.3,3.25,3.25,22899,0
20161110,3.25,3.3,3.2,3.2,24722,0
20161111,3.25,3.35,3.25,3.25,9934,0
20161114,3.3625,3.55,3.25,3.3,30633,0
20161115,3.3,3.3,2.55,3,63454,0
20161116,3,3.045,2.25,2.295,203346,0
20161117,2.35,2.45,2,2.15,146308,0
20161118,2.1,2.2,2.0945,2.15,42279,0
20161121,2.1,2.1,1.8,1.8,164664,0
20161122,2.4,2.6,2,2.0888,314733,0
20161123,2.1,2.1,1.85,2.1,194979,0
20161125,2.05,2.15,1.8,1.95,86978,0
20161128,1.95,2.25,1.75,1.85,134034,0
20161129,1.9,1.95,1.8,1.9,140438,0
20161130,1.9,1.99,1.8,1.9,36646,0
20161201,2.2,2.2,1.9,2.05,107292,0
20161202,2.1,2.1,1.9,1.9,16590,0
20161205,1.9,1.95,1.85,1.85,18764,0
20161206,2,2.1,1.85,1.9,38820,0
20161207,1.95,1.95,1.8,1.8,55189,0
20161208,1.85,1.87,1.75,1.75,47465,0
20161209,1.75,1.85,1.75,1.85,32892,0
20161212,1.9,1.9,1.75,1.75,25886,0
20161213,1.75,1.775,1.6,1.645,46281,0
20161214,1.7,1.7,1.6,1.65,11211,0
20161215,1.6309,1.65,1.6,1.6,8281,0
20161216,1.6,1.75,1.6,1.7,49623,0
20161219,1.85,1.89,1.6,1.7,89691,0
20161220,1.6,1.75,1.6,1.65,15874,0
20161221,1.65,1.7,1.55,1.55,30209,0
20161222,1.6,1.675,1.55,1.55,22983,0
20161223,1.565,1.65,1.55,1.645,16501,0
20161227,1.7,1.95,1.695,1.85,67781,0
20161228,1.832,1.832,1.7,1.7,25578,0
20161229,1.85,1.85,1.65,1.65,31024,0
20161230,1.655,1.9,1.65,1.9,23162,0
20170103,1.825,1.9,1.75,1.9,41383,0
20170104,1.8,1.9,1.75,1.8,26739,0
20170105,1.75,1.85,1.75,1.75,11090,0
20170106,1.75,1.75,1.65,1.7,28095,0
20170109,1.65,1.75,1.5,1.55,112091,0
20170110,1.2,1.45,1.2,1.3,689838,0
20170111,1.35,1.4,1.3,1.3,98651,0
20170112,1.35,1.4,1.25,1.3,109279,0
20170113,1.25,1.35,1.25,1.25,45003,0
20170117,1.35,1.35,1.3,1.35,49821,0
20170118,1.3,1.35,1.25,1.25,74148,0
20170119,1.3,1.3,1.2746,1.3,8876,0
20170120,1.25,1.3,1.25,1.25,34817,0
20170123,1.3,1.3,1.15,1.15,76065,0
20170124,1.2,1.2,1.15,1.2,40944,0
20170125,1.15,1.25,1.15,1.2,30690,0
20170126,1.2,1.25,1.2,1.2,17064,0
20170127,1.2,1.3,1.2,1.25,132132,0
20170130,1.25,1.275,1.2,1.2,36347,0
20170131,1.25,1.25,1.2,1.25,16250,0
20170201,1.3,1.3,1.2,1.2,43237,0
20170202,1.2,1.25,1.2,1.25,28060,0
20170203,1.25,1.25,1.2,1.25,17736,0
20170206,1.25,1.25,1.2,1.2,16333,0
20170207,1.2,1.35,1.2,1.25,52369,0
20170208,1.25,1.275,1.2,1.25,27286,0
20170209,1.2,1.25,1.2,1.2,64100,0
20170210,1.2,1.25,1.2,1.225,65186,0
20170213,1.225,1.2268,1.2,1.2,30558,0
20170214,1.25,1.25,1.15,1.15,62261,0
20170215,1.2,1.25,1.15,1.2,30992,0
20170216,1.3,1.5,1.3,1.35,774429,0
20170217,1.4,1.45,1.35,1.35,161521,0
20170221,1.35,1.3565,1.2712,1.35,92875,0
20170222,1.3,1.3,1.2,1.2,69193,0
20170223,1.25,1.35,1.2,1.3,98307,0
20170224,1.35,1.35,1.25,1.25,23748,0
20170227,1.3,1.3,1.25,1.25,10815,0
20170228,1.3,1.31,1.25,1.3,42490,0
20170301,1.25,1.35,1.25,1.3,36954,0
20170302,1.3,1.35,1.3,1.3,35316,0
20170303,1.3,1.3,1.25,1.25,23826,0
20170306,1.3,1.35,1.25,1.25,42126,0
20170307,1.3,1.3,1.25,1.25,20243,0
20170308,1.25,1.3,1.25,1.25,34574,0
20170309,1.25,1.3,1.25,1.25,25042,0
20170310,1.25,1.25,1.2,1.25,19462,0
20170313,1.25,1.3,1.2,1.2,53659,0
20170314,1.2,1.3,1.2,1.25,68031,0
20170315,1.2,1.25,1.2,1.2,6613,0
20170316,1.2,1.325,1.2,1.25,56519,0
20170317,1.25,1.3,1.25,1.3,15425,0
20170320,1.25,1.3,1.2,1.2,43071,0
20170321,1.25,1.3,1.2,1.2,37589,0
20170322,1.25,1.3,1.2,1.25,69456,0
20170323,1.25,1.4,1.2,1.3,121928,0
20170324,1.3,1.5,1.275,1.4,135765,0
20170327,1.4,1.45,1.35,1.4,88099,0
20170328,2.25,2.9,1.8,2.35,7303839,0
20170329,2.25,2.295,1.85,1.95,1065160,0
20170330,2.2,2.25,2,2.15,645668,0
20170331,1.65,1.85,1.6,1.8,560132,0
20170403,1.75,1.795,1.6,1.7,338598,0
20170404,1.65,1.655,1.6,1.6,118061,0
20170405,1.6,1.65,1.6,1.6,119847,0
20170406,1.6,1.65,1.6,1.6,91203,0
20170407,1.65,1.65,1.6,1.625,100981,0
20170410,1.65,1.7,1.6,1.6737,221047,0
20170411,1.8,1.9,1.7,1.8,379194,0
20170412,1.8,1.8,1.7,1.7,173127,0
20170413,1.7,1.7,1.6,1.6,84422,0
20170417,1.6,1.7,1.6,1.65,101336,0
20170418,1.65,1.75,1.65,1.725,56583,0
20170419,1.7,1.75,1.65,1.7,70486,0
20170420,1.7,1.75,1.6,1.7,101118,0
20170421,1.75,1.85,1.705,1.8,162676,0
20170424,1.85,2.1,1.75,1.8,335692,0
20170425,1.8,1.8,1.75,1.75,139529,0
20170426,1.75,1.8,1.65,1.65,157486,0
20170427,1.7,1.725,1.65,1.65,103717,0
20170428,1.65,1.7,1.625,1.65,92023,0
20170501,1.6,1.7,1.6,1.6,116001,0
20170502,1.7,1.7,1.5,1.55,148753,0
20170503,1.55,1.6,1.55,1.55,46735,0
20170504,1.55,1.6,1.5,1.5,98012,0
20170505,1.5,1.55,1.5,1.55,19902,0
20170508,1.55,1.6,1.5,1.575,58295,0
20170509,1.6,1.65,1.55,1.6,18315,0
20170510,1.55,1.6,1.55,1.579,32595,0
20170511,1.5797,1.595,1.55,1.575,6733,0
20170512,1.6,1.75,1.55,1.65,87579,0
20170515,1.65,1.75,1.625,1.75,47241,0
20170516,1.55,1.625,1.5,1.5,103597,0
20170517,1.5,1.55,1.5,1.5,61089,0
20170518,1.5,1.55,1.5,1.5,31558,0
20170519,1.5,1.55,1.45,1.55,108314,0
20170522,1.5,1.55,1.45,1.45,47091,0
20170523,1.4765,1.55,1.46,1.5,20594,0
20170524,1.4978,1.5,1.45,1.45,5433,0
20170525,1.5,1.5,1.45,1.45,14221,0
20170526,1.455,1.5,1.45,1.45,10851,0
20170530,1.4942,1.5,1.45,1.45,3007,0
20170531,1.45,1.5,1.4,1.4,27280,0
20170601,1.45,1.45,1.4,1.4,51851,0
20170602,1.4,1.45,1.4,1.4,11861,0
20170605,1.42,1.45,1.35,1.35,45111,0
20170606,1.35,1.4,1.35,1.35,31401,0
20170607,1.35,1.4,1.3,1.3,54567,0
20170608,1.35,1.35,1.3,1.3,13952,0
20170609,1.3,1.35,1.3,1.305,33715,0
20170612,1.3,1.3,1.2,1.2,85131,0
20170613,1.25,1.25,1.2,1.25,30391,0
20170614,1.25,1.3,1.25,1.25,13083,0
20170615,1.25,1.3,1.2,1.3,39284,0
20170616,1.25,1.3,1.15,1.25,49818,0
20170619,1.25,1.25,1.2,1.25,28142,0
20170620,1.25,1.3,1.25,1.25,18566,0
20170621,1.25,1.3,1.2,1.2382,49259,0
20170622,1.2,1.3,1.2,1.2,26903,0
20170623,1.25,1.3,1.2,1.2,52202,0
20170626,1.2634,1.3,1.25,1.2769,45963,0
20170627,1.25,1.3,1.2,1.3,58648,0
20170628,1.295,1.3,1.25,1.275,12610,0
20170629,1.25,1.3,1.25,1.25,11359,0
20170630,1.295,1.3,1.25,1.25,10353,0
20170703,1.3,1.3,1.25,1.25,16926,0
20170705,1.2,1.25,1.2,1.2,118473,0
20170706,1.25,1.25,1.168,1.175,86932,0
20170707,1.2,1.2,1.15,1.2,48104,0
20170710,1.2,1.245,1.15,1.2,121195,0
20170711,1.2,1.25,1.15,1.15,109533,0
20170712,1.2,1.2,1.15,1.175,35465,0
20170713,1.2,1.25,1.15,1.2,104187,0
20170714,1.2,1.225,1.15,1.15,57304,0
20170717,1.15,1.2,1.15,1.15,94260,0
20170718,1.2,1.2,1.15,1.15,75212,0
20170719,1.2,1.2,1.15,1.15,121339,0
20170720,1.15,1.2,1.15,1.15,101791,0
20170721,1.2,1.2,1.15,1.2,114491,0
20170724,1.2,1.2,1.15,1.175,37689,0
20170725,1.15,1.2,1.15,1.15,29612,0
20170726,1.2,1.2,1.15,1.2,37236,0
20170727,1.15,1.195,1.15,1.15,22980,0
20170728,1.15,1.2,1.1,1.15,71706,0
20170731,1.15,1.15,1.1,1.1,22947,0
20170801,1.1,1.15,1,1,176049,0
