Date,Open,High,Low,Close,Volume,OpenInt
20141120,0.85,0.87,0.8,0.8,7375,0
20141121,0.82,0.9265,0.797,0.9265,19465,0
20141124,0.831,0.831,0.67,0.72,15200,0
20141125,1.21,1.21,0.7,0.7,33600,0
20141126,0.75,0.78,0.75,0.78,1100,0
20141128,0.78,0.85,0.6995,0.6995,9300,0
20141201,0.73,0.73,0.65,0.65,11150,0
20141202,0.689,0.84,0.689,0.84,32150,0
20141203,0.8,0.9,0.7801,0.9,18864,0
20141204,1.04,1.15,0.8301,0.95,46650,0
20141205,1.1,1.1,1,1.03,13400,0
20141208,1.1,1.15,1,1,34521,0
20141209,1,1.0649,1,1,6290,0
20141210,1.0762,1.0762,1,1.05,3356,0
20141211,1.03,1.04,1,1.0109,14900,0
20141212,1.03,1.05,0.98,1.05,14864,0
20141215,1.06,1.12,1.02,1.1,25600,0
20141216,1.1,1.294,1.1,1.11,30622,0
20141217,1.1,1.12,1.07,1.07,18030,0
20141218,1.14,1.2,1.1,1.2,7900,0
20141219,1.239,1.239,1.229,1.23,6033,0
20141222,1.25,1.25,1.15,1.15,14492,0
20141223,1.12,1.29,1.12,1.29,7160,0
20141224,1.25,1.25,1.2012,1.24,370,0
20141226,1.22,1.22,1.16,1.22,9900,0
20141229,1.2,1.23,1.2,1.23,800,0
20141231,1.21,1.21,1.21,1.21,100,0
20150102,1.12,1.1201,1.12,1.1201,5500,0
20150105,1.22,1.22,1.12,1.14,6484,0
20150106,1.14,1.19,1.07,1.14,19601,0
20150107,1.21,1.21,1.14,1.21,5554,0
20150108,1.17,1.17,1.15,1.16,7200,0
20150109,1.17,1.18,1.17,1.18,400,0
20150114,1.07,1.22,1.07,1.2,15796,0
20150115,1.07,1.2,0.8025,1.2,29250,0
20150116,1.08,1.17,1.02,1.17,11800,0
20150120,1.18,1.21,1.17,1.21,1925,0
20150121,1.22,1.23,1.22,1.23,200,0
20150122,1.2,1.22,1.2,1.2,1800,0
20150123,1.19,1.23,1.17,1.23,2900,0
20150126,1.2299,1.23,1.2299,1.23,930,0
20150127,1.24,1.3,1.18,1.25,17600,0
20150128,1.4156,1.4273,1.33,1.36,59201,0
20150129,1.33,1.4,1.3,1.4,3350,0
20150130,1.4301,1.46,1.4299,1.43,7300,0
20150202,1.41,1.44,1.4,1.44,350,0
20150203,1.47,1.6,1.38,1.59,7900,0
20150204,1.6,1.75,1.4001,1.68,23126,0
20150205,1.63,1.76,1.63,1.75,58459,0
20150206,1.8,1.8,1.7,1.7,15461,0
20150209,1.7,1.7899,1.65,1.7899,3785,0
20150210,1.65,1.65,1.38,1.45,50567,0
20150211,1.47,1.51,0.8998,0.8998,28302,0
20150212,1.2,1.4,1.1999,1.3,17004,0
20150213,1.3,1.39,1.2,1.26,36113,0
20150217,1.29,1.53,1.29,1.47,7870,0
20150218,1.55,1.55,1.38,1.43,7321,0
20150220,1.44,1.44,1.44,1.44,256,0
20150223,1.22,1.65,1.22,1.62,34351,0
20150224,1.49,1.66,1.49,1.6,21320,0
20150225,1.5,1.59,1.49,1.59,11825,0
20150226,1.33,1.54,1.3,1.42,8900,0
20150227,1.4,1.52,1.3,1.5,15928,0
20150302,1.52,1.7,1.52,1.65,24200,0
20150303,1.5,1.56,1.5,1.54,5600,0
20150304,1.47,1.47,1.46,1.46,200,0
20150305,1.65,1.65,1.39,1.45,4300,0
20150306,1.65,1.65,1.1,1.45,3500,0
20150309,1.45,1.45,1.38,1.41,35400,0
20150310,1.38,1.38,1.38,1.38,100,0
20150311,1.39,1.39,1.35,1.35,1300,0
20150312,1.45,1.49,1.32,1.43,3400,0
20150313,1.5,1.5,1.18,1.33,800,0
20150316,1.35,1.36,1.25,1.25,6400,0
20150317,1.2,1.26,1.19,1.2,4100,0
20150318,1.25,1.48,1.2,1.37,31100,0
20150319,1.5,1.5,1.38,1.38,900,0
20150320,1.42,1.48,1.31,1.37,4400,0
20150323,1.45,1.45,1.27,1.37,7500,0
20150324,1.44,1.44,1.43,1.43,1000,0
20150325,1.43,1.43,1.3,1.41,4600,0
20150326,1.28,1.36,1.27,1.27,21700,0
20150327,1.2,1.2,0.9,1.17,102300,0
20150330,1.4,1.4,0.85,1.15,48200,0
20150331,1.1,1.12,1.02,1.05,12200,0
20150401,1.05,1.1,1.05,1.09,7000,0
20150402,1.14,1.14,1.1,1.14,25200,0
20150406,1.16,1.24,1.11,1.24,26100,0
20150407,1.2102,1.2102,1.2,1.2,1495,0
20150408,1.2,1.2,1.14,1.16,6700,0
20150409,1.1401,1.1548,1.139,1.1408,8945,0
20150410,1.14,1.14,1.1,1.12,17300,0
20150413,1.15,1.15,1.1,1.1,2300,0
20150414,1.15,1.18,1.12,1.15,19000,0
20150415,1.18,1.19,1.15,1.18,28500,0
20150416,1.18,1.2,1.16,1.16,34600,0
20150417,1.11,1.18,1.11,1.11,13200,0
20150420,1.15,1.15,1.12,1.12,2200,0
20150422,1.0342,1.06,1.0342,1.06,2100,0
20150423,1.12,1.12,1.02,1.02,5600,0
20150424,1.03,1.03,0.99,1.02,8800,0
20150427,1.05,1.07,0.99,1.07,11600,0
20150428,1.03,1.11,1.02,1.11,4700,0
20150429,1.09,1.13,1.09,1.13,400,0
20150430,1.01,1.1,1,1.1,2200,0
20150501,1.07,1.07,0.99,1.05,7800,0
20150504,0.95,1,0.95,1,4100,0
20150505,0.9,0.97,0.9,0.95,2400,0
20150506,0.945,0.945,0.8599,0.925,5634,0
20150507,0.9499,0.9499,0.89,0.9399,3200,0
20150508,0.97,1.04,0.95,1,3400,0
20150511,1.05,1.05,0.85,0.9,3000,0
20150512,1.01,1.18,1,1.1,8136,0
20150513,1.12,1.12,1.09,1.09,12300,0
20150514,1.12,1.12,1,1,3600,0
20150515,1.07,1.1,1,1.09,12552,0
20150518,1.01,1.07,0.96,0.96,4000,0
20150519,0.99,0.99,0.96,0.98,2800,0
20150520,0.96,1.02,0.93,0.96,12300,0
20150522,1,1.05,1,1.05,9800,0
20150526,1,1,0.989,1,15650,0
20150527,1.05,1.05,1.05,1.05,200,0
20150529,1.1,1.1,1.05,1.05,4500,0
20150601,1.05,1.05,1.05,1.05,200,0
20150602,0.97,1.03,0.92,1.03,6100,0
20150603,1.03,1.03,1.03,1.03,100,0
20150604,1.08,1.08,0.93,0.96,15000,0
20150605,1.02,1.03,0.99,1.03,9200,0
20150608,1.05,1.18,0.95,1.18,39800,0
20150609,1.18,1.18,1.15,1.1529,9156,0
20150610,1.16,1.16,1.15,1.15,1056,0
20150611,1.1601,1.1601,1.1601,1.1601,200,0
20150612,1.14,1.15,1.13,1.15,3100,0
20150615,1.17,1.18,1.15,1.17,74100,0
20150616,1.21,1.35,1.2,1.34,36700,0
20150617,1.37,1.44,1.37,1.43,17800,0
20150618,1.43,1.5,1.42,1.5,20500,0
20150619,1.5,1.54,1.46,1.47,18200,0
20150622,1.62,1.81,1.5,1.6,43100,0
20150623,1.41,1.5,1.36,1.5,1917,0
20150624,1.56,1.56,1.56,1.56,100,0
20150625,1.32,1.4,1.32,1.36,6100,0
20150626,1.3,1.46,1.25,1.46,6800,0
20150630,1.2744,1.5,1.2728,1.4,4300,0
20150701,1.25,1.48,1.25,1.36,1900,0
20150702,1.35,1.35,1.35,1.35,2500,0
20150706,1.38,1.38,1.35,1.35,4200,0
20150707,1.25,1.36,1.25,1.35,1500,0
20150708,1.31,1.31,1,1.15,222000,0
20150709,1.3,1.35,1.04,1.21,13900,0
20150710,1.25,1.39,1.21,1.39,17000,0
20150713,1.38,1.39,1.26,1.38,5200,0
20150714,1.39,1.39,1.39,1.39,520,0
20150715,1.35,1.35,1.26,1.26,10450,0
20150716,1.33,1.36,1.3,1.3,1400,0
20150717,1.32,1.32,1.32,1.32,6000,0
20150721,1.27,1.39,1.26,1.26,3500,0
20150722,1.21,1.21,1.19,1.19,2300,0
20150723,1.23,1.23,1.22,1.22,500,0
20150724,1.22,1.3,1.14,1.3,16400,0
20150727,1.3,1.3,1.25,1.25,61900,0
20150728,1.4,1.4,1.12,1.24,22200,0
20150729,1.2,1.2,1.15,1.18,1700,0
20150730,1.15,1.15,1.15,1.15,1800,0
20150731,1.11,1.12,1.1,1.1,8200,0
20150803,1.1611,1.1852,1.13,1.13,13350,0
20150804,1.15,1.15,1.13,1.13,800,0
20150805,1.13,1.13,1.13,1.13,500,0
20150806,1.1899,1.25,1.13,1.1301,16623,0
20150807,1.11,1.24,0.95,1.24,18700,0
20150810,1.21,1.25,1.21,1.25,3600,0
20150811,1.22,1.33,1.18,1.33,21432,0
20150812,1.25,1.35,1.25,1.28,12200,0
20150813,1.26,1.36,1.26,1.27,23700,0
20150814,1.25,1.33,1.25,1.33,8900,0
20150817,1.44,1.44,1.3,1.3,10200,0
20150818,1.35,1.45,1.2,1.2,19100,0
20150819,1.11,1.11,1.1,1.1,900,0
20150820,1.25,1.26,1.2,1.22,12800,0
20150821,1.25,1.25,1.15,1.15,4500,0
20150824,1.17,1.17,1.14,1.15,11750,0
20150825,1.2,1.33,1.02,1.1,23800,0
20150826,1.1,1.3,0.98,1.08,19900,0
20150827,1.1,1.25,1.1,1.24,7000,0
20150828,1.28,1.31,1.21,1.31,4500,0
20150831,1.36,1.45,1.34,1.36,37900,0
20150901,1.49,1.5,1.46,1.5,19400,0
20150902,1.47,1.5,1.41,1.45,18500,0
20150903,1.42,1.42,1.4,1.4,5400,0
20150904,1.44,1.45,1.44,1.44,500,0
20150908,1.45,1.55,1.45,1.51,22400,0
20150909,1.52,1.62,1.41,1.53,12400,0
20150910,1.52,1.72,1.51,1.698,45323,0
20150911,1.72,2,1.72,2,160300,0
20150914,2.3,2.71,2.1,2.5,197500,0
20150915,2.75,2.75,2.16,2.49,25000,0
20150916,2.59,2.69,2.2,2.69,43200,0
20150917,2.68,2.84,2.2,2.84,35900,0
20150918,2.84,3.3,2.64,3.3,70100,0
20150921,3.27,3.8,3.2,3.38,82700,0
20150922,3.1,3.4,3.1,3.4,59600,0
20150923,3.4,3.61,3.4,3.48,44500,0
20150924,3.48,3.5,3.25,3.34,49895,0
20150925,3.15,3.35,3.1,3.24,7700,0
20150928,3.1,3.18,2.76,3.06,4096,0
20150929,3.1,3.3,2.75,3.15,25200,0
20150930,3.09,3.1,3,3,9100,0
20151001,3.01,3.01,2.57,2.83,27800,0
20151002,2.79,3,2.65,3,11100,0
20151005,3.15,3.48,2.952,3.4,45727,0
20151006,3.35,3.62,3.35,3.54,24800,0
20151007,3.4,3.5,3,3.32,31700,0
20151008,3.33,4,3.33,3.95,105800,0
20151009,3.7,5.45,3.7,5.06,321700,0
20151012,5.01,5.75,4.75,4.88,126448,0
20151013,4.75,5.3,4.74,4.85,61500,0
20151014,5.09,5.09,4.06,4.33,48400,0
20151015,4.53,4.86,4.29,4.77,28300,0
20151016,4.91,5.15,4.56,5,45000,0
20151019,5,6.35,5,5.64,101300,0
20151020,5.63,5.65,5.08,5.25,50231,0
20151021,5.11,5.11,4.64,4.7,13000,0
20151022,4.9,4.9,4.36,4.38,28600,0
20151023,4.6,5,4.48,4.78,34300,0
20151026,5,5.05,4.41,4.67,28200,0
20151027,4.38,4.6,4.25,4.33,7900,0
20151028,4.5,4.5,4.01,4.27,27800,0
20151029,4.4,4.4,0.91,1.25,646200,0
20151030,1.4,1.69,1.28,1.44,584800,0
20151102,1.88,2.49,1.55,2.07,553626,0
20151103,2.48,2.64,2.15,2.17,237800,0
20151104,2.45,2.75,2.02,2.2,244525,0
20151105,2.19,2.25,2,2.16,142100,0
20151106,2.18,2.18,1.8,2,84700,0
20151109,2,2,1.83,1.97,55894,0
20151110,1.87,1.98,1.85,1.89,43400,0
20151111,1.99,1.99,1.42,1.66,37400,0
20151112,1.85,2.05,1.63,1.77,46200,0
20151113,1.77,2,1.68,2,23100,0
20151116,1.72,1.91,1.72,1.82,13100,0
20151117,1.82,1.82,1.54,1.6,92800,0
20151118,1.59,1.67,1.48,1.58,83100,0
20151119,1.6,2.01,1.6,2.01,185700,0
20151120,2.2,2.49,1.9,1.91,64000,0
20151123,2,2,0.97,1.46,277600,0
20151124,1.4,1.5,1.26,1.33,73500,0
20151125,1.55,1.55,1.26,1.36,55500,0
20151127,1.36,1.4,1.36,1.39,14700,0
20151130,1.39,1.69,1.39,1.47,6900,0
20151201,1.36,1.5,1.36,1.4799,17149,0
20151202,1.56,1.74,1.494,1.7,55478,0
20151203,1.75,1.75,1.59,1.71,26628,0
20151204,1.71,1.8,1.53,1.6,14700,0
20151207,1.71,1.71,1.37,1.37,30700,0
20151208,1.54,1.6666,1.5082,1.5649,41517,0
20151209,1.69,1.69,1.55,1.65,7100,0
20151210,1.56,1.57,1.56,1.57,400,0
20151211,1.69,1.72,1.65,1.67,25000,0
20151214,1.78,1.85,1.7,1.85,20578,0
20151215,1.97,2.35,1.92,2.13,77600,0
20151216,2,2.01,1.7,1.78,31200,0
20151217,1.74,1.9,1.74,1.87,6300,0
20151218,1.75,1.95,1.66,1.78,9400,0
20151221,1.96,1.96,1.6,1.63,24900,0
20151222,1.7,1.72,1.5,1.6759,3781,0
20151223,1.52,1.71,1.52,1.71,3400,0
20151224,1.9,1.9,1.57,1.57,376,0
20151228,1.5,1.8,1.5,1.6266,4482,0
20151229,1.763,1.763,1.636,1.75,9056,0
20151230,1.74,1.74,1.63,1.7201,739,0
20151231,1.66,1.7211,1.66,1.679,688,0
20160104,1.616,1.616,1.616,1.616,301,0
20160105,1.7,1.7,1.7,1.7,502,0
20160106,1.8,1.8,1.71,1.71,1788,0
20160107,2.35,2.35,1.38,1.62,20667,0
20160108,1.5,1.52,1.5,1.5,22645,0
20160111,1.5,1.5,1.38,1.44,11718,0
20160112,1.461,1.461,1.2912,1.3,10242,0
20160113,2.236,2.236,1.3,1.49,22940,0
20160114,1.5,1.5,1.31,1.342,9820,0
20160115,1.358,1.49,1.35,1.4357,15895,0
20160119,1.45,1.8,1.37,1.5,13900,0
20160120,1.434,1.62,1.34,1.47,550,0
20160121,1.43,1.64,1.26,1.413,1196,0
20160122,1.3,1.57,1.26,1.32,8669,0
20160125,1.459,1.4642,1.45,1.45,900,0
20160126,1.5481,1.5481,1.36,1.4577,1314,0
20160127,1.409,1.409,1.3564,1.38,7425,0
20160128,1.43,1.46,1.2,1.4,11703,0
20160129,1.22,1.3987,1.2,1.35,6710,0
20160201,1.27,1.39,1.27,1.39,11100,0
20160202,1.35,1.35,1.3,1.3,15800,0
20160203,1.44,1.44,1.44,1.44,118,0
20160204,1.41,1.41,1.41,1.41,400,0
20160205,1.37,1.37,1.35,1.35,900,0
20160208,1.24,1.24,1.17,1.17,1200,0
20160209,1.21,1.25,1.2,1.21,21233,0
20160210,1.292,1.292,1.146,1.146,1200,0
20160211,1.1,1.3,1.1,1.3,2100,0
20160212,1.2543,1.3,1.04,1.14,13325,0
20160216,1.17,1.4199,1.17,1.3,1010,0
20160217,1.33,1.33,1.02,1.03,2903,0
20160218,1.45,1.45,1.05,1.12,2017,0
20160219,1.33,1.33,1.18,1.18,2516,0
20160222,1.18,1.18,1.18,1.18,417,0
20160223,1.18,1.18,1,1.16,7589,0
20160225,1.16,1.16,1.0979,1.1599,10733,0
20160226,1.16,1.2272,1.116,1.2272,21642,0
20160229,1.13,1.18,1.13,1.18,866,0
20160301,1.22,1.23,1.11,1.23,2218,0
20160302,1.11,1.1582,1.09,1.1201,2400,0
20160303,1.25,1.25,1.11,1.15,7608,0
20160304,1.2399,1.2399,1.1405,1.2099,1200,0
20160307,1.24,1.26,1.2163,1.252,10732,0
20160308,1.38,1.38,1.2842,1.32,3889,0
20160309,1.12,1.47,1.12,1.3097,6674,0
20160310,1.232,1.232,1.15,1.22,3458,0
20160311,1.15,1.47,1.15,1.26,3730,0
20160314,1.26,1.3904,1.26,1.281,607,0
20160315,1.305,1.305,1.3,1.3,4133,0
20160316,1.2988,1.2988,1.2988,1.2988,1002,0
20160317,1.194,1.194,1.15,1.15,4084,0
20160318,1.277,1.69,1.25,1.5464,31528,0
20160321,1.54,1.79,1.54,1.7,49646,0
20160322,1.655,1.998,1.655,1.8563,7645,0
20160323,1.69,1.95,1.69,1.92,25300,0
20160324,1.8499,1.85,1.84,1.84,1648,0
20160328,2.08,2.08,1.7732,1.7732,531,0
20160329,1.92,1.9416,1.85,1.85,3100,0
20160330,2.04,2.05,1.695,1.926,5396,0
20160331,1.7673,1.8156,1.73,1.8156,500,0
20160401,1.7,2.0553,1.7,1.72,9615,0
20160404,1.7,1.7,1.44,1.557,11409,0
20160405,1.7,1.7,1.6,1.6338,2480,0
20160406,1.5649,1.5835,1.4302,1.4302,2050,0
20160407,1.6315,1.6315,1.38,1.38,1161,0
20160408,1.546,1.6,1.45,1.45,2775,0
20160411,1.45,1.49,1.45,1.49,1952,0
20160413,1.48,1.48,1.4791,1.4791,250,0
20160414,1.47,1.5,1.4699,1.49,6750,0
20160415,1.52,1.52,1.42,1.42,2500,0
20160418,1.3139,1.42,1.3139,1.4199,4763,0
20160420,1.41,1.55,1.3799,1.38,9600,0
20160422,1.47,1.47,1.47,1.47,100,0
20160425,1.41,1.42,1.41,1.42,203,0
20160426,1.31,1.32,1.28,1.32,14197,0
20160427,1.31,1.4,1.2991,1.2991,8813,0
20160428,1.26,1.29,1.26,1.29,2800,0
20160429,1.16,1.35,1.1499,1.3399,5540,0
20160503,1.14,1.24,1.1398,1.18,22372,0
20160504,1.2,1.2,1.2,1.2,1100,0
20160505,1.22,1.22,1.1,1.15,11731,0
20160506,1.21,1.21,1.2,1.2,3540,0
20160509,1.27,1.27,1.27,1.27,139,0
20160511,1.24,1.2799,1.225,1.2799,300,0
20160512,1.25,1.2902,1.2,1.22,4734,0
20160513,1.12,1.2,1.11,1.1248,14950,0
20160516,1.18,1.2,1.17,1.17,600,0
20160517,1.17,1.173,1.1177,1.1177,1300,0
20160518,1.12,1.12,1,1,5999,0
20160519,1.02,1.14,1.01,1.14,5896,0
20160520,1.15,1.25,1.14,1.1401,10300,0
20160523,1.15,1.15,1.15,1.15,2000,0
20160524,1.34,1.34,1.02,1.112,8429,0
20160525,1.15,1.15,1.02,1.111,12709,0
20160526,1.12,1.13,1.12,1.13,333,0
20160527,1.1064,1.14,1.1064,1.14,750,0
20160531,1.15,1.15,1.02,1.12,2495,0
20160601,1.092,1.1199,1.0791,1.1199,2950,0
20160602,1.05,1.114,1.05,1.107,3722,0
20160603,1.0581,1.1099,1.0581,1.1099,1825,0
20160607,1.15,1.15,0.9964,0.9964,3588,0
20160608,1.0587,1.13,1.02,1.12,4124,0
20160609,1.04,1.25,0.9401,1.23,5852,0
20160610,1.2111,1.2111,1.21,1.21,1000,0
20160613,1.2265,1.2265,1.2265,1.2265,200,0
20160615,1.13,1.13,1.095,1.1,790,0
20160616,1.06,1.06,1.05,1.05,200,0
20160617,1.15,1.25,1.15,1.25,4260,0
20160620,1.3,1.3254,1.2208,1.245,3120,0
20160621,1.25,1.3,1.2208,1.2208,4290,0
20160622,1.25,1.25,1.25,1.25,100,0
20160623,1.16,1.16,1.16,1.16,100,0
20160624,1.33,1.33,0.98,1.068,12800,0
20160627,1.1,1.1675,1.1,1.15,5100,0
20160628,1.05,1.14,1.05,1.127,7805,0
20160629,1.15,1.1693,1.08,1.1,27484,0
20160630,1.24,1.25,1.07,1.145,1300,0
20160706,1.05,1.115,1.05,1.1001,2400,0
20160708,0.9801,1.0982,0.9801,1.08,6170,0
20160711,1.11,1.12,1.0758,1.1099,1606,0
20160712,1.12,1.15,1.1199,1.1498,4006,0
20160713,1.08,1.08,1,1,800,0
20160714,1.12,1.12,1.05,1.05,4462,0
20160715,1.05,1.11,1.05,1.05,3232,0
20160718,1.05,1.05,1.01,1.01,2875,0
20160719,1.0468,1.0468,1.01,1.01,1002,0
20160720,1.05,1.05,1.05,1.05,100,0
20160721,1.0815,1.0815,1.025,1.05,4170,0
20160722,1.05,1.05,1.0318,1.05,12020,0
20160725,1.0427,1.0427,1.0427,1.0427,219,0
20160726,1.05,1.19,1.045,1.132,44747,0
20160727,1.2,1.29,1.2,1.282,22257,0
20160728,1.13,1.1495,1.12,1.1495,1500,0
20160729,1.1,1.1,1.1,1.1,319,0
20160801,1.1,1.15,1.1,1.15,419,0
20160803,1.15,1.15,1.15,1.15,1000,0
20160808,1.1271,1.1271,1.1271,1.1271,250,0
20160809,1.08,1.09,1.08,1.08,9060,0
20160810,1.07,1.1,1.05,1.05,2140,0
20160811,1.1,1.1,1.01,1.05,8037,0
20160812,1.01,1.01,0.85,0.9488,51989,0
20160815,0.9402,0.9402,0.8642,0.91,1210,0
20160816,0.9,0.92,0.8701,0.905,25076,0
20160817,0.8992,0.961,0.88,0.961,15305,0
20160818,0.96,0.96,0.8501,0.9,9632,0
20160819,1.008,1.08,1,1.07,10758,0
20160822,1.0535,1.08,1,1,15296,0
20160823,1.08,1.15,1.07,1.142,16099,0
20160824,0.9001,1.24,0.9001,1.01,13723,0
20160825,1.1,1.24,1.1,1.1,13393,0
20160826,1,1.15,0.98,1.15,6193,0
20160829,1.02,1.1399,1.01,1.02,2591,0
20160830,1.04,1.14,1.02,1.095,3740,0
20160831,1.1008,1.1157,1.1,1.1,1845,0
20160902,1.1828,1.1828,1.1,1.1,280,0
20160906,1.27,1.27,1.1,1.183,2016,0
20160907,1.2,1.25,1.1,1.16,4289,0
20160909,1.1,1.1,1.1,1.1,100,0
20160912,1.1244,1.1244,1.05,1.095,12400,0
20160913,1.07,1.0712,1.07,1.07,1100,0
20160914,1.08,1.08,1.08,1.08,101,0
20160915,1.06,1.06,1.06,1.06,100,0
20160916,1.1092,1.1092,1.09,1.1,6600,0
20160919,1.06,1.06,1.05,1.05,3400,0
20160920,1.05,1.1008,1,1,11602,0
20160921,1.1,1.1501,1.1,1.1501,3938,0
20160922,1.1238,1.16,1.02,1.1168,12853,0
20160926,1.04,1.07,1.01,1.04,6100,0
20160927,1.04,1.04,1.04,1.04,101,0
20160928,1.05,1.0729,1.05,1.05,2199,0
20160929,1.09,1.09,1.09,1.09,101,0
20160930,1.16,1.16,1.1254,1.1254,232,0
20161003,1.12,1.12,1.03,1.0501,2456,0
20161004,1.04,1.04,1.04,1.04,780,0
20161005,1.04,1.04,1.04,1.04,130,0
20161006,1.03,1.03,1.03,1.03,120,0
20161010,1.0839,1.0839,1.0839,1.0839,800,0
20161011,1.14,1.14,0.91,1,14395,0
20161012,1,1.06,1,1.01,1700,0
20161013,1.01,1.14,1.01,1.03,10854,0
20161014,1.14,1.16,1.03,1.03,921,0
20161017,1,1.06,1,1.03,3775,0
20161018,1.09,1.09,1.09,1.09,100,0
20161019,1.0327,1.0327,1.01,1.02,1700,0
20161020,1.03,1.03,1.01,1.02,3800,0
20161021,1,1,1,1,100,0
20161024,1.01,1.0115,0.9502,0.96,17899,0
20161025,0.97,0.97,0.97,0.97,100,0
20161026,0.9897,0.9897,0.96,0.96,244,0
20161027,1.0071,1.01,0.89,0.89,6029,0
20161031,0.623,0.89,0.623,0.85,7333,0
20161101,0.8925,0.8925,0.81,0.81,2098,0
20161102,0.76,0.88,0.75,0.79,11278,0
20161103,0.7838,0.81,0.6984,0.72,15604,0
20161107,0.7639,0.7639,0.76,0.7601,2073,0
20161109,0.64,0.77,0.64,0.66,2200,0
20161110,0.6701,0.6701,0.65,0.66,6106,0
20161111,0.8,0.8,0.7,0.7,10106,0
20161115,0.97,1.0062,0.75,0.7501,19300,0
20161116,0.98,0.99,0.98,0.98,1516,0
20161117,0.7806,0.7806,0.7806,0.7806,100,0
20161118,0.9,0.9,0.83,0.83,210,0
20161121,0.82,0.895,0.8148,0.85,19233,0
20161122,0.76,0.88,0.76,0.8799,1386,0
20161130,0.86,0.86,0.7468,0.75,7284,0
20161201,0.84,0.87,0.73,0.7479,8806,0
20161202,0.72,0.81,0.7,0.727,1818,0
20161205,0.728,0.728,0.728,0.728,100,0
20161206,0.7,0.7,0.66,0.698,4519,0
20161207,0.651,0.7,0.55,0.7,23865,0
20161208,0.75,0.75,0.701,0.701,1881,0
20161209,0.701,0.701,0.7,0.7,9622,0
20161212,0.75,0.75,0.701,0.701,530,0
20161213,0.701,0.7021,0.551,0.551,2201,0
20161214,0.551,0.562,0.551,0.551,2450,0
20161215,0.55,0.58,0.55,0.58,610,0
20161216,0.56,0.569,0.5548,0.5548,2300,0
20161220,0.555,0.58,0.5001,0.58,15454,0
20161221,0.569,0.569,0.5,0.5,22109,0
20161222,0.5,0.5,0.5,0.5,950,0
20161223,0.5,0.5025,0.5,0.5025,10050,0
20161227,0.5,0.5,0.5,0.5,2000,0
20161228,0.5,0.6,0.35,0.6,25632,0
20161229,0.59,0.59,0.4599,0.53,8525,0
20161230,0.53,0.53,0.5,0.5,9365,0
20170103,0.51,0.51,0.5,0.505,2939,0
20170104,0.5,0.5,0.48,0.49,5559,0
20170105,0.48,0.49,0.4699,0.4699,11804,0
20170109,0.47,0.55,0.47,0.55,5361,0
20170110,0.48,0.524,0.48,0.5,3547,0
20170111,0.52,0.52,0.5,0.5,788,0
20170112,0.55,0.55,0.35,0.43,32128,0
20170113,0.465,0.465,0.41,0.41,36733,0
20170117,0.4305,0.4305,0.4305,0.4305,211,0
20170119,0.4569,0.4569,0.4569,0.4569,370,0
20170123,0.49,0.55,0.49,0.5,2600,0
20170201,0.53,0.53,0.53,0.53,139,0
20170208,0.49,0.49,0.49,0.49,397,0
20170209,0.5145,0.5145,0.5145,0.5145,140,0
20170210,0.48,0.48,0.42,0.48,1026,0
20170213,0.504,0.504,0.42,0.45,6989,0
20170214,0.45,0.45,0.4365,0.4365,500,0
20170224,0.435,0.435,0.435,0.435,252,0
20170227,0.4567,0.4567,0.4,0.4068,155432,0
20170228,0.4,0.4,0.38,0.38,6808,0
20170301,0.41,0.41,0.38,0.38,41212,0
20170302,0.42,0.44,0.4199,0.44,2240,0
20170303,0.5,0.5,0.475,0.4757,14024,0
20170306,0.479029,0.51,0.47,0.51,23172,0
20170307,0.51,0.52,0.51,0.51,17101,0
20170308,0.52,0.52,0.51,0.51,2140,0
20170309,0.52,0.52,0.4759,0.4759,9056,0
20170310,0.4898,0.4898,0.4898,0.4898,247,0
20170315,0.47,0.4701,0.4192,0.4701,2106,0
20170316,0.4219,0.48,0.41,0.48,15455,0
20170317,0.43,0.43,0.42,0.42,813,0
20170320,0.45,0.45,0.45,0.45,141,0
20170321,0.4201,0.4201,0.41,0.4102,10000,0
20170322,0.44,0.44,0.44,0.44,364,0
20170323,0.43,0.43,0.43,0.43,5025,0
20170324,0.437799,0.44,0.3899,0.3899,36168,0
20170327,0.41,0.4305,0.37,0.3899,4970,0
20170328,0.4059,0.4059,0.39,0.39,787,0
20170329,0.4053,0.4053,0.4053,0.4053,224,0
20170330,0.405,0.405,0.405,0.405,365,0
20170331,0.4,0.405,0.4,0.405,7448,0
20170405,0.405,0.405,0.399899,0.4,11902,0
20170407,0.3899,0.4012,0.3899,0.4012,515,0
20170410,0.403,0.4031,0.403,0.4031,2475,0
20170412,0.4029,0.4029,0.4029,0.4029,1000,0
20170413,0.3899,0.4,0.3899,0.4,3489,0
20170417,0.42,0.4411,0.42,0.42,3416,0
20170418,0.42,0.42,0.3901,0.42,1760,0
20170419,0.413,0.413,0.39,0.3901,9208,0
20170420,0.39,0.5,0.39,0.4811,3210,0
20170421,0.42,0.45,0.3922,0.3922,10775,0
20170424,0.4,0.45,0.4,0.44,9319,0
20170425,0.45,0.45,0.41,0.44,787,0
20170426,0.45,0.45,0.45,0.45,1000,0
20170428,0.4725,0.4725,0.3901,0.4299,2505,0
20170501,0.43,0.43,0.3901,0.3901,3113,0
20170502,0.4,0.4,0.3901,0.4,3404,0
20170503,0.4,0.42,0.4,0.42,1182,0
20170504,0.42,0.42,0.42,0.42,600,0
20170505,0.39,0.39,0.39,0.39,234,0
20170508,0.4,0.4,0.4,0.4,2022,0
20170510,0.3957,0.3959,0.3957,0.3959,11444,0
20170511,0.4374,0.4374,0.4374,0.4374,2043,0
20170512,0.4,0.4,0.4,0.4,1003,0
20170515,0.38,0.38,0.38,0.38,13827,0
20170516,0.38,0.39,0.38,0.39,5932,0
20170517,0.4,0.42,0.4,0.41,5531,0
20170518,0.3901,0.4,0.3901,0.4,684,0
20170519,0.41,0.41,0.37,0.37,22166,0
20170523,0.26,0.38,0.26,0.38,9121,0
20170524,0.24,0.24,0.24,0.24,142,0
20170525,0.24,0.25,0.22,0.25,27315,0
20170526,0.2995,0.2995,0.25,0.2989,8551,0
20170530,0.2988,0.3,0.23,0.3,901,0
20170531,0.315,0.315,0.22,0.22,4211,0
20170601,0.25,0.25,0.25,0.25,276,0
20170602,0.2625,0.2627,0.25,0.25,465,0
20170605,0.27,0.2835,0.24,0.24,841,0
20170606,0.2645,0.2835,0.2645,0.27,4490,0
20170607,0.2835,0.2835,0.2716,0.2795,4980,0
20170608,0.28,0.2835,0.25,0.25,655,0
20170609,0.25,0.25,0.25,0.25,623,0
20170612,0.27,0.2798,0.25,0.25,2399,0
20170613,0.25,0.2599,0.24,0.2571,15575,0
20170615,0.26,0.2674,0.26,0.26,2112,0
20170616,0.2607,0.2607,0.25,0.25,2796,0
20170619,0.25,0.25,0.25,0.25,824,0
20170620,0.2625,0.2625,0.2625,0.2625,300,0
20170621,0.2768,0.2768,0.265,0.265,1636,0
20170623,0.25,0.2503,0.25,0.2503,1401,0
20170626,0.2628,0.3999,0.26,0.338,6777,0
20170627,0.35,0.4,0.31,0.4,46784,0
20170628,0.4,0.4077,0.35,0.37,16029,0
20170629,0.34,0.45,0.34,0.4,34173,0
20170630,0.43,0.43,0.2934,0.4,21064,0
20170703,0.3875,0.3875,0.3875,0.3875,4809,0
20170705,0.37,0.4,0.31,0.4,1470,0
20170706,0.37,0.3701,0.37,0.37,4168,0
20170707,0.4,0.42,0.3999,0.42,74514,0
20170710,0.41,0.41,0.41,0.41,3096,0
20170711,0.39,0.45,0.39,0.45,10937,0
20170712,0.41,0.41,0.41,0.41,230,0
20170718,0.45,0.45,0.37,0.43,52455,0
20170719,0.3879,0.3879,0.3879,0.3879,241,0
20170720,0.4,0.4,0.39,0.39,1522,0
20170721,0.39,0.39,0.3,0.3,1707,0
20170724,0.38,0.38,0.32,0.32,1600,0
20170725,0.37,0.4022,0.37,0.39,13417,0
20170726,0.367,0.367,0.367,0.367,216,0
20170727,0.4,0.4,0.3352,0.4,1165,0
20170728,0.4,0.41,0.36,0.39,9222,0
20170731,0.36,0.4102,0.324,0.4102,1656,0
20170801,0.3605,0.4,0.325,0.325,420,0
