Date,Open,High,Low,Close,Volume,OpenInt
20050225,9.65,9.65,9.65,9.65,133,0
20050228,9.37,9.37,9.37,9.37,733,0
20050303,9.76,9.76,9.76,9.76,133,0
20050309,9.62,9.62,9.47,9.47,3576,0
20050311,9.39,9.39,9.39,9.39,146,0
20050315,9.62,9.62,9.58,9.58,1470,0
20050322,9.62,9.62,9.62,9.62,3327,0
20050323,9.39,9.39,9.39,9.39,133,0
20050324,9.54,9.54,9.54,9.54,5324,0
20050329,9.54,9.54,9.54,9.54,3327,0
20050330,9.4,9.4,9.4,9.4,266,0
20050401,9.54,9.77,9.54,9.73,13695,0
20050404,9.54,9.77,9.54,9.77,798,0
20050406,9.69,9.8,9.62,9.8,5324,0
20050407,9.54,9.84,9.54,9.84,266,0
20050411,9.58,9.77,9.58,9.77,266,0
20050412,9.39,9.77,9.39,9.54,68945,0
20050413,9.65,9.65,9.28,9.28,9183,0
20050414,9.39,9.39,9.39,9.39,133,0
20050415,9.58,9.58,9.54,9.54,1597,0
20050418,9.47,9.5,9.43,9.5,1863,0
20050419,9.26,9.54,9.26,9.54,665,0
20050420,9.58,9.58,9.54,9.54,5723,0
20050421,9.58,9.62,9.58,9.58,665,0
20050422,9.58,9.58,9.27,9.27,3463,0
20050426,9.47,9.47,9.47,9.47,2528,0
20050427,9.24,9.58,9.24,9.47,1380,0
20050428,9.58,9.58,9.58,9.58,665,0
20050429,9.58,9.58,9.58,9.58,2395,0
20050502,9.74,9.76,9.54,9.58,1485,0
20050503,9.62,9.62,9.58,9.62,2262,0
20050504,9.58,9.58,9.58,9.58,930,0
20050510,9.73,9.73,9.54,9.54,5190,0
20050513,10.52,10.52,9.84,9.92,18049,0
20050516,10.14,10.14,9.69,9.69,5978,0
20050518,9.58,9.69,9.39,9.58,14241,0
20050520,10.33,10.33,9.69,9.95,412,0
20050523,9.69,9.77,9.69,9.77,2395,0
20050524,9.77,9.77,9.47,9.47,2663,0
20050526,9.77,9.77,9.77,9.77,399,0
20050527,9.69,9.69,9.68,9.68,1197,0
20050531,9.65,9.65,9.54,9.65,1863,0
20050601,9.83,9.83,9.83,9.83,266,0
20050602,9.7,9.7,9.65,9.68,666,0
20050603,10.32,10.32,9.58,9.58,1338,0
20050606,9.69,9.69,9.69,9.69,4658,0
20050607,9.69,9.77,9.69,9.69,2697,0
20050608,9.69,9.69,9.54,9.65,2795,0
20050610,9.69,9.69,9.69,9.69,532,0
20050614,9.69,9.69,9.68,9.68,5856,0
20050616,9.75,9.75,9.75,9.75,931,0
20050617,9.76,9.77,9.76,9.77,40928,0
20050621,9.77,10.14,9.77,9.99,40475,0
20050622,10.44,10.44,10.32,10.37,931,0
20050707,10.37,10.37,10.33,10.33,798,0
20050708,10.33,10.33,10.33,10.33,1331,0
20050711,10.33,10.41,10.33,10.33,9938,0
20050712,10.33,10.33,10.33,10.33,798,0
20050713,10.34,10.41,10.33,10.33,6921,0
20050714,10.52,11.16,10.52,11.08,532,0
20050715,11.08,11.16,11.08,11.08,2262,0
20050718,11.08,11.12,11.08,11.08,1517,0
20050719,11.08,11.08,11.08,11.08,266,0
20050720,11.04,11.08,11.04,11.04,1331,0
20050722,11.08,11.16,11.08,11.1,9317,0
20050725,11.31,11.65,11.31,11.65,2536,0
20050726,12.02,12.38,12.02,12.38,532,0
20050727,12.36,12.4,11.95,11.95,12511,0
20050728,12.21,12.21,12.21,12.21,597,0
20050802,12.37,12.38,12.1,12.1,1464,0
20050803,12.01,12.01,12.01,12.01,1064,0
20050804,12.01,12.01,12.01,12.01,798,0
20050805,12.01,12.01,11.88,11.98,1597,0
20050809,11.92,12.01,11.8,11.8,22304,0
20050810,12.02,12.02,12.02,12.02,266,0
20050815,11.86,11.86,11.83,11.83,931,0
20050817,11.83,11.83,11.83,11.83,161,0
20050819,11.63,11.66,11.63,11.66,532,0
20050826,11.63,12.02,11.63,12.02,532,0
20050830,11.95,11.95,11.95,11.95,133,0
20050831,11.98,11.98,11.98,11.98,399,0
20050906,11.98,11.98,11.91,11.91,798,0
20050912,11.95,11.95,10.52,11.19,2262,0
20050914,11.19,11.23,11.19,11.23,266,0
20050915,11.25,11.25,11.23,11.23,1160,0
20050921,11.23,11.23,11.19,11.19,266,0
20050930,11.19,11.19,11.19,11.19,665,0
20051003,11.8,11.83,11.8,11.83,665,0
20051006,12.4,12.4,12.4,12.4,266,0
20051013,12.4,12.4,12.4,12.4,3564,0
20051014,12.4,12.4,12.4,12.4,1297,0
20051017,12.12,12.4,12.12,12.4,2249,0
20051018,12.28,12.28,12.28,12.28,665,0
20051020,12.35,12.35,12.35,12.35,139,0
20051021,12.21,12.25,12.21,12.21,4658,0
20051024,12.21,12.28,12.21,12.28,4259,0
20051025,12.25,12.25,12.21,12.21,1730,0
20051026,12.25,12.25,12.02,12.2,2405,0
20051028,12.06,12.06,12.06,12.06,133,0
20051031,11.98,11.98,11.95,11.95,1064,0
20051101,11.98,11.98,11.95,11.98,931,0
20051102,11.95,11.95,11.95,11.95,532,0
20051107,12.01,12.1,12.01,12.1,2305,0
20051108,12.67,12.67,11.95,12.02,1597,0
20051109,11.46,11.46,11.46,11.46,133,0
20051110,11.4,11.89,11.4,11.89,798,0
20051115,12.02,12.02,12.02,12.02,1331,0
20051116,12.02,12.19,12.02,12.19,3256,0
20051118,12.66,12.66,12.66,12.66,665,0
20051121,12.66,12.66,12.66,12.66,5989,0
20051123,12.69,13.52,12.69,13.41,1197,0
20051125,13.41,13.41,13.37,13.37,931,0
20051128,13.52,13.52,13.15,13.22,12415,0
20051129,13.64,14.05,13.64,13.64,6171,0
20051130,14.69,14.69,14.63,14.67,907,0
20051201,14.56,16.34,14.56,16.34,1700,0
20051202,16.32,16.32,12.89,13.47,23265,0
20051205,13.4,13.5,13.4,13.4,605,0
20051206,13.38,13.38,13.31,13.31,1331,0
20051207,13.42,13.42,13.39,13.4,629,0
20051208,13.64,13.64,13.45,13.6,1455,0
20051209,14.64,14.64,13.51,14.01,726,0
20051212,13.69,13.95,13.69,13.69,1331,0
20051214,13.77,13.77,13.77,13.77,183,0
20051215,13.8,13.8,13.7,13.7,665,0
20051219,13.43,13.55,13.33,13.55,1333,0
20051220,13.64,13.64,13.64,13.64,468,0
20051221,14.01,14.55,14.01,14.55,278,0
20051222,13.82,13.84,13.82,13.84,847,0
20051227,13.64,13.64,12.81,13.63,605,0
20051228,13.55,13.55,13.55,13.55,121,0
20051229,13.55,13.55,13.55,13.55,121,0
20051230,13.94,15.7,13.55,13.55,1815,0
20060104,13.89,14.05,13.89,14.05,484,0
20060105,14.05,14.05,14.05,14.05,817,0
20060106,14.05,14.05,14.05,14.05,121,0
20060110,14.05,14.05,14.05,14.05,136,0
20060111,13.84,13.84,13.84,13.84,124,0
20060117,13.55,13.55,13.55,13.55,627,0
20060118,13.4,13.4,13.4,13.4,425,0
20060119,14.05,14.31,14.05,14.26,2113,0
20060123,14.54,14.54,14.54,14.54,266,0
20060130,15.09,15.09,15.09,15.09,666,0
20060131,15.5,15.51,15.33,15.33,1716,0
20060202,16.24,16.24,16.24,16.24,121,0
20060203,16.37,16.37,16,16,5984,0
20060206,16,16.07,16,16.03,6812,0
20060207,16.03,16.03,16.03,16.03,375,0
20060213,15.9,16.16,15.9,16.16,1032,0
20060214,15.59,15.59,15.59,15.59,246,0
20060228,16.32,16.32,16.32,16.32,1673,0
20060301,16.36,17.36,16.12,16.12,3569,0
20060302,16.53,16.53,16.53,16.53,242,0
20060303,16.53,16.53,16.53,16.53,1936,0
20060306,16.53,16.53,16.53,16.53,121,0
20060307,16.53,16.53,15.73,15.73,3454,0
20060308,16.39,16.39,16.39,16.39,363,0
20060309,16.45,16.45,16.45,16.45,1210,0
20060310,16.45,16.57,16.45,16.57,1822,0
20060313,16.6,16.6,16.57,16.57,363,0
20060314,16.12,16.12,16.12,16.12,665,0
20060315,16.32,16.32,16.12,16.32,4307,0
20060316,16.32,16.32,16.32,16.32,181,0
20060317,16.2,16.2,16.2,16.2,1657,0
20060320,16.12,16.12,16.12,16.12,242,0
20060321,16.24,16.24,16.12,16.12,5102,0
20060323,16.19,16.19,16.19,16.19,606,0
20060324,16.6,16.6,16.6,16.6,121,0
20060327,16.57,16.57,16.57,16.57,121,0
20060328,16.67,16.67,16.67,16.67,544,0
20060331,16.69,16.69,16.69,16.69,124,0
20060403,16.69,16.69,16.69,16.69,423,0
20060404,16.33,16.33,16.32,16.32,665,0
20060406,16.53,16.53,16.53,16.53,605,0
20060407,16.32,16.32,16.13,16.14,1782,0
20060413,16.21,16.32,16.21,16.21,726,0
20060417,15.35,15.69,15.35,15.45,7171,0
20060419,15.36,15.64,15.34,15.64,2023,0
20060420,15.3,15.3,14.88,14.88,3340,0
20060421,15.29,15.54,15.29,15.5,1161,0
20060425,15.62,15.62,15.62,15.62,601,0
20060427,15.58,16.74,15.58,16.59,2976,0
20060428,15.4,16.61,15.4,16.35,4612,0
20060501,16.61,16.61,16.12,16.45,1331,0
20060502,16.53,16.53,15.87,16.03,2299,0
20060504,16.45,17.15,16.45,17.15,981,0
20060505,17.15,17.15,17.15,17.15,503,0
20060508,17.15,17.15,17.15,17.15,605,0
20060509,17.07,17.15,17.03,17.15,1210,0
20060510,17.07,17.07,17.03,17.03,3146,0
20060511,17.11,17.11,17.11,17.11,605,0
20060512,16.94,16.94,16.94,16.94,217,0
20060515,16.94,16.94,16.94,16.94,363,0
20060516,17.11,17.11,16.94,17.11,2057,0
20060517,16.94,16.94,16.94,16.94,1210,0
20060518,16.94,16.94,16.94,16.94,1537,0
20060519,16.83,16.86,16.83,16.86,1694,0
20060522,16.53,16.53,16.53,16.53,520,0
20060523,16.53,16.53,16.53,16.53,2528,0
20060524,16.52,16.53,16.52,16.53,1573,0
20060531,16.53,16.59,16.12,16.12,4236,0
20060601,16.53,16.53,16.53,16.53,1210,0
20060606,15.99,15.99,15.99,15.99,1708,0
20060614,16.51,16.52,16.51,16.52,726,0
20060616,15.96,16.12,15.91,15.93,3841,0
20060619,16.12,16.5,16.11,16.5,1331,0
20060620,16.12,16.12,16.12,16.12,242,0
20060621,16.32,16.32,16.12,16.12,786,0
20060622,16.12,16.12,16.12,16.12,242,0
20060623,15.91,15.91,15.91,15.91,121,0
20060627,16.32,16.32,16.32,16.32,308,0
20060630,15.7,16.32,15.7,16.32,2479,0
20060707,16.71,16.71,16.71,16.71,484,0
20060710,16.69,16.69,16.61,16.65,2359,0
20060711,16.15,16.15,16.05,16.05,2117,0
20060718,15.83,15.83,15.77,15.77,1587,0
20060721,16.53,16.53,16.53,16.53,242,0
20060727,16.45,16.45,16.45,16.45,242,0
20060728,16,16,16,16,407,0
20060731,15.85,15.85,15.85,15.85,146,0
20060803,16.12,16.12,16.12,16.12,121,0
20060804,16.12,16.12,15.74,15.74,613,0
20060814,15.74,15.74,15.64,15.74,995,0
20060817,15.72,15.72,15.72,15.72,719,0
20060821,15.95,15.95,15.95,15.95,121,0
20060823,15.83,15.83,15.83,15.83,140,0
20060828,15.7,15.7,15.37,15.37,242,0
20060830,15.92,16.49,15.29,16.49,8109,0
20060913,16.11,16.11,16.11,16.11,121,0
20060914,15.46,15.46,15.46,15.46,279,0
20060919,15.57,15.57,15.57,15.57,733,0
20060927,15.5,15.5,15.5,15.5,242,0
20061002,15.38,15.38,15.38,15.38,733,0
20061003,15.91,16.52,15.88,16.52,876,0
20061004,15.79,16.49,15.79,16.49,423,0
20061005,15.96,15.96,15.96,15.96,3166,0
20061010,16.2,16.32,16.2,16.32,359,0
20061011,16.28,16.32,16.28,16.32,1028,0
20061012,15.64,15.64,15.64,15.64,242,0
20061020,16.25,16.25,16.25,16.25,605,0
20061023,16.3,16.32,16.14,16.14,11864,0
20061024,16.12,16.12,16.03,16.03,10397,0
20061025,15.74,15.74,15.74,15.74,121,0
20061026,16.93,16.93,16.93,16.93,695,0
20061027,16.74,16.9,16.02,16.9,4752,0
20061030,15.7,17.29,15.7,16.79,2180,0
20061031,16.12,17.12,16.12,16.94,1525,0
20061101,16.95,17.73,16.95,17.73,701,0
20061107,17.27,17.34,17.26,17.26,2321,0
20061109,17.71,17.72,16.87,17.16,2568,0
20061110,16.87,16.87,16.87,16.87,222,0
20061115,16.95,16.95,16.95,16.95,220,0
20061116,17.31,17.31,17.31,17.31,550,0
20061122,17.27,17.27,17.27,17.27,964,0
20061127,17.35,17.55,17.35,17.55,660,0
20061204,16.9,17.13,16.9,17,1435,0
20061205,17.03,17.03,17.03,17.03,146,0
20061206,17.3,17.3,17.3,17.3,2527,0
20061212,16.86,16.86,16.45,16.45,440,0
20070103,16.82,16.82,16.77,16.77,820,0
20070109,17.05,17.05,17.05,17.05,438,0
20070110,17.05,17.05,17.05,17.05,391,0
20070111,17.41,17.41,17.41,17.41,671,0
20070117,17.4,17.4,17.4,17.4,110,0
20070118,17.05,17.05,17.05,17.05,400,0
20070122,17.4,17.4,17.4,17.4,561,0
20070123,16.57,16.57,16.57,16.57,110,0
20070125,16.59,16.6,16.59,16.6,438,0
20070126,17.08,17.08,17.08,17.08,165,0
20070205,17,17,17,17,110,0
20070213,16.68,16.68,15.46,16.13,2750,0
20070220,15.5,15.5,15.5,15.5,499,0
20070221,15.57,15.57,15.55,15.55,330,0
20070226,15.55,15.57,15.55,15.57,231,0
20070227,15.81,15.82,15.81,15.82,484,0
20070301,16.12,16.12,16.12,16.12,473,0
20070307,15.76,16.12,15.76,16.12,363,0
20070308,15.92,16.07,15.92,16.07,2053,0
20070313,16.32,16.32,16.32,16.32,499,0
20070314,15.82,15.82,15.73,15.73,1650,0
20070320,15.72,15.72,15.72,15.72,363,0
20070321,15.73,15.74,15.73,15.74,345,0
20070330,16.08,16.08,16.08,16.08,110,0
20070403,15.77,15.77,15.77,15.77,375,0
20070409,16.08,16.08,16.08,16.08,110,0
20070410,16.23,16.23,16.23,16.23,497,0
20070424,15.73,15.73,15.73,15.73,561,0
20070501,16.14,16.14,16.12,16.12,220,0
20070502,15.73,15.73,15.73,15.73,315,0
20070503,15.73,15.73,15.73,15.73,220,0
20070508,15.73,15.73,15.73,15.73,110,0
20070514,15.9,15.91,15.9,15.91,1137,0
20070515,15.91,15.91,15.91,15.91,1435,0
20070516,15.86,15.86,15.86,15.86,110,0
20070523,15.86,15.91,15.86,15.91,2676,0
20070529,15.91,15.91,15.91,15.91,1100,0
20070606,15.91,15.91,15.91,15.91,1100,0
20070613,15.82,15.82,15.82,15.82,220,0
20070614,15.91,15.91,15.91,15.91,5060,0
20070618,16.49,16.5,16.49,16.5,220,0
20070619,16.49,16.49,16.49,16.49,291,0
20070621,15.45,15.45,15.45,15.45,723,0
20070625,15.91,15.91,15.45,15.45,550,0
20070626,15.23,15.23,15.23,15.23,110,0
20070702,15.45,15.45,15.45,15.45,330,0
20070705,15.23,15.23,15.23,15.23,110,0
20070706,15.23,15.23,14.64,14.64,220,0
20070711,15.17,15.17,15.17,15.17,110,0
20070712,15.23,15.23,15.23,15.23,419,0
20070713,14.86,14.86,14.77,14.86,907,0
20070716,14.86,14.86,14.86,14.86,365,0
20070717,14.89,14.89,14.77,14.77,366,0
20070720,14.77,14.77,14.77,14.77,133,0
20070723,15,15,15,15,110,0
20070724,15,15,15,15,997,0
20070726,14.77,15.05,14.43,15.05,877,0
20070727,14.23,14.23,14.23,14.23,917,0
20070730,15.2,15.2,14.55,14.55,660,0
20070731,15.23,15.23,15.23,15.23,330,0
20070802,15.23,15.23,15.23,15.23,110,0
20070803,15.23,15.23,15.23,15.23,220,0
20070806,15,15.05,13.68,13.82,3135,0
20070807,15.23,15.23,14.15,14.15,1811,0
20070816,15.22,15.23,15.22,15.23,927,0
20070817,14.77,14.91,14.77,14.91,220,0
20070820,14.86,14.97,14.86,14.86,440,0
20070823,15.23,15.23,15.23,15.23,242,0
20070831,14.12,14.15,14.12,14.15,440,0
20070905,14.37,14.45,14.37,14.45,587,0
20070906,14.32,14.41,14.32,14.32,1210,0
20070907,14.09,14.09,14.09,14.09,110,0
20070910,14.32,14.32,14.32,14.32,319,0
20070911,14.32,14.32,13.64,13.64,2337,0
20070913,13.64,13.64,13.62,13.64,550,0
20070914,13.64,13.64,13.64,13.64,880,0
20070917,13.25,13.92,12.59,13.92,1210,0
20070918,13.91,14.7,13.81,14.7,1279,0
20070919,14.57,14.65,14.09,14.28,1059,0
20070920,14.28,14.28,14.28,14.28,308,0
20071001,13.4,13.4,13.4,13.4,121,0
20071002,13.64,13.64,13.64,13.64,110,0
20071003,13.62,13.62,13.62,13.62,1554,0
20071004,14.08,14.08,14.08,14.08,110,0
20071015,13.5,13.5,13.5,13.5,110,0
20071016,13.55,13.57,13.54,13.57,1036,0
20071018,13.6,14.09,13.6,14.09,880,0
20071019,14.09,14.09,14.09,14.09,110,0
20071025,13.86,13.86,13.86,13.86,170,0
20071026,13.64,13.7,13.64,13.7,220,0
20071029,13.49,13.8,13.46,13.46,1101,0
20071031,13.59,14.09,13.49,14.05,1760,0
20071101,14.04,14.58,13.49,14.58,550,0
20071106,15,15,15,15,110,0
20071107,14.42,14.46,14.15,14.45,5390,0
20071108,14.18,14.18,14.18,14.18,330,0
20071109,14.18,14.21,14.18,14.18,880,0
20071113,14.18,14.55,14.18,14.55,2926,0
20071115,14.55,14.55,14.18,14.18,1049,0
20071116,14.54,14.61,14.54,14.61,550,0
20071119,14.94,15.23,14.55,14.55,14141,0
20071120,14.28,14.28,14.28,14.28,110,0
20071121,15.25,15.25,15.25,15.25,1000,0
20071129,15.1,15.1,13.4,14,3861,0
20071130,14.01,14.01,14.01,14.01,400,0
20071205,14.01,14.01,12.72,12.72,666,0
20071207,15.74,16.1,12.5,13.81,2300,0
20071211,13.15,13.15,13.15,13.15,200,0
20071212,13.94,15.2,13.94,15.15,1600,0
20071213,15.1,15.1,13.69,14.61,700,0
20071214,14.61,14.61,14.2,14.2,200,0
20071217,15.62,15.62,15.62,15.62,200,0
20071218,13.89,14.75,13.2,14.75,2122,0
20071221,14.5,14.5,14.5,14.5,200,0
20080103,14.05,14.05,14.05,14.05,396,0
20080104,14,14,14,14,425,0
20080107,14.5,14.5,13.78,13.78,725,0
20080114,15.9,15.9,15.9,15.9,500,0
20080115,15.03,15.03,14.96,14.96,1011,0
20080116,15.15,15.15,13.27,14.1,4599,0
20080118,12.82,13.29,12.3,12.4,7463,0
20080123,12.75,13.05,12.5,13.05,1371,0
20080125,12.5,12.5,11.36,11.5,5429,0
20080128,12.66,12.66,11.51,11.51,750,0
20080129,13.13,13.13,13.13,13.13,100,0
20080130,13.87,13.93,12.41,12.41,5797,0
20080131,11.61,12.23,11.6,12.14,1719,0
20080201,12.53,12.53,12.5,12.5,264,0
20080205,12.51,12.51,12.51,12.51,1000,0
20080206,12.56,12.57,12.56,12.57,200,0
20080208,12.52,13.63,12.01,12.01,4205,0
20080212,12.1,12.1,12.1,12.1,200,0
20080213,13.39,13.39,13.39,13.39,200,0
20080214,13,13.05,12.24,12.24,609,0
20080220,12.27,12.27,12.27,12.27,220,0
20080303,12.36,12.36,12.25,12.25,770,0
20080304,12.51,12.51,12.51,12.51,600,0
20080306,12.51,12.51,12.51,12.51,100,0
20080307,12.01,12.01,12,12,1784,0
20080310,12,12,12,12,330,0
20080311,12.51,12.51,11.5,11.5,3391,0
20080312,11.5,11.5,10.66,10.75,1909,0
20080319,11.05,11.05,11.05,11.05,300,0
20080320,13.9,15.3,11.98,13.32,2550,0
20080324,11.51,12.75,11.51,12.29,7121,0
20080325,13.22,13.22,13.22,13.22,100,0
20080403,12.77,13,12.62,12.62,1601,0
20080407,12.62,12.62,12.62,12.62,699,0
20080408,12.65,12.65,11.44,11.44,500,0
20080410,13.2,13.2,13.2,13.2,100,0
20080415,13.15,13.15,13.15,13.15,300,0
20080417,11.79,12.85,11.22,12.14,6100,0
20080418,11.05,11.5,11.05,11.25,984,0
20080421,11.25,11.25,10.24,11.25,700,0
20080422,11.25,11.25,11.25,11.25,200,0
20080423,10.76,11.25,10.76,11.25,300,0
20080424,11.25,11.25,11,11,382,0
20080428,10.75,10.75,10.75,10.75,200,0
20080429,10.76,11,10.76,11,1230,0
20080502,11,11,10.77,10.77,978,0
20080505,11,11,10.85,10.85,900,0
20080506,12.79,12.79,12.79,12.79,147,0
20080507,11.52,11.52,10.88,11.3,300,0
20080514,12.2,12.2,11.5,11.5,571,0
20080516,11.52,11.52,11.51,11.51,300,0
20080519,11.75,11.75,11.75,11.75,100,0
20080521,11.75,11.75,11.75,11.75,479,0
20080616,11.97,11.97,11.97,11.97,150,0
20080617,11.02,11.02,11.02,11.02,585,0
20080620,11,11,11,11,266,0
20080623,11.49,11.49,11,11,100,0
20080624,11.1,11.1,10.97,10.97,566,0
20080625,10.95,10.95,10.6,10.6,1126,0
20080626,10.5,10.51,10.01,10.51,700,0
20080627,10.77,10.77,10.77,10.77,1000,0
20080630,9.53,9.53,9.53,9.53,130,0
20080707,8.79,8.79,8.79,8.79,100,0
20080708,8.8,8.8,8.8,8.8,123,0
20080710,9.49,9.5,9.25,9.25,1134,0
20080717,9.49,9.5,9.49,9.5,1400,0
20080718,9.5,9.5,9.5,9.5,422,0
20080721,10,10,10,10,100,0
20080722,10.48,10.48,10.48,10.48,350,0
20080725,10.49,10.5,10.49,10.5,1040,0
20080728,10.5,10.5,10.3,10.3,600,0
20080729,10.5,10.5,10.5,10.5,100,0
20080730,10.01,10.13,10,10.13,4216,0
20080731,10.13,10.13,10.13,10.13,100,0
20080805,10.5,10.5,10.5,10.5,325,0
20080811,10.4,10.4,10.4,10.4,475,0
20080812,10.16,10.16,10.16,10.16,1380,0
20080814,10,10.7,9.75,10.09,1200,0
20080819,10.5,10.5,10.5,10.5,388,0
20080828,10,10,10,10,387,0
20080903,10.01,10.01,10.01,10.01,301,0
20080912,10.15,10.95,10.15,10.47,1000,0
20080915,10.01,10.01,10.01,10.01,1016,0
20080918,10.29,10.46,10.29,10.46,1400,0
20080922,10.5,11.1,10.5,11.1,350,0
20080923,11.1,12.95,10.35,10.35,2813,0
20080924,10.37,10.37,10.37,10.37,100,0
20080925,10.07,10.32,10.07,10.32,300,0
20080929,10.5,10.6,10,10,878,0
20080930,11.07,11.07,11.07,11.07,100,0
20081008,9.52,9.52,9,9.25,3740,0
20081009,9.9,9.96,9.9,9.96,1100,0
20081010,8.04,8.51,8.04,8.51,982,0
20081013,10.07,10.07,10.07,10.07,500,0
20081015,9.07,9.2,8.95,9.2,4074,0
20081016,9.1,9.1,9.1,9.1,6000,0
20081023,10.08,10.08,10.08,10.08,100,0
20081104,9.03,9.03,8.6,8.6,650,0
20081117,8.81,8.81,7.5,7.5,1356,0
20081118,8,8,8,8,2259,0
20081121,8.81,8.81,8,8,1200,0
20081125,7.71,7.71,7.71,7.71,300,0
20081128,7.01,7.04,7.01,7.04,375,0
20081201,8,8,7.04,8,1268,0
20081202,7.99,7.99,7.99,7.99,500,0
20081204,7.75,7.75,7.75,7.75,150,0
20081205,7.62,7.75,7.6,7.6,5267,0
20081209,7.6,7.61,7.6,7.6,1620,0
20081210,5.65,7.6,5.65,7.59,1172,0
20081211,7.59,10.11,7.59,10.11,33651,0
20081212,8.5,8.5,8.5,8.5,2000,0
20081215,8.19,8.19,8.19,8.19,732,0
20081217,8.47,8.47,5.96,5.96,17862,0
20081218,6.08,6.24,4.97,4.97,6001,0
20081219,5.5,5.5,4.08,4.52,10145,0
20081222,4.61,5.69,4.61,5.02,3750,0
20081223,5.62,5.98,5.62,5.71,1561,0
20081224,6.77,6.77,6.72,6.76,300,0
20081229,6.57,6.57,6.03,6.03,246,0
20081230,6.4,6.4,6.12,6.12,478,0
20081231,6.15,6.47,6.12,6.15,553,0
20090105,6.4,6.4,6.39,6.4,888,0
20090107,6.23,6.4,6.13,6.13,1800,0
20090108,6.3,6.33,6.3,6.3,3447,0
20090109,6.3,6.3,6.25,6.25,1977,0
20090114,6.75,6.75,6.75,6.75,100,0
20090115,6.25,6.25,6.25,6.25,100,0
20090120,6.26,6.26,6.26,6.26,100,0
20090123,6,6,6,6,2000,0
20090130,6.16,7.3,6.06,7.3,9600,0
20090202,7.3,7.3,6.01,6.01,7574,0
20090203,6.27,7.15,6,7.15,6969,0
20090204,8.11,8.11,6.4,6.4,7372,0
20090205,6,6,6,6,1551,0
20090206,5.75,6,5.49,6,1200,0
20090209,5.69,6.3,5.69,6.3,7600,0
20090210,7,7,5.69,5.69,6900,0
20090211,6.6,6.6,5.49,5.49,6400,0
20090219,5.39,5.5,5.25,5.25,1765,0
20090220,5.22,5.22,5,5,3600,0
20090223,5.34,5.34,5.14,5.14,200,0
20090225,4.1,4.1,2.5,3.8,8611,0
20090226,3.7,4.8,3.7,4.8,2400,0
20090227,4.04,4.04,4,4,1300,0
20090302,3.3,3.6,3.3,3.6,632,0
20090303,3.6,4.25,3.6,4.25,2490,0
20090305,4.25,4.28,4.25,4.25,797,0
20090306,4.25,4.25,4.25,4.25,500,0
20090316,4.8,4.8,4.25,4.25,822,0
20090318,4.79,4.79,4.79,4.79,750,0
20090319,4.8,4.8,4.8,4.8,143,0
20090320,4.79,4.8,4.79,4.8,300,0
20090323,4.5,4.5,4.27,4.27,541,0
20090324,4.8,4.8,4.8,4.8,159,0
20090330,4.8,4.8,4.8,4.8,800,0
20090407,5,5,5,5,600,0
20090413,5.25,6.5,5.24,6,1122,0
20090414,6.5,6.5,5.05,5.46,3103,0
20090416,5.25,5.25,5,5.14,1048,0
20090417,5.5,5.5,5,5,443,0
20090422,5.15,6.4,5.15,6.4,503,0
20090423,6.1,6.1,5.5,5.91,1200,0
20090429,6.23,6.25,5.8,5.8,900,0
20090430,5.3,5.99,5,5.05,830,0
20090504,5.4,5.4,5.4,5.4,100,0
20090507,5.39,7.9,5.39,7.9,2852,0
20090508,6.32,9.85,5.88,5.88,7501,0
20090511,5.74,7.5,5.74,7.5,3100,0
20090512,7.59,7.59,6.02,6.5,3602,0
20090513,6.03,6.03,5.5,5.5,1331,0
20090514,5.58,7.5,5.58,7.5,4200,0
20090515,7.43,8.46,7.11,8.46,4100,0
20090518,8.19,8.22,7.09,7.2,5462,0
20090520,7.2,7.2,7.2,7.2,992,0
20090529,7,7,5.67,5.77,600,0
20090601,6.1,7.97,6.1,7.97,4500,0
20090602,7.11,7.6,6.07,6.08,2699,0
20090603,6.07,7.87,6.07,7.69,4800,0
20090604,6.41,7.97,6.31,6.87,6201,0
20090608,7.38,7.38,7.38,7.38,100,0
20090609,6.78,6.8,6.78,6.8,600,0
20090610,6.78,8.45,6.78,8.22,2700,0
20090611,7.86,7.86,7.19,7.7,3300,0
20090612,7.52,7.52,7.52,7.52,1600,0
20090622,6.51,6.51,6.5,6.5,200,0
20090623,6.5,6.5,6.38,6.38,400,0
20090624,6.25,6.25,6.25,6.25,671,0
20090625,6.29,6.92,6.29,6.92,2000,0
20090626,7,8.3,7,8.25,7348,0
20090629,7.85,7.85,6.5,7.24,5326,0
20090702,6.21,6.8,6.21,6.8,200,0
20090706,7.89,7.89,7.89,7.89,200,0
20090708,7.8,7.8,7.8,7.8,200,0
20090713,7.5,7.5,6.3,6.3,1000,0
20090717,6.38,7.78,6.38,7.78,2837,0
20090720,7.09,7.09,6.25,6.51,3799,0
20090721,6.75,7.42,6.3,6.83,4783,0
20090724,6.83,6.83,6.83,6.83,0,0
20090727,6.83,6.83,6.83,6.83,0,0
20090728,6.83,6.83,6.83,6.83,0,0
20090729,6.8,7.75,6.8,7.19,1659,0
20090730,7.19,7.19,7.19,7.19,0,0
20090731,7.19,7.19,7.19,7.19,0,0
20090803,7.19,7.19,7.19,7.19,0,0
20090804,7.19,7.19,7.19,7.19,0,0
20090805,6.8,6.8,6.8,6.8,461,0
20090806,6.8,6.8,6.8,6.8,0,0
20090807,6.97,6.97,6.97,6.97,100,0
20090810,6.97,6.97,6.97,6.97,0,0
20090811,6.52,6.85,6.51,6.85,584,0
20090812,7.1,7.1,7,7,517,0
20090813,7,7,7,7,100,0
20090814,7.01,7.01,7,7,1000,0
20090824,7,7,7,7,0,0
20090825,7,7,7,7,0,0
20090827,7.01,7.01,6.75,6.75,1165,0
20090828,7.74,7.77,6.75,6.75,997,0
20090901,6.75,6.75,6.75,6.75,0,0
20090909,6.51,6.6,6.5,6.5,1599,0
20090911,6.5,6.5,5.01,5.95,1479,0
20090914,6.8,6.8,6.8,6.8,160,0
20090915,6.84,6.84,6.84,6.84,300,0
20090916,6.26,6.26,6.26,6.26,120,0
20090922,6.26,6.5,5.12,5.51,1200,0
20090925,5.52,5.52,5.15,5.3,6800,0
20090928,5.9,5.9,5.9,5.9,500,0
20091002,5.75,5.75,5.5,5.75,700,0
20091007,5.13,5.13,5.13,5.13,200,0
20091008,6.31,6.31,6.31,6.31,100,0
20091009,6.2,6.5,5.24,6.5,1266,0
20091012,5.27,5.84,5.11,5.83,2300,0
20091013,5.71,5.72,5.71,5.72,500,0
20091015,5.52,5.75,5.5,5.75,789,0
20091016,5.79,5.79,5.5,5.5,2067,0
20091023,5.51,5.51,5.5,5.5,200,0
20091026,5.5,5.5,5.5,5.5,310,0
20091030,5.5,5.5,5.1,5.1,1600,0
20091103,5.1,5.1,5.1,5.1,100,0
20091104,5.15,5.15,5.15,5.15,200,0
20091105,5.2,5.2,5.2,5.2,100,0
20091106,5.2,5.2,5.2,5.2,804,0
20091109,5.23,5.23,5.23,5.23,100,0
20091110,5.21,5.3,5.21,5.3,1106,0
20091112,5.26,5.26,5.01,5.01,2500,0
20091113,5.74,5.74,5.65,5.65,1254,0
20091116,5.6,5.62,5.59,5.6,1000,0
20091119,5.65,5.65,5.6,5.6,300,0
20091120,5.7,5.7,5.64,5.65,2300,0
20091130,5.06,5.06,5.06,5.06,133,0
20091203,5.5,5.5,5.5,5.5,400,0
20091216,5.1,5.1,5,5,3125,0
20091221,5.44,5.5,5.44,5.5,2000,0
20091229,5.1,5.1,5.1,5.1,100,0
20091230,5,5,5,5,1276,0
20100104,6,6,6,6,2000,0
20100106,5.11,6.21,5.11,5.7,2620,0
20100107,5.05,6.48,5.05,5.35,1085,0
20100111,5.5,5.5,5.3,5.3,500,0
20100114,5.28,5.29,5.02,5.14,3500,0
20100115,5.49,5.99,5.39,5.84,3100,0
20100119,6.2,6.2,5.16,5.33,4850,0
20100121,6.37,6.37,6.2,6.2,200,0
20100122,5.33,5.33,5.33,5.33,100,0
20100125,5.12,5.22,5.12,5.22,400,0
20100202,5.1,5.2,5.05,5.06,700,0
20100204,5.07,5.07,5.07,5.07,100,0
20100209,5.45,5.47,5.27,5.27,1100,0
20100212,5.03,5.03,5.03,5.03,363,0
20100217,5.3,5.3,5.1,5.1,1725,0
20100222,5.05,5.05,5.05,5.05,100,0
20100223,5.08,5.25,5.03,5.25,2175,0
20100224,5.34,5.34,5.06,5.06,700,0
20100302,5.06,5.06,5.06,5.06,100,0
20100305,5.46,5.46,5.3,5.3,1342,0
20100308,5.29,5.29,5.26,5.26,500,0
20100315,5.13,5.13,5.05,5.05,1950,0
20100317,5.06,5.06,5.06,5.06,600,0
20100325,5.05,5.05,4.59,4.99,2082,0
20100326,5,5.15,5,5.14,700,0
20100329,5.15,5.15,5.02,5.02,1012,0
20100330,4.95,5.08,4.94,5,502,0
20100413,4.9,4.9,4.9,4.9,1073,0
20100415,4.9,4.91,4.9,4.91,600,0
20100416,5,5.2,4.9,5.2,2600,0
20100421,4.78,4.79,4.75,4.75,1003,0
20100422,4.79,4.79,4.75,4.75,625,0
20100423,5.06,5.38,4.82,4.82,1100,0
20100426,4.8,4.8,4.22,4.5,3421,0
20100427,4.8,5.07,4.8,5.07,685,0
20100428,5.07,5.07,5.07,5.07,800,0
20100430,5.1,5.23,5.09,5.23,500,0
20100503,5.48,5.48,5.32,5.32,600,0
20100504,5.4,5.4,5.38,5.38,212,0
20100505,5.38,5.38,5.38,5.38,988,0
20100506,5,5,4.95,4.95,600,0
20100507,5.1,5.19,5,5,1400,0
20100510,5.07,5.07,5.07,5.07,101,0
20100512,5,5,5,5,100,0
20100513,5.08,5.12,5.03,5.04,600,0
20100518,5.08,5.08,4.95,4.95,598,0
20100519,5,5,4.97,4.97,671,0
20100520,5,5,4.25,4.25,1364,0
20100525,4.62,4.67,4.62,4.67,640,0
20100603,4.68,4.68,4.65,4.65,925,0
20100607,4.6,4.6,4.6,4.6,200,0
20100611,4.87,4.87,4.85,4.85,800,0
20100614,4.98,4.99,4.85,4.85,1248,0
20100615,4.6,4.6,4.55,4.55,637,0
20100701,4.63,4.63,4.62,4.62,225,0
20100702,4.6,4.6,4.6,4.6,119,0
20100709,4.7,4.7,4.7,4.7,940,0
20100714,4.51,4.51,4.51,4.51,312,0
20100716,4.69,4.7,4.69,4.7,1348,0
20100719,4.7,4.7,4.7,4.7,436,0
20100720,4.63,4.63,4.25,4.27,3082,0
20100721,4.15,4.15,4.15,4.15,725,0
20100726,3.21,4.85,3.06,4.79,2232,0
20100728,4.51,4.75,4.48,4.75,1500,0
20100729,4.4,4.75,4.4,4.75,2125,0
20100730,4.75,4.75,4.75,4.75,600,0
20100803,4.36,4.36,4.36,4.36,100,0
20100804,4.72,4.75,4.72,4.75,1200,0
20100805,4.89,4.9,4.89,4.9,600,0
20100806,4.99,4.99,4.75,4.75,1425,0
20100811,5,5,4.78,4.78,555,0
20100812,5.1,5.17,4.98,5.17,1798,0
20100813,5.23,5.24,5.23,5.24,475,0
20100816,5,5,5,5,200,0
20100817,5.03,5.03,5,5,1700,0
20100818,4.85,4.85,4.45,4.52,3834,0
20100819,4.8,4.89,4.8,4.89,500,0
20100826,4.86,4.88,4.86,4.88,1000,0
20100827,5.22,5.25,5.22,5.25,1800,0
20100830,5.26,5.29,5.26,5.29,242,0
20100831,5.28,5.28,5.28,5.28,100,0
20100901,5.94,5.94,5.94,5.94,100,0
20100903,6.03,6.08,5.87,6.08,918,0
20100908,6.25,6.25,6.25,6.25,100,0
20100909,6.24,6.24,6.24,6.24,100,0
20100910,5.68,6.24,5.68,6.24,535,0
20100913,5.65,6.21,5.6,5.62,1700,0
20100917,5.65,5.65,5.65,5.65,100,0
20100920,5.65,6.23,5.65,5.68,1000,0
20100922,6,6,6,6,800,0
20100924,5.85,5.85,5.85,5.85,279,0
20101004,5.65,5.65,5.65,5.65,146,0
20101006,5.66,5.75,5.62,5.72,2650,0
20101013,5.83,5.83,5.83,5.83,400,0
20101014,5.32,5.84,5.1,5.75,2800,0
20101018,4.47,5.69,4.43,4.46,4000,0
20101019,4.6,5.35,4.6,5.35,3350,0
20101020,5.36,5.41,5.2,5.41,5900,0
20101021,5.39,5.39,5.27,5.28,3000,0
20101022,5.2,5.2,4.8,5,1100,0
20101025,4.89,4.9,4.89,4.9,624,0
20101026,4.9,4.96,4.9,4.96,600,0
20101101,5.8,5.8,5.18,5.18,203,0
20101103,4.86,4.86,4.57,4.57,2600,0
20101104,4.79,4.86,4.79,4.86,2700,0
20101105,4.9,4.9,4.79,4.84,3890,0
20101109,4.56,4.8,4.56,4.8,221,0
20101110,5,5,4.95,4.95,200,0
20101112,4.7,4.7,4.46,4.65,1214,0
20101115,4.73,4.73,4.67,4.67,400,0
20101118,4.23,4.66,4.01,4.02,914,0
20101122,4.5,4.61,4.5,4.61,583,0
20101124,4.44,4.45,4.35,4.35,742,0
20101130,4.31,4.31,4.29,4.31,450,0
20101202,4.37,4.37,4.35,4.37,600,0
20101203,4.35,4.35,4.35,4.35,625,0
20101206,4.5,4.5,4.5,4.5,200,0
20101207,4.35,4.35,4.35,4.35,106,0
20101208,4.35,4.35,4.35,4.35,804,0
20101210,4.05,4.05,4.05,4.05,700,0
20101213,4.06,4.06,4.05,4.05,1299,0
20101214,4.05,4.05,4.05,4.05,100,0
20101215,4.35,4.35,4.35,4.35,100,0
20101217,4.1,4.24,4.1,4.2,443,0
20101221,4.1,4.2,4.01,4.03,3494,0
20101222,4.04,4.04,4.04,4.04,500,0
20101223,4.07,4.07,3.21,3.96,17587,0
20101227,3.45,3.72,3.36,3.36,12818,0
20101228,3.5,3.53,3.36,3.46,5441,0
20101229,3.4,3.42,3.4,3.42,300,0
20101230,3.4,3.49,3.25,3.25,1712,0
20101231,3.4,3.52,3.25,3.45,6235,0
20110103,3.32,3.5,3.31,3.45,2600,0
20110104,3.3,3.51,3.3,3.51,5922,0
20110105,3.5,3.5,3.25,3.37,2825,0
20110106,3.35,3.4,3.35,3.35,800,0
20110107,3.4,3.4,3.3,3.3,1100,0
20110110,3.3,3.3,3.3,3.3,300,0
20110111,3.39,3.39,3.38,3.38,500,0
20110112,3.26,3.37,3.25,3.25,4493,0
20110113,3.34,3.37,3.34,3.35,1300,0
20110114,3.35,3.37,3.25,3.35,2046,0
20110118,3.34,3.35,3.2,3.32,3350,0
20110119,3.34,3.34,3.27,3.27,675,0
20110120,3.26,3.26,3.25,3.25,400,0
20110121,3.21,3.25,3.21,3.25,473,0
20110124,3.2,3.23,3.1,3.18,6428,0
20110125,3.1,3.15,3.1,3.15,600,0
20110126,3.17,3.2,3.17,3.2,300,0
20110128,3.1,3.1,3.1,3.1,4675,0
20110131,3.1,3.12,3,3.12,1393,0
20110202,3.1,3.1,3.05,3.05,1000,0
20110203,3.04,3.04,3.04,3.04,133,0
20110204,3.18,3.18,3.05,3.15,12182,0
20110207,3.11,3.17,3.09,3.09,2736,0
20110208,3.15,3.15,2.91,3.1,1332,0
20110209,3.15,3.15,3.1,3.1,4188,0
20110210,3.19,3.2,3.18,3.2,7900,0
20110211,3.19,3.2,3.19,3.2,300,0
20110214,3.2,3.2,3.1,3.1,2485,0
20110215,3.2,3.2,3.2,3.2,1400,0
20110216,3.2,3.2,3.2,3.2,346,0
20110217,3.2,3.2,3.1,3.2,7017,0
20110218,3.2,3.2,3.2,3.2,200,0
20110222,3.07,3.07,3.04,3.04,1016,0
20110223,3.1,3.19,3.1,3.14,500,0
20110224,3.06,3.14,3.05,3.14,1100,0
20110225,3.12,3.19,3.12,3.14,400,0
20110228,3.1,3.11,3.1,3.11,1100,0
20110301,3.15,3.15,3.1,3.1,200,0
20110302,3.03,3.15,3.03,3.15,1200,0
20110303,3.1,3.11,3.1,3.11,3400,0
20110304,3.03,3.1,3.03,3.1,785,0
20110307,3.09,3.18,3.09,3.18,300,0
20110308,3.17,3.17,3.17,3.17,200,0
20110309,3.17,3.17,3.17,3.17,200,0
20110310,3.16,3.16,3.16,3.16,200,0
20110311,3.17,3.17,2.99,2.99,600,0
20110314,3.17,3.17,3.17,3.17,200,0
20110315,3.16,3.17,3.15,3.15,300,0
20110316,3.15,3.15,3.15,3.15,400,0
20110317,3.15,3.15,3.15,3.15,200,0
20110318,3.15,3.15,3.15,3.15,200,0
20110321,3.14,3.15,3.14,3.15,200,0
20110322,3.15,3.15,3.15,3.15,378,0
20110323,3.1,3.13,3.1,3.13,2600,0
20110324,3.15,3.19,3.15,3.19,1437,0
20110325,3.19,3.19,3.19,3.19,991,0
20110328,3.11,3.19,3.11,3.19,400,0
20110329,3.19,3.19,3.19,3.19,200,0
20110330,3.19,3.19,3.18,3.19,500,0
20110331,3.1,3.19,2.95,3.19,1939,0
20110401,3.19,3.19,3.19,3.19,200,0
20110404,3.18,3.19,3.1,3.19,1900,0
20110405,3.19,3.19,3.18,3.18,770,0
20110406,3.18,3.18,3.18,3.18,300,0
20110407,3.15,3.23,3.15,3.23,700,0
20110408,3.23,3.23,3.23,3.23,200,0
20110411,3.22,3.23,3.22,3.23,375,0
20110412,3.22,3.23,3.22,3.22,4000,0
20110413,3.23,3.23,3.23,3.23,1000,0
20110414,3.29,3.29,3.29,3.29,1000,0
20110415,3.34,3.34,3.34,3.34,100,0
20110418,3.34,3.34,3.34,3.34,100,0
20110419,3.36,3.36,3.36,3.36,200,0
20110420,3.35,3.35,3.35,3.35,200,0
20110421,3.25,3.35,3.11,3.35,1547,0
20110425,3.01,3.11,2.91,3.09,7608,0
20110426,3.04,3.11,3.04,3.11,1100,0
20110427,3.11,3.11,3.11,3.11,200,0
20110428,3.11,3.11,3.11,3.11,200,0
20110429,3.11,3.11,3.11,3.11,205,0
20110502,3.11,3.11,3.11,3.11,200,0
20110503,3.1,3.11,3.1,3.11,1200,0
20110504,3.1,3.1,3.1,3.1,100,0
20110505,3.01,3.1,2.99,3.1,2562,0
20110506,3.1,3.11,3.1,3.11,200,0
20110509,2.98,3.11,2.97,3.11,1100,0
20110510,3.1,3.1,2.97,3.07,1132,0
20110511,3.05,3.1,3.05,3.1,900,0
20110512,3.1,3.1,3.1,3.1,200,0
20110513,2.97,3.1,2.94,3.1,600,0
20110516,3.08,3.1,3.08,3.08,1563,0
20110517,3.1,3.1,3.09,3.09,200,0
20110518,3.1,3.1,3.09,3.09,400,0
20110519,3.1,3.1,3.09,3.09,800,0
20110520,3,3.11,3,3.1,1000,0
20110523,2.95,3.04,2.95,3.04,832,0
20110524,3.05,3.05,3.05,3.05,100,0
20110525,3.05,3.05,2.95,3.05,6378,0
20110526,3.05,3.05,3.05,3.05,100,0
20110527,3.05,3.05,3.05,3.05,200,0
20110531,3,3,3,3,1200,0
20110601,2.95,2.95,2.32,2.5,271113,0
20110602,2.5,2.5,2.3,2.39,17599,0
20110603,2.4,2.59,2.3,2.55,34693,0
20110606,2.5,2.58,2.5,2.58,400,0
20110607,2.57,2.59,2.56,2.59,1300,0
20110608,2.59,2.84,2.59,2.7,5000,0
20110609,2.83,3,2.83,2.95,7900,0
20110610,2.83,2.99,2.83,2.98,1100,0
20110613,2.98,3.03,2.85,2.98,6600,0
20110614,3,3,2.84,2.95,1354,0
20110615,2.82,2.98,2.76,2.88,1200,0
20110616,2.95,2.95,2.95,2.95,200,0
20110617,2.95,3,2.81,2.96,1700,0
20110620,2.9,2.96,2.9,2.95,727,0
20110621,2.85,2.95,2.82,2.95,1220,0
20110622,2.82,3,2.79,2.89,5515,0
20110623,2.89,2.95,2.89,2.95,1557,0
20110624,2.99,2.99,2.99,2.99,200,0
20110627,2.99,2.99,2.99,2.99,100,0
20110628,2.99,2.99,2.99,2.99,200,0
20110629,2.9,2.99,2.9,2.99,300,0
20110630,2.85,3,2.8,2.95,3427,0
20110701,2.95,2.95,2.85,2.85,800,0
20110705,2.95,2.95,2.75,2.89,3950,0
20110706,2.9,2.9,2.9,2.9,200,0
20110707,2.98,3,2.95,3,4692,0
20110708,2.99,3,2.99,3,201,0
20110711,2.94,3,2.64,3,1875,0
20110712,2.94,2.95,2.94,2.95,200,0
20110713,2.94,3.05,2.94,3.05,7760,0
20110714,3.05,3.05,3.05,3.05,200,0
20110715,3.04,3.04,3.04,3.04,200,0
20110718,2.9,3.05,2.9,3,1221,0
20110719,3.04,3.11,3.04,3.11,15673,0
20110720,3.05,3.05,3.05,3.05,200,0
20110721,2.92,3.11,2.7,3.11,3701,0
20110722,2.97,3.11,2.73,3.11,1818,0
20110726,3.1,3.1,2.7,2.94,3441,0
20110727,2.96,2.96,2.66,2.76,4023,0
20110728,2.63,2.76,2.6,2.76,5001,0
20110729,2.84,3.09,2.83,3.09,1200,0
20110801,2.87,3.09,2.87,2.99,400,0
20110802,2.88,3.08,2.52,3.07,5194,0
20110803,3.05,3.09,3.04,3.09,640,0
20110804,3.08,3.08,3.08,3.08,167,0
20110805,3.05,3.08,3.05,3.08,300,0
20110808,3.08,3.08,3.08,3.08,100,0
20110809,3.07,3.08,2.64,2.75,2700,0
20110810,2.75,2.75,2.61,2.75,1401,0
20110811,2.75,2.75,2.75,2.75,600,0
20110812,2.75,2.75,2.74,2.74,700,0
20110816,2.75,2.75,2.75,2.75,200,0
20110817,2.75,2.75,2.75,2.75,300,0
20110818,2.73,2.73,2.73,2.73,200,0
20110819,2.75,3,2.75,3,868,0
20110822,3,3,3,3,100,0
20110824,3,3,3,3,200,0
20110829,2.75,2.75,2.75,2.75,200,0
20110830,2.75,2.75,2.4,2.47,4920,0
20110831,2.59,2.59,2.59,2.59,300,0
20110901,2.6,2.6,2.6,2.6,200,0
20110902,2.75,2.75,2.75,2.75,100,0
20110906,2.45,2.55,2.44,2.55,1430,0
20110907,2.6,2.6,2.6,2.6,300,0
20110908,2.5,2.6,2.5,2.6,1307,0
20110909,2.5,2.5,2.5,2.5,500,0
20110912,2.5,2.73,2.4,2.73,3009,0
20110913,3,3,3,3,100,0
20110914,3,3,3,3,100,0
20110915,3,3,3,3,100,0
20110916,2.5,3,2.5,2.99,624,0
20110919,2.92,2.95,2.88,2.9,1114,0
20110922,2.98,2.98,2.98,2.98,2493,0
20110923,2.98,2.98,2.98,2.98,173,0
20110926,2.98,2.98,2.98,2.98,200,0
20110927,2.95,2.95,2.95,2.95,200,0
20110928,2.98,2.98,2.98,2.98,400,0
20110929,2.95,3,2.95,3,800,0
20110930,3,3,3,3,300,0
20111003,3,3,3,3,151,0
20111004,2.85,3,2.85,3,301,0
20111005,2.87,2.9,2.33,2.66,10650,0
20111006,2.67,2.68,2.67,2.68,400,0
20111007,2.7,2.99,2.35,2.99,2100,0
20111010,2.95,3,2.87,3,1343,0
20111011,3,3,2.99,2.99,400,0
20111012,2.97,3,2.89,3,1151,0
20111013,2.99,3,2.99,3,1157,0
20111014,2.98,3,2.98,3,400,0
20111017,3,3,3,3,100,0
20111018,2.48,3,2.48,3,2400,0
20111019,2.56,3,2.56,3,321,0
20111020,3,3,3,3,200,0
20111021,2.98,3,2.98,3,600,0
20111024,3,3,3,3,700,0
20111025,3,3,3,3,200,0
20111026,2.99,3,2.99,3,1140,0
20111027,3,3,3,3,4991,0
20111028,3,3,3,3,238,0
20111031,3,3,3,3,200,0
20111101,3,3,3,3,500,0
20111102,3,3,3,3,1100,0
20111103,2.97,3,2.97,3,3300,0
20111104,2.97,3,2.97,3,1162,0
20111107,3,3,3,3,200,0
20111108,2.78,3,2.78,2.99,799,0
20111109,3,3,3,3,400,0
20111110,3,3,3,3,200,0
20111111,2.78,2.78,2.7,2.75,2900,0
20111114,3,3,3,3,200,0
20111115,2.61,2.98,2.61,2.98,300,0
20111116,2.64,3,2.61,2.76,2400,0
20111117,2.94,3,2.94,3,542,0
20111118,3,3,3,3,142,0
20111121,2.66,2.66,2.66,2.66,558,0
20111122,3,3,3,3,160,0
20111125,3,3,3,3,100,0
20111128,2.99,2.99,2.99,2.99,100,0
20111129,2.99,2.99,2.99,2.99,100,0
20111130,2.48,3,2.48,3,300,0
20111201,2.67,3,2.48,3,1200,0
20111202,2.85,2.85,2.83,2.85,5788,0
20111205,2.85,2.85,2.79,2.85,6200,0
20111206,2.47,2.47,2.38,2.47,15762,0
20111207,2.73,2.73,2.42,2.44,10182,0
20111208,2.5,2.5,1.86,2.37,1900,0
20111209,2.35,2.35,2.15,2.34,1908,0
20111212,2.27,2.29,2.27,2.28,930,0
20111213,2.39,2.39,2.19,2.39,1004,0
20111214,2.16,2.39,2.16,2.39,800,0
20111215,2.29,2.34,1.97,2.03,11590,0
20111216,2.1,2.24,2,2.06,5807,0
20111219,2.03,2.03,1.9,1.99,4400,0
20111220,1.98,2.08,1.98,2.02,18347,0
20111221,1.99,1.99,1.8,1.97,7831,0
20111222,1.8,1.82,1.78,1.8,13218,0
20111223,1.82,1.82,1.5,1.8,14400,0
20111227,1.55,1.55,1.4,1.42,17791,0
20111228,1.32,1.82,1.31,1.73,11935,0
20111229,1.74,1.99,1.73,1.99,10667,0
20111230,2.01,2.338,1.99,2.33,24530,0
20120103,2.4,2.6,2.2,2.32,3141,0
20120104,2.31,2.38,2.05,2.38,3200,0
20120105,2.74,2.85,2.41,2.41,13507,0
20120106,2.89,2.89,2.26,2.64,1508,0
20120109,2.3,2.82,2.3,2.72,2400,0
20120110,2.68,2.79,2.63,2.64,1900,0
20120111,2.87,2.87,2.87,2.87,485,0
20120112,2.18,2.58,2.01,2.5,14485,0
20120113,2.68,2.68,2.45,2.64,1241,0
20120117,2.6,2.64,2.58,2.64,372,0
20120118,2.6,2.64,2.6,2.64,800,0
20120119,2.61,2.65,2.39,2.65,3270,0
20120120,2.53,2.64,2.37,2.64,2300,0
20120123,2.57,2.6,2.32,2.4,2900,0
20120124,2.5,2.64,2.5,2.64,300,0
20120125,2.4,2.64,2.4,2.64,1200,0
20120126,2.52,2.64,2.52,2.64,3170,0
20120127,2.6,2.64,2.6,2.64,1600,0
20120130,2.59,2.64,2.38,2.56,5800,0
20120131,2.3,2.48,2.25,2.48,1600,0
20120201,2.57,2.57,2.57,2.57,100,0
20120202,2.64,2.64,2.56,2.64,500,0
20120203,2.64,2.64,2.62,2.64,400,0
20120206,2.62,2.64,2.35,2.64,1339,0
20120207,2.57,2.64,2.56,2.64,1035,0
20120208,2.43,2.45,2.27,2.45,2450,0
20120209,2.35,2.53,2.35,2.53,880,0
20120210,2.25,2.58,2,2.5,12766,0
20120213,2.25,2.4,1.93,2.25,5108,0
20120214,2.32,2.36,2.18,2.36,10240,0
20120216,2.3,2.3,2.3,2.3,200,0
20120217,2.36,2.36,2,2.36,4344,0
20120221,2.28,2.36,2.2,2.36,5345,0
20120222,2.21,2.3,2.12,2.3,1616,0
20120223,2.28,2.28,2.28,2.28,200,0
20120224,2,2.3,2,2.3,1150,0
20120227,2.04,2.09,2,2.05,2275,0
20120228,2.05,2.05,1.92,1.96,3100,0
20120229,1.99,2.09,1.99,2.09,1114,0
20120301,1.99,1.99,1.99,1.99,986,0
20120302,2.07,2.09,2,2,1211,0
20120305,2.02,2.02,2,2,1544,0
20120306,2,2.15,2,2.15,12000,0
20120307,2.14,2.2,2.1,2.2,42000,0
20120308,2.15,2.2,2.15,2.2,1100,0
20120309,2.23,2.25,2.1,2.24,1337,0
20120312,2.1,2.1,2.1,2.1,625,0
20120313,2.12,2.12,2.1,2.11,1562,0
20120314,2.05,2.17,2.05,2.17,200,0
20120316,2.19,2.19,2.19,2.19,200,0
20120319,2.03,2.19,2,2.06,3625,0
20120320,2.05,2.1,2.05,2.1,2100,0
20120321,2.1,2.15,2.1,2.15,1900,0
20120322,2.28,2.3,2.17,2.17,3561,0
20120326,2.28,2.3,2.28,2.3,2950,0
20120327,2.3,2.3,2.29,2.29,1288,0
20120328,2.25,2.25,2.25,2.25,200,0
20120329,2.22,2.22,2,2.22,6742,0
20120330,2.24,2.2999,2.04,2.2999,600,0
20120402,2.3,2.3,2.3,2.3,100,0
20120404,2.3,2.3,2.3,2.3,100,0
20120405,2.04,2.25,2.02,2.03,2300,0
20120409,2.27,2.27,2.19,2.19,574,0
20120410,2,2.14,2,2.14,3000,0
20120413,2,2.04,1.95,2.04,9449,0
20120416,1.92,2.19,1.92,2.19,741,0
20120418,2.24,2.24,2.19,2.24,5100,0
20120419,2.23,2.23,2.23,2.23,100,0
20120420,2.21,2.21,2,2.2,700,0
20120423,2.23,2.25,2.23,2.25,2000,0
20120424,2.25,2.5,2.25,2.5,3300,0
20120426,2.49,2.5,2.49,2.5,950,0
20120501,2.49,2.49,2.49,2.49,7200,0
20120503,2.5,2.5,2.5,2.5,1400,0
20120504,2.5,2.5,2.5,2.5,10000,0
20120508,2.5,2.5,2.5,2.5,1890,0
20120509,2.56,2.56,2.56,2.56,200,0
20120510,2.63,2.63,2.63,2.63,300,0
20120511,2.65,2.65,2.64,2.64,2000,0
20120514,2.7,2.7,2.7,2.7,800,0
20120515,2.7,2.79,2.7,2.79,6747,0
20120518,2.88,2.88,2.88,2.88,170,0
20120522,2.85,2.89,2.85,2.89,2000,0
20120525,2.77,2.77,2.77,2.77,107,0
20120529,2.85,2.87,2.79,2.8,1700,0
20120530,2.54,2.89,2.54,2.89,930,0
20120601,2.87,2.87,2.87,2.87,100,0
20120604,2.75,2.75,2.75,2.75,200,0
20120605,2.73,2.73,2.73,2.73,100,0
20120606,2.7,2.71,2.7,2.7,1650,0
20120607,2.73,2.82,2.73,2.82,500,0
20120611,2.88,2.88,2.88,2.88,1000,0
20120613,2.88,2.89,2.88,2.89,500,0
20120614,2.89,2.93,2.89,2.93,650,0
20120615,2.85,2.85,2.85,2.85,200,0
20120618,2.8,2.9,2.8,2.9,970,0
20120619,2.8,2.81,2.8,2.81,400,0
20120622,2.8,2.8,2.8,2.8,300,0
20120626,2.8,2.8,2.8,2.8,300,0
20120627,2.85,2.85,2.85,2.85,200,0
20120628,2.8,2.8,2.8,2.8,2800,0
20120629,2.85,3,2.85,3,8277,0
20120706,3,3,2.72,2.72,1166,0
20120712,2.72,2.93,2.72,2.93,1200,0
20120713,2.93,2.93,2.93,2.93,100,0
20120716,2.52,2.99,2.52,2.9,3500,0
20120717,2.8,2.98,2.8,2.98,2600,0
20120718,2.88,2.88,2.75,2.86,5924,0
20120719,2.79,2.79,2.79,2.79,100,0
20120723,2.8,2.92,2.8,2.92,224,0
20120724,2.92,2.92,2.89,2.92,1100,0
20120725,2.92,2.92,2.92,2.92,100,0
20120726,2.92,2.92,2.55,2.59,1391,0
20120727,2.7,2.77,2.7,2.73,866,0
20120801,2.76,2.76,2.76,2.76,200,0
20120803,2.9,2.9,2.87,2.87,200,0
20120808,2.9,2.9,2.9,2.9,136,0
20120809,2.85,2.85,2.85,2.85,690,0
20120813,2.92,2.92,2.92,2.92,100,0
20120814,2.84,2.84,2.84,2.84,100,0
20120815,2.75,2.77,2.75,2.75,2300,0
20120816,2.85,2.85,2.85,2.85,200,0
20120817,2.81,2.81,2.81,2.81,200,0
20120820,2.9199,2.9199,2.9199,2.9199,136,0
20120824,2.89,2.89,2.89,2.89,146,0
20120828,2.75,2.75,2.75,2.75,714,0
20120831,2.75,2.75,2.75,2.75,286,0
20120904,2.81,2.81,2.81,2.81,100,0
20120906,2.82,2.83,2.82,2.83,1000,0
20120907,2.65,2.67,2.5,2.6,3900,0
20120910,2.6,2.6,2.6,2.6,1050,0
20120912,2.52,2.52,2.5,2.52,1568,0
20120914,2.5,2.5,2.5,2.5,1014,0
20120917,2.6,2.7,2.6,2.7,1200,0
20120921,2.69,2.7,2.69,2.7,1000,0
20120925,2.77,2.77,2.5,2.51,7420,0
20120926,2.49,2.5,2.49,2.5,600,0
20120927,2.48,2.63,2.4,2.63,3110,0
20121001,2.43,2.43,2.43,2.43,200,0
20121003,2.4,2.47,2.4,2.47,400,0
20121010,2.43,2.73,2.43,2.73,510,0
20121011,2.41,2.43,2.41,2.43,1824,0
20121012,2.4,2.45,2.4,2.45,1752,0
20121015,2.49,2.49,2.49,2.49,200,0
20121022,2.5,2.71,2.5,2.7,2790,0
20121023,2.7,2.7,2.7,2.7,2000,0
20121024,2.81,2.81,2.44,2.45,3200,0
20121025,2.65,2.66,2.65,2.65,1300,0
20121026,2.51,2.51,2.45,2.45,300,0
20121031,2.45,2.45,2.45,2.45,300,0
20121101,2.44,2.44,2.44,2.44,450,0
20121102,2.45,2.45,2.45,2.45,1333,0
20121106,2.49,2.49,2.4,2.4,1896,0
20121109,2.42,2.42,2.42,2.42,133,0
20121114,2.4,2.48,2.07,2.4,14132,0
20121115,2.34,2.39,2.34,2.38,900,0
20121119,2.47,2.47,2.25,2.31,7031,0
20121126,2.08,2.08,2.08,2.08,2000,0
20121127,2.14,2.15,2.05,2.15,11300,0
20121129,2.1,2.25,2.1,2.25,500,0
20121130,2.25,2.25,2.25,2.25,825,0
20121203,2.6,2.6,2.27,2.6,200,0
20121204,2.27,2.57,2.27,2.44,600,0
20121206,2.3999,2.3999,2.2,2.2,10255,0
20121207,2.2,2.2,2.18,2.2,1214,0
20121210,2.16,2.37,2.16,2.37,3300,0
20121211,2.37,2.6415,2.37,2.4147,2904,0
20121213,2.515,2.515,2.515,2.515,100,0
20121214,2.5,2.5001,2.5,2.5001,300,0
20121217,2.43,2.43,2.4,2.43,2100,0
20121218,2.4,2.41,2.4,2.4,8582,0
20121219,2.43,2.43,2.35,2.4,6738,0
20121227,2.32,2.4,2.2,2.25,13791,0
20121228,2.25,2.25,2.25,2.25,300,0
20121231,2.24,2.34,2.2,2.34,32014,0
20130102,2.45,2.45,2.3,2.3,3237,0
20130103,2.44,2.44,2.44,2.44,400,0
20130104,2.52,2.5233,2.52,2.5233,1370,0
20130107,2.4493,2.4493,2.4493,2.4493,146,0
20130108,2.45,2.45,2.45,2.45,3000,0
20130109,2.48,2.57,2.47,2.51,1100,0
20130111,2.59,2.59,2.59,2.59,600,0
20130114,2.66,2.68,2.66,2.6799,900,0
20130115,2.63,2.63,2.63,2.63,100,0
20130116,2.6,2.63,2.59,2.63,2500,0
20130122,2.68,2.68,2.68,2.68,1000,0
20130124,2.51,2.51,2.5,2.51,669,0
20130125,2.52,2.5201,2.5,2.5,1000,0
20130128,2.52,2.5201,2.45,2.45,22600,0
20130130,2.46,2.46,2.46,2.46,100,0
20130131,2.5435,2.5435,2.5435,2.5435,164,0
20130201,2.59,2.6,2.59,2.6,2300,0
20130208,2.648,2.648,2.58,2.6201,2250,0
20130211,2.68,2.88,2.68,2.88,1700,0
20130212,2.76,2.76,2.65,2.73,5744,0
20130213,2.76,2.77,2.75,2.75,3100,0
20130214,2.8,2.8,2.56,2.56,1100,0
20130219,2.69,2.69,2.56,2.56,600,0
20130220,2.72,2.72,2.58,2.58,900,0
20130221,2.66,2.81,2.57,2.69,2437,0
20130225,2.7,2.7,2.57,2.61,2963,0
20130227,2.65,2.75,2.65,2.7,800,0
20130228,2.7,2.7799,2.7,2.77,500,0
20130301,2.76,2.78,2.76,2.7799,800,0
20130304,2.75,2.8,2.75,2.8,500,0
20130305,2.76,2.8,2.76,2.8,1300,0
20130306,2.77,2.96,2.77,2.96,3000,0
20130307,2.93,3.28,2.93,3.13,2438,0
20130308,3.075,3.08,3.075,3.08,254,0
20130311,3.1,3.1,3.1,3.1,1590,0
20130312,3.12,3.12,3.12,3.12,1200,0
20130313,3.11,3.11,3.1,3.1,5100,0
20130314,2.9999,3,2.9999,3,7256,0
20130319,3,3,3,3,1307,0
20130320,2.9,2.9,2.9,2.9,400,0
20130321,2.97,2.99,2.97,2.99,328,0
20130322,2.97,3,2.84,2.84,4500,0
20130326,3.04,3.05,2.902,2.902,916,0
20130327,2.95,3.1,2.95,3.092,1079,0
20130328,3.09,3.1,3.09,3.1,600,0
20130401,3.135,3.14,3.135,3.14,200,0
20130402,3.15,3.15,3.15,3.15,1149,0
20130404,3,3.15,3,3,2787,0
20130405,2.97,3,2.97,3,2200,0
20130408,2.78,3,2.75,3,1680,0
20130409,3.07,3.07,2.98,2.9801,1690,0
20130410,3.06,3.07,2.9,2.9,2405,0
20130411,2.86,2.86,2.75,2.75,2907,0
20130415,3.06,3.07,2.85,2.85,2119,0
20130416,2.86,2.86,2.76,2.76,30300,0
20130419,2.75,2.7501,2.75,2.7501,300,0
20130424,2.88,2.88,2.76,2.88,200,0
20130425,2.77,2.77,2.77,2.77,100,0
20130426,2.75,2.75,2.75,2.75,300,0
20130430,2.77,2.77,2.77,2.77,100,0
20130503,2.75,2.78,2.75,2.78,1200,0
20130507,2.78,2.78,2.78,2.78,800,0
20130508,2.82,2.82,2.82,2.82,2420,0
20130510,2.86,2.86,2.85,2.86,500,0
20130514,2.8,2.81,2.77,2.77,1885,0
20130515,2.75,2.88,2.75,2.88,4100,0
20130516,2.89,2.89,2.89,2.89,100,0
20130520,2.79,2.8999,2.79,2.8999,2022,0
20130521,2.89,2.89,2.65,2.7936,788,0
20130522,2.7,2.71,2.7,2.7,1000,0
20130524,2.7,2.8,2.65,2.65,4250,0
20130528,2.78,2.88,2.78,2.88,600,0
20130529,2.7,2.7,2.7,2.7,415,0
20130605,2.69,2.69,2.69,2.69,100,0
20130606,2.65,2.79,2.51,2.79,3150,0
20130607,2.675,2.675,2.65,2.65,400,0
20130610,2.7,2.7,2.471,2.67,1225,0
20130613,2.78,2.78,2.46,2.46,12515,0
20130614,2.3701,2.3701,2.37,2.37,3850,0
20130617,2.38,2.38,2.38,2.38,100,0
20130618,2.22,2.46,2.19,2.3,3432,0
20130619,2.33,2.4,2.15,2.31,700,0
20130620,2.3,2.396,2.3,2.396,1464,0
20130621,2.35,2.35,2.35,2.35,566,0
20130624,2.35,2.35,2.35,2.35,300,0
20130702,2.65,2.679,2.65,2.679,1000,0
20130705,2.66,2.68,2.66,2.68,3000,0
20130708,2.66,2.68,2.66,2.68,200,0
20130709,2.67,2.779,2.67,2.77,1000,0
20130710,2.77,2.82,2.77,2.82,1100,0
20130711,2.76,2.82,2.744,2.8,1230,0
20130712,2.82,2.82,2.82,2.82,200,0
20130715,2.8,3.1,2.8,3.0999,5933,0
20130716,2.94,2.94,2.94,2.94,366,0
20130717,3.09,3.1,2.82,2.82,3881,0
20130718,3.02,3.05,3,3,3785,0
20130719,3,3.02,2.68,2.79,3260,0
20130722,2.6,2.95,2.6,2.95,2752,0
20130723,2.96,3.0001,2.959,3,1400,0
20130724,2.7,3.02,2.7,2.95,3765,0
20130725,2.899,2.9,2.899,2.9,1000,0
20130726,2.87,2.87,2.87,2.87,102,0
20130729,2.8,2.8,2.8,2.8,110,0
20130731,2.69,2.69,2.69,2.69,100,0
20130801,2.73,2.85,2.73,2.85,1580,0
20130802,2.8499,2.85,2.8499,2.85,1300,0
20130805,2.849,2.849,2.69,2.7,6200,0
20130806,2.69,2.69,2.69,2.69,5900,0
20130807,2.69,2.7,2.598,2.7,4661,0
20130808,2.76,2.8,2.74,2.78,2320,0
20130809,2.78,2.9,2.78,2.9,1950,0
20130812,2.74,2.95,2.74,2.78,5355,0
20130813,2.8,3.07,2.8,3,4200,0
20130814,2.98,2.98,2.98,2.98,650,0
20130815,2.79,2.966,2.79,2.966,2817,0
20130816,2.87,3.01,2.87,3.01,154292,0
20130819,2.88,2.88,2.88,2.88,953,0
20130820,2.89,3.0099,2.89,3.0099,1300,0
20130821,2.96,3,2.8,2.82,5300,0
20130823,2.96,2.98,2.96,2.98,1550,0
20130826,2.96,2.98,2.96,2.97,1200,0
20130827,2.82,2.95,2.82,2.82,750,0
20130829,2.85,2.85,2.85,2.85,551,0
20130903,2.89,2.9,2.89,2.9,1030,0
20130904,2.95,2.95,2.95,2.95,300,0
20130905,2.94,2.94,2.82,2.82,5532,0
20130906,2.95,3.04,2.95,3.04,421,0
20130910,3.02,3.04,2.83,2.85,1500,0
20130912,3.0048,3.0399,2.99,2.99,2688,0
20130913,3.08,3.08,2.86,2.86,1665,0
20130916,2.86,2.86,2.86,2.86,100,0
20130918,3.04,3.07,2.92,2.92,550,0
20130919,3,3.03,3,3,2217,0
20130920,3,3.08,3,3.08,10258,0
20130923,3.15,3.15,2.88,2.88,22927,0
20130925,2.85,2.85,2.85,2.85,200,0
20130926,3.05,3.05,3.01,3.05,7500,0
20130927,3.02,3.02,2.87,2.89,2700,0
20130930,2.92,2.93,2.86,2.93,700,0
20131001,3.05,3.05,3.05,3.05,2200,0
20131003,3.05,3.47,3,3.47,7700,0
20131004,3.35,3.4,3.1,3.13,8900,0
20131007,3.25,3.25,2.94,2.99,9100,0
20131008,3.02,3.05,3,3,800,0
20131009,3.04,3.04,3,3,500,0
20131010,3.02,3.02,2.94,2.94,200,0
20131011,3.01,3.01,2.92,2.92,1836,0
20131014,2.94,2.94,2.71,2.81,8490,0
20131015,2.79,3,2.79,2.99,4700,0
20131016,2.95,3,2.95,3,1100,0
20131017,3,3,3,3,200,0
20131021,3.09,3.1,2.91,3.09,3800,0
20131022,3,3,2.91,2.96,4300,0
20131023,2.96,2.99,2.96,2.99,4000,0
20131024,3,3.05,3,3.01,1800,0
20131028,3.05,3.05,3.05,3.05,200,0
20131029,3.07,3.07,3.07,3.07,100,0
20131030,3.05,3.07,3.05,3.07,3100,0
20131101,3.07,3.08,3.05,3.08,4900,0
20131104,3.07,3.07,3.05,3.065,1000,0
20131105,3.02,3.15,3.02,3.15,24500,0
20131107,3.05,3.22,3.04,3.14,54100,0
20131108,3.12,3.2,3.12,3.2,1400,0
20131111,3.05,3.1499,3,3.1,8200,0
20131112,3.05,3.05,2.99,2.99,3900,0
20131113,3.01,3.01,3.01,3.01,200,0
20131115,3.15,3.15,2.99,3,18600,0
20131118,3.01,3.01,2.97,3,5900,0
20131119,3,3,2.96,2.96,200,0
20131120,2.97,2.97,2.97,2.97,600,0
20131121,3,3,3,3,1000,0
20131122,2.97,2.9999,2.96,2.9999,3675,0
20131125,2.99,2.99,2.99,2.99,2000,0
20131126,3,3.06,2.98,3.06,2700,0
20131202,3,3.05,3,3.05,6700,0
20131205,3.05,3.05,3.05,3.05,1100,0
20131206,3.06,3.06,3,3.02,2100,0
20131209,3,3.04,3,3.04,3902,0
20131210,3.05,3.08,3.05,3.08,3200,0
20131211,3.06,3.09,2.96,3.09,3700,0
20131212,3.13,3.13,3.1,3.13,1360,0
20131216,3.13,3.15,3.13,3.15,10663,0
20131217,3.15,3.15,2.96,2.98,31800,0
20131218,3.12,3.19,3.03,3.16,8000,0
20131219,3.08,3.2,3.01,3.04,2500,0
20131220,2.96,3.11,2.96,3.05,23400,0
20131223,3.02,3.1,2.98,3.09,2400,0
20131224,3.07,3.07,2.96,3.07,15000,0
20131226,2.96,2.98,2.96,2.98,1400,0
20131227,3.03,3.18,2.96,3.13,2800,0
20131230,3,3.15,3,3.15,7100,0
20131231,3.19,3.78,3.1,3.31,23400,0
20140102,3.31,3.48,3.31,3.43,4154,0
20140103,3.39,3.5,3.39,3.47,1686,0
20140106,3.5,3.5,3.4,3.4,2100,0
20140107,3.47,3.48,3.47,3.48,200,0
20140108,3.51,3.53,3.33,3.52,3900,0
20140109,3.5,3.5,3.49,3.5,1100,0
20140110,3.5,3.5,3.48,3.48,3900,0
20140113,3.49,3.53,3.48,3.53,1000,0
20140114,3.56,3.56,3.53,3.55,800,0
20140115,3.56,3.58,3.37,3.37,13500,0
20140116,3.45,3.45,3.38,3.38,885,0
20140117,3.4,3.4,3.4,3.4,4300,0
20140124,3.37,3.3899,3.37,3.37,2300,0
20140128,3.37,3.3788,3.37,3.3788,1450,0
20140129,3.37,3.38,3.36,3.36,6200,0
20140130,3.38,3.38,3.35,3.35,1200,0
20140131,3.38,3.38,3.37,3.37,2000,0
20140203,3.35,3.38,3.35,3.365,5700,0
20140204,3.35,3.36,3.35,3.355,9700,0
20140205,3.35,3.3602,3.32,3.35,5278,0
20140206,3.33,3.33,3.33,3.33,138,0
20140207,3.33,3.36,3.33,3.36,1796,0
20140212,3.36,3.36,3.32,3.32,3950,0
20140213,3.33,3.33,3.33,3.33,898,0
20140214,3.33,3.34,3.32,3.32,8356,0
20140221,3.34,3.34,3.34,3.34,100,0
20140224,3.34,3.35,3.3399,3.35,2134,0
20140225,3.35,3.35,3.35,3.35,100,0
20140226,3.36,3.36,3.36,3.36,100,0
20140227,3.34,3.37,3.32,3.37,17185,0
20140228,3.37,3.38,3.37,3.38,393,0
20140303,3.4,3.41,3.4,3.41,400,0
20140305,3.3999,3.4,3.3999,3.4,200,0
20140306,3.4,4.8,3.4,3.74,10020,0
20140307,3.74,3.75,3.74,3.75,916,0
20140310,3.72,4.23,3.72,4.23,3117,0
20140311,4.2,4.25,3.85,3.85,4582,0
20140314,4.1499,4.1499,4.1499,4.1499,100,0
20140317,4.09,4.09,4.09,4.09,143,0
20140318,4.1,4.1,4.1,4.1,816,0
20140319,4.08,4.15,4.08,4.14,6400,0
20140320,4.15,4.15,4.1,4.1499,3349,0
20140321,4.15,4.15,4.1499,4.15,2146,0
20140324,4.15,4.15,4.1499,4.15,3185,0
20140325,4.02,4.15,4.02,4.15,300,0
20140326,4.15,4.15,4.15,4.15,100,0
20140327,4.15,4.15,4.15,4.15,1101,0
20140331,4.25,4.25,4.15,4.22,6549,0
20140401,4.249,4.69,4.23,4.4799,8956,0
20140402,4.4,4.4,4.22,4.34,1479,0
20140404,4.34,4.6,4.2501,4.6,12897,0
20140407,4.6299,5.54,4.6298,5.2,10326,0
20140408,5.2,5.67,4.95,5.6399,19985,0
20140409,5.65,7.23,5.6,6,26296,0
20140410,6.01,6.01,5.496,5.81,5590,0
20140411,5.189,6.08,5.181,6.08,7881,0
20140414,5.92,5.96,5.92,5.95,1028,0
20140415,5.44,5.87,5.29,5.52,4917,0
20140416,5.76,5.96,5.7,5.93,11583,0
20140417,5.93,6.45,5.51,6.12,7814,0
20140421,6.3,6.45,6.1,6.2,19625,0
20140422,6.28,6.3,6,6.2233,2409,0
20140423,6.2,6.24,6.19,6.2,3330,0
20140424,6,6.02,6,6,1220,0
20140425,6.04,6.04,6.04,6.04,100,0
20140428,6.11,6.4399,6,6.4399,2720,0
20140429,6.329,6.329,6.01,6.01,428,0
20140430,6.11,6.11,6.11,6.11,292,0
20140501,6.12,6.1201,5.83,6,2458,0
20140502,5.71,5.72,5.34,5.65,22645,0
20140505,5.4,5.49,5.2801,5.2801,975,0
20140506,5.29,5.34,5,5.34,2980,0
20140507,5,5.1,5,5.1,32844,0
20140508,5.14,5.14,5.11,5.14,1006,0
20140509,5.1688,5.65,5.1688,5.41,8471,0
20140512,5.11,5.11,5.11,5.11,240,0
20140513,5.27,5.3125,5.1,5.25,1455,0
20140516,5,5.2,5,5.14,2100,0
20140519,4.8848,5.16,4.8848,5.16,2906,0
20140520,5.0001,5.0001,5.0001,5.0001,700,0
20140521,4.95,4.95,4.95,4.95,528,0
20140522,4.96,4.995,4.6,4.8001,10470,0
20140523,4.91,4.92,4.81,4.82,52091,0
20140527,4.85,4.85,4.85,4.85,610,0
20140528,4.79,4.894,4.79,4.87,8137,0
20140529,4.92,4.96,4.888,4.96,3630,0
20140530,5,5,5,5,10394,0
20140602,5,5,5,5,100,0
20140603,4.8,4.972,4.8,4.972,3575,0
20140605,4.96,4.9601,4.71,4.71,1750,0
20140606,4.95,5,4.91,4.95,1926,0
20140609,4.99,4.99,4.99,4.99,151,0
20140610,4.95,5.01,4.72,4.88,10500,0
20140611,5.01,5.01,4.94,4.95,5807,0
20140613,5.02,5.02,5.02,5.02,103,0
20140616,5,5,4.99,5,2139,0
20140617,4.96,5.01,4.91,4.97,10958,0
20140619,4.91,5,4.91,4.97,5275,0
20140620,4.955,5,4.955,5,4266,0
20140624,4.92,4.92,4.92,4.92,142,0
20140625,4.96,4.96,4.96,4.96,100,0
20140626,4.911,4.928,4.911,4.928,600,0
20140627,4.95,4.9541,4.95,4.9541,225,0
20140630,4.91,5,4.91,4.9999,4104,0
20140701,4.95,4.9501,4.95,4.95,700,0
20140702,4.99,4.99,4.98,4.98,400,0
20140707,5,5,4.95,4.95,41700,0
20140709,4.9948,4.9948,4.95,4.95,338,0
20140711,4.92,5.05,4.92,5,12876,0
20140714,4.95,5,4.93,4.95,1982,0
20140716,4.91,4.911,4.91,4.911,411,0
20140717,4.91,4.94,4.91,4.93,599,0
20140718,4.91,5.01,4.91,4.9999,4513,0
20140721,4.95,4.99,4.95,4.96,1666,0
20140722,4.91,5,4.91,4.96,25654,0
20140725,4.95,4.95,4.91,4.91,1802,0
20140728,4.91,4.91,4.9,4.91,5818,0
20140729,4.94,4.94,4.91,4.91,3200,0
20140730,4.95,4.9501,4.95,4.9501,3950,0
20140731,5,5,4.92,4.9201,4400,0
20140801,4.91,4.92,4.87,4.92,6317,0
20140804,4.92,4.92,4.5,4.52,1203,0
20140805,4.91,4.921,4.716,4.92,20172,0
20140806,4.98,4.98,4.85,4.911,3571,0
20140808,4.92,4.92,4.4,4.88,4240,0
20140811,4.92,4.92,4.85,4.92,3456,0
20140812,4.92,4.92,4.9,4.9,5444,0
20140813,4.98,4.98,4.98,4.98,300,0
20140814,4.93,4.93,4.84,4.84,2100,0
20140815,4.88,4.93,4.7,4.93,10837,0
20140818,4.9,4.93,4.9,4.9294,2000,0
20140819,4.93,4.93,4.93,4.93,2000,0
20140820,4.89,5.0199,4.75,4.88,17487,0
20140903,4.98,4.9801,4.69,4.97,6124,0
20140908,4.95,5.05,4.95,5,9614,0
20140909,5.0399,5.0399,5,5.0199,3424,0
20140910,5,5.001,5,5,2750,0
20140911,4.931,4.931,4.931,4.931,318,0
20140915,4.93,5,4.93,5,6584,0
20140916,5,5,4.98,5,520,0
20140917,4.97,5.09,4.97,5.09,3799,0
20140918,5.0501,5.0501,5.0501,5.0501,1121,0
20140919,5.09,5.09,5.09,5.09,197,0
20140922,5.09,5.09,5.09,5.09,138,0
20140923,5.0501,5.0999,5.0501,5.0999,925,0
20140924,5.1,5.1,5.1,5.1,1300,0
20140925,5.1,5.1,5.05,5.05,1056,0
20140929,4.97,4.97,4.97,4.97,125,0
20140930,4.9501,4.9501,4.95,4.95,1048,0
20141001,4.9501,4.9501,4.88,4.88,1000,0
20141002,4.9999,5.09,4.9899,5.0899,6150,0
20141006,5,5.61,5,5.3,8553,0
20141007,5.1189,5.2499,4.9501,5.2499,4450,0
20141008,5,5.2499,5,5.2499,2832,0
20141009,4.9501,4.9501,4.9501,4.9501,2000,0
20141010,4.95,5.27,4.95,5.27,5461,0
20141013,5.05,5.2,5.05,5.09,5896,0
20141014,5,5.1999,5,5.04,9445,0
20141015,4.99,5.12,4.9,5.0999,4611,0
20141016,4.95,5.0301,4.86,5.0301,4488,0
20141017,4.88,5.08,4.7999,4.9,7102,0
20141020,5.17,5.17,5.17,5.17,100,0
20141021,5.1499,5.1499,5.1499,5.1499,168,0
20141022,5.15,5.15,5.15,5.15,118,0
20141023,5.1499,5.1499,5.1499,5.1499,150,0
20141024,5.1499,5.1499,5.1499,5.1499,200,0
20141027,5.02,5.02,5,5,1200,0
20141028,5,5,5,5,200,0
20141030,4.901,4.99,4.901,4.99,832,0
20141031,4.9999,4.9999,4.9999,4.9999,100,0
20141103,4.9999,4.9999,4.9999,4.9999,200,0
20141104,4.9,4.9999,4.9,4.9999,2236,0
20141105,5,5,4.999,4.9999,2300,0
20141106,4.92,4.9999,4.92,4.9999,320,0
20141107,5,5,4.9,4.9,4020,0
20141110,5.1299,5.1299,5.1299,5.1299,180,0
20141111,5.1499,5.1499,5.1499,5.1499,264,0
20141112,5.1499,5.1499,5.1499,5.1499,150,0
20141113,5,5,5,5,100,0
20141114,4.9999,4.9999,4.9999,4.9999,100,0
20141118,4.9999,4.9999,4.9,4.9999,1959,0
20141119,4.99,5.15,4.99,5.1499,4198,0
20141120,5,5.1499,5,5.02,4300,0
20141121,5.14,5.15,5.14,5.15,1042,0
20141124,5.15,5.15,5.15,5.15,115,0
20141125,5.1499,5.1499,5.1499,5.1499,165,0
20141126,5.1499,5.1499,5.1499,5.1499,115,0
20141201,4.999,5.15,4.999,5.15,3165,0
20141202,5.1499,5.1499,5.1499,5.1499,200,0
20141203,5.13,5.15,4.95,5.0399,7495,0
20141204,4.94,5.0299,4.94,5.01,1642,0
20141205,4.9799,5.11,4.9799,5.11,600,0
20141208,4.97,5.0699,4.9,5.0699,1981,0
20141209,5.06,5.06,4.9,4.92,1202,0
20141210,5.06,5.28,4.99,5.12,6055,0
20141211,5.02,5.02,5,5,3501,0
20141212,4.77,5.08,4.76,5.01,3239,0
20141215,5,5,5,5,569,0
20141216,4.9,4.91,4.86,4.9,7652,0
20141217,4.93,4.93,4.93,4.93,2187,0
20141218,4.9,5.03,4.89,5.03,13867,0
20141219,5,5.04,4.95,5.04,917,0
20141222,5,5,5,5,640,0
20141223,5.03,5.03,4.99,4.99,1001,0
20141224,4.95,5.1,4.95,5.1,1641,0
20141229,5,5.013,5,5,3425,0
20141230,5.05,5.05,5.05,5.05,600,0
20150102,5.03,5.1,4.81,4.94,4648,0
20150105,4.96,5.07,4.72,5.07,1500,0
20150106,5,5,4.96,5,3499,0
20150107,4.97,5.03,4.95,5.03,1198,0
20150108,5,5.01,5,5,10000,0
20150114,5.13,5.13,5.04,5.1299,531,0
20150120,5.02,5.02,4.9,5.02,1740,0
20150122,5.191,5.34,5.191,5.34,874,0
20150123,5.25,5.25,5.25,5.25,1000,0
20150126,5.32,5.32,5.3,5.3,500,0
20150127,5.3,5.3,5.3,5.3,2000,0
20150128,5.295,5.34,5.2501,5.34,600,0
20150129,5.25,5.34,5,5.34,7031,0
20150130,5.34,5.34,5.34,5.34,100,0
20150203,5.34,5.34,5.34,5.34,935,0
20150204,5.26,5.26,5.21,5.21,200,0
20150205,5.3,5.39,5.25,5.3886,3710,0
20150206,5.37,5.37,5.37,5.37,725,0
20150209,5.42,5.42,5.4,5.42,1000,0
20150210,5.4699,5.48,5.4699,5.48,980,0
20150211,5.3536,5.3536,5.3536,5.3536,313,0
20150213,5.49,5.5,5.49,5.5,1773,0
20150223,5.5,5.5,5.45,5.49,1855,0
20150225,5.5,5.5,5.47,5.47,3294,0
20150226,5.47,5.47,5.47,5.47,120,0
20150227,5.49,5.49,5.47,5.47,375,0
20150302,5.49,5.49,5.49,5.49,100,0
20150303,5.42,5.49,5.42,5.49,800,0
20150304,5.49,5.49,5.41,5.49,1700,0
20150305,5.49,5.49,5.49,5.49,100,0
20150306,5.41,5.41,5.41,5.41,200,0
20150309,5.49,5.5,5.4,5.4,2200,0
20150310,5.5,5.53,5.31,5.37,55600,0
20150311,5.37,5.44,5.35,5.36,5500,0
20150312,5.35,5.44,5.35,5.38,4300,0
20150313,5.37,5.5,5.36,5.37,11900,0
20150316,5.38,5.47,5.36,5.36,3300,0
20150317,5.49,5.49,5.36,5.36,3000,0
20150318,5.36,5.49,5.26,5.47,3500,0
20150319,5.36,5.5,5.36,5.36,21200,0
20150320,5.38,5.5,5.35,5.5,63500,0
20150323,5.48,5.5,5.4,5.4,1500,0
20150324,5.57,5.59,5.42,5.43,2700,0
20150325,5.59,5.59,5.4,5.45,2400,0
20150326,5.58,5.58,5.58,5.58,400,0
20150327,5.54,5.55,5.5,5.5,600,0
20150330,5.45,5.5,5.45,5.45,22100,0
20150331,5.4524,5.4524,5.35,5.37,2452,0
20150401,5.44,5.5,5.37,5.37,1900,0
20150402,5.55,5.62,5.42,5.52,6000,0
20150406,5.57,5.6,5.35,5.46,4600,0
20150407,5.42,5.42,5.42,5.42,100,0
20150408,5.47,5.47,5.47,5.47,100,0
20150409,5.55,5.55,5.47,5.47,1287,0
20150410,5.47,5.47,5.47,5.47,100,0
20150413,5.46,5.58,5.46,5.47,300,0
20150414,5.47,5.51,5.47,5.51,200,0
20150415,5.5,5.5,5.4,5.41,3201,0
20150416,5.5,5.5899,5.25,5.33,18915,0
20150417,5.5,5.5,5.35,5.35,1100,0
20150420,5.35,5.35,5.35,5.35,150,0
20150422,5.49,5.49,5.49,5.49,354,0
20150424,5.45,5.45,5.45,5.45,498,0
20150427,5.36,5.36,5.36,5.36,1200,0
20150428,5.4235,5.4235,5.4235,5.4235,386,0
20150429,5.42,5.42,5.36,5.36,300,0
20150501,5.29,5.29,5.29,5.29,400,0
20150504,5.4,5.4,5.39,5.4,600,0
20150507,5.45,5.45,5.44,5.45,6516,0
20150514,5.5,5.53,5.46,5.46,50800,0
20150515,5.5,5.5,5.5,5.5,500,0
20150518,5.418,5.418,5.418,5.418,262,0
20150519,5.5199,5.5199,5.5199,5.5199,100,0
20150520,5.5,5.5,5.5,5.5,3200,0
20150521,5.5,5.5,5.5,5.5,16600,0
20150522,5.46,5.5,5.32,5.5,8900,0
20150527,5.5,5.51,5.44,5.44,10600,0
20150528,5.5,5.58,5.5,5.53,3710,0
20150529,5.37,5.48,5.36,5.48,4300,0
20150601,5.4,5.58,5.4,5.58,300,0
20150602,5.5,5.54,5.5,5.54,7165,0
20150603,5.54,5.55,5.43,5.43,7100,0
20150604,5.53,5.53,5.38,5.5,600,0
20150605,5.51,5.53,5.25,5.53,500,0
20150608,5.5,5.52,5.5,5.52,2900,0
20150609,5.52,5.52,5.52,5.52,100,0
20150610,5.31,5.5499,5.31,5.5499,900,0
20150611,5.57,5.57,5.46,5.46,1476,0
20150612,5.5,5.55,5.46,5.55,61600,0
20150615,5.46,5.57,5.44,5.57,400,0
20150616,5.46,5.57,5.45,5.57,500,0
20150617,5.45,5.54,5.45,5.54,300,0
20150618,5.44,5.5,5.44,5.5,300,0
20150619,5.57,5.57,5.38,5.38,1600,0
20150622,5.57,5.57,5.35,5.39,1800,0
20150624,5.49,5.5,5.48,5.5,800,0
20150625,5.44,5.45,5.44,5.45,1700,0
20150626,5.36,5.45,5.31,5.32,22100,0
20150629,5.32,5.32,5.21,5.21,11100,0
20150630,5.21,5.31,5.1,5.13,5747,0
20150701,5.3,5.5,5.3,5.5,3500,0
20150702,5.51,5.54,5.35,5.54,1700,0
20150706,5.5,5.51,5.5,5.5,3200,0
20150707,5.5,5.5,5.5,5.5,1400,0
20150708,5.5,5.56,5.46,5.46,700,0
20150710,5.57,5.57,5.47,5.49,500,0
20150713,5.46,5.46,5.46,5.46,2200,0
20150714,5.47,5.504,5.45,5.504,766,0
20150715,5.56,5.56,5.56,5.56,101,0
20150716,5.46,5.46,5.46,5.46,300,0
20150720,5.46,5.46,5.45,5.45,300,0
20150721,5.45,5.57,5.45,5.57,300,0
20150722,5.45,5.5,5.45,5.5,900,0
20150723,5.45,5.5,5.35,5.49,900,0
20150724,5.54,5.54,5.45,5.45,400,0
20150727,5.45,5.45,5.4,5.45,1700,0
20150728,5.5,5.5,5.4,5.4,500,0
20150729,5.54,5.54,5.54,5.54,200,0
20150730,5.52,5.52,5.52,5.52,200,0
20150731,5.45,5.45,5.45,5.45,700,0
20150803,5.4,5.54,5.4,5.54,1114,0
20150804,5.52,5.52,5.52,5.52,300,0
20150806,5.45,5.45,5.45,5.45,1000,0
20150810,5.45,5.46,5.45,5.46,300,0
20150811,5.45,5.46,5.45,5.45,2300,0
20150812,5.45,5.45,5.45,5.45,1200,0
20150813,5.43,5.46,5.43,5.46,2300,0
20150814,5.45,5.46,5.45,5.46,1300,0
20150817,5.45,5.45,5.45,5.45,400,0
20150818,5.4,5.49,5.4,5.49,1500,0
20150819,5.45,5.45,5.45,5.45,1200,0
20150820,5.45,5.45,5.45,5.45,2000,0
20150821,5.45,5.45,5.45,5.45,200,0
20150824,5.35,5.4,5.35,5.3999,4860,0
20150825,5.35,5.35,5.3,5.35,1000,0
20150826,5.35,5.39,5.35,5.39,200,0
20150827,5.35,5.39,5.35,5.39,200,0
20150828,5.35,5.35,5.35,5.35,1200,0
20150831,5.3,5.35,5.3,5.35,2200,0
20150901,5.35,5.35,5.35,5.35,200,0
20150902,5.3,5.4,5.3,5.3,1700,0
20150903,5.39,5.4,5.3,5.39,8300,0
20150904,5.37,5.37,5.37,5.37,100,0
20150908,5.4,5.5,5.35,5.5,4500,0
20150909,5.4,5.54,5.4,5.54,4900,0
20150910,5.52,5.61,5.4,5.61,12099,0
20150911,5.5,5.7,5.5,5.7,8000,0
20150914,5.7,5.8,5.7,5.8,3500,0
20150915,5.51,6.04,5.51,6.04,4700,0
20150916,6.03,6.03,6,6.03,2600,0
20150917,6.03,6.17,6.03,6.16,4934,0
20150918,6.17,6.21,5.55,5.55,12200,0
20150921,5.77,5.89,5.77,5.89,1500,0
20150922,5.6,5.99,5.6,5.99,1100,0
20150923,5.78,5.82,5.78,5.82,868,0
20150924,5.79,5.9799,5.67,5.9799,588,0
20150928,6,6,5.5,5.83,3521,0
20150929,5.61,5.68,5.6,5.68,800,0
20150930,5.69,5.69,5.6,5.6,600,0
20151002,5.6,5.6,5.5,5.6,700,0
20151005,5.6,5.6,5.55,5.55,400,0
20151007,5.6,5.6,5.6,5.6,503,0
20151008,5.73,5.73,5.73,5.73,100,0
20151009,5.6,5.65,5.6,5.6,400,0
20151013,5.6,5.6,5.6,5.6,300,0
20151019,5.63,5.65,5.51,5.51,2464,0
20151020,5.54,5.7,5.53,5.7,6800,0
20151021,5.76,5.76,5.76,5.76,200,0
20151026,5.72,5.72,5.6,5.6,2000,0
20151027,5.6,5.65,5.52,5.65,12400,0
20151028,5.52,5.72,5.52,5.71,600,0
20151102,5.7701,5.7701,5.72,5.77,1300,0
20151103,5.78,5.78,5.78,5.78,100,0
20151104,5.7201,5.7201,5.7201,5.7201,100,0
20151105,5.72,5.74,5.66,5.74,400,0
20151106,5.7,5.7,5.69,5.69,3500,0
20151109,5.6,5.78,5.6,5.78,8532,0
20151110,5.8,5.8,5.8,5.8,100,0
20151111,5.79,5.79,5.7,5.7,1400,0
20151112,5.77,5.77,5.77,5.77,100,0
20151116,6.02,6.02,5.92,5.92,500,0
20151117,5.97,6.19,5.91,6.19,7600,0
20151118,6.11,6.12,6.11,6.12,900,0
20151119,6.13,6.18,6.13,6.18,1000,0
20151120,6.19,6.19,6.19,6.19,500,0
20151123,6.19,6.19,5.82,6.09,600,0
20151130,6.1,6.1,5.6,5.99,7700,0
20151201,6.02,6.02,6.02,6.02,100,0
20151202,6,6.1499,5.98,6.1499,6740,0
20151203,6.15,6.17,6.14,6.17,5100,0
20151207,5.75,6.19,5.75,6.16,5400,0
20151210,6.1,6.23,6.1,6.1,2100,0
20151215,6.05,6.05,6.05,6.05,100,0
20151217,6.05,6.23,6.02,6.23,800,0
20151218,6.25,6.25,6.25,6.25,800,0
20151221,6.25,6.25,6.25,6.25,100,0
20151223,6.23,6.4,6.23,6.4,3000,0
20151224,6.28,6.28,6.28,6.28,200,0
20151228,6.215,6.2166,6.2,6.2,588,0
20151230,6.3078,6.3078,6.2,6.22,2045,0
20151231,6.2,6.2,6.2,6.2,130,0
20160105,6.393,6.393,6.393,6.393,155,0
20160108,6.15,6.15,6.15,6.15,112,0
20160113,6.16,6.16,6.15,6.15,400,0
20160114,6.15,6.33,6.15,6.33,288,0
20160119,6.18,6.2,6.15,6.2,600,0
20160121,6.15,6.15,5.85,5.85,4048,0
20160122,6.15,6.15,5.9,6.1293,1402,0
20160125,5.934,6.14,5.934,6.14,400,0
20160126,6.14,6.15,6.09,6.15,5731,0
20160129,6.1399,6.14,5.92,5.9602,901,0
20160203,6.14,6.14,6.14,6.14,100,0
20160205,6.14,6.14,6.131,6.14,300,0
20160208,5.9,5.9,5.9,5.9,100,0
20160209,6.1399,6.1399,6.1399,6.1399,100,0
20160210,5.9,5.9,5.9,5.9,500,0
20160211,6.07,6.07,5.9,5.9,1775,0
20160216,5.9,6,5.9,6,396,0
20160217,5.9,6,5.9,6,287,0
20160219,6,6,6,6,100,0
20160223,5.9,6,5.9,6,8952,0
20160226,5.9,6,5.9,6,3500,0
20160229,5.93,5.93,5.93,5.93,254,0
20160301,5.85,6.1,5.85,5.95,18145,0
20160302,5.85,5.9,5.85,5.85,18242,0
20160303,5.85,6.05,5.85,5.85,11623,0
20160304,5.85,5.8795,5.85,5.85,17931,0
20160307,5.893,5.893,5.893,5.893,200,0
20160309,5.8785,5.8785,5.8785,5.8785,200,0
20160310,5.87,5.87,5.85,5.85,3035,0
20160314,5.9395,5.9395,5.9395,5.9395,637,0
20160315,6.06,6.06,5.88,5.88,1100,0
20160317,5.99,5.99,5.99,5.99,156,0
20160318,5.8722,5.98,5.8722,5.98,503,0
20160322,5.86,5.976,5.85,5.85,787,0
20160323,5.85,6,5.85,6,7765,0
20160328,5.8371,5.9,5.8371,5.9,950,0
20160329,5.8,5.8,5.8,5.8,264,0
20160330,5.7872,5.99,5.7872,5.99,300,0
20160331,5.75,5.9075,5.75,5.9,8131,0
20160401,5.95,5.95,5.9,5.9,263,0
20160404,5.9,5.95,5.9,5.95,248,0
20160405,5.9075,5.9075,5.9075,5.9075,250,0
20160406,5.9,5.9,5.9,5.9,613,0
20160407,5.9176,5.9176,5.9,5.9,300,0
20160408,5.9,5.9289,5.9,5.9,1100,0
20160412,5.9,5.9499,5.9,5.9499,1312,0
20160413,5.94,5.95,5.94,5.9401,500,0
20160415,5.9,5.9,5.9,5.9,221,0
20160418,5.9,5.9,5.9,5.9,163,0
20160420,6,6,5.9,5.9,1359,0
20160425,5.92,5.92,5.92,5.92,100,0
20160426,5.9,5.9,5.9,5.9,500,0
20160427,6.08,6.08,5.88,5.8999,4090,0
20160428,5.94,6.0999,5.94,6.085,53043,0
20160429,6.1,6.11,6.1,6.1,1746,0
20160502,6,6,6,6,257,0
20160503,6.005,6.005,6,6,10300,0
20160504,6.01,6.01,6.01,6.01,100,0
20160505,6.12,6.12,6.01,6.01,300,0
20160506,6,6,6,6,100,0
20160517,6,6.0001,6,6,1329,0
20160518,6,6.0225,6,6.0225,668,0
20160519,6.12,6.12,6,6.12,14400,0
20160520,6.0001,6.0001,6,6,856,0
20160531,6,6.0001,6,6.0001,707,0
20160601,6.02,6.02,5.6,5.6,3572,0
20160602,6,6.009,6,6.009,4237,0
20160606,6.1505,6.2,6.13,6.13,692,0
20160608,6.05,6.106,6.05,6.106,800,0
20160609,6.11,6.11,5.67,6.1,4516,0
20160610,6.06,6.06,6.05,6.05,775,0
20160613,6.07,6.0855,6.05,6.05,2751,0
20160614,6.07,6.07,6.07,6.07,100,0
20160616,6.09,6.09,6.09,6.09,100,0
20160617,6.06,6.15,6.0506,6.0506,9100,0
20160620,6.05,6.15,6.05,6.15,2648,0
20160622,6.1,6.1,6.05,6.05,300,0
20160623,6.08,6.08,6.08,6.08,130,0
20160624,6.32,6.32,5.87,5.87,1200,0
20160627,5.9,6.07,5.9,6.01,4401,0
20160628,6.15,6.19,6.15,6.19,529,0
20160629,6.06,6.06,6.06,6.06,195,0
20160712,5.86,5.88,5.851,5.851,1350,0
20160713,6,6,6,6,1250,0
20160714,5.96,6,5.93,6,600,0
20160718,6.1499,6.2,5.96,6.1,4170,0
20160719,5.93,6.0843,5.9101,6.0843,2900,0
20160720,5.86,5.86,5.851,5.851,625,0
20160721,5.85,5.85,5.85,5.85,2017,0
20160722,5.9501,5.9501,5.9501,5.9501,199,0
20160725,5.9279,5.95,5.92,5.92,2700,0
20160729,5.85,6,5.85,6,600,0
20160801,5.85,6,5.85,6,966,0
20160802,5.85,6.25,5.85,6.25,3384,0
20160808,6.29,6.29,6.1,6.155,5100,0
20160809,6.29,6.29,6.29,6.29,100,0
20160812,6.11,6.154,6.11,6.154,400,0
20160816,6.252,6.252,6.168,6.168,450,0
20160817,6.1595,6.1595,6.0275,6.1445,510,0
20160822,6,6.0512,6,6.0512,1224,0
20160823,6,6.05,6,6.0499,2709,0
20160824,6.15,6.15,6.15,6.15,841,0
20160826,6.15,6.21,6.15,6.21,1300,0
20160909,6.191,6.191,6.1,6.1,1037,0
20160916,6.1,6.23,6.1,6.23,426,0
20160919,6.1,6.1,6.1,6.1,2131,0
20160922,6.1,6.21,6.1,6.12,6672,0
20160923,6.1,6.1,6.1,6.1,5646,0
20160926,6.1,6.1305,6.1,6.1305,2200,0
20160927,6.1,6.1836,6,6.1836,5233,0
20161003,6.1,6.1,6.1,6.1,625,0
20161004,6.1302,6.1302,6.1,6.1199,1473,0
20161005,6.1,6.1,6.1,6.1,590,0
20161006,6.1,6.1,6.1,6.1,1380,0
20161007,6.1001,6.19,6.1001,6.19,1975,0
20161011,6.1,6.11,6.1,6.11,725,0
20161012,6.11,6.11,6.1,6.1,3368,0
20161013,6.1,6.1,6.02,6.02,316,0
20161014,6.1037,6.1037,6.1037,6.1037,172,0
20161017,6,6.13,6,6.1299,2641,0
20161018,6.05,6.0501,6.05,6.0501,823,0
20161019,6.1319,6.1319,6.1319,6.1319,300,0
20161020,6.1708,6.1708,6.12,6.12,920,0
20161021,6.05,6.14,6.05,6.05,529,0
20161024,6.12,6.12,6.1,6.1019,1500,0
20161026,6.12,6.12,6.12,6.12,1602,0
20161027,6.1201,6.16,6.1201,6.16,587,0
20161101,6.06,6.06,6.06,6.06,500,0
20161102,6.11,6.11,6.0591,6.0591,1145,0
20161103,6.15,6.15,6.15,6.15,988,0
20161108,6.1593,6.1593,6.15,6.15,1277,0
20161110,6.15,6.1568,6.15,6.1568,2002,0
20161111,6.219,6.219,6.15,6.15,1494,0
20161115,6.1985,6.23,6.1599,6.1599,2121,0
20161116,6.16,6.16,6.16,6.16,300,0
20161117,6.15,6.16,6.12,6.12,5107,0
20161118,6.23,6.23,6.2,6.23,1760,0
20161121,6.2103,6.2103,6.2,6.2,4096,0
20161122,6.2093,6.2093,6.2,6.2,412,0
20161123,6.2,6.2,6.07,6.1809,4058,0
20161128,6.1593,6.2,6.1593,6.2,1949,0
20161129,6.2,6.2,6.2,6.2,103,0
20161201,6.25,6.25,6.2,6.25,2747,0
20161202,6.2,6.2,6.2,6.2,100,0
20161205,6.2,6.2,6.2,6.2,141,0
20161206,6.2,6.2,6.2,6.2,110,0
20161207,6.2,6.2001,6.2,6.2,3113,0
20161208,6.2061,6.26,6.2061,6.25,4749,0
20161209,6.25,6.3313,6.25,6.31,669,0
20161212,6.3001,6.31,6.3001,6.31,1366,0
20161213,6.31,6.31,6.3,6.3,1313,0
20161214,6.453,6.48,6.3941,6.4694,4618,0
20161215,6.4727,6.48,6.36,6.45,5514,0
20161219,6.3564,6.38,6.3564,6.38,1348,0
20161220,6.44,6.45,6.44,6.45,1600,0
20161221,6.36,6.393,6.3501,6.3908,1417,0
20161222,6.48,6.68,6.48,6.68,7203,0
20161227,6.59,6.59,6.3964,6.42,21224,0
20161228,6.42,6.5,6.3,6.3,3258,0
20161229,6.4472,6.4472,6.4472,6.4472,762,0
20161230,6.5,6.5,6.3,6.4,2804,0
20170103,6.42,6.85,6.3,6.6424,67630,0
20170104,6.3745,6.99,6.32,6.41,108794,0
20170105,6.4373,6.94,6.43,6.7501,38093,0
20170106,6.76,7.45,6.5863,7,129755,0
20170109,6.9692,7.38,6.9492,7.05,11499,0
20170110,6.94,7.0997,6.85,6.85,4812,0
20170111,7.0272,7.0272,6.84,6.8537,447,0
20170117,6.8383,6.8383,6.8383,6.8383,609,0
20170118,6.613,6.9784,6.6108,6.9784,930,0
20170119,6.85,7.1,6.82,6.94,31894,0
20170120,7.14,7.14,6.94,6.94,13098,0
20170123,7.05,7.48,6.98,7.2,74155,0
20170124,7.26,7.4116,6.82,7.16,14346,0
20170125,7,7.25,7,7.25,2524,0
20170127,7.2433,7.2433,7.2433,7.2433,562,0
20170130,6.9154,6.9154,6.9154,6.9154,100,0
20170131,6.92,6.93,6.8904,6.9231,6134,0
20170201,6.82,7.05,6.82,7.05,7132,0
20170203,7.04,7.04,7,7.01,1278,0
20170206,7.0275,7.0275,6.8759,6.8759,1141,0
20170207,6.8671,7.5,6.84,7.5,51866,0
20170208,7.15,7.25,6.91,7.2,20929,0
20170209,7.24,7.24,7.16,7.24,1514,0
20170210,7.5,7.5,7.5,7.5,200,0
20170213,7.5,7.5,7.45,7.45,432,0
20170214,7.44,7.44,7.44,7.44,200,0
20170215,7.45,7.65,7.45,7.65,313,0
20170216,7.7,8.2,7.7,8.2,767,0
20170217,8.2,8.8685,7.8908,8.25,3526,0
20170221,9.9,12,9.09,9.45,5949,0
20170222,9.4,9.49,9,9.49,1006,0
20170223,9.2,9.2,9.2,9.2,109,0
20170224,9.04,9.45,8.2,9.45,5127,0
20170227,9.36,9.36,8.97,9.2,891,0
20170228,9.26,9.26,8.01,9.1269,1868,0
20170301,8.75,9.12,8.75,8.94,1156,0
20170302,8.9999,9,8.94,8.94,1371,0
20170303,8.84,9.17,8.84,8.95,2056,0
20170306,8.9,8.91,8.9,8.91,1967,0
20170307,8.95,8.95,8.8747,8.8747,883,0
20170308,8.87,8.87,8.87,8.87,100,0
20170309,8.8,8.81,8.04,8.75,1477,0
20170310,8.94,8.94,8.4,8.4,1181,0
20170313,8.67,8.69,8.32,8.32,406,0
20170314,8.27,8.68,8.2,8.2,811,0
20170315,8.2,8.2,8.2,8.2,355,0
20170316,8.34,8.34,8.22,8.22,675,0
20170317,8.2,8.3,8.15,8.15,2398,0
20170321,8.4099,8.4099,8.25,8.2509,908,0
20170323,8.01,8.1138,8.001,8.1138,867,0
20170324,8.29,8.29,8.1,8.1,1100,0
20170327,8.06,8.07,7.98,7.98,524,0
20170328,8.0221,8.0221,7.98,8,1160,0
20170329,7.37,7.98,7.3553,7.98,565,0
20170330,7.997,8,7.98,8,2728,0
20170331,7.9428,7.9428,7.9428,7.9428,973,0
20170403,7.7,7.7,7.7,7.7,315,0
20170404,7.94,7.94,7.52,7.52,900,0
20170406,7.5,7.5,7.5,7.5,100,0
20170407,7.52,7.5313,7.5,7.5,1210,0
20170410,7.54,7.8,7.1,7.27,6426,0
20170411,7.35,7.42,7.11,7.11,2370,0
20170412,7.33,7.3393,7.12,7.12,1528,0
20170413,7.2,7.2,7.02,7.02,457,0
20170417,7.05,7.15,7.02,7.02,2237,0
20170418,7.1143,7.1143,7.01,7.01,698,0
20170419,7.05,7.05,7.05,7.05,224,0
20170420,7.08,7.08,7.02,7.02,724,0
20170421,7.05,7.05,7,7,525,0
20170424,7.0329,7.0329,7.0329,7.0329,229,0
20170425,7.0494,7.115,7.0331,7.115,400,0
20170426,7.01,7.1014,7,7.0917,10820,0
20170427,7.13,7.2,7.01,7.2,4555,0
20170428,7.07,7.07,7.07,7.07,100,0
20170501,7.3,7.33,7.3,7.32,563,0
20170502,7.1453,7.16,7.1453,7.16,391,0
20170503,7.25,7.25,7.07,7.07,400,0
20170505,6.95,7.23,6.95,7.23,733,0
20170508,7.145,7.145,7.1074,7.1074,846,0
20170510,7.2,7.2,7.2,7.2,423,0
20170515,6.91,6.91,6.91,6.91,100,0
20170516,7.0892,7.1999,7.0892,7.1999,2500,0
20170517,7.02,7.0305,6.9,6.91,1966,0
20170518,6.9609,6.961,6.91,6.9401,1023,0
20170523,6.95,7.1456,6.9001,7.1456,1125,0
20170524,7,7.1044,6.966,7.1044,436,0
20170525,7.17,7.27,6.9826,7.15,8973,0
20170531,7.17,7.17,7.17,7.17,200,0
20170601,7.15,7.15,7.1,7.1,683,0
20170602,7.1664,7.1664,7.139,7.139,679,0
20170605,7,7,7,7,100,0
20170606,6.98,6.98,6.91,6.91,366,0
20170607,7,7.0281,7,7.0281,1260,0
20170609,7.29,7.29,7.02,7.05,3003,0
20170612,7.28,7.28,7.28,7.28,148,0
20170613,7.24,7.45,7.23,7.45,3325,0
20170614,7.4535,7.66,7.4535,7.66,4998,0
20170615,7.66,7.7,7.66,7.7,3389,0
20170616,7.5788,7.5788,7.5788,7.5788,1013,0
20170619,7.441,7.441,7.09,7.09,2826,0
20170620,7.39,7.39,7.3,7.3,704,0
20170621,7.01,7.42,7.01,7.01,3642,0
20170622,7.247,7.25,7,7.09,8578,0
20170623,7.11,7.11,7,7,3131,0
20170626,7.07,7.15,7.07,7.1,5392,0
20170627,7.1,7.15,7.05,7.05,8790,0
20170628,7.15,7.48,7,7.48,102096,0
20170703,7.49,7.5,7.48,7.48,535,0
20170705,7.3756,7.38,7.3138,7.34,3008,0
20170706,7.3415,7.39,7.3415,7.39,953,0
20170707,7.41,7.8608,7.372,7.59,5457,0
20170712,7.45,7.58,7.4,7.57,5205,0
20170713,7.5798,7.5798,7.5,7.51,3932,0
20170714,7.48,7.59,7.3362,7.45,2298,0
20170717,7.51,7.51,7.51,7.51,500,0
20170718,7.537,7.54,7.537,7.5392,308,0
20170719,7.53,7.59,7.53,7.59,706,0
20170720,7.61,7.8001,7.56,7.69,5580,0
20170721,7.71,7.7972,7.71,7.73,5981,0
20170724,7.8684,7.97,7.8684,7.97,371,0
20170725,7.9499,8.27,7.86,7.89,1603,0
20170726,7.65,7.87,7.65,7.87,1702,0
20170727,7.95,7.99,7.95,7.97,2430,0
20170728,7.97,7.98,7.97,7.98,1870,0
20170731,7.77,7.95,7.76,7.9422,5221,0
20170801,7.95,8.0231,7.95,8.0231,3700,0
