Date,Open,High,Low,Close,Volume,OpenInt
20141106,12.75,13.15,12.27,12.61,3432498,0
20141107,12.74,15.55,12.62,15.1,554608,0
20141110,15.8,16.25,14.55,15.26,253887,0
20141111,14.42,15.368,13.8,14.95,133045,0
20141112,14.72,14.72,14.01,14.42,70711,0
20141113,14.79,14.79,13.63,13.9,128723,0
20141114,14.25,14.25,13.33,13.92,129415,0
20141117,13.38,14.1,12.5,13.15,170804,0
20141118,13.2,13.88,13.16,13.16,75946,0
20141119,12.97,13.5,12.97,13.16,111869,0
20141120,13.14,13.56,12.7,13,67321,0
20141121,12.97,13.38,12.75,13.05,65917,0
20141124,13.22,13.54,13.09,13.41,186099,0
20141125,13.71,14.49,13.63,13.75,104129,0
20141126,13.77,14.118,13.25,13.59,55353,0
20141128,13.59,13.82,13.21,13.73,26184,0
20141201,13.31,13.69,13.1,13.37,73278,0
20141202,13.75,14.48,13.298,14.14,327358,0
20141203,14.34,14.89,13.818,14.25,112493,0
20141204,14.56,14.589,14,14.18,113462,0
20141205,13.96,14.631,13.96,14.37,77801,0
20141208,14.89,15,14.12,14.34,122299,0
20141209,14,15.534,13.85,15.19,160965,0
20141210,15,15.24,14.76,14.97,109993,0
20141211,15.1,15.53,14.351,14.52,309919,0
20141212,14.25,14.78,13.8,14.12,137361,0
20141215,14.01,14.55,13.01,13.78,262219,0
20141216,13.82,14.47,13.19,13.63,215824,0
20141217,13.5,13.94,12.5,13.04,354849,0
20141218,13.31,13.425,12.38,13.15,203194,0
20141219,13.07,13.43,12.7,12.76,927084,0
20141222,12.84,13.18,12.8,12.82,87617,0
20141223,12.97,14.42,12.97,14.06,155451,0
20141224,14.02,15.138,13.84,14.85,102972,0
20141226,14.94,15.7,14.88,15.68,90917,0
20141229,15.75,16.47,15.67,16.36,82864,0
20141230,16.72,17.312,16,16.03,146672,0
20141231,16.13,16.61,16.13,16.32,127531,0
20150102,16.45,16.73,15.59,15.82,104166,0
20150105,16,16.58,15.5,16.06,132499,0
20150106,16.16,17.51,15.94,16.84,233442,0
20150107,16.96,19.99,16.665,19.79,221003,0
20150108,20.97,23.63,20.1,21.32,448680,0
20150109,21.32,23.6,21,22.24,470685,0
20150112,22.15,22.81,20.78,21.38,185056,0
20150113,21.39,23.269,21.39,22.44,350703,0
20150114,22.47,24.46,22.34,22.78,268218,0
20150115,23.53,23.74,20.5,20.99,211227,0
20150116,21,21.674,18.504,20.6,201658,0
20150120,20.34,21.64,20.01,21.07,165945,0
20150121,21.09,21.09,20.01,20.44,61335,0
20150122,20.05,21.11,19.539,20.86,66018,0
20150123,20.93,20.94,19.97,20.03,65226,0
20150126,20.71,22.99,20.29,22.14,184238,0
20150127,21.89,23.2,21.89,22.26,104065,0
20150128,22.57,22.62,21.28,22.19,105847,0
20150129,22.6,23.05,22,23,85982,0
20150130,22.74,23.51,22.2,22.44,131470,0
20150202,22.58,22.84,21.81,22.49,69301,0
20150203,22.5,22.5,21,21.91,69064,0
20150204,22.4,22.4,21,21.65,50425,0
20150205,21.64,24.78,21.64,24.39,687185,0
20150206,24.45,29.4,23.931,28.66,605588,0
20150209,28,32.71,27.29,32.36,519512,0
20150210,32.88,32.95,29.08,29.36,324744,0
20150211,29.3,29.5,27.11,27.46,88612,0
20150212,27.56,29.36,26.78,27.82,209779,0
20150213,28.1,28.47,26.06,27.11,105430,0
20150217,28.47,28.47,26.16,26.58,131850,0
20150218,26.66,28.17,26.55,27.99,137538,0
20150219,27.79,28.21,27.17,27.39,59100,0
20150220,27.47,27.74,26.5,27.45,58576,0
20150223,27.5,28.11,26.76,28.11,87513,0
20150224,28.24,30.38,28.09,29.86,186212,0
20150225,29.68,33,29.68,32.16,108887,0
20150226,32.17,33.16,30.41,32.7,125431,0
20150227,32.58,32.78,30.6,31.59,152294,0
20150302,31.57,33,31.39,32.85,119500,0
20150303,32.93,33.3,31.54,31.77,86000,0
20150304,31.75,32.99,30.69,32.62,142900,0
20150305,33.01,33.15,29.26,29.71,190800,0
20150306,29.8,30.4,27.01,27.48,211700,0
20150309,27.64,27.97,25.41,26.98,155100,0
20150310,26.5,28.95,26.17,27.84,128400,0
20150311,27.79,28.25,27.1,27.48,79600,0
20150312,27.59,28.72,27.47,28.02,94700,0
20150313,28.13,29.65,28,28.96,129800,0
20150316,29.25,32.5,29.18,29.91,224900,0
20150317,29.94,31.68,29.91,30.77,184200,0
20150318,30.85,32.42,30.75,31.79,157700,0
20150319,31.9,32.37,28.34,28.73,267800,0
20150320,28.4,28.87,25.25,26.46,317000,0
20150323,26.58,26.98,25.09,25.6,185800,0
20150324,28.71,30,27,27.18,504000,0
20150325,27.04,27.16,23.25,24.55,305700,0
20150326,24.54,28.4,24.36,26.97,268800,0
20150327,27.13,28.47,26.08,28.41,165600,0
20150330,28.42,31.5,27.83,30.02,292600,0
20150331,29.61,31.11,28.98,30.58,259500,0
20150401,29.68,29.7,26.76,27.28,2502000,0
20150402,27.46,28.13,26.64,28.05,385500,0
20150406,28.09,28.25,26.74,27.42,171700,0
20150407,27.51,27.73,26,27.01,437603,0
20150408,27.04,27.2,25.99,26.5,256500,0
20150409,26.62,27.726,25.99,27.27,250645,0
20150410,27.11,27.61,25.97,26.05,267200,0
20150413,26.05,26.32,23.2,23.76,837300,0
20150414,23.76,27.42,23.65,27.08,631700,0
20150415,27.1,27.25,25.85,26.53,159403,0
20150416,26.44,26.91,25.8,26,82883,0
20150417,25.88,25.88,24.62,25.44,130500,0
20150420,25.55,26.43,25.16,26.25,132588,0
20150421,26.28,26.74,25.126,25.68,105474,0
20150422,25.57,26,24.71,24.79,157610,0
20150423,24.79,24.84,23.85,24.4,174200,0
20150424,24.42,24.43,23.41,23.52,130200,0
20150427,23.63,23.72,21.66,22.74,233500,0
20150428,23.02,23.36,20.02,21.7,432500,0
20150429,21.68,22.86,21,22.65,323400,0
20150430,22.53,22.56,21.65,21.77,267400,0
20150501,21.99,23.79,21.88,23.62,337800,0
20150504,24.16,24.16,22.42,23.55,139700,0
20150505,23.45,23.69,21.87,22.15,190000,0
20150506,21.9,22.41,21.54,21.95,179549,0
20150507,21.98,22.06,21.22,21.44,172284,0
20150508,21.82,21.95,21,21.07,224100,0
20150511,21.17,21.87,20.9,21.08,192900,0
20150512,22.12,22.25,20.176,21.1,237312,0
20150513,21.06,21.53,20.91,21.23,344400,0
20150514,21.35,22.74,21.1,22.63,254100,0
20150515,22.63,24.09,21.89,24.05,231151,0
20150518,24,24.795,23.6,24.59,198004,0
20150519,24.51,25.68,24.41,25.3,248400,0
20150520,25.33,25.74,24.93,25.19,204900,0
20150521,25.19,25.48,24.52,25.26,144400,0
20150522,25.05,25.44,24.62,24.98,210300,0
20150526,24.71,25.14,24.63,25.11,110942,0
20150527,24.94,25.46,24.65,25.34,173900,0
20150528,25.34,25.54,24.66,24.97,333590,0
20150529,24.99,24.99,24.33,24.57,191800,0
20150601,24.25,25.26,24.25,24.99,152400,0
20150602,24.87,25.32,24.689,24.99,71662,0
20150603,25.05,25.8,24.76,24.97,337500,0
20150604,24.81,25.24,24.09,24.93,170700,0
20150605,24.79,25.8,24.05,25.11,539500,0
20150608,25.48,26.63,24.89,26.46,294600,0
20150609,26.56,26.749,25.5,26.44,198820,0
20150610,26.64,27.95,25.54,27.75,324771,0
20150611,27.79,27.88,26.83,27.75,246762,0
20150612,27.34,27.52,25.9,26.6,653100,0
20150615,26.12,27.22,25.79,26.62,343500,0
20150616,26.54,26.73,26.3,26.58,160900,0
20150617,26.75,27.27,26.15,27.02,279800,0
20150618,27.07,27.46,26.27,27.1,280300,0
20150619,27,27.97,26.77,27.84,531900,0
20150622,27.98,29.25,27.73,28.65,448500,0
20150623,28.61,28.94,27.28,28.06,301801,0
20150624,27.99,28.47,26.73,27.27,232700,0
20150625,27.32,28.75,26.15,27.47,267000,0
20150626,27.48,28.99,27.36,28.31,2844600,0
20150629,28,28.48,27.45,27.74,373600,0
20150630,28.1,29.11,27.7,28.9,437701,0
20150701,29,29.9,28.69,29.84,287400,0
20150702,29.9,29.9,27.67,29,262400,0
20150706,28.51,29.79,28.24,29.28,262100,0
20150707,29.39,29.61,28.63,29.49,163900,0
20150708,29.06,29.25,28.08,28.56,300500,0
20150709,28.95,30.19,28.45,29.87,257500,0
20150710,30.56,34.99,30.31,33.06,1015900,0
20150713,33.16,34.71,33.16,33.99,297800,0
20150714,34.11,36.49,33.51,34.45,520510,0
20150715,34.61,35.68,34.42,34.76,241815,0
20150716,34.88,36.9,34.76,36.85,295300,0
20150717,36.79,37.34,36.18,36.52,199000,0
20150720,36.52,37.22,35.59,37.18,122800,0
20150721,37.19,37.72,36.25,37.08,155300,0
20150722,36.71,38.1,36.23,37.46,142600,0
20150723,37.6,37.99,35.1,35.99,185300,0
20150724,35.77,36.69,35.08,35.46,148100,0
20150727,34.81,36.39,34.36,36.2,183300,0
20150728,36.23,36.81,35.52,36.09,96500,0
20150729,36.04,37.02,35.38,35.39,163000,0
20150730,35.15,35.5,31.68,33.72,1169700,0
20150731,33.56,35.6,33.56,35.08,147100,0
20150803,35,35.75,34.37,35.03,136258,0
20150804,35.18,35.33,34.54,34.67,134200,0
20150805,35,35.72,34.62,35.4,205800,0
20150806,35.78,35.78,33.19,33.51,159899,0
20150807,33.22,34.01,32.13,33.84,156200,0
20150810,33.78,34.19,33.09,33.87,267900,0
20150811,34,34,31.58,33.15,670790,0
20150812,32.69,33.67,31.9,33.5,141800,0
20150813,33.27,35.05,32.81,34.31,204000,0
20150814,34.11,34.53,33.42,34.14,423900,0
20150817,33.88,34.31,32.95,33.2,180200,0
20150818,33.29,33.52,31.87,31.99,125600,0
20150819,31.7,31.7,30.35,30.42,152300,0
20150820,29.8,30.41,28.92,29.51,185800,0
20150821,28.55,30.93,28.53,29.87,257100,0
20150824,27.08,30.22,26.93,27.99,233985,0
20150825,29,29,27.3,27.4,268000,0
20150826,27.68,29.01,26.76,27.4,285200,0
20150827,27.5,28.61,27.06,28.54,274000,0
20150828,28.45,29.25,28.15,28.98,136900,0
20150831,29.05,29.33,27.46,27.6,162900,0
20150901,27.02,27.94,26,26.95,117900,0
20150902,27.38,28.19,26.85,27.68,64800,0
20150903,27.7,27.99,26.55,26.72,194800,0
20150904,26.56,27.15,25.24,27.07,242500,0
20150908,27.11,27.11,24.78,25.85,269300,0
20150909,25.68,26.8,25.5,25.63,267600,0
20150910,25.69,26.132,25.54,25.78,178368,0
20150911,25.62,26.48,25.25,26.41,154000,0
20150914,26.57,26.57,25.73,25.78,186100,0
20150915,25.9,26.77,25.68,26.39,105300,0
20150916,26.31,26.6,25.7,26.49,115200,0
20150917,26.5,28.75,26.5,28.16,171800,0
20150918,27.81,28.45,27.22,27.69,226800,0
20150921,28.02,28.2,26.01,27.01,153300,0
20150922,26.64,27.05,26.02,26.19,182400,0
20150923,26.18,26.62,25.56,26.1,142600,0
20150924,25.98,26.37,25.14,26.27,183595,0
20150925,26.64,26.68,23.14,23.19,284500,0
20150928,23.18,23.35,21.54,22.49,309874,0
20150929,22.44,22.44,19.32,19.92,418200,0
20150930,20.15,20.96,19.79,20.04,250400,0
20151001,20.15,20.15,18.01,18.83,365200,0
20151002,18,20.64,16.96,20.63,585000,0
20151005,20.73,22.685,20.73,22.56,397270,0
20151006,22.48,24.02,22.22,23.48,421600,0
20151007,23.85,24.16,22.74,23.82,305800,0
20151008,23.67,23.86,22.23,23.36,176000,0
20151009,23.43,23.99,23.09,23.29,128300,0
20151012,23.45,23.68,22.55,22.84,112087,0
20151013,22.65,23.01,21.27,21.51,231600,0
20151014,21.58,22.31,21.43,21.8,154100,0
20151015,21.76,23.67,21.62,23.54,128900,0
20151016,23.64,25.17,23.64,24.8,207700,0
20151019,24.75,25.16,23.09,23.74,95300,0
20151020,23.82,24.41,23.05,23.19,88896,0
20151021,23.37,24.24,21.7,23.02,191600,0
20151022,23.2,23.5,22.13,23.03,374600,0
20151023,23.37,25.05,23.22,24.66,204000,0
20151026,24.6,25.7,23.92,25.04,131300,0
20151027,25.01,27.25,25.01,27.15,488400,0
20151028,27.21,29.08,26,27.54,341200,0
20151029,27.47,28.81,27.47,28.39,412700,0
20151030,28.25,28.69,27.55,27.85,592500,0
20151102,28,29.53,28,28.71,306729,0
20151103,28.59,29.48,28.19,28.81,141000,0
20151104,28.95,29.62,28.35,29.31,224847,0
20151105,29.16,29.89,28.29,29.09,260100,0
20151106,28.93,29.61,28.16,29.4,147300,0
20151109,29.38,30.33,28.91,29.06,234735,0
20151110,28.7,29.73,27.93,29.55,216400,0
20151111,29.82,29.96,28.37,28.44,157800,0
20151112,28.16,28.56,26.8,26.94,155600,0
20151113,26.76,28.29,26.69,26.82,294500,0
20151116,27.08,27.66,26.39,26.98,123100,0
20151117,27,28.29,27,27.26,201900,0
20151118,27.49,27.49,26.26,27.23,118900,0
20151119,26.88,27.26,26.6,27.1,145100,0
20151120,27.09,28.27,26.92,27.61,269000,0
20151123,28.22,29.98,28.05,29.59,436400,0
20151124,29.52,30.05,28.91,29.96,176000,0
20151125,30.04,30.81,29.1,29.52,289900,0
20151127,29.52,30.66,29.35,30.56,36400,0
20151130,30.99,31.84,30,30.37,253800,0
20151201,29.78,30.05,28.19,29.83,151588,0
20151202,29.83,30.83,29.41,29.83,171382,0
20151203,30,30.48,28.25,28.3,121447,0
20151204,28.23,29.39,27.05,29.23,262300,0
20151207,29.15,29.15,27.53,27.68,108300,0
20151208,27.42,28.69,27.36,28.2,199368,0
20151209,26.85,26.85,23.96,24.3,667100,0
20151210,24.37,25.9,24.2,25.89,125900,0
20151211,25.5,26.52,24.28,24.59,180600,0
20151214,24.69,25.5,23.73,24.36,270684,0
20151215,24.74,26.13,24.48,25.87,243300,0
20151216,26.13,26.99,25.2,25.35,366800,0
20151217,25.53,25.57,23.18,23.3,308500,0
20151218,23.17,23.91,22.2,22.41,1343400,0
20151221,22.39,23.3,22.01,22.31,189800,0
20151222,22.33,22.35,21.1,21.55,168980,0
20151223,21.73,22.55,21.52,22.4,116000,0
20151224,22.43,23.19,22.27,22.97,67308,0
20151228,22.84,22.93,22.01,22.27,87186,0
20151229,22.42,23.91,22.15,23.74,136237,0
20151230,23.64,24.18,23.14,23.32,58119,0
20151231,23.19,23.51,22.83,22.96,70958,0
20160104,22.49,22.565,21.01,21.07,161808,0
20160105,21.19,21.35,20.32,20.59,212120,0
20160106,20.29,20.46,18.36,18.87,387447,0
20160107,18.38,18.77,17.34,18.28,657341,0
20160108,18.51,18.96,17.8,18.27,145801,0
20160111,18.47,18.63,16.68,17.71,418467,0
20160112,17.97,18.55,16.19,16.7,562595,0
20160113,16.74,17.04,13.68,14.07,320114,0
20160114,14.3,16.07,13.24,16,361958,0
20160115,15.33,16.21,15.05,16.19,285234,0
20160119,16.42,16.5,14.59,15.1,311400,0
20160120,14.78,15.97,12.96,15.02,598917,0
20160121,15.46,15.57,13.97,14.03,393666,0
20160122,14.41,14.89,14.15,14.49,284737,0
20160125,14.38,15.09,14.38,14.69,237046,0
20160126,14.82,14.82,13.7648,14.55,170155,0
20160127,14.56,14.62,13.43,13.61,200953,0
20160128,13.7,13.92,12.98,13.36,170180,0
20160129,13.28,13.625,12.95,13.28,248177,0
20160201,13.2,13.405,12.34,13.16,270558,0
20160202,13.36,13.59,12.94,13.12,529435,0
20160203,13.26,13.33,12.17,12.75,302905,0
20160204,12.62,13.37,12.42,13.24,203093,0
20160205,13.48,15.28,13.35,14.33,729581,0
20160208,14.02,14.325,12.3501,12.54,287506,0
20160209,12.23,13.0899,12.04,12.71,173704,0
20160210,12.78,13.67,12.59,12.85,178118,0
20160211,12.48,13.52,12.3101,13.34,199662,0
20160212,13.56,13.99,12.8,13.61,197867,0
20160216,13.9,15.27,13.81,14.69,208925,0
20160217,14.8,16.205,14.69,15.41,218213,0
20160218,15.52,15.605,14.52,14.66,160905,0
20160219,14.58,14.72,13.9,14.63,180533,0
20160222,14.81,14.88,14.39,14.6,249015,0
20160223,14.53,14.73,13.85,13.94,302962,0
20160224,13.75,14.07,13.1,13.99,172112,0
20160225,14.04,14.18,13.415,13.82,75895,0
20160226,13.99,14.62,13.98,14.43,81507,0
20160229,14.38,14.89,14,14.19,230083,0
20160301,13.85,15.03,13.12,15.02,227061,0
20160302,15,19.07,14.92,17.64,453333,0
20160303,17.82,18.08,16.8,18.06,200637,0
20160304,18.02,19.44,17.44,18.46,284182,0
20160307,18.4,20.82,18.4,19.93,273857,0
20160308,19.84,20.16,18.07,19.27,315520,0
20160309,19.29,19.755,17.94,19.61,199057,0
20160310,19.44,19.6,17.58,18,278885,0
20160311,18.28,19.11,18.22,19.09,151360,0
20160314,19.12,20.69,19.12,20.04,180537,0
20160315,19.78,19.888,18.05,18.26,208737,0
20160316,18.22,19.07,17.685,18.41,94023,0
20160317,18.21,18.64,17.01,18.42,138858,0
20160318,18.57,19.68,18.09,19.39,303781,0
20160321,19.07,20.8299,19.07,20.24,221098,0
20160322,20,20.71,19.87,20,193223,0
20160323,19.99,20.12,18.83,19.11,232268,0
20160324,19.01,19.87,18.29,19.41,190879,0
20160328,19.54,19.82,18.47,18.83,79135,0
20160329,18.89,19.9,18.12,19.82,149618,0
20160330,20.01,20.955,19.15,19.25,144676,0
20160331,19.41,21.7691,19.41,21.23,200048,0
20160401,20.97,22.57,20.6,22.47,214964,0
20160404,22.5,23.595,20.8401,22.07,308021,0
20160405,21.77,22.97,21.51,22.62,181764,0
20160406,22.78,24.9,22.77,23.85,231677,0
20160407,23.53,24.38,22.37,22.52,232324,0
20160408,22.87,22.98,21.68,22.23,112455,0
20160411,22.29,22.4812,21.52,21.6,97990,0
20160412,21.58,21.66,20.59,21.56,133034,0
20160413,22.13,22.42,21.65,22.11,180502,0
20160414,22.07,22.33,21.56,21.88,105445,0
20160415,21.91,21.96,21.25,21.86,102214,0
20160418,21.68,22.3199,21.57,21.99,107020,0
20160419,22.14,22.14,21.07,21.17,99347,0
20160420,21.51,21.53,20.6,21.06,164970,0
20160421,20.95,21.7,20.81,21.66,274457,0
20160422,21.82,22.22,21.16,21.74,161481,0
20160425,21.61,21.7,19.873,20.98,84241,0
20160426,21.06,21.085,20.25,20.46,126267,0
20160427,20.39,20.58,19.22,20.07,136418,0
20160428,20,20.15,19.16,19.25,152682,0
20160429,19.12,19.215,18.4,18.83,165166,0
20160502,18.9,20,18.58,19.97,139545,0
20160503,19.68,19.8,18.96,19.11,132440,0
20160504,19,19.17,18.58,18.62,168960,0
20160505,18.81,18.9126,18.32,18.56,147125,0
20160506,18.38,19.21,18.33,19.21,205389,0
20160509,19.15,19.735,18.9,19.2,206997,0
20160510,18.82,19.17,15.04,18,1086231,0
20160511,17.84,18.65,17.13,17.17,159393,0
20160512,17.33,17.33,15.61,16.02,254495,0
20160513,15.99,16.13,15.06,15.23,196988,0
20160516,15.4,16.3,15.015,16.27,333153,0
20160517,16.12,20.01,16,18.85,1545599,0
20160518,18.54,19.88,18,19.49,1647667,0
20160519,19.27,19.3,17.981,18.96,391059,0
20160520,19.03,19.52,18.75,19.5,139189,0
20160523,18.29,18.96,17.75,18.12,903069,0
20160524,18.3,18.55,17.87,18.29,271133,0
20160525,18.48,18.5699,18.1,18.24,221129,0
20160526,18.31,18.59,17.9,18.01,192721,0
20160527,18.02,18.2699,17.3,17.96,326317,0
20160531,18.16,19.18,17.83,18.64,622173,0
20160601,18.57,19.005,18.11,18.88,544591,0
20160602,18.74,19.7,18.52,19.47,440578,0
20160603,19.54,19.54,18.02,18.28,682448,0
20160606,18.32,18.32,17.36,17.81,161307,0
20160607,17.66,18.06,17.1,17.42,693181,0
20160608,17.43,18.15,16.56,18.04,408806,0
20160609,17.83,18.17,16.95,16.95,326927,0
20160610,16.96,17.025,15.62,16.01,775802,0
20160613,16.01,16.87,15.65,16.51,396186,0
20160614,16.41,16.84,15.34,16.01,248324,0
20160615,16.09,16.59,15.82,16.44,220486,0
20160616,16.25,16.25,15.72,16.01,108484,0
20160617,16.07,16.07,15.33,15.53,257902,0
20160620,15.92,16.49,15.39,15.63,117667,0
20160621,15.81,15.81,14.87,15.69,208739,0
20160622,15.7,16.62,15.41,16.03,186280,0
20160623,16.2,16.795,15.52,16.47,115211,0
20160624,15.56,16,15.03,15.3,204147,0
20160627,15.1,15.16,14,14.13,238284,0
20160628,14.44,15.9899,14.44,15.64,260232,0
20160629,15.9,17.58,15.4,16.79,344456,0
20160630,16.81,16.9,15.86,16.89,379401,0
20160701,16.78,17.45,16.52,16.84,194399,0
20160705,16.69,17.07,16.49,16.66,151616,0
20160706,16.58,17.13,16.33,16.51,295357,0
20160707,16.67,16.85,16.29,16.43,298862,0
20160708,16.5,17.29,16.11,17.24,348240,0
20160711,17.88,22,17.65,21.93,1775945,0
20160712,20.98,22.98,20.98,22.91,609735,0
20160713,23,23.1299,22.08,22.6,492005,0
20160714,22.81,22.81,21.2101,22.12,284708,0
20160715,22.33,23.95,21.95,23.63,375139,0
20160718,23.7,23.9,22.98,23.44,195719,0
20160719,23.43,24.15,23.07,23.85,312740,0
20160720,24.07,26.13,23.41,26.1,490788,0
20160721,26.23,26.61,23.53,24.03,320748,0
20160722,24.19,24.33,23.16,24.22,288959,0
20160725,24.25,24.44,23.8,24.12,100304,0
20160726,24.06,24.85,24,24.7,158686,0
20160727,25.23,26.22,25.145,25.8,188662,0
20160728,26.15,26.269,24.42,24.57,204415,0
20160729,24.44,25.57,24.42,25.39,185826,0
20160801,25.67,25.97,25.2,25.82,142328,0
20160802,25.78,27.49,25.59,27.33,442957,0
20160803,27.06,28.26,26.88,27.93,239503,0
20160804,27.92,28.35,27.305,28.09,194809,0
20160805,28.18,29.57,27.94,29.12,339390,0
20160808,30,30.68,29.53,30.04,1047860,0
20160809,29.96,30.39,29.25,29.7,651483,0
20160810,29.73,30.5,27.23,29.04,407868,0
20160811,29.19,30.3685,28.98,30.05,327834,0
20160812,29.84,29.95,28.85,29.5,179162,0
20160815,29.7,30.3,29.7,30.1,384051,0
20160816,29.86,30.24,28.99,29.16,280610,0
20160817,29.19,29.82,29,29.71,178830,0
20160818,29.77,30.23,29.308,30.14,237672,0
20160819,30.1,31.419,29.72,30.51,275817,0
20160822,30.74,31.19,29.52,30.21,218633,0
20160823,30.3,30.7,29.531,29.89,273041,0
20160824,30.02,30.73,28.686,28.96,209546,0
20160825,28.78,29.39,27.75,29.33,354601,0
20160826,29.36,30,28.79,29.39,181704,0
20160829,29.57,29.79,28.49,29.25,144311,0
20160830,29.26,29.68,29.11,29.51,132195,0
20160831,29.46,29.85,28.92,29.77,261833,0
20160901,29.74,30.3,29.545,29.98,379196,0
20160902,30.37,30.95,29.74,30.81,389199,0
20160906,30.5,30.7999,29.45,30.03,368978,0
20160907,30.25,30.5,29.64,30.35,396079,0
20160908,30.35,30.81,30.06,30.59,251919,0
20160909,30.12,30.45,29.5,29.78,254842,0
20160912,29.53,31.48,29.53,31.35,428236,0
20160913,30.81,31.28,29.55,29.84,213573,0
20160914,29.97,31,29.97,30.67,271116,0
20160915,30.64,31,30.03,30.215,283047,0
20160916,30.27,31.98,29.83,30.98,1437543,0
20160919,31.2,31.72,29.99,30.03,378611,0
20160920,30.34,31.78,30,31.57,462925,0
20160921,31.62,31.74,29.99,30.75,307628,0
20160922,30.93,31.3,30.21,30.88,248057,0
20160923,30.75,31.3299,30,30,147426,0
20160926,30.03,30.33,29.58,29.67,213124,0
20160927,30.23,31.12,29.61,30.92,422892,0
20160928,31.08,31.16,28.75,28.79,334358,0
20160929,28.86,29.33,26.04,26.29,539891,0
20160930,26.5,27.19,26,26.79,194304,0
20161003,26.43,26.84,24.93,25.45,430089,0
20161004,25.74,26.1899,25.26,25.33,307487,0
20161005,25.39,26.17,25.12,25.78,157388,0
20161006,25.41,25.79,25.05,25.25,164795,0
20161007,25.15,27.4,25.15,27.04,402660,0
20161010,27.26,28.81,27.26,28.71,304141,0
20161011,28.68,28.82,27.88,28.52,347976,0
20161012,28.64,28.84,27.49,27.88,264622,0
20161013,27.51,28.935,27.51,28.44,190062,0
20161014,28.69,28.98,28.11,28.18,233408,0
20161017,28.25,28.98,27.98,28.88,226785,0
20161018,29.26,29.68,28.68,29.22,266301,0
20161019,30.31,30.52,29.04,29.76,886884,0
20161020,29.58,30.81,29.48,30.39,382341,0
20161021,30.29,31.1,29.93,30.49,252376,0
20161024,30.68,31.48,30.59,30.69,174596,0
20161025,30.77,31.315,30.12,30.52,287895,0
20161026,30.4,31.05,29.58,29.73,277185,0
20161027,29.8,30.43,29.3,29.5,264841,0
20161028,29.07,30.435,28.6235,28.7,353754,0
20161031,28.55,28.6255,26.95,27.35,389796,0
20161101,27.5,28.5,27,27.8,279152,0
20161102,27.7,29.6,26.35,29.05,380770,0
20161103,29.05,29.35,27.2,27.3,387045,0
20161104,27.3,29.2,26.605,28.15,275556,0
20161107,29.1,29.4,22.925,25.6,2406924,0
20161108,24.65,25.6,23.55,24.15,723976,0
20161109,24,27.35,23,27.1,692441,0
20161110,26.25,29.55,23.25,27.95,1078362,0
20161111,28,28.2,26.65,27.65,476166,0
20161114,28,28.35,26.4,28.05,781040,0
20161115,27.65,28.95,27.15,28.5,385054,0
20161116,28.55,28.95,27.65,27.7,251886,0
20161117,27.8,28.25,27.5,28,271706,0
20161118,28.15,28.5982,27.95,28.25,283784,0
20161121,28.4,28.65,28.025,28.45,262204,0
20161122,28.5,28.55,27.575,27.75,212340,0
20161123,26.95,28.3,26.75,28.1,305702,0
20161125,28.25,28.4,27.7,28.05,189138,0
20161128,28.25,28.5,27.2,27.8,277083,0
20161129,27.9,28.5,27.65,27.85,213650,0
20161130,27.85,27.85,26.7,26.9,305489,0
20161201,26.9,28.05,26.4,27.55,342864,0
20161202,27.6,28.1,27.15,27.9,149393,0
20161205,28.15,28.85,28,28.15,194988,0
20161206,28.35,28.5,27.65,28.15,219635,0
20161207,27.9,28.25,27.05,27.5,221972,0
20161208,27.4,28.05,27,27.85,232296,0
20161209,28,28.75,27.55,28.15,203343,0
20161212,28.05,28.3,27.35,27.8,260864,0
20161213,27.8,28.15,27,27.6,206483,0
20161214,27.6,28.1,27.35,27.8,339898,0
20161215,27.9,27.95,27.5,27.75,167676,0
20161216,27.8,28.95,27.75,28.3,697212,0
20161219,28.35,28.8,27.75,27.8,141779,0
20161220,28,28.25,27.7,27.9,103759,0
20161221,27.85,28.15,27.5,27.95,161805,0
20161222,27.95,28.15,27.65,28,197198,0
20161223,28.1,28.45,27.95,28.05,339335,0
20161227,28.05,28.7,27.85,27.9,191532,0
20161228,27.95,29.395,27.7,28.55,315768,0
20161229,28.65,28.8,27.95,28.25,107309,0
20161230,28.15,28.4,27.4,28.15,191328,0
20170103,28.55,28.65,27.45,28,215572,0
20170104,28.1,29.2,28.05,29.05,343340,0
20170105,29,29.59,27.75,28,280378,0
20170106,27.9,28.55,27.75,27.9,149351,0
20170109,28,28.35,27.475,27.65,369080,0
20170110,27.9,28.2,27.05,28,358157,0
20170111,27.95,28.05,26.55,27.25,400456,0
20170112,27.05,27.4,26.4,27,179422,0
20170113,27.05,27.35,26.7,27.15,241418,0
20170117,26.95,27.25,24.9,25.2,408927,0
20170118,25.3,25.6,25.05,25.45,176299,0
20170119,25.45,26.2,25.35,26.1,248913,0
20170120,26.15,26.8,25.7,26.05,225584,0
20170123,26,26.25,25.65,26.2,177283,0
20170124,26.3,26.6,25.6,26.5,400574,0
20170125,26.7,28.05,26.5,27.75,241301,0
20170126,27.75,27.9,26.85,27.55,241987,0
20170127,27.5,27.95,27.35,27.75,294768,0
20170130,27.65,28,26.55,27.95,343299,0
20170131,27.9,28.6,27.55,27.9,471340,0
20170201,27.9,28,26.9,27.2,262188,0
20170202,27.1,27.7,26.75,27,183228,0
20170203,27.35,27.45,26.85,27.25,162941,0
20170206,27.15,27.25,26.55,26.95,143363,0
20170207,27,27.3,26.5,26.65,106331,0
20170208,24.4,24.45,22.9,23.55,4108099,0
20170209,23.55,23.8,23.05,23.55,609402,0
20170210,23.55,23.55,22.95,23.25,372042,0
20170213,23.3,23.6,22.65,23,415021,0
20170214,22.85,23.5,22.35,23.05,429667,0
20170215,23.1,23.175,22.45,22.8,446993,0
20170216,22.85,23.1,22.475,23,412097,0
20170217,22.9,23.125,22.5,22.5,383147,0
20170221,22.7,23.075,22.5,22.7,680236,0
20170222,22.65,22.95,21.5,21.7,416126,0
20170223,21.8,22.15,20.875,21.7,610591,0
20170224,21.5,21.95,21.25,21.75,232607,0
20170227,21.75,22.95,21.55,22.9,332261,0
20170228,22.85,23.85,22.45,23.6,905864,0
20170301,23.95,24.9,23.75,24.9,1016859,0
20170302,24.9,26.55,24.4932,24.8,998701,0
20170303,24.8,25.45,24.4,25.45,380495,0
20170306,25.2,25.35,24.4144,24.8,383830,0
20170307,24.55,24.9,24.305,24.5,331961,0
20170308,24.55,24.9,23.85,24,385495,0
20170309,24.1,24.375,23.45,23.45,392076,0
20170310,23.6,24.7,23.1,23.45,405131,0
20170313,23.35,23.55,22.75,23.45,477856,0
20170314,22.2,23.025,21.2,22.175,957066,0
20170315,22.3,23.05,22.05,22.5,526226,0
20170316,22.6,23.4,22.125,23.2,871063,0
20170317,23.05,23.55,22.95,23.25,652774,0
20170320,23.2,23.85,22.95,23.7,546214,0
20170321,23.8,23.95,21.85,22.35,759522,0
20170322,22.4,22.95,21.65,22.55,357348,0
20170323,22.5,22.575,21.8,21.85,195919,0
20170324,21.95,22.05,21.3,21.55,284601,0
20170327,21.35,21.8,20.9,21.5,287690,0
20170328,21.45,21.6,20.75,20.9,371128,0
20170329,20.95,21.15,20.4,20.7,309949,0
20170330,20.7,20.9,19.65,20.5,626348,0
20170331,20.5,21.25,20.1,21.15,330640,0
20170403,21.2,21.225,20,20.15,434353,0
20170404,20.15,20.35,19.3,19.55,291913,0
20170405,19.65,19.85,19.3,19.5,409197,0
20170406,19.55,19.8,19.15,19.4,322745,0
20170407,19.4,19.675,18.7,19.55,551178,0
20170410,19.6,20.05,19.35,19.4,337851,0
20170411,19.4,19.7,18.7,18.8,205593,0
20170412,18.75,19.25,18.625,18.85,235095,0
20170413,18.75,19.5,18.5,19.35,550911,0
20170417,19.3,19.8,19.2,19.7,390219,0
20170418,19.65,19.85,19.1,19.25,359497,0
20170419,19.25,19.6,18.6,18.65,205950,0
20170420,18.75,19.15,18.5,18.75,516234,0
20170421,18.8,18.8013,18.1,18.35,864898,0
20170424,18.6,19.175,18.475,19.05,487465,0
20170425,19.25,20.7,19.25,20.15,413029,0
20170426,20.15,20.2219,19.55,20.15,368006,0
20170427,20.2,20.45,19.85,19.9,189690,0
20170428,19.9,20.1,19.05,19.2,434626,0
20170501,19.3,20.45,19.2,20.3,354455,0
20170502,20.4,20.5,19.7,20.05,254373,0
20170503,19.9,19.95,19.5,19.55,197594,0
20170504,19.6,19.7,19.05,19.3,367211,0
20170505,19.9,20.25,19.1,19.75,322225,0
20170508,19.65,20.7,19.55,20.25,533425,0
20170509,19.65,20.55,18.55,19.45,813922,0
20170510,19.4,22.41,19.35,21.4,729280,0
20170511,21.4,22.325,21.05,22.15,677489,0
20170512,22.2,23.1,22.1,22.35,550282,0
20170515,22.5,23.05,21.6,22,575432,0
20170516,22,22.2,21.55,22.05,418639,0
20170517,23.9,24.4,23.345,23.8,3822106,0
20170518,23.8,24.5,23.55,24.5,984966,0
20170519,24.5,24.7,22.25,22.3,800704,0
20170522,22.25,22.5,21,21.1,846913,0
20170523,21.15,21.9,21.1,21.85,564156,0
20170524,21.8,21.825,20.2,20.4,572925,0
20170525,20.5,21.15,20.05,20.2,432999,0
20170526,20.15,20.55,19.7,20.25,582788,0
20170530,20.2,21.545,20.15,20.75,506036,0
20170531,20.75,21.2,19.5,19.8,429525,0
20170601,19.85,21.35,19.75,21.35,629646,0
20170602,21.25,22.525,21.25,22.45,690370,0
20170605,22.5,22.558,21.7,21.9,679284,0
20170606,21.75,21.85,20.95,21.35,692605,0
20170607,21.45,21.65,20.15,20.65,470878,0
20170608,20.65,23.24,20.65,22.7,1061074,0
20170609,22.95,23.1591,20.55,20.65,764566,0
20170612,14.15,15.875,14.05,15.725,7377549,0
20170613,16.05,16.94,15.525,16,2621700,0
20170614,15.9,15.95,15.1194,15.5,1057699,0
20170615,15.5,15.5,14.65,15.05,955285,0
20170616,14.95,15.4,14.8,14.85,1226180,0
20170619,14.75,15.5,14.65,15.3,574183,0
20170620,15.25,15.6,14.85,15.15,595282,0
20170621,15.15,15.5,15,15.45,451493,0
20170622,15.6,15.85,15.3,15.8,764101,0
20170623,15.9,16.075,15.55,15.65,1118029,0
20170626,15.85,16.24,15.7,16,627826,0
20170627,16,16.1,15.35,15.4,966486,0
20170628,15.55,15.55,14.725,14.85,2126843,0
20170629,14.95,15,14,14.45,856363,0
20170630,14.4,14.55,13.55,14.35,709918,0
20170703,14.45,14.7,14.25,14.65,277653,0
20170705,14.95,15,14.15,14.4,1149967,0
20170706,14.4,14.525,13.7,13.9,2923461,0
20170707,14.05,14.25,13.35,13.5,511239,0
20170710,13.35,13.55,13,13.15,411024,0
20170711,13.15,13.65,12.85,13.65,603307,0
20170712,13.8,14.1,13.575,13.85,369130,0
20170713,13.95,13.975,13.375,13.8,442663,0
20170714,13.9,13.9,13.325,13.4,283218,0
20170717,13.4,14,13.125,13.25,375544,0
20170718,13.25,13.475,13.05,13.45,378049,0
20170719,13.5,13.75,13.3,13.65,390735,0
20170720,13.75,13.95,13.4,13.7,280922,0
20170721,13.8,13.85,13.55,13.65,246452,0
20170724,13.7,13.85,13.5,13.85,400838,0
20170725,13.95,14,13.65,13.7,360841,0
20170726,13.7,13.9,13.45,13.65,193216,0
20170727,13.7,13.85,13.0745,13.2,646029,0
20170728,13.1,13.65,13.1,13.4,247860,0
20170731,13.35,13.425,13.025,13.05,303191,0
20170801,13.15,13.2,12.7,12.8,354707,0
