Date,Open,High,Low,Close,Volume,OpenInt
20110906,133,133,132.2,132.2,233,0
20110907,133,135,123,133.8,617,0
20110908,130,134,120.8,130,458,0
20110909,128,128,124,125,819,0
20110912,120.6,128,120.6,128,123,0
20110913,126.8,128,122.2,126,175,0
20110914,126,126,120,123,1384,0
20110915,120,124.4,119.6,124.2,344,0
20110916,122,124,113.4,114,358,0
20110919,110,119.4,104,114.4,314,0
20110920,111,113.2,110.8,113.2,357,0
20110921,113.6,118,104,107.6,781,0
20110922,104,112,104,110.4,345,0
20110923,104.4,114.8,104,114.2,218,0
20110926,112,116.8,111.2,111.2,530,0
20110927,109.6,112.4,107.2,112,129,0
20110928,108.2,115,107.8,110.6,279,0
20110929,108.6,108.6,100,105.6,548,0
20110930,100.8,110.6,100.8,105.4,2500,0
20111003,102,107.4,100,104.8,514,0
20111004,105,105,95.8,101.8,837,0
20111005,103.4,107,95.4,104.6,396,0
20111006,101.2,103,96.2,100.4,767,0
20111007,100,100,96.2,99.8,460,0
20111010,96.2,97.8,91,95.6,2353,0
20111011,94.2,95,89.4,94.8,12283,0
20111012,97,97.2,90.2,95,1695,0
20111013,94.4,97,90,97,1007,0
20111014,96.4,98,94,96.8,1660,0
20111017,99.8,99.8,93,95,618,0
20111018,93,99.8,93,99,105,0
20111019,99.6,99.6,90.6,93,237,0
20111020,90.4,94.8,89.8,92.8,198,0
20111021,90.6,101.4,90.6,99.8,608,0
20111024,104.6,106,95.2,95.2,1428,0
20111025,95.6,99.8,95,99.6,68,0
20111026,100.4,103.8,95.4,100,555,0
20111027,102.6,103,98.6,100.4,1326,0
20111028,100,102,97.6,99.8,519,0
20111031,102,102,98,101.6,614,0
20111101,100.2,102,100,100.6,285,0
20111102,100.2,100.4,97.4,100.4,204,0
20111103,98.6,100.4,98.2,100.2,71,0
20111104,99.2,101.2,98,101.2,50,0
20111107,102,102,97.2,97.2,104,0
20111108,99,99.4,98,99,116,0
20111109,99,99,98,98,956,0
20111111,99.8,101,97.2,101,105,0
20111114,100.2,100.2,97,97.8,75,0
20111115,100,100,96,97.2,96,0
20111116,99.8,102,99.8,101.2,768,0
20111117,102,104.8,102,104.8,918,0
20111118,105,114.6,105,114,21613,0
20111121,111.2,113.2,109.2,113,294,0
20111122,109.8,112.6,109.8,112.6,28,0
20111123,114,116.8,114,115,709,0
20111125,116,117.6,115,115,250,0
20111128,110.6,118.2,110.6,115,416,0
20111129,109.4,119.4,109.4,117.8,165,0
20111130,110,120,110,110.8,1093,0
20111201,109.2,110,97,104,1589,0
20111202,104,106,104,106,487,0
20111205,106,112.8,106,112.8,488,0
20111206,112.8,114.8,112.8,114.6,166,0
20111207,114,120,114,117,533,0
20111208,111.6,117.2,107.2,111.2,752,0
20111209,112,112,104,109.4,757,0
20111212,107.2,110.8,107.2,109.6,417,0
20111213,119.2,119.2,105,110,622,0
20111214,107.8,119,102.8,109.8,815,0
20111215,108,109.8,106,109.8,386,0
20111216,109.8,110,102,103,1171,0
20111219,107.6,108,102,104,430,0
20111220,105.4,108,96.4,101,1220,0
20111221,101.8,110,101.4,108,829,0
20111222,103.8,108,101,103,509,0
20111223,100,102.6,100,102.6,179,0
20111227,101,102.2,97,100.8,503,0
20111228,97.6,102.6,97,100.6,230,0
20111229,102.4,102.4,98.8,99.4,173,0
20111230,96.6,107,96.6,107,645,0
20120103,97.4,107,97.4,103.8,560,0
20120104,97.2,105.8,94.6,103.4,217,0
20120105,103.8,104,100,103.4,304,0
20120106,101,101,99.8,99.8,51,0
20120109,103.6,103.8,94.2,101.8,105,0
20120110,101.8,102,101,101.4,74,0
20120111,102.4,102.4,100,101.8,598,0
20120112,100,103.6,99.8,102.2,751,0
20120113,100,104,98.2,100,501,0
20120117,100,100,94.2,99.8,518,0
20120118,99.6,103.2,99.2,101.6,120,0
20120119,102.4,102.4,101.8,101.8,15,0
20120120,101.6,102.4,101.4,102,375,0
20120123,100,103.8,100,101,159,0
20120124,102.6,102.6,101,101,10,0
20120125,103.4,103.4,98.4,100,81,0
20120126,98.2,101.8,94,100.6,303,0
20120127,103.4,103.4,95,98.6,228,0
20120130,96.2,99.8,96.2,99.8,73,0
20120131,97,99.2,97,99.2,435,0
20120201,98,99,94.2,95.4,210,0
20120202,95,100.6,94,95.8,1396,0
20120203,97.8,98.2,95.6,98,12235,0
20120206,98.8,100,98.8,100,99,0
20120207,99.8,104,99,101.2,2583,0
20120208,100,103.2,100,102.2,1080,0
20120209,102.2,103.2,100.2,103,2156,0
20120210,103,103.2,100,101.6,1151,0
20120213,101.2,102.8,98.8,102.8,2282,0
20120214,100,102,100,102,180,0
20120215,99.6,101,96.6,96.6,192,0
20120216,98.8,100.8,98.8,100,782,0
20120217,100,101.8,100,101.8,347,0
20120221,103.8,104,101.8,104,574,0
20120222,102.8,106,102.6,102.6,360,0
20120223,103.2,104.6,102,104.6,113,0
20120224,104,110,104,108.2,2437,0
20120227,110,115,109.2,112,909,0
20120228,112,112,109.4,109.4,66,0
20120229,109.8,110,101.4,110,965,0
20120301,106,110,106,109.4,338,0
20120302,110.4,112,106.4,107,700,0
20120305,111.8,111.8,106,107,673,0
20120306,105.4,106.8,105.2,105.6,163,0
20120307,105.6,106.8,105,106.6,200,0
20120308,105.8,106.8,105,106.8,303,0
20120309,105.2,107.6,103,107.6,1551,0
20120312,109.8,115.4,109.6,115.4,5795,0
20120313,117,117.4,114.8,114.8,1431,0
20120314,114.6,116.8,109.2,113.4,1066,0
20120315,114,114.6,111.8,111.8,249,0
20120316,112.6,117,107.8,114.4,664,0
20120319,114.4,114.4,108,110,599,0
20120320,114,114,107.8,110.8,180,0
20120321,114.8,114.8,110,111,187,0
20120322,113.6,114.2,110.4,112.8,306,0
20120323,113.6,113.6,110,112.2,785,0
20120326,112,113,107.6,112.6,619,0
20120327,112.2,117.2,112.2,113.4,1689,0
20120328,112.4,113.2,111.8,113,425,0
20120329,113,116.6,113,115.2,1004,0
20120330,117,117,114.4,116,581,0
20120402,115,117.6,113.4,113.8,745,0
20120403,113.8,116,113.8,115.2,1050,0
20120404,115.4,116,113,114.6,763,0
20120405,115.6,118,114.8,117.8,3429,0
20120409,117.2,117.2,115,115,278,0
20120410,114.6,114.6,111,111,406,0
20120411,113.4,120,113.4,117.4,7102,0
20120412,118.4,119.8,116,116,788,0
20120413,115.6,119,114.4,119,1375,0
20120416,120.2,120.4,118,119.6,439,0
20120417,119.4,119.4,117.4,118.2,950,0
20120418,118.2,119.2,117.8,117.8,525,0
20120419,118,118.8,117.2,117.8,623,0
20120420,116.4,117.4,116.2,116.8,179,0
20120423,116.4,116.4,111,112.4,703,0
20120424,113.8,114.8,105.2,114.8,413,0
20120425,111.8,116.4,111.8,116.2,2143,0
20120426,117.8,118.4,116,117.8,339,0
20120427,117,119,111,116,2498,0
20120430,117,120,117,118.4,1084,0
20120501,118,127.6,118,127.6,2550,0
20120502,127.6,127.6,121.4,125.2,395,0
20120503,124,124,121.2,121.8,1040,0
20120504,121.2,125,117.6,122,735,0
20120507,118.8,124.6,118.6,118.6,454,0
20120508,117.6,118.2,117.6,118.2,118,0
20120509,119.8,119.8,117.2,117.2,95,0
20120510,116.4,116.4,107.4,108,1764,0
20120511,108,111,98.2,108,1936,0
20120514,108.4,108.4,102.6,105.6,518,0
20120515,107,110,107,110,183,0
20120516,108.2,108.4,103.8,106.8,577,0
20120518,105,105,92,99.2,3840,0
20120521,81.6,96,64,86.8,13149,0
20120522,88,94.6,84,88,4747,0
20120523,88.8,92,85.6,91.2,2161,0
20120524,91,94.2,84.6,84.6,1727,0
20120525,84.2,84.6,80,82,2071,0
20120529,85.4,87,80,83.8,1145,0
20120530,82.2,85,82,85,707,0
20120531,82.4,90.2,82.4,85.4,1475,0
20120601,86.2,89.8,86,87,475,0
20120604,89,89,84.6,85.4,293,0
20120605,87.8,89,87.6,88.8,551,0
20120606,90.2,96.8,90.2,96,4148,0
20120607,98,103.2,95.8,98.8,2047,0
20120608,96.8,103.6,92.2,93.2,1251,0
20120611,97.8,101.6,97.6,97.6,2009,0
20120612,98,99.2,90.8,91.4,1814,0
20120613,92.8,92.8,90.6,90.6,688,0
20120614,90.6,92.6,90.6,91.6,170,0
20120615,92.6,94.4,91.2,91.8,390,0
20120618,91,93,90,92.6,703,0
20120619,90.4,92,90,92,357,0
20120620,91.4,97,91.4,94.6,628,0
20120621,93,93.2,90.6,93,220,0
20120622,92,93.6,91.6,93.4,2314,0
20120625,93,93,91.8,91.8,161,0
20120626,93.2,95,92.4,92.6,322,0
20120627,93.8,95,84.4,94,1049,0
20120628,92.4,93.2,87.4,90.8,347,0
20120629,90.4,91.4,86,88.8,950,0
20120702,89,93.6,80.6,85.8,870,0
20120703,81.6,85,80,84.8,1815,0
20120705,84.8,84.8,76.2,79,2306,0
20120706,79,81.6,79,80,324,0
20120709,81,88.4,81,85.4,1658,0
20120710,85.8,85.8,80.2,83.4,448,0
20120711,81.6,83.6,79,79,441,0
20120712,80,81.8,78,80,1892,0
20120713,80,81.5,74.6,79,594,0
20120716,78.2,79.6,68,71.6,1730,0
20120717,71.6,78.4,70,78,1182,0
20120718,78.6,78.6,73,75,409,0
20120719,76.2,76.2,72.2,75.2,127,0
20120720,72.8,73,70.2,71,804,0
20120723,70,71.6,69.2,69.2,624,0
20120724,67.8,68.1,67.8,68,275,0
20120725,67,69.8,66.4,69.8,105,0
20120726,69.4,74.4,69,74.4,505,0
20120727,72.6,80,69.61,79.4,469,0
20120730,75.2,78.2,74.8,76,615,0
20120731,76.2,76.988,76,76.6,259,0
20120801,78,79.8,76,78.2,1062,0
20120802,92.2,95,79,79.8,11240,0
20120803,84.4,86.2,82.6,84.998,3119,0
20120806,86,86,84,84.2,542,0
20120807,86,86.8,80,82.8,1614,0
20120808,81,85,80.2,80.6,389,0
20120809,82.6,87.6,82.6,87,1039,0
20120810,86,87.2,84.4,87.2,923,0
20120813,85.6,85.6,84.2,85,256,0
20120814,85.8,87,80.2,82.8,244,0
20120815,83,83,80,80.778,1042,0
20120816,80,81.8,78.778,81.8,1082,0
20120817,82,83,78.84,82,534,0
20120820,81,81.4,80,81.4,361,0
20120821,80.2,81.6,80,80,406,0
20120822,81,81,80.578,80.578,164,0
20120823,80.2,80.2,76.602,79.998,114,0
20120824,78.414,79.622,76,79.178,565,0
20120827,77.998,78.624,75.428,77.598,466,0
20120828,73,78,73,77.2,347,0
20120829,75.034,77.6,75,77.598,320,0
20120830,73.2,83.8,72.2,79,2231,0
20120831,80,80.998,75.6,79.6,6233,0
20120904,79.6,80,78.002,79.8,255,0
20120905,78.158,80,76.234,78.8,146,0
20120906,75,83.4,75,78,1368,0
20120907,80.8,80.8,76.6,80,453,0
20120910,80,80.4,78.4,80,476,0
20120911,80,80,76.634,79,310,0
20120912,77.2,79.6,77,79,286,0
20120913,76.2,78.8,76.2,78.6,224,0
20120914,76.402,78,76.402,78,45,0
20120917,78.2,79,78,79,120,0
20120918,76.4,78.8,76.4,78.8,234,0
20120919,79,79,76.834,79,213,0
20120920,77.2,79,76.4,78.4,170,0
20120921,77.4,78.2,75.8,75.8,219,0
20120924,78,78,75.4,77,1295,0
20120925,77,77,75.8,76.8,1773,0
20120926,78.4,78.4,71.8,76.6,991,0
20120927,80,84,78.872,80,7777,0
20120928,80,80.4,79,80,2037,0
20121001,81.6,84,79,79,1245,0
20121002,80.2,82,80.2,82,636,0
20121003,80.6,83,80,80.8,606,0
20121004,81.2,84,79.202,81.4,837,0
20121005,80.2,80.6,79,80.6,580,0
20121008,79.2,82.4,78,82.4,304,0
20121009,81,81,78.4,80,349,0
20121010,80.4,81.6,78,81.6,2524,0
20121011,81,82,79.2,81.8,186,0
20121012,81.6,82,79,79.8,220,0
20121015,80.8,80.8,78.2,80,1134,0
20121016,79.2,80.2,77.2,78,1699,0
20121017,78,78,76.6,77.4,680,0
20121018,76.4,77.4,75.4,77.4,539,0
20121019,75,78,75,78,697,0
20121022,77,77,73.8,76.2,268,0
20121023,75.2,76.4,72.6,74.8,975,0
20121024,74.4,74.4,69.8,71.4,1105,0
20121025,71.6,72,54,71.8,11275,0
20121026,70.8,71,62.4,69.4,2101,0
20121031,69,70.6,60.8,68.6,755,0
20121101,66.2,66.24,60.4,65,1779,0
20121102,65.2,66.2,60.26,65.8,737,0
20121105,64.8,67,63.4,66.2,933,0
20121106,67.8,67.8,66.8,67.8,901,0
20121107,68,68.2,67.2,68.2,371,0
20121108,68.6,69,67.18,68.2,988,0
20121109,68.8,69.2,66.6,66.6,1387,0
20121112,68.6,68.6,64,67.954,1122,0
20121113,68.6,69.6,67.4,69.6,204,0
20121114,68.2,71,65.6,71,963,0
20121115,64.8,69.6,63.8,69,197,0
20121116,71,71,67.2,70.2,180,0
20121119,70.2,70.6,65.4,68.6,578,0
20121120,67.2,68.2,63,65.8,644,0
20121121,64.8,68.4,63.964,68.4,105,0
20121123,68.8,68.8,63.6,68.6,114,0
20121126,67.6,70,63.2,64.6,790,0
20121127,66,69,61.4,64.8,445,0
20121128,63.6,66,63.002,66,130,0
20121129,63,65.2,62.04,65,359,0
20121130,61.4,63.96,55,62.4,15520,0
20121203,62.402,63.4,61.098,63.2,957,0
20121204,64,64,60.2,61.8,1074,0
20121205,63.2,63.2,58,61.6,1066,0
20121206,61.2,61.2,55.602,59.2,1073,0
20121207,59.8,59.8,58,59.8,687,0
20121210,59.2,59.8,55.6,59.6,1593,0
20121211,58.8,59.8,58,58.4,921,0
20121212,58.2,59.4,56.2,59,582,0
20121213,59,59.6,58.8,59.4,250,0
20121214,59.4,59.6,57.8,59.6,255,0
20121217,59.798,59.8,57.736,59.8,1003,0
20121218,59.8,59.8,57,59,305,0
20121219,59,59,56.2,59,1023,0
20121220,59.2,59.2,50,51.8,5134,0
20121221,50.4,51.4,48,48.2,1815,0
20121224,50,51.4,49,51.2,1016,0
20121226,53,53.2,51.8,53.2,959,0
20121227,53.4,56.6,51.002,54.4,1497,0
20121228,53,59.798,51.2,54.2,6831,0
20121231,52,57.4,48,57.4,3004,0
20130102,55.8,56,50.6,53.2,1982,0
20130103,52,52.2,46.42,51.6,1942,0
20130104,51,51,49.23,51,253,0
20130107,50.974,50.974,48.002,50,747,0
20130108,50,50,47.2,49.4,705,0
20130109,50.6,50.8,46,48.2,1243,0
20130110,47.002,47.002,44.2,45.6,1337,0
20130111,46,46,43,46,920,0
20130114,45.6,45.6,43.602,44,1348,0
20130115,45,46.2,44.22,46,3318,0
20130116,46.8,47.8,46.8,47.6,704,0
20130117,46.6,48,46.6,48,1393,0
20130118,47.6,47.8,46,46.8,458,0
20130122,47.6,47.6,45.8,46.8,547,0
20130123,46.6,46.8,45,46.8,365,0
20130124,46,47,45.8,46.6,142,0
20130125,46,47,46,46.8,361,0
20130128,45.2,46.8,45,46.2,509,0
20130129,46.8,46.8,42.8,44.2,1257,0
20130130,44.2,45.6,41.2,42,489,0
20130131,43,45.6,43,44.4,400,0
20130201,44.6,45.8,42,45.8,3414,0
20130204,44,45.6,43.4,44.8,517,0
20130205,43,44.8,42.2,44.8,756,0
20130206,44.2,44.8,41.6,44.6,824,0
20130207,43.2,44.8,38,41,2129,0
20130208,40,41.2,36.4,40.8,1101,0
20130211,40.2,40.2,38.096,39.4,1458,0
20130212,38.8,39,35.4,36.8,1351,0
20130213,36.8,38.6,35.8,37.2,1238,0
20130214,36,36,33.4,35.6,3353,0
20130215,34.2,35.6,34,35.4,4951,0
20130219,36.6,36.92,35.6,36.2,708,0
20130220,36,36,35.8,36,272,0
20130221,35.6,35.8,35.2,35.6,215,0
20130222,35,35.2,30.4,32.8,1873,0
20130225,31.8,32.8,31.2,32.8,929,0
20130226,32.6,32.6,31.402,32.398,398,0
20130227,32.2,32.2,30.4,32.2,1415,0
20130228,31.8,32.4,30.4,31.6,1502,0
20130301,31.4,31.4,30,30.8,2122,0
20130304,29.8,34,29,33.2,2659,0
20130305,34,35.4,30.2,32.4,2505,0
20130306,31,32.8,29.6,29.6,1581,0
20130307,31.2,32.2,31,31.8,1174,0
20130308,31.8,33,29.8,32.8,1768,0
20130311,32,33,31.8,31.8,544,0
20130312,31.4,43,31.4,42,12273,0
20130313,40,40.8,37.2,40.4,8530,0
20130314,42,42,38,40.4,1146,0
20130315,41.8,44.2,39.4,43.8,5992,0
20130318,44,44,43.2,43.592,1533,0
20130319,42.8,43.4,42.4,43.4,1916,0
20130320,43.6,44,39.802,41.998,1945,0
20130321,41,42.6,40.002,40.4,533,0
20130322,41.4,41.4,37.4,38.6,1629,0
20130325,40,43.2,39.602,43,4559,0
20130326,43.4,44,40.6,40.6,1186,0
20130327,38,43,38,43,5219,0
20130328,43,44.6,43,44.6,7209,0
20130401,44,44.6,43,44.4,3339,0
20130402,44.4,46.6,44.398,45.6,2054,0
20130403,45,49.742,44.6,45.2,1351,0
20130404,44.49,46.6,44.49,45.8,794,0
20130405,44.6,46,44,46,1389,0
20130408,46,46.6,45.8,46.6,359,0
20130409,46.6,46.6,45.2,46.4,406,0
20130410,45.2,46.6,45.2,46.2,704,0
20130411,46.6,46.6,45,45.2,1224,0
20130412,45,46.6,45,46,409,0
20130415,45.6,46,44.4,45.8,670,0
20130416,46,46.2,45.4,46,96,0
20130417,45.2,46.4,45,45.8,403,0
20130418,46.2,46.6,44.4,45.6,1378,0
20130419,46.4,46.4,44,45.4,920,0
20130422,44.8,46.4,44.8,45.8,832,0
20130423,44.4,46,44.4,45.58,439,0
20130424,44.6,46.4,44,46.4,1070,0
20130425,44.6,46,44,45.8,1254,0
20130426,44,45.8,42.4,45.2,2703,0
20130429,43.8,48,43.2,46.8,7501,0
20130430,48,49,45.998,47.2,10932,0
20130501,48,49,45,47.2,2562,0
20130502,46.2,47.3,45,46,2792,0
20130503,45.6,46.2,43.24,45.4,2862,0
20130506,46,46,42.602,45.4,1198,0
20130507,44.6,47.6,43.2,46,426,0
20130508,45.2,48.2,43.8,45.8,1852,0
20130509,44.4,45.4,43,45,3056,0
20130510,44,47,43,47,1228,0
20130513,45,46.2,43.6,46.2,1392,0
20130514,45.2,46.8,43.4,46,848,0
20130515,45,45.4,43.6,45,1600,0
20130516,44,44.6,44,44.2,516,0
20130517,45,45.4,44,45.4,509,0
20130520,45.8,45.8,44.2,44.998,553,0
20130521,44.4,46,43.82,45,614,0
20130522,44,44.8,43,44.8,1302,0
20130523,44.8,45.8,43.6,44.8,896,0
20130524,44.6,44.8,43.82,44.8,618,0
20130528,46.6,46.6,43,45,2245,0
20130529,46.2,46.2,43.202,44.4,189,0
20130530,44.6,44.6,42,42.6,1829,0
20130531,43.4,43.8,41,43,840,0
20130603,43,43.6,40.6,43,1219,0
20130604,43,43.02,40.8,41.98,1185,0
20130605,41.2,42.8,35.6,40.2,5908,0
20130606,39.4,41,39,41,1697,0
20130607,44.6,44.6,36.4,40.2,1262,0
20130610,40.4,44.4,39.202,41.6,1026,0
20130611,40.6,43.2,39,42.2,523,0
20130612,43,43.66,40,42.8,2087,0
20130613,41.4,42.6,41.002,42,643,0
20130614,41.8,42.2,40.6,42,423,0
20130617,42,42.8,41.2,42,385,0
20130618,42,42,39,40.8,496,0
20130619,39.2,41.8,39.2,39.4,1997,0
20130620,40,41.4,38,40.38,2836,0
20130621,39.6,41,38.2,40.8,1016,0
20130624,41.6,41.6,37.4,40,4901,0
20130625,39.2,40.6,38.002,39.8,1333,0
20130626,39.4,39.8,37.4,39,919,0
20130627,38.4,39,37,38,1102,0
20130628,38,40,36.6,37.2,5271,0
20130701,40,40,39,39.4,3278,0
20130702,40,40,39,40,1139,0
20130703,40,40,39,39.4,168,0
20130705,39.4,40,39,40,193,0
20130708,39.6,40,38,40,685,0
20130709,39.2,40,37.4,39.2,670,0
20130710,39.6,39.6,35.8,38.4,2754,0
20130711,38.2,39,37.8,38.6,1008,0
20130712,38.8,39,36.2,37.4,1131,0
20130715,38.8,39.4,37.6,38.8,1570,0
20130716,38,38.8,38,38.398,903,0
20130717,38.4,38.4,36.2,38.4,607,0
20130718,37.4,38.4,36,37.6,1177,0
20130719,36.8,38,36,36,641,0
20130722,36.8,37.2,36,37.2,290,0
20130723,36.6,37,36,36.8,851,0
20130724,37,37.6,35.8,36.8,678,0
20130725,36.6,37,35,36,1573,0
20130726,35,36,31,35.4,2731,0
20130729,35,35.6,33.02,35.6,1386,0
20130730,35.4,35.6,32.8,33.8,809,0
20130731,34.2,35,31.2,32,1168,0
20130801,32,32,29.2,31.6,1956,0
20130802,31.6,31.6,30,30.4,745,0
20130805,32.2,34,31,32.8,1618,0
20130806,33,33.6,31.4,32.6,435,0
20130807,33.2,33.2,32.6,32.798,418,0
20130808,33.8,33.8,31.2,32.8,326,0
20130809,32.8,32.8,30.4,32.6,1199,0
20130812,32.8,34,32.402,34,4369,0
20130813,34,35.2,33.2,34,1601,0
20130814,33.4,34.6,32,34,1816,0
20130815,34,34,32.8,33.8,1042,0
20130816,33.4,34,32.2,33.4,1120,0
20130819,33.8,34,33.2,34,363,0
20130820,33.2,34,33,33.8,507,0
20130821,33.4,33.8,32.8,33.4,286,0
20130822,33.6,33.8,32,33.6,115,0
20130823,34,34,32.6,32.62,115,0
20130826,33.2,33.8,32.6,33.598,518,0
20130827,33.6,33.8,33,33.6,988,0
20130828,32.6,33.6,32.6,33.2,674,0
20130829,32.6,33.6,32.582,33.6,264,0
20130830,33.2,33.6,32.4,33.4,715,0
20130903,32.22,33,31.82,32.2,595,0
20130904,33,33.6,31,33.6,2508,0
20130905,32,33.8,31.6,33,940,0
20130906,32.6,32.8,31,31.8,383,0
20130909,32.4,32.8,31,31.8,1290,0
20130910,32.6,32.6,31.8,32.6,1137,0
20130911,32.2,32.6,30.678,32.6,413,0
20130912,32,33,31.42,32.8,612,0
20130913,31,32.4,24.04,26.4,7740,0
20130916,30.2,30.2,23.4,24.8,13334,0
20130917,23.6,24.2,21,22.2,11235,0
20130918,21.6,22.2,20.2,21.6,7572,0
20130919,21.6,21.6,21,21.58,3598,0
20130920,21.6,22,21.2,21.6,1496,0
20130923,21.6,21.6,20.6,20.8,4124,0
20130924,20.6,21,19.4,20,3920,0
20130925,19.8,19.8,14.4,15.96,11829,0
20130926,15.8,18,15,17.4,5965,0
20130927,17.4,17.4,15.8,16.6,4414,0
20130930,16.6,17.16,15.6,16.4,1820,0
20131001,16,16.8,15.6,16.6,664,0
20131002,16.4,16.4,15,15.6,3540,0
20131003,16.6,17,15,16.6,2665,0
20131004,15.8,16.8,15,16.4,2115,0
20131007,16.4,16.6,15,16,700,0
20131008,16.4,16.4,13.8,14.8,2800,0
20131009,15,15,13.8,14,5875,0
20131010,14.998,16.8,13.802,16.8,35308,0
20131011,16.8,17.2,14.452,16.396,7677,0
20131014,16.2,16.2,14.6,16.2,5646,0
20131015,16,16.2,15.2,15.8,1424,0
20131016,15.8,18.4,15.8,18,9089,0
20131017,18,19,18,18.8,5420,0
20131018,18.2,19,17.2,18.8,3040,0
20131021,19,21,18.2,21,13480,0
20131022,22,22,20,21.6,6725,0
20131023,21.8,22.4,21,22.2,4600,0
20131024,24,24,23,23.4,9700,0
20131025,24.4,25,23.4,24.6,6465,0
20131028,24.8,25,23.4,24.2,5190,0
20131029,24.8,25,23.4,24.6,2180,0
20131030,24.2,24.6,23.4,24.2,3395,0
20131031,24,24.8,19.2,20.6,15050,0
20131101,21,23.8,20,21.2,15025,0
20131104,22,22.4,20.2,21,11728,0
20131105,21.2,21.2,20,20.8,4855,0
20131106,20.8,21,20.6,20.6,1250,0
20131107,21.4,21.4,20.8,21,2005,0
20131108,21.6,22,21.4,21.8,4460,0
20131111,21.2,23,21.2,23,3840,0
20131112,23.2,24.2,21,21.2,7025,0
20131113,22.2,23.8,21.5,23.2,5048,0
20131114,23.4,23.8,22.4,23.6,2005,0
20131115,23.8,24.4,23.2,23.6,7015,0
20131118,23.6,39.6,23.6,38.6,101300,0
20131119,38.4,39.4,27,28.8,67640,0
20131120,30.8,30.8,28,29,12235,0
20131121,30,32.6,29.2,29.2,17440,0
20131122,31.4,32.4,30.4,31.4,9515,0
20131125,31.8,31.8,28.4,28.8,16670,0
20131126,29.6,31,28.8,30.6,9910,0
20131127,32.4,37.8,31.4,35.4,37695,0
20131129,34.4,38.6,33.4,36.8,11935,0
20131202,38,40.8,36.4,36.4,23105,0
20131203,36.6,37.4,32.8,36.6,11445,0
20131204,35.8,37,35.8,37,3765,0
20131205,38,38.8,35,35.6,22665,0
20131206,35.2,39.6,33.8,39,14970,0
20131209,41.4,48.6,40,45.2,62980,0
20131210,44,46.8,41,45.2,21490,0
20131211,45.6,53.2,45.4,47,75985,0
20131212,47.2,47.2,38.6,43.2,44145,0
20131213,47.8,47.8,41.8,43.6,32250,0
20131216,43.4,49.6,43.4,43.8,27255,0
20131217,46,46,43.4,43.8,10805,0
20131218,44.8,45.6,41.6,42.6,12730,0
20131219,42.6,43.8,41.4,41.6,13815,0
20131220,41.4,43,39.4,41,16610,0
20131223,40.6,40.6,35.2,37,32300,0
20131224,36.6,39.78,35.8,39.4,5701,0
20131226,38.6,42.8,38.6,41.4,14010,0
20131227,43.8,48.6,43,46.8,34590,0
20131230,46.2,49.6,45,49,10740,0
20131231,47.4,49.6,46.8,48.2,7305,0
20140102,48,49,45.6,47.4,3730,0
20140103,47.4,47.48,44.002,44.602,6239,0
20140106,45,48,45,46.6,7525,0
20140107,48,50,46.4,46.6,7610,0
20140108,47.6,51,46.6,49,15575,0
20140109,51,52.8,50,50.6,20315,0
20140110,51,52,49.4,50.6,14105,0
20140113,51.4,52.8,46,47.4,16060,0
20140114,47.6,52.4,47.6,51.8,8965,0
20140115,52.8,58,52.8,54.4,34675,0
20140116,54,56.4,53.402,55.8,7539,0
20140117,55.8,57.4,52,57.4,14750,0
20140121,57.4,61.6,57.4,61,19105,0
20140122,60.8,66.8,60.4,63.4,16210,0
20140123,64.2,68.2,62,67.6,18460,0
20140124,69,69,62.4,66.2,16067,0
20140127,64.8,65,60,61.2,18910,0
20140128,60.8,63.6,60.598,63.2,6598,0
20140129,63.2,64.8,61.2,62.2,8390,0
20140130,63,64.6,61.8,63,4145,0
20140131,63,63.004,53.6,58.98,20960,0
20140203,59,60,53.6,54.6,12201,0
20140204,55,58.4,52.402,58,7677,0
20140205,58,58.198,51.4,52,12463,0
20140206,51.11,57.4,50.802,53.6,6500,0
20140207,53,53.798,48.6,49.8,13654,0
20140210,50,50.4,47.4,49,6249,0
20140211,49,49.598,41,46.6,19509,0
20140212,47.2,48.8,43.6,45.6,14391,0
20140213,45,49,45,48,6230,0
20140214,47.4,48.194,46.2,47.2,3126,0
20140218,48.2,48.2,45.6,46.6,6557,0
20140219,52,56,45.2,46,25547,0
20140220,46.6,48,44,46.4,8521,0
20140221,47.4,50,47.002,48.6,5681,0
20140224,49.6,50.384,48,48.8,3977,0
20140225,48.816,50.8,45.82,46.2,10544,0
20140226,46,48.6,44,44,4283,0
20140227,44,48.4,44,46,4280,0
20140228,47.4,47.4,44.6,45.4,2533,0
20140303,45.2,47.2,44.4,46.6,4499,0
20140304,47.6,53.178,47.4,51.6,11106,0
20140305,51,55.2,49.2,55,12645,0
20140306,54.4,55,51,53.4,5406,0
20140307,55,57,51.4,52.4,6498,0
20140310,53.8,54.2,51.802,53.2,6182,0
20140311,53,53.2,49,49.2,4098,0
20140312,50.2,51.8,48.2,49.8,5480,0
20140313,49.8,51.2,48.2,49.2,3583,0
20140314,50,52,48.4,51.4,2777,0
20140317,52.2,54.8,50.6,53.8,3807,0
20140318,54,60.07,54,57,17676,0
20140319,58,58,52.8,54.4,7044,0
20140320,54.4,55.4,53.002,53.8,2457,0
20140321,53.8,54.38,51.2,51.4,3556,0
20140324,52.6,52.6,46.6,50,6687,0
20140325,49.206,55,49.206,52,4165,0
20140326,52,52.8,50.2,50.6,2065,0
20140327,50.8,51.42,49.602,50.2,4283,0
20140328,49.8,51.8,48,49.8,4544,0
20140331,49.8,49.8,48,48.2,4373,0
20140401,47.6,49.8,47.6,49.2,5115,0
20140402,50,50,48.4,49.6,7078,0
20140403,49.2,49.6,46.6,47,4229,0
20140404,48,48,46.2,46.8,4012,0
20140407,48.4,48.4,47.2,48,3365,0
20140408,46.8,49.8,46.8,49.2,3440,0
20140409,50,50,48.198,49,2630,0
20140410,48.8,49.4,47,47.2,1403,0
20140411,46,49,46,47.2,3642,0
20140414,46.2,48.6,46,46.2,3262,0
20140415,46.2,46.404,41,41.4,14222,0
20140416,42,44.6,40.4,43.04,6908,0
20140417,43.2,44.4,42,44.2,2141,0
20140421,43.2,46,41.802,42.4,3862,0
20140422,44.398,47.4,42.002,47.4,4488,0
20140423,47.2,47.48,45.6,46.4,552,0
20140424,46.4,46.4,45,45.2,743,0
20140425,44.4,44.54,42,43.6,5209,0
20140428,43.2,44.8,42.536,43.2,4448,0
20140429,43.2,45.2,43.2,44.6,669,0
20140430,43.2,44.4,40.8,42.4,2909,0
20140501,42.62,43.798,41,41.2,1156,0
20140502,42,42,40.6,40.6,1396,0
20140505,41.2,42.2,38.6,41.6,4883,0
20140506,40.8,41.998,39.8,40.2,1082,0
20140507,39.6,39.74,38.6,38.6,5754,0
20140508,38.6,40,36.6,37.4,3371,0
20140509,36.6,36.8,32.8,33.6,11543,0
20140512,33.398,37.924,32.4,37,15305,0
20140513,36,40.8,36,39.6,3723,0
20140514,41,41.4,39.6,41.4,2644,0
20140515,40.4,41.42,37.6,40.2,4633,0
20140516,39.6,42,39.5,40,1003,0
20140519,39.4,40.2,39.4,39.6,1490,0
20140520,41.2,41.4,39.6,40.4,1406,0
20140521,40.2,41.4,39.4,41.4,1029,0
20140522,41.4,43.8,41.4,42,2730,0
20140523,41.4,43.75,41.4,43,1123,0
20140527,43,46.8,43,46.6,3553,0
20140528,47,50,47,49.4,7558,0
20140529,50,50,48.8,49.8,2575,0
20140530,50,50,49,49.2,1538,0
20140602,49.4,49.4,46.6,46.6,3815,0
20140603,46.6,46.8,46,46.398,1556,0
20140604,47.398,47.398,46,47,1426,0
20140605,46.2,49,46.2,47.6,3891,0
20140606,49.8,55,47.4,51.6,32000,0
20140609,50.6,54,49.8,50.2,5092,0
20140610,51.8,56,46.8,53.6,8610,0
20140611,54,54,52.402,53.8,3586,0
20140612,53,59.6,53,56.6,14415,0
20140613,57,58.6,55.6,56.8,7861,0
20140616,57,57.6,53.032,57,8812,0
20140617,54.6,58.4,53.8,55.8,4438,0
20140618,56.2,56.6,55.2,56.2,1308,0
20140619,58.6,64.6,57.8,59.4,35994,0
20140620,60.2,64.8,60,61.8,14266,0
20140623,62.8,63.78,59.402,62,5907,0
20140624,62,65.2,58,58.8,10441,0
20140625,59,61.2,57.6,59.2,3966,0
20140626,59.2,74.2,59.2,73.6,69483,0
20140627,71,73,65.4,68.6,64010,0
20140630,68.6,71,63,67,11325,0
20140701,66.2,66.8,62.202,63.4,11800,0
20140702,63,68,61.6,64.2,6740,0
20140703,65.6,65.6,62.7,63.6,3852,0
20140707,63.2,64.202,61.2,62.6,5775,0
20140708,62,62.2,58.6,59,10612,0
20140709,61.4,61.4,57.8,58.2,6597,0
20140710,57,60,54.4,59,9554,0
20140711,58.4,60.2,57.8,59,3903,0
20140714,59.6,61.598,59,59.4,2435,0
20140715,60.4,61,59.4,60,2273,0
20140716,59.4,61.6,58.6,58.6,3651,0
20140717,58,60.68,57.892,58.4,2039,0
20140718,58.2,60.6,58.2,59.8,1226,0
20140721,58.6,59,57,58.2,4711,0
20140722,57.8,60.002,57.8,58.6,1502,0
20140723,58.8,59.6,58.8,59.4,490,0
20140724,58.8,59.8,58.4,59,1036,0
20140725,59.4,59.4,56.8,58.2,1473,0
20140728,58.8,59,55.8,57,2870,0
20140729,57,59.6,56,59,3360,0
20140730,60,60,57.2,58,2403,0
20140731,57.2,58,56,56.4,1802,0
20140801,55.402,55.6,51.64,53,9566,0
20140804,54,55,50.8,52.6,2699,0
20140805,53.2,55.6,51.5,54.8,4331,0
20140806,55,57.4,53.2,56.8,5479,0
20140807,57.8,57.998,56.4,57.6,4139,0
20140808,57.4,58.4,57.2,57.4,1689,0
20140811,57.6,58.2,56.1,57.8,1461,0
20140812,57.8,57.82,57,57,2536,0
20140813,56.6,58.4,56.4,57.6,3417,0
20140814,58.198,58.198,57,57,832,0
20140815,56.6,57.4,56.4,56.9,4685,0
20140818,56.4,58.2,56.4,57.6,2080,0
20140819,57.6,59,56.2,57.6,10103,0
20140820,57,57.4,56.2,57,2662,0
20140821,58,58,56.2,57.4,836,0
20140822,57,57.8,56.2,57.4,2182,0
20140825,56.8,58.4,56.2,57,4128,0
20140826,56.8,59.6,55.4,58.2,3603,0
20140827,57,58.8,56.8,57.6,2124,0
20140828,57.6,60.6,57.6,59.8,2640,0
20140829,60,62,60,60,2609,0
20140902,59.2,61.4,58.8,59.6,1913,0
20140903,60.2,60.2,58,59,1235,0
20140904,59.4,59.774,57.88,59.4,1020,0
20140905,59,59.2,57.8,59,1350,0
20140908,59,61,59,59.602,5015,0
20140909,59.8,60.4,58.2,58.4,828,0
20140910,55,56.4,52.8,54.56,8210,0
20140911,54.2,54.6,53,53.2,3090,0
20140912,53.2,54.3,52.304,53,1589,0
20140915,53.6,53.6,49,50.6,8471,0
20140916,51.2,53,50.2,51.2,2559,0
20140917,51.8,52.198,49,50.4,5001,0
20140918,50,51.6,46.2,48,10287,0
20140919,49,49,46.4,46.8,6419,0
20140922,37,46,36,43.4,12986,0
20140923,42.6,47.22,42.6,45.6,8821,0
20140924,45.8,46.2,44.2,45,5503,0
20140925,44.6,47,44.2,46.8,3137,0
20140926,48.2,55.2,46.1,54.72,12291,0
20140929,57.4,62,55.6,57.6,15704,0
20140930,58,58.638,56,57,4401,0
20141001,57,57,53,53.8,6492,0
20141002,54.6,56,51.6,55.4,2473,0
20141003,57.2,59.4,55,57.8,2703,0
20141006,59,60,55.2,55.8,2736,0
20141007,55.8,58.74,54,55.2,3070,0
20141008,56.2,56.2,54,55.402,2311,0
20141009,55.2,55.8,50.802,51.32,2333,0
20141010,52.2,52.8,50,50.002,2941,0
20141013,50,50.2,45.296,45.8,4796,0
20141014,45.4,46,44.4,45.4,4354,0
20141015,45.4,49.8,44.2,48.2,5444,0
20141016,49,52,46.2,51.8,1267,0
20141017,52.8,54.4,51.2,53.6,1824,0
20141020,54.6,55.8,53.4,54,2043,0
20141021,54.8,55.6,51.4,52.2,2532,0
20141022,53.198,54.874,52.2,52.2,1302,0
20141023,53.2,56.6,52.62,53,1661,0
20141024,54.4,54.8,52.4,54.4,1837,0
20141027,53.6,55.4,52.2,52.2,2109,0
20141028,53.4,55.6,53.4,54,3011,0
20141029,55.414,56.42,54.506,55.4,5025,0
20141030,55,55.4,54.4,55,682,0
20141031,55,56.4,55,55.4,3568,0
20141103,54.402,59,54.402,55.8,1436,0
20141104,55.8,56.2,54.9,55.4,1922,0
20141105,55.2,56.2,54.6,54.8,722,0
20141106,55.4,56.2,54.8,56,1582,0
20141107,56.8,57,53.46,54.4,2791,0
20141110,55,55.2,53.402,53.8,1566,0
20141111,55,56,53.8,54,457,0
20141112,54.2,54.2,47,52.6,8792,0
20141113,51.4,52.6,49.4,51.4,2592,0
20141114,51,55,51,53.4,3408,0
20141117,54,54,52.62,54,667,0
20141118,53,53.8,53,53.4,648,0
20141119,53.6,54,52.002,53.936,1246,0
20141120,54,57,52.4,54.6,1793,0
20141121,54.4,56,52.6,53,1331,0
20141124,52.4,53.6,51.202,53.2,843,0
20141125,52.8,54.4,51.602,51.8,497,0
20141126,51.4,55.2,51.4,53.602,638,0
20141128,54,57.6,53.8,56.8,2003,0
20141201,56,56.2,52.7,53.8,1255,0
20141202,54,54,52,54,649,0
20141203,53,54,51.4,51.4,2384,0
20141204,52.2,52.598,50.1,50.1,891,0
20141205,50,52,50,50.18,971,0
20141208,56.8,56.8,50,50.2,1060,0
20141209,50,52.8,50,52.216,759,0
20141210,53,53,50.6,51.904,2009,0
20141211,52,53.4,46.6,48,1753,0
20141212,46.6,47.6,43.34,45.8,3784,0
20141215,45,46.4,44,44.8,2332,0
20141216,45.8,46.8,44.2,45,1511,0
20141217,44.2,47,43.202,46.2,4078,0
20141218,48.6,48.8,46.002,48.6,1273,0
20141219,48.4,48.8,46.432,47.8,1101,0
20141222,48.4,48.8,47.22,48.2,1264,0
20141223,47.6,48.8,46.8,47.704,1499,0
20141224,48,50,46.8,49.8,2382,0
20141226,49,50.8,47.8,50,2020,0
20141229,50.2,51.8,48.2,48.4,1481,0
20141230,48.2,50.6,48.2,50,4497,0
20141231,51.4,53.2,48.4,50,4877,0
20150102,51,52,50.4,51.3,2778,0
20150105,51.8,52.2,47.4,49.2,1886,0
20150106,50,50,47.6,49.4,1355,0
20150107,48.8,50,48.8,49.802,1736,0
20150108,51.198,52.8,50.47,52.4,2541,0
20150109,53,55.6,51.2,53.6,3672,0
20150112,54.2,54.6,50.6,51.6,1452,0
20150113,52.8,54,51.2,51.4,1164,0
20150114,52.2,53.68,50.6,52.6,1283,0
20150115,52.8,53,51.8,52.8,905,0
20150116,52.6,54.6,50.2,50.4,3186,0
20150120,53.198,53.2,47.496,48.6,3172,0
20150121,48.6,51.204,47.4,47.8,1789,0
20150122,48.4,51.6,48.4,49.998,3774,0
20150123,50.66,50.66,48.598,49.6,1210,0
20150126,49,51.4,48.798,50.2,2090,0
20150127,45.6,45.8,43.6,44.4,24849,0
20150128,46.4,46.6,44.2,45.6,4138,0
20150129,46,47.8,45.2,46.8,7010,0
20150130,46.8,47.5,45.6,46.2,9356,0
20150202,47.4,47.4,46,46.8,2432,0
20150203,46.8,48,46.2,47,2298,0
20150204,46.9,47.3,46,46.8,3782,0
20150205,46.4,49.2,46.4,48,2905,0
20150206,48,49.2,48,48,4708,0
20150209,48.6,51,48.4,49.998,3969,0
20150210,50.2,50.8,49.076,49.4,2527,0
20150211,50,52.598,45.6,47,5321,0
20150212,47.4,47.6,45,45.4,4925,0
20150213,47,47.2,46,46.4,2921,0
20150217,47,47.2,46.2,46.4,2291,0
20150218,47,48.4,46,47.8,20996,0
20150219,48,49.2,47,48.4,6028,0
20150220,48.6,50.002,48.2,49,5687,0
20150223,48.998,51.4,48.998,51,3496,0
20150224,54.4,55.38,52.2,54.6,9613,0
20150225,54.8,55,53.6,53.802,429,0
20150226,54.594,54.594,52.8,53.2,1791,0
20150227,54.2,54.2,51,51.8,4193,0
20150302,51.2,53.4,50.4,50.6,2780,0
20150303,51.2,51.8,48.8,51.8,4105,0
20150304,50,53.4,50,52.8,5090,0
20150305,53,61,51.4,61,23900,0
20150306,56.8,57.2,53.8,56.8,8240,0
20150309,56,58,55.8,58,6095,0
20150310,57.2,57.4,56,56.8,2185,0
20150311,56.2,57,56.2,56.2,1045,0
20150312,57.2,57.6,56.2,56.6,1670,0
20150313,56.4,58,56,56.4,7220,0
20150316,56.4,56.8,56,56.4,4615,0
20150317,55.8,57,55.6,56.2,3880,0
20150318,57,57,54,55.6,1465,0
20150319,57.8,57.8,55.6,56.4,6010,0
20150320,56.2,56.6,55,56.6,5675,0
20150323,56,56.4,53.2,55.4,5345,0
20150324,57.6,57.6,53,54.6,3320,0
20150325,54.4,55,49.6,53,6695,0
20150326,52.2,53,50.2,50.8,1960,0
20150327,50.8,50.8,49,49.6,2270,0
20150330,50,50.4,48.4,49,5025,0
20150331,49.6,51.4,49.6,50.8,3915,0
20150401,51.2,51.8,49.4,51.8,545,0
20150402,51.2,51.2,48.2,51,4220,0
20150406,49.6,52,49.4,50.8,2495,0
20150407,50.4,52.598,50.4,50.6,1260,0
20150408,50,51,48,48.6,5465,0
20150409,48.6,49.6,47.4,49.032,1912,0
20150410,49,50,48.8,49.4,1425,0
20150413,49.2,49.2,47.4,48,3070,0
20150414,47,48,41.4,46,10355,0
20150415,45.6,47.8,45.2,47.2,1815,0
20150416,47.076,47.076,44.604,45.2,3643,0
20150417,45,48.4,44.2,47.8,3245,0
20150420,47.8,49.8,47.102,48.8,2860,0
20150421,48.2,53,48.04,52,5458,0
20150422,52,52.4,51.2,51.6,1803,0
20150423,51.6,52,50.6,51.2,1245,0
20150424,50.4,51.2,49.8,50,470,0
20150427,50.6,52,48.6,49,1660,0
20150428,48.6,50,47,49,1040,0
20150429,49,49.2,47.6,48,1450,0
20150430,51,51,46.8,48.4,880,0
20150501,47.4,48.2,47.2,47.8,310,0
20150504,48,50,46.6,47,1470,0
20150505,46.8,47.8,46.8,47.8,255,0
20150506,48,48,46.2,46.4,916,0
20150507,46,47.46,46,46,929,0
20150508,46.4,47,46,47,1435,0
20150511,48,49.2,47.2,47.8,2130,0
20150512,47.2,48.2,47.2,48.2,350,0
20150513,46.4,47.4,45.6,46.6,2740,0
20150514,46.6,47.4,46.6,46.6,650,0
20150515,45.202,47.482,45.202,46.8,4087,0
20150518,46.6,47,46.6,46.6,2153,0
20150519,46.6,47,45.2,45.2,930,0
20150520,45.4,46.4,44.8,45.6,465,0
20150521,45,45.8,43.6,43.8,1440,0
20150522,43,44.4,43,44.4,2320,0
20150526,44.202,44.872,44,44.4,696,0
20150527,44.4,45,44.4,44.6,710,0
20150528,44.4,45,43.2,43.4,1667,0
20150529,44.8,45,44,44,450,0
20150601,45,45,43.4,43.4,7082,0
20150602,43,43,40,41.16,5768,0
20150603,41.2,43,39.8,40.2,8135,0
20150604,39.8,40,39,39.4,1700,0
20150605,38.8,38.8,35,37,11910,0
20150608,37.8,37.8,33.2,34.2,7120,0
20150609,35.4,37.8,33,34.2,8910,0
20150610,33.8,34.402,32,32.2,7616,0
20150611,31.8,31.8,29,30.2,9463,0
20150612,30,33.6,29.4,32,3640,0
20150615,32.2,32.4,31,31,1160,0
20150616,31,32,31,31,1645,0
20150617,31,33.8,29.6,32,7610,0
20150618,41,41,33.2,33.4,16680,0
20150619,33.4,34.6,30.6,32.2,6475,0
20150622,32.6,32.6,31,31.6,3550,0
20150623,31,34,31,31.4,6069,0
20150624,31.4,31.4,30.8,31.4,2390,0
20150625,31.2,31.8,30.6,31.6,3055,0
20150626,30.8,33.4,30.8,32.8,3150,0
20150629,32.6,32.6,29.8,31.6,10560,0
20150630,32,32,29.6,30.6,11509,0
20150701,29.8,29.8,28,28.2,5395,0
20150702,28.2,28.4,27.4,28,3445,0
20150706,27.2,27.4,26.2,26.6,5355,0
20150707,26.4,26.6,25.6,26.2,6340,0
20150708,25.8,26,25.6,25.6,1340,0
20150709,26,26,25.6,25.8,2345,0
20150710,26.2,27.2,25.8,26.6,1885,0
20150713,26.8,27,26,26.4,670,0
20150714,26.2,26.4,25.6,26.4,1410,0
20150715,26.2,26.4,26,26,340,0
20150716,26,26.2,26,26,705,0
20150717,26.2,26.4,25.6,25.6,2620,0
20150720,25.6,25.8,25.2,25.2,2335,0
20150721,24.2,25.4,23.8,24.8,3515,0
20150722,25,25.4,24.2,25,4540,0
20150723,24.4,24.8,24.4,24.6,1065,0
20150724,24.6,25.2,24.6,24.8,1675,0
20150727,24.8,25.2,24.4,24.4,2070,0
20150728,24.6,25.4,24.6,25,1395,0
20150729,25,25.6,25,25.6,2330,0
20150730,25.6,26.4,25.2,25.4,3265,0
20150731,25.6,26.4,25.4,26.4,1845,0
20150803,26.4,31.4,25.8,26.384,1008,0
20150804,25.8,26.4,24.6,25.4,4075,0
20150805,24.8,24.8,23.6,23.6,2085,0
20150806,23.6,25.4,23.6,24.8,3101,0
20150807,23.8,25.4,23.6,24.2,1115,0
20150810,23.8,25.2,23.6,23.6,1380,0
20150811,23.6,25,23.2,23.2,2684,0
20150812,21.8,23,19.6,21.4,6030,0
20150813,21.4,24,21.4,21.8,1815,0
20150814,21.8,23.6,21.8,22.6,475,0
20150817,21,23,21,22.2,1160,0
20150818,22,23,21.2,21.2,715,0
20150819,20.8,25.4,20.8,22.2,18940,0
20150820,23,23,20.2,20.2,3770,0
20150821,20.4,21.2,20,21,1075,0
20150824,20.6,21,19.2,20.4,2105,0
20150825,20.4,22.8,20,20.6,5770,0
20150826,20.6,20.6,20.2,20.4,2180,0
20150827,20.6,21,20,20,2730,0
20150828,20,20.8,20,20,2620,0
20150831,20,21,20,20.2,895,0
20150901,20.8,20.8,20,20.4,420,0
20150902,20,20.4,19,19.2,3435,0
20150903,19.2,24.8,19,23.6,18415,0
20150904,23.8,24.4,21.2,24,7820,0
20150908,25.4,25.4,23,24.2,3520,0
20150909,24,24.4,23.8,24,4345,0
20150910,23.812,24.682,23.8,24.4,1688,0
20150911,24.4,26.2,24.4,25.6,5930,0
20150914,25,25.8,25,25.4,2135,0
20150915,25.2,28.4,25.2,27.8,6370,0
20150916,27.6,27.6,26.4,26.6,2025,0
20150917,26.2,27.6,26,27,2514,0
20150918,26.4,28.4,26,28.4,3800,0
20150921,29,30,28,28.8,4280,0
20150922,28.4,29,27,27.8,2660,0
20150923,29,29,27.4,27.4,1990,0
20150924,27.2,28.6,27,28,3052,0
20150925,28,28.2,26.2,27,1255,0
20150928,26.4,27,25,25.6,2407,0
20150929,25,26.6,25,25.2,1800,0
20150930,26.6,26.6,25.4,26,1895,0
20151001,26,26.6,25,25,3315,0
20151002,25,26.8,25,25.8,6945,0
20151005,26.2,28.8,25.2,27.4,6081,0
20151006,27.8,29.4,26.6,28.8,3950,0
20151007,28.6,29.2,27.6,28.4,2305,0
20151008,27.4,28.4,26.8,27,2235,0
20151009,27.6,28.2,27,28,2055,0
20151012,28.4,28.4,27,27.6,860,0
20151013,27.6,27.6,26.6,27,1690,0
20151014,26.8,27.6,25.8,26.4,3505,0
20151015,27,27.8,26.4,27,800,0
20151016,27.6,28,27.4,27.4,410,0
20151019,26.8,28,26.6,26.6,490,0
20151020,26.8,28.6,26.8,27.798,2127,0
20151021,27.6,28.4,27.6,28,510,0
20151022,27.6,29,27.6,28,455,0
20151023,27.8,28.8,27.4,27.8,850,0
20151026,27.4,28.6,27.4,28,415,0
20151027,28,28,26.8,27.2,715,0
20151028,27.8,28.6,27.6,28,360,0
20151029,28.8,28.8,27.6,28,820,0
20151030,28,28.8,27.4,27.6,4010,0
20151102,28,28.4,27.2,27.598,3472,0
20151103,29,30,27.4,27.6,8340,0
20151104,27.6,28.3,27.3,27.8,1517,0
20151105,27.6,27.6,26.8,27,1270,0
20151106,27,27.2,26.2,26.8,8620,0
20151109,26.2,27.1,25.6,25.6,2016,0
20151110,25.6,25.8,24.6,24.6,7220,0
20151111,25,25.8,24.6,25.8,885,0
20151112,25.2,25.2,24.4,24.4,3195,0
20151113,24.8,25,24.4,25,1080,0
20151116,24.6,24.6,23.2,23.2,4565,0
20151117,23.2,23.4,22.8,23.4,1315,0
20151118,23.2,23.2,21.6,21.6,5810,0
20151119,23.2,23.4,22.4,22.8,280,0
20151120,23.6,23.6,23.2,23.2,425,0
20151123,22.8,23.4,22.4,22.4,915,0
20151124,22.4,23.6,22.4,23.6,735,0
20151125,23.2,23.8,22.4,23.6,3370,0
20151127,23,23,22.8,23,780,0
20151130,22.8,23.4,22.6,22.6,1415,0
20151201,23,23.2,22.602,22.602,952,0
20151202,22.6,23,22.4,22.6,5399,0
20151203,22.6,22.6,21.6,21.798,1325,0
20151204,21.6,22,21.6,21.6,4535,0
20151207,21,22.4,21,21.4,4480,0
20151208,21.4,22,21.4,22,4398,0
20151209,21.4,22.6,21.4,22.2,955,0
20151210,22.4,24,22.4,23.8,1890,0
20151211,23,24.6,22.8,23.4,3305,0
20151214,24,24,22.2,22.4,1765,0
20151215,23,23,20,21.8,2800,0
20151216,22.4,22.4,21.4,21.8,945,0
20151217,22,22.6,21.8,22.4,745,0
20151218,22.8,23.8,22,22.6,2230,0
20151221,22,23.8,21.8,23.4,3870,0
20151222,23.8,25.4,23,24.8,1183,0
20151223,25.2,25.4,23.2,23.6,2755,0
20151224,23.68,25,23.68,24,432,0
20151228,23.4,26.4,23.2,23.2,1677,0
20151229,23.6,26,21.2,21.8,3322,0
20151230,22.4,22.4,20.6,21.6,6039,0
20151231,22,22.4,21,21.4,10005,0
20160104,21.136,21.2,20.4,20.4,2525,0
20160105,21.756,21.756,20.6,20.8,884,0
20160106,22.8,22.82,20.652,21,2920,0
20160107,21,21,20,20.4,3002,0
20160108,20.6,21,19.6,20.2,7857,0
20160111,20.514,20.514,19.4,19.4,2039,0
20160112,19.8,20.6,13.358,19.946,4589,0
20160113,19.802,20.2,15.8,19.798,6360,0
20160114,19.4,21.8,17.8,21.2,2712,0
20160115,20.402,20.402,18.2,19.6,4785,0
20160119,20,20,19.2,19.2,1900,0
20160120,19.2,19.8,18.44,18.44,3472,0
20160121,19,19.2,17.84,17.84,1949,0
20160122,19.6,19.6,19.19,19.19,210,0
20160125,18.62,21.028,18.62,19,2263,0
20160126,19.4,19.594,18.9,18.9,1578,0
20160127,19.2,19.2,18,18.6,2176,0
20160128,18.2,20.2,18.2,18.4,678,0
20160129,18.96,20,7.2,7.502,112325,0
20160201,7.876,8,5.26,5.8,58114,0
20160202,5.8,5.9,4.8,5.042,19514,0
20160203,5.16,5.8,5,5.302,14889,0
20160204,6,6,5,5.15,29643,0
20160205,5.4,5.4,4.42,4.606,11787,0
20160208,5.6,5.6,4.48,4.912,2639,0
20160209,5.18,5.18,4.6,4.6,8638,0
20160210,4.46,4.894,4.2,4.83,8922,0
20160211,4.8,4.8,4.338,4.8,1905,0
20160212,4.8,4.8,4,4.242,1262,0
20160216,4.1,4.8,4.1,4.8,2595,0
20160217,4.1,5,4.1,4.704,1837,0
20160218,4.7,5.024,4.202,4.598,1365,0
20160219,4.9,5.002,4.2,4.4,3064,0
20160222,4.998,5,4.398,4.54,2284,0
20160223,4.6,4.8,4.4,4.6,1219,0
20160224,4.8,4.8,4,4.272,4414,0
20160225,4.46,4.46,3.2,3.998,4558,0
20160226,4,4,3.798,4,378,0
20160229,4,4.3,3.4,3.8,2962,0
20160301,3.994,4,3.2,3.2,9022,0
20160302,3.4,3.524,3.36,3.396,4118,0
20160303,3.36,3.8,3,3.2,17021,0
20160304,3.26,3.96,3.26,3.5,15657,0
20160307,3.52,4.8,3.5,4.6,20265,0
20160308,4.8,6,4.6,5.398,39026,0
20160309,5.8,5.8,4.6,5.4,8917,0
20160310,5.8,5.8,4.76,5.2,8656,0
20160311,5.168,5.38,4.2,5.2,8087,0
20160314,5.36,5.448,4.6,5.188,5949,0
20160315,4.8,5.6,4.6,5.4,5252,0
20160316,5.2,5.8,4.802,5.628,7576,0
20160317,5.63,5.8,5.004,5.394,14634,0
20160318,5.4,6.42,5.394,5.54,29516,0
20160321,5.4,5.6,4.798,5.398,12589,0
20160322,5.5,5.5,4.6,4.8,5279,0
20160323,5.004,5.254,4.6,4.6,3529,0
20160324,4.202,4.598,3.6,4,2667,0
20160328,4.2,4.396,4,4,4891,0
20160329,4,4.6,4,4.4,2495,0
20160330,5,5,4,4.776,774,0
20160331,4.4,4.776,4.2,4.2,2449,0
20160401,4.3,4.464,4,4,479,0
20160404,4,4.2,3.8,4.032,1323,0
20160405,3.8,4.4,3.8,4.4,561,0
20160406,3.8,4.386,3.8,3.84,450,0
20160407,3.86,4.4,3.8,3.806,2993,0
20160408,3.8,4.186,3.6,3.712,3131,0
20160411,3.602,3.9,3.4,3.9,5170,0
20160412,3.04,4.2,3.04,4.098,2149,0
20160413,4,4.2,3.54,3.76,5355,0
20160414,3.948,4.3,3.042,4,2735,0
20160415,4.06,4.06,3.6,3.694,660,0
20160418,3.7,3.8,3.602,3.61,5630,0
20160419,3.614,3.8,3.5,3.5,1282,0
20160420,3.6,3.7,3.414,3.62,9195,0
20160421,3.62,3.76,3.44,3.502,1022,0
20160422,3.676,3.8,3.52,3.542,1347,0
20160425,3.6,3.9,3.402,3.78,1274,0
20160426,3.968,4.04,3.62,3.7,4919,0
20160427,3.5,3.9,3.5,3.9,1219,0
20160428,3.6,3.9,3.6,3.73,3078,0
20160429,3.8,4,3.5,3.744,3234,0
20160502,3.6,5.6,3.6,5,76690,0
20160503,7.2,11.8,6.61,7.08,351034,0
20160504,7.2,7.2,5.46,5.898,33390,0
20160505,5.8,5.8,4.64,4.9,31464,0
20160506,5,5.25,4.6,5,9649,0
20160509,5,5,4.6,4.62,4422,0
20160510,4.8,4.98,4.42,4.556,9669,0
20160511,4.42,4.428,3.7,3.8,12304,0
20160512,4,5.2,3.726,5.18,40279,0
20160513,5.4,5.9,4.6,5.152,39417,0
20160516,5,5.2,4.4,4.9,14685,0
20160517,4.4,4.8,4.2,4.4,13672,0
20160518,4.2,4.4,4.02,4.122,2557,0
20160519,4.1,4.38,3.6,3.7,5083,0
20160520,4.38,4.38,3.6,3.67,5324,0
20160523,3.6,5,3.6,4.8,52022,0
20160524,4.58,5.2,4.5,4.6,20091,0
20160525,4.6,4.6,4.04,4.262,6022,0
20160526,4.044,4.58,4.02,4.02,3161,0
20160527,4,4.4,3.902,4.394,5360,0
20160531,4.4,4.614,4.2,4.56,7444,0
20160601,4.6,4.6,4.22,4.22,8664,0
20160602,4.23,5.2,4,4.8,17507,0
20160603,5.4,8.95,5.2,6,273318,0
20160606,6,6.4,5.4,5.58,38635,0
20160607,5.2,5.406,4.502,4.8,19267,0
20160608,4.8,5.2,4.5,5.2,11447,0
20160609,5.2,6.2,5.018,5.2,28898,0
20160610,5.2,5.88,5.198,5.768,9680,0
20160613,5.44,6,5.2,5.6,10001,0
20160614,5.8,5.8,5,5.4,9254,0
20160615,5.6,5.6,5.1,5.436,5558,0
20160616,5.8,6.4,5.104,5.7,29508,0
20160617,5.7,6.18,5.4,5.4,15861,0
20160620,4.55,5.6,4.55,5.38,29816,0
20160621,5.35,5.84,5.1,5.35,34615,0
20160622,5.26,5.26,4.3201,4.55,45065,0
20160623,4.4142,4.4521,4.01,4.16,25005,0
20160624,4.06,4.2625,3.73,3.94,15471,0
20160627,3.83,4,3.82,3.88,8005,0
20160628,3.84,3.88,3.81,3.86,13470,0
20160629,3.94,4.17,3.9305,4.17,11408,0
20160630,4.17,4.17,4.01,4.09,4613,0
20160701,4.0335,4.13,3.95,3.985,6840,0
20160705,3.8862,4.01,3.87,3.87,2988,0
20160706,3.907,4.04,3.87,4.0285,7582,0
20160707,4.05,4.3699,4.05,4.3499,14355,0
20160708,4.32,4.32,4.03,4.06,9053,0
20160711,4.04,4.1099,4,4.02,4500,0
20160712,3.97,4.58,3.97,4.58,27622,0
20160713,4.33,4.98,4.33,4.58,25198,0
20160714,4.49,4.76,4.48,4.76,2808,0
20160715,4.855,6.77,4.855,6.69,81532,0
20160718,6.76,6.76,5.631,6.25,49201,0
20160719,6.21,6.21,5.8,5.954,5499,0
20160720,5.831,5.9999,5.83,5.98,3936,0
20160721,5.9235,6.28,5.83,6.07,70535,0
20160722,6.035,6.12,5.6,5.6,7531,0
20160725,5.7218,5.7218,5.06,5.06,15937,0
20160726,5.05,5.2,4.89,4.9101,33922,0
20160727,5.21,5.4,5.03,5.1,14214,0
20160728,4.98,5.35,4.775,4.83,26846,0
20160729,4.77,5.05,4.755,4.89,14347,0
20160801,4.91,5.02,4.84,4.84,1326,0
20160802,4.93,4.97,4.7285,4.7348,5531,0
20160803,4.771,4.771,4.691,4.75,2033,0
20160804,4.64,5.21,4.43,5.2,19907,0
20160805,4.99,5.07,4.89,4.95,4802,0
20160808,4.95,5.155,4.72,4.7211,7223,0
20160809,4.9499,5.0285,4.72,4.9284,4809,0
20160810,5,5,4.89,4.89,1144,0
20160811,4.85,4.85,4.72,4.72,900,0
20160812,4.75,4.96,4.475,4.7549,9052,0
20160815,4.51,4.9999,4.51,4.8399,12577,0
20160816,4.71,4.93,4.71,4.81,4859,0
20160817,4.5001,4.805,4.5001,4.632,4710,0
20160818,4.58,4.75,4.52,4.54,3200,0
20160819,4.514,4.57,4.514,4.57,2320,0
20160822,4.584,4.584,4.45,4.51,4194,0
20160823,4.52,4.689,4.4801,4.65,2200,0
20160824,4.41,4.52,4.41,4.51,7781,0
20160825,4.33,4.43,4.33,4.35,4150,0
20160826,4.29,4.3,4.1219,4.2066,2801,0
20160829,4.17,4.49,4.17,4.2601,3730,0
20160830,4.3499,4.36,4.16,4.16,5550,0
20160831,4.15,4.28,4.15,4.28,21572,0
20160901,4.41,4.5,4.23,4.47,30029,0
20160902,4.45,4.45,4.28,4.31,8217,0
20160906,4.26,4.26,4.1,4.21,11149,0
20160907,4.1588,4.21,4.0101,4.06,43328,0
20160908,4.01,4.249,4,4.15,13631,0
20160909,4.15,4.21,4.0001,4.16,16794,0
20160912,4.01,4.01,3.8701,3.9021,6237,0
20160913,3.9599,3.9599,3.87,3.87,29012,0
20160914,3.88,3.9,3.87,3.871,651,0
20160915,3.94,4.07,3.88,4,5510,0
20160916,4.0599,4.06,3.99,4,997,0
20160919,3.93,4.02,3.87,4.01,19304,0
20160920,4.02,4.07,3.87,4,70590,0
20160921,3.97,4.05,3.87,4.0495,87701,0
20160922,3.98,4.278,3.9,4.1,114031,0
20160923,4.21,4.3,3.97,4.3,14271,0
20160926,4.32,4.33,4.1,4.32,8831,0
20160927,4.21,4.33,4.11,4.26,3104,0
20160928,4.21,4.28,4.01,4.28,39723,0
20160929,4.2,4.31,3.98,4.25,82742,0
20160930,4.36,4.36,4.34,4.34,300,0
20161003,4.3,4.39,4.2,4.2,3011,0
20161004,4.01,4.38,3.98,4.26,9347,0
20161005,4.13,4.2899,3.981,3.981,11100,0
20161006,4.1,4.3,4.09,4.09,13129,0
20161007,4.15,4.15,4.1,4.1,2350,0
20161010,4.0596,4.18,4.03,4.07,3756,0
20161011,4.006,4.006,3.8399,3.9068,11792,0
20161012,3.89,3.93,3.8601,3.8601,974,0
20161013,3.9159,3.92,3.45,3.78,6144,0
20161014,3.7,3.77,3.2,3.56,33035,0
20161017,3.44,3.48,3.29,3.48,22207,0
20161018,3.43,3.9,3.1732,3.5899,18725,0
20161019,3.332,3.9,3.2436,3.76,59395,0
20161020,3.78,3.78,3.6499,3.6499,4328,0
20161021,3.6315,3.6315,3.42,3.42,200,0
20161024,3.59,4.49,3.25,4.32,136981,0
20161025,4.48,4.67,3.6,4,118893,0
20161026,3.97,3.976,3.6287,3.75,29404,0
20161027,3.76,3.78,3.75,3.75,11407,0
20161028,3.8191,3.82,3.8,3.81,3428,0
20161031,3.751,3.8,3.751,3.8,2258,0
20161101,3.8282,3.85,3.8,3.85,5616,0
20161102,3.78,3.9,3.75,3.75,8092,0
20161103,3.8416,3.8416,3.75,3.75,450,0
20161104,3.78,3.78,3.78,3.78,295,0
20161107,3.75,3.77,3.75,3.75,1574,0
20161108,3.75,3.75,3.56,3.61,33883,0
20161109,3.56,3.67,3.56,3.64,67433,0
20161110,3.571,3.93,3.54,3.6,88527,0
20161111,3.6,4.5489,3.6,4.34,94135,0
20161114,4.2854,4.65,4,4.2674,16348,0
20161115,4.4,6.4329,4.19,6.27,472119,0
20161116,6.52,7.42,5.23,5.49,465177,0
20161117,5.42,5.42,4.61,5.1,64377,0
20161118,5.05,5.26,4.6957,5.12,17100,0
20161121,5.09,5.09,4.6857,4.88,19427,0
20161122,4.85,5.2001,4.6,5.18,52551,0
20161123,5.13,5.2021,4.6,4.79,10713,0
20161125,4.76,4.76,4.61,4.61,2849,0
20161128,4.71,4.7972,4.24,4.24,11962,0
20161129,4.2574,4.41,4.2,4.41,28781,0
20161130,4.32,4.642,4.2936,4.3,50816,0
20161201,4.3252,4.5283,4.3,4.3392,24417,0
20161202,4.3,4.3819,4.251,4.26,4679,0
20161205,4.26,4.49,4.2,4.33,48694,0
20161206,4.4,6.03,4.4,5.45,255421,0
20161207,5.29,5.52,5.02,5.22,45745,0
20161208,5.13,5.3092,4.7,5.3,24273,0
20161209,4.9527,5.6819,4.9527,5.34,22306,0
20161212,5.41,5.6223,5.02,5.21,14418,0
20161213,5.19,5.5,5.046,5.3,34490,0
20161214,5.0351,5.0651,4.363,4.49,46014,0
20161215,4.49,4.5053,4.2,4.23,24106,0
20161216,4.44,4.72,4.2305,4.42,60545,0
20161219,4.37,4.52,4.2407,4.27,57693,0
20161220,4.2,4.43,4.2,4.43,16393,0
20161221,4.36,4.36,4.21,4.22,4754,0
20161222,4.2,4.49,4.2,4.22,38713,0
20161223,4.29,4.41,4.2,4.23,52467,0
20161227,4.265,4.59,4.23,4.4573,45957,0
20161228,4.53,4.77,4.26,4.4201,8365,0
20161229,4.5,4.63,4.23,4.37,30454,0
20161230,4.35,4.39,4.24,4.26,6008,0
20170103,4.36,4.56,4.23,4.24,48077,0
20170104,4.33,4.33,4.2,4.2,17248,0
20170105,4.23,4.32,4.2,4.2126,2659,0
20170106,4.25,4.25,3.6601,3.79,65365,0
20170109,3.87,3.94,3.5363,3.82,31397,0
20170110,3.96,4.1,3.65,3.69,70310,0
20170111,3.99,4.06,3.76,3.77,19591,0
20170112,3.77,3.77,3.573,3.66,3050,0
20170113,3.72,3.74,3.5,3.5,3168,0
20170117,3.5,3.679,3.4,3.47,28196,0
20170118,3.52,3.8871,3.45,3.49,34269,0
20170119,3.38,5.3,3.38,4.05,867037,0
20170120,3.59,3.95,3.4,3.69,50837,0
20170123,3.67,3.9,3.67,3.83,14538,0
20170124,3.78,3.9852,3.7,3.72,8686,0
20170125,3.7,3.77,3.7,3.77,15278,0
20170126,3.77,3.77,3.52,3.6,17129,0
20170127,3.57,3.6099,3.5,3.51,9148,0
20170130,3.5,3.51,3.35,3.39,14336,0
20170131,3.4,3.68,3.29,3.45,17207,0
20170201,3.45,3.5039,3.3,3.46,22009,0
20170202,3.4,3.53,3.39,3.5,12499,0
20170203,3.65,4.41,3.4241,3.8,125347,0
20170206,3.75,4.17,3.6,3.73,10187,0
20170207,4.2,4.2,3.52,3.69,16296,0
20170208,3.55,3.56,3.45,3.55,2990,0
20170209,3.69,3.69,3.48,3.52,10903,0
20170210,3.6,3.72,3.51,3.72,15089,0
20170213,3.78,4.97,3.78,3.94,337112,0
20170214,3.85,3.85,3.6,3.7992,39440,0
20170215,3.8,3.8,3.57,3.72,22114,0
20170216,3.6804,3.73,3.541,3.61,13146,0
20170217,3.5202,3.75,3.5,3.75,27847,0
20170221,3.79,3.81,3.65,3.71,9244,0
20170222,3.76,3.77,3.62,3.77,1328,0
20170223,3.7,3.73,3.53,3.73,17760,0
20170224,3.58,3.775,3.58,3.77,3879,0
20170227,3.73,3.9,3.6845,3.9,6891,0
20170228,3.9,3.93,3.7,3.85,12038,0
20170301,3.83,3.83,3.7,3.72,5585,0
20170302,3.6,3.8,3.6,3.61,6494,0
20170303,3.57,3.61,3.51,3.57,15925,0
20170306,3.5388,3.71,3.4,3.46,52086,0
20170307,3.45,3.6,3.18,3.29,40937,0
20170308,3.43,3.45,3.2447,3.27,2223,0
20170309,3.32,3.32,3.1307,3.17,11253,0
20170310,3.21,3.2399,3.18,3.18,5555,0
20170313,3.1352,3.18,2.6,2.8,33189,0
20170314,2.76,2.96,2.6471,2.93,17984,0
20170315,3.02,3.04,2.78,2.98,20742,0
20170316,3,3,2.9,2.9,2860,0
20170317,3.2059,3.2059,2.7641,2.86,4132,0
20170320,2.79,2.9872,2.72,2.78,14331,0
20170321,2.76,2.7642,2.67,2.7,6380,0
20170322,2.73,2.73,2.67,2.69,1438,0
20170323,2.71,2.77,2.7,2.7,3175,0
20170324,2.72,2.76,2.7,2.74,1443,0
20170327,2.7686,2.82,2.7686,2.82,1154,0
20170328,2.9,3.1899,2.86,2.985,26885,0
20170329,3.065,3.082,2.85,2.86,5850,0
20170330,2.81,2.86,2.81,2.84,4994,0
20170331,2.76,2.8512,2.76,2.84,3378,0
20170403,2.8224,2.94,2.82,2.86,4263,0
20170404,2.81,3.09,2.81,2.93,6191,0
20170405,2.95,3.0384,2.94,2.94,3143,0
20170406,2.92,3.01,2.88,2.93,3068,0
20170407,2.91,2.91,2.8852,2.8997,1055,0
20170410,2.95,3.54,2.95,3.5295,42159,0
20170411,3.58,3.58,3.25,3.47,31048,0
20170412,3.33,3.545,3.1,3.54,17677,0
20170413,3.49,3.95,3.31,3.94,22751,0
20170417,4.13,4.15,3.46,3.67,45321,0
20170418,3.58,3.65,3.42,3.45,10651,0
20170419,3.44,3.44,3.29,3.36,11827,0
20170420,3.33,3.42,3.33,3.42,2378,0
20170421,3.337,3.38,3.337,3.38,1869,0
20170424,3.47,3.65,3.45,3.45,7198,0
20170425,3.7358,3.7358,3.5,3.5,2544,0
20170426,3.624,3.98,3.52,3.6,35404,0
20170427,3.63,3.81,3.57,3.58,2409,0
20170428,3.5075,3.55,3.43,3.43,2445,0
20170501,3.45,3.46,3.38,3.46,4918,0
20170502,3.47,3.55,3.3227,3.42,8364,0
20170503,3.64,3.64,3.32,3.32,1008,0
20170504,3.32,3.4347,3.32,3.32,5301,0
20170505,3.32,3.39,3.32,3.32,5262,0
20170508,3.33,3.519,3.32,3.33,3926,0
20170509,3.29,3.49,3.21,3.33,17729,0
20170510,3.46,3.48,3.31,3.32,16652,0
20170511,3.47,3.5,3.2176,3.5,5053,0
20170512,3.34,3.596,3.3,3.59,5505,0
20170515,3.65,3.79,3.65,3.78,10967,0
20170516,3.79,3.79,3.66,3.79,2413,0
20170517,3.69,3.71,3.58,3.58,1950,0
20170518,3.55,3.59,3.55,3.58,6427,0
20170519,3.34,3.357,3.34,3.357,400,0
20170522,3.06,3.5805,3.03,3.45,2380,0
20170523,3.4403,3.4403,3.3991,3.3991,1146,0
20170524,3.335,3.335,3.3,3.3,2500,0
20170525,3.7,3.7,3.24,3.25,853,0
20170526,3.21,3.2916,3.143,3.28,8397,0
20170530,2.76,3.59,2.76,2.99,10737,0
20170531,2.91,3.48,2.9,3.47,4588,0
20170601,3.29,3.3,3.14,3.28,1350,0
20170602,3.2,3.46,3.0606,3.0606,3148,0
20170605,2.96,3.18,2.96,3.18,229,0
20170606,3.16,3.16,1.97,2.25,240625,0
20170607,2.28,2.39,1.71,1.77,109375,0
20170608,1.7,1.8499,1.45,1.78,139379,0
20170609,1.78,1.78,1.57,1.67,53590,0
20170612,1.72,1.7301,1.6,1.682,17897,0
20170613,1.6,1.95,1.55,1.67,38874,0
20170614,1.68,1.7399,1.641,1.72,25738,0
20170615,1.6834,1.799,1.66,1.75,17312,0
20170616,1.782,1.89,1.5001,1.89,19109,0
20170619,1.92,2.18,1.61,1.8999,121016,0
20170620,1.89,1.92,1.711,1.8,15827,0
20170621,1.8,1.84,1.64,1.8,11357,0
20170622,1.75,1.8,1.64,1.74,23812,0
20170623,1.6882,1.89,1.65,1.8029,42877,0
20170626,1.75,1.87,1.72,1.72,15945,0
20170627,1.76,1.88,1.72,1.81,17242,0
20170628,1.81,1.9,1.74,1.86,53997,0
20170629,1.87,2.15,1.82,1.83,219779,0
20170630,1.82,1.995,1.73,1.89,63176,0
20170703,1.93,1.93,1.79,1.92,12087,0
20170705,1.81,2.14,1.81,2,55593,0
20170706,2.0373,2.08,1.89,2.05,47536,0
20170707,2.0296,2.05,1.8571,1.98,24913,0
20170710,2.02,2.07,1.85,1.96,25526,0
20170711,1.94,2.0381,1.86,1.87,34780,0
20170712,1.904,1.955,1.88,1.88,2250,0
20170713,1.95,2.05,1.84,1.9699,28299,0
20170714,2,2.0252,1.92,1.98,10158,0
20170717,1.9652,3.82,1.9652,2.9324,4044123,0
20170718,2.6,2.7,2.11,2.25,378125,0
20170719,2.28,2.4,2.07,2.34,103266,0
20170720,2.31,2.4,2.15,2.23,58441,0
20170721,2.34,2.34,2.01,2.05,58089,0
20170724,2.11,2.15,1.98,2.08,59717,0
20170725,2.06,2.17,2.02,2.08,49141,0
20170726,2.06,2.15,2.03,2.1005,35322,0
20170727,2.09,2.16,1.91,1.99,41089,0
20170728,1.99,1.99,1.88,1.97,7433,0
20170731,1.99,2.19,1.91,2,26238,0
20170801,2.02,2.14,1.86,1.9799,80199,0
