Date,Open,High,Low,Close,Volume,OpenInt
20150605,25.01,27.48,24,27,7716400,0
20150608,27.45,29.7,27.1,28.81,1797400,0
20150609,29.68,29.97,28.953,29.6,743067,0
20150610,29.79,29.79,27.55,27.74,384047,0
20150611,27.56,28.29,26.98,27.06,245575,0
20150612,27.04,27.73,26.9,26.98,605300,0
20150615,27.07,27.45,26.59,27.25,168200,0
20150616,27.5,29.16,27.02,29.16,355200,0
20150617,24.9,26.66,21.88,22,2266700,0
20150618,22,22.29,21.02,21.32,487400,0
20150619,21.01,22.15,20.75,22,429800,0
20150622,22.26,22.26,20.43,21.81,276000,0
20150623,21.96,22.5,21.8,22.41,175271,0
20150624,22.65,23,22.05,22.24,143900,0
20150625,22.49,23,22,22.77,176000,0
20150626,22.88,22.9,22.34,22.57,106300,0
20150629,22.48,22.58,21.98,22.48,83400,0
20150630,22.21,22.3,21.135,21.49,580398,0
20150701,21.59,21.73,20.76,20.94,227200,0
20150702,20.92,21.36,20.88,21.16,63600,0
20150706,21.15,21.47,20.83,20.91,101100,0
20150707,21.16,21.38,20.77,21.19,96100,0
20150708,21.28,21.28,18.93,19,170500,0
20150709,18.91,19.93,18.91,19.2,95300,0
20150710,19.22,22.1,18.96,20.51,163100,0
20150713,20.32,20.68,19.06,19.64,120100,0
20150714,19.54,19.7,19.19,19.47,78730,0
20150715,19.52,19.6,19.235,19.46,115403,0
20150716,19.55,19.73,19.15,19.52,102400,0
20150717,19.5,20.38,19.33,20.04,58100,0
20150720,20.24,20.28,19.39,19.82,134200,0
20150721,19.94,20.36,19.68,19.95,119100,0
20150722,19.93,19.93,19.47,19.73,108900,0
20150723,19.85,19.95,19.63,19.86,172500,0
20150724,19.95,20,19.18,19.63,166200,0
20150727,19.42,19.74,17.68,17.83,172200,0
20150728,18,18.16,15.97,16.21,238100,0
20150729,16.12,16.85,15.68,16.68,174800,0
20150730,16.68,17.49,16.65,17.1,68700,0
20150731,17.22,17.33,16.36,16.54,65600,0
20150803,16.54,16.67,15.85,16.11,134787,0
20150804,16.16,16.16,14.9,15.11,215400,0
20150805,15.15,15.9,14.84,14.9,67400,0
20150806,14.81,15.25,14.17,14.7,159568,0
20150807,14.67,14.85,14.17,14.41,80900,0
20150810,14.44,14.86,14.32,14.66,56200,0
20150811,14.65,14.864,13.87,13.93,121141,0
20150812,13.8,14.25,13.37,13.45,238300,0
20150813,13.38,13.38,12.53,12.64,100400,0
20150814,12.73,13.17,12,12.86,154000,0
20150817,12.76,14.57,12.4,13.49,199100,0
20150818,13.55,14.11,12.69,12.73,104300,0
20150819,12.6,12.89,12.4,12.47,55500,0
20150820,12.43,13.05,11.74,12.96,248400,0
20150821,12.7,13.84,12.4,13.49,240100,0
20150824,12.41,13.44,12.41,13.085,192330,0
20150825,13.28,13.99,12.8,13.08,110300,0
20150826,13.13,13.8,12.63,12.91,92000,0
20150827,12.97,13.01,12.41,12.77,61500,0
20150828,12.76,13.27,12.5,13.15,85800,0
20150831,13.22,14.25,13.21,13.79,104000,0
20150901,13.6,13.68,12.77,12.77,90800,0
20150902,12.99,13.12,12.61,12.99,49400,0
20150903,13.01,14,12.51,13.12,63400,0
20150904,13.07,13.55,12.9,13.17,38700,0
20150908,13.5,13.98,13.01,13.72,311300,0
20150909,13.86,13.86,12.89,12.99,62100,0
20150910,13.16,14.48,13.16,14.02,229346,0
20150911,14,15.58,13.94,15.51,232700,0
20150914,15.6,16,14.87,15.88,141900,0
20150915,16,16.82,15.73,16.37,88000,0
20150916,16.56,16.73,15.79,16.36,71300,0
20150917,16.47,17.01,15.76,16.44,152600,0
20150918,16.39,16.5,15.84,15.92,114800,0
20150921,16.14,16.42,15.23,15.28,144400,0
20150922,15.1,16.13,14.4,14.5,90300,0
20150923,14.43,14.77,13.85,14.29,69000,0
20150924,14.05,14.85,13.5,14.53,124816,0
20150925,14.52,14.66,14.02,14.28,59700,0
20150928,14.17,14.37,13.6,13.74,230291,0
20150929,13.8,14.45,13.5,14.3,92400,0
20150930,14.23,16.22,14.23,15.66,230700,0
20151001,15.6,15.95,15.15,15.7,263200,0
20151002,15.48,17,15.4,16.85,239500,0
20151005,16.85,17.34,16.03,17.04,187999,0
20151006,17,17.4,16.94,17.27,170300,0
20151007,17.4,17.84,17.19,17.41,158400,0
20151008,17.44,17.44,16.43,17.16,140900,0
20151009,17.07,17.26,15.89,16.19,184800,0
20151012,16.19,16.31,15.44,16.09,189581,0
20151013,16.03,16.16,15.68,15.83,98300,0
20151014,15.85,16.04,15.45,15.61,104700,0
20151015,15.77,15.8,15.13,15.51,153700,0
20151016,15.47,16.05,15.45,15.93,98500,0
20151019,15.84,16.9,15.76,16.26,133300,0
20151020,16.17,16.41,15.74,16.15,81722,0
20151021,16.14,16.14,15.41,15.85,118200,0
20151022,15.99,16.44,15.5,16.11,82200,0
20151023,16.14,16.14,15.66,15.95,180500,0
20151026,15.65,15.92,15.15,15.34,110500,0
20151027,15.26,15.26,14.55,14.89,178100,0
20151028,14.91,15.11,14.47,14.94,143300,0
20151029,14.77,15.4,14.6,14.74,84900,0
20151030,14.64,14.98,14.01,14.63,77000,0
20151102,14.6,15.17,14.25,15.11,82322,0
20151103,15.11,15.11,14.8,14.92,88200,0
20151104,15.03,15.54,14.73,14.96,132976,0
20151105,14.91,15.08,14.37,14.79,104300,0
20151106,14.69,15.07,14.52,15.01,81800,0
20151109,15.02,15.15,14.48,14.87,108888,0
20151110,14.9,14.92,14.29,14.62,274600,0
20151111,14.69,14.83,13.69,14.03,215900,0
20151112,13.99,13.99,13.07,13.39,119300,0
20151113,13.35,13.35,12.12,12.29,210400,0
20151116,12.35,12.73,11.7,11.98,271500,0
20151117,11.98,11.98,10.93,11.39,152800,0
20151118,11.47,11.74,11.07,11.34,98900,0
20151119,11.19,11.22,10.75,10.75,86900,0
20151120,10.75,11.45,10.45,10.94,467600,0
20151123,11.5,11.8,10.6,11.54,301400,0
20151124,11.35,12.22,11.35,12.19,106600,0
20151125,12.22,12.37,11.57,11.86,69100,0
20151127,11.74,11.84,11.52,11.57,32100,0
20151130,11.55,11.83,11.46,11.76,67200,0
20151201,11.55,11.89,10.8,10.98,224671,0
20151202,10.97,11.06,10.51,10.67,160571,0
20151203,10.75,11.46,10.7,11.04,111587,0
20151204,10.95,11.56,10.9,11.28,65800,0
20151207,11.2,11.62,11.1,11.43,110400,0
20151208,11.31,11.605,10.69,11.37,125786,0
20151209,11.34,11.55,10.93,11.1,121000,0
20151210,11.12,11.73,11.02,11.51,135300,0
20151211,12,12.88,11.62,11.89,325200,0
20151214,11.77,11.98,11.44,11.8,204955,0
20151215,11.94,12.35,11.59,12.26,93000,0
20151216,12.26,12.4,11.47,12,176700,0
20151217,12.1,12.59,11.81,11.97,81800,0
20151218,11.72,12.24,11.72,12.13,78400,0
20151221,12.17,12.47,12.05,12.36,100200,0
20151222,12.45,12.5,12.16,12.27,127983,0
20151223,12.28,13.1,12.28,13.07,103400,0
20151224,13.03,13.49,13.03,13.29,33243,0
20151228,13.3,13.37,12.5,12.68,126283,0
20151229,12.69,12.99,12.51,12.87,63225,0
20151230,12.84,12.88,12.67,12.78,12250,0
20151231,12.85,12.85,12.04,12.39,132358,0
20160104,12.25,12.34,11.68,12.1,67473,0
20160105,12.09,12.14,11.75,12.01,98601,0
20160106,11.85,12.12,11.53,11.97,56083,0
20160107,11.62,11.79,11.32,11.43,44991,0
20160108,11.52,11.52,10.9,11.17,48131,0
20160111,11.16,11.18,10.51,10.67,83370,0
20160112,10.85,10.85,10.32,10.73,93626,0
20160113,10.73,10.77,10.2,10.36,49724,0
20160114,10.27,10.91,10,10.5,65543,0
20160115,10.2,10.36,9.85,10.29,214386,0
20160119,10.34,10.54,9.99,10.25,82000,0
20160120,10.03,10.78,9.66,10.76,98048,0
20160121,10.66,11.25,10.2,10.29,128674,0
20160122,10.47,11.4315,9.9,9.9,70278,0
20160125,9.91,10.035,9.58,9.84,50456,0
20160126,9.8,10.13,9.72,9.95,35830,0
20160127,9.98,10,9.68,9.88,66517,0
20160128,9.885,9.92,9.41,9.5,115499,0
20160129,9.6,9.64,9.189,9.3,124691,0
20160201,9.32,9.57,8.88,9.16,89698,0
20160202,9.12,9.44,9.07,9.14,80067,0
20160203,9.2,9.25,8.97,9.07,49161,0
20160204,9.09,9.29,9,9.15,70563,0
20160205,9.05,9.25,8.94,9.06,91509,0
20160208,8.93,9.27,8.9,9.23,91698,0
20160209,9.16,9.3,8.98,9.04,117362,0
20160210,9.08,9.2,8.9,8.97,74725,0
20160211,8.93,9.31,8.9,9.05,68359,0
20160212,9.12,9.39,8.98,9.07,91877,0
20160216,9.19,9.7,9.15,9.3,82684,0
20160217,9.34,9.76,9.34,9.52,116848,0
20160218,9.55,9.9899,9.2,9.48,71035,0
20160219,9.41,9.76,9.29,9.44,71096,0
20160222,9.54,9.84,9.36,9.74,82867,0
20160223,9.67,9.8956,9.54,9.66,69447,0
20160224,9.55,9.94,9.5,9.9,149340,0
20160225,9.9,9.9,9.53,9.63,67842,0
20160226,9.73,10.27,9.6,10.25,69623,0
20160229,10.39,11.01,10.34,10.45,55535,0
20160301,10.68,10.91,10.41,10.88,45495,0
20160302,10.95,11.17,10.87,11.11,126153,0
20160303,11.16,11.3,10.88,11.14,201101,0
20160304,11.16,11.3,10.98,11.13,112400,0
20160307,11.2,11.28,11.069,11.18,73881,0
20160308,11.23,11.3,11.12,11.24,83801,0
20160309,11.3,11.47,11.01,11.32,52722,0
20160310,11.31,11.36,10.7,11.33,32696,0
20160311,11.34,11.6,11.15,11.47,31509,0
20160314,11.61,11.9,11.41,11.8,47681,0
20160315,11.77,11.8799,11.56,11.78,28068,0
20160316,11.73,12.27,11.65,12.18,55369,0
20160317,12.13,12.15,11.94,12.01,34463,0
20160318,12,12.03,11.915,11.95,39697,0
20160321,11.94,12,11.71,11.88,26810,0
20160322,11.79,11.79,11.52,11.71,37399,0
20160323,11.65,11.96,11.49,11.59,35809,0
20160324,11.5,11.67,11.3599,11.52,13092,0
20160328,11.58,11.7399,11.1,11.28,21486,0
20160329,11.22,12.08,11.22,11.99,33268,0
20160330,11.89,12.03,11.86,11.99,33103,0
20160331,11.97,12.11,11.94,12.11,29183,0
20160401,12,12.04,11.72,11.84,25673,0
20160404,11.78,12.07,11.603,12,27953,0
20160405,11.75,12.02,11.75,11.92,15615,0
20160406,12,12.03,11.89,12.01,12938,0
20160407,11.95,12.03,11.83,11.94,17843,0
20160408,12,12.1,11.95,12.06,48266,0
20160411,12.07,12.07,11.9,11.92,14032,0
20160412,11.98,11.99,11.8,11.85,34627,0
20160413,12,12.01,10.65,11.16,149012,0
20160414,11.23,11.3799,11.05,11.25,44250,0
20160415,11.15,11.845,11,11.19,265595,0
20160418,11.15,11.2,10.8,10.81,119813,0
20160419,11,11.19,10.5,10.63,181418,0
20160420,10.62,10.96,10.48,10.84,141177,0
20160421,10.95,11.19,10.8335,10.99,190459,0
20160422,11.01,11.325,10.968,11.13,251660,0
20160425,11.06,11.44,10.83,10.97,28271,0
20160426,10.94,11.08,10.94,11.01,151644,0
20160427,11,11.65,10.98,11.53,285223,0
20160428,11.5,11.66,11.34,11.43,211286,0
20160429,11,11.4,10.6901,11.21,165074,0
20160502,11.13,11.95,10.7625,11.59,130567,0
20160503,11.45,11.99,11.2,11.7,128054,0
20160504,11.71,11.83,11.63,11.76,41657,0
20160505,11.86,11.89,11.74,11.7601,38221,0
20160506,11.71,12.01,11.63,11.94,79661,0
20160509,11.56,12.08,11.56,11.94,97111,0
20160510,12.02,12.02,11.86,11.99,64148,0
20160511,12.02,12.03,11.77,11.94,50088,0
20160512,11.95,11.96,11.79,11.82,34141,0
20160513,11.83,11.93,11.61,11.76,28491,0
20160516,11.75,11.99,11.57,11.84,29870,0
20160517,11.78,11.93,11.35,11.42,44006,0
20160518,11.46,11.51,11.1,11.3,32530,0
20160519,11.32,11.44,11.11,11.17,26176,0
20160520,11.3,11.37,11.11,11.16,16225,0
20160523,11.08,11.57,11.08,11.18,16486,0
20160524,11.2,11.85,11.2,11.77,60745,0
20160525,11.73,11.96,11.64,11.83,30416,0
20160526,11.8016,11.9801,11.8016,11.83,24948,0
20160527,11.75,11.99,11.69,11.86,25089,0
20160531,11.92,11.95,11.77,11.81,7071,0
20160601,11.85,11.95,11.61,11.73,34607,0
20160602,11.79,12,11.79,11.86,33266,0
20160603,11.91,11.91,11.69,11.69,10735,0
20160606,11.424,11.79,11.41,11.71,23671,0
20160607,11.7,11.935,11.69,11.77,33180,0
20160608,11.75,12,11.5868,11.9,64820,0
20160609,12.32,12.35,11.77,12.24,575777,0
20160610,12.2,12.67,12.15,12.34,90010,0
20160613,12.25,12.28,11.75,11.82,54041,0
20160614,11.75,12.04,11.75,11.97,33341,0
20160615,12.1,12.62,12.0425,12.53,88746,0
20160616,12.47,12.76,12.29,12.65,58822,0
20160617,12.61,12.81,12.31,12.75,74954,0
20160620,12.79,13,12.68,12.93,73324,0
20160621,12.9,13,12.83,12.99,58185,0
20160622,12.92,13.11,12.86,12.95,33120,0
20160623,13.05,13.06,12.83,12.95,25704,0
20160624,12.42,13.2,12.3,12.88,66250,0
20160627,12.67,13.15,12.67,12.94,68467,0
20160628,13,13.2,12.71,12.87,65051,0
20160629,12.89,13.2,12.87,13.18,72613,0
20160630,13.15,13.75,13.01,13.63,140899,0
20160701,13.65,14.13,13.6,13.91,158432,0
20160705,13.85,13.85,13.33,13.35,50208,0
20160706,13.3,13.37,13.01,13.18,44442,0
20160707,13.98,14.3,13.65,13.87,133540,0
20160708,13.87,13.93,13.76,13.84,49139,0
20160711,13.9,13.9,13.59,13.62,44250,0
20160712,13.87,13.95,13.67,13.9,121927,0
20160713,13.92,13.93,13.71,13.88,59973,0
20160714,13.92,13.92,13.52,13.73,51317,0
20160715,13.67,13.87,13.54,13.74,48656,0
20160718,13.65,13.85,13.56,13.79,45727,0
20160719,13.75,13.95,13.7,13.87,54285,0
20160720,13.87,14.1,13.81,13.9,121794,0
20160721,13.76,13.94,13.76,13.85,29999,0
20160722,13.668,13.95,13.668,13.93,29475,0
20160725,13.92,13.95,13.9,13.94,29750,0
20160726,13.95,13.98,13.7,13.94,137702,0
20160727,13.95,13.95,13.72,13.72,23965,0
20160728,13.78,13.94,12.76,13.04,76395,0
20160729,13.04,13.58,12.8601,13.42,45843,0
20160801,13.41,13.47,13.0743,13.37,15142,0
20160802,13.54,13.56,13.19,13.56,30832,0
20160803,13.5,13.82,13.445,13.61,14544,0
20160804,13.59,13.89,13.56,13.85,16278,0
20160805,13.89,13.95,13.86,13.91,55310,0
20160808,13.94,13.95,13.831,13.9,11585,0
20160809,13.95,13.95,13.77,13.78,12759,0
20160810,13.8756,13.95,13.6198,13.62,17815,0
20160811,13.91,13.92,13.67,13.74,9892,0
20160812,13.69,13.95,13.69,13.91,14358,0
20160815,13.95,13.95,13.7801,13.93,32638,0
20160816,13.9,13.95,13.83,13.86,26374,0
20160817,13.69,13.93,13.64,13.73,13410,0
20160818,13.68,13.85,13.5,13.61,10622,0
20160819,13.5275,13.8,13.5275,13.76,48265,0
20160822,13.79,13.82,13.53,13.66,50883,0
20160823,13.75,13.79,13.51,13.66,38059,0
20160824,13.72,13.78,13.56,13.67,14668,0
20160825,13.59,13.72,13.22,13.47,68329,0
20160826,13.5019,13.679,13.5019,13.57,37816,0
20160829,13.57,13.8475,13.49,13.68,30100,0
20160830,13.63,13.8,13.6,13.68,14862,0
20160831,13.7,13.75,13.4,13.57,19428,0
20160901,13.58,13.8468,13.471,13.51,18455,0
20160902,13.63,13.77,13.38,13.38,31829,0
20160906,13.42,13.48,13.2,13.41,14010,0
20160907,13.41,13.4899,12.72,13.18,53329,0
20160908,12.5,13.05,12.0601,12.65,60907,0
20160909,12.58,12.81,12.48,12.65,55512,0
20160912,12.63,12.63,12.22,12.4,48579,0
20160913,12.4,12.44,12.07,12.13,26189,0
20160914,12.085,12.22,12.07,12.2,88665,0
20160915,12.25,12.64,12.16,12.51,46209,0
20160916,12.51,12.542,12.15,12.42,55451,0
20160919,12.5,12.5,12.29,12.42,103303,0
20160920,12.42,12.5,12.25,12.42,76815,0
20160921,12.4035,12.5,12.1701,12.32,93541,0
20160922,12.37,12.38,12.1,12.15,129335,0
20160923,12.17,12.56,12.08,12.54,121942,0
20160926,12.51,12.725,12.1832,12.42,65940,0
20160927,12.49,12.65,12.06,12.65,46180,0
20160928,12.61,12.74,12.47,12.68,56547,0
20160929,12.57,12.59,12.335,12.37,24663,0
20160930,12.26,12.375,12.25,12.32,14788,0
20161003,12.34,12.34,12.165,12.26,61457,0
20161004,12.27,12.32,12.15,12.27,15966,0
20161005,12.32,12.54,12.25,12.47,32980,0
20161006,12.448,12.74,12.36,12.6,31086,0
20161007,12.58,12.66,12.17,12.46,31121,0
20161010,12.65,12.69,12.55,12.63,6056,0
20161011,12.6,12.7,12.5,12.65,27035,0
20161012,12.56,12.75,12.49,12.75,14928,0
20161013,12.55,12.88,12.55,12.71,25444,0
20161014,12.805,12.805,12.39,12.39,8810,0
20161017,12.7499,12.7499,12.25,12.45,24774,0
20161018,12.5,12.5,12.3,12.5,16333,0
20161019,12.6,12.8,12.45,12.8,20638,0
20161020,12.7,12.8,12.5708,12.8,13714,0
20161021,12.7,12.7001,12.1,12.1125,41179,0
20161024,12.2,12.2,11.55,11.7,175898,0
20161025,11.65,11.65,11,11.2,125376,0
20161026,11.2,11.699,11,11.025,33551,0
20161027,11,11.075,10.95,11,52654,0
20161028,10.95,10.95,10.5,10.5,120302,0
20161031,10.5,10.7331,10.35,10.55,38505,0
20161101,10.5,10.85,10.35,10.65,29947,0
20161102,10.65,11.2,10.35,10.4,42611,0
20161103,10.5,10.5,10.0501,10.2,33739,0
20161104,10.051,10.25,9.95,10.05,73465,0
20161107,10.25,10.5,10.1,10.5,17608,0
20161108,10.4,10.45,10.05,10.35,17300,0
20161109,10.15,10.9398,10.1,10.45,22328,0
20161110,10.45,10.5,10.3,10.45,18981,0
20161111,10.5,10.76,10.35,10.4999,21833,0
20161114,10.6,10.95,10.2,10.35,16535,0
20161115,10.3,10.6,10.25,10.45,26954,0
20161116,10.4,10.6,10.25,10.35,60004,0
20161117,10.4,10.65,10.4,10.45,83456,0
20161118,10.5,10.85,10.4,10.4,94638,0
20161121,10.75,10.8,10.5,10.55,60302,0
20161122,10.55,10.75,10.25,10.5,54189,0
20161123,10.5,10.5,10.25,10.4,70895,0
20161125,10.4,10.45,9.95,10.05,21892,0
20161128,10.1,10.1429,9.95,9.95,19107,0
20161129,9.9708,10.1,9.95,10,31220,0
20161130,10.05,10.1,9.55,9.55,42507,0
20161201,9.55,9.65,9.35,9.4,47308,0
20161202,9.5,9.55,9.4,9.45,42207,0
20161205,9.55,9.7,9.45,9.55,56403,0
20161206,9.6,10,9.35,9.45,20069,0
20161207,9.4,9.5,9.05,9.15,80244,0
20161208,9.1,9.55,9,9.3499,194746,0
20161209,7.95,7.95,6.75,6.85,872824,0
20161212,7.05,7.1,7,7.1,788630,0
20161213,6.8,7.25,6.75,7.15,465569,0
20161214,7.1,7.25,7,7.1,278429,0
20161215,7.1,7.25,7,7.1,460440,0
20161216,7.1,7.25,7.1,7.2,135024,0
20161219,7.3,7.55,7.3,7.55,211393,0
20161220,7.5,7.65,7.35,7.6,315091,0
20161221,7.65,7.7,7.5,7.7,163027,0
20161222,7.7,7.7,7.3,7.3,199196,0
20161223,7.3,7.35,6.8,6.8001,348847,0
20161227,6.9,6.95,6.7,6.8,262836,0
20161228,6.85,6.85,6.6,6.75,127527,0
20161229,6.65,6.85,6.65,6.75,176503,0
20161230,6.8,6.8999,6.7,6.85,128754,0
20170103,6.95,6.966,6.35,6.35,192109,0
20170104,6.4,6.75,6.301,6.65,155359,0
20170105,6.7,6.825,6.4,6.8,109640,0
20170106,6.95,7,6.5,6.7,97391,0
20170109,6.75,6.85,6.5,6.8,76664,0
20170110,6.85,6.9,6.65,6.8,133865,0
20170111,6.8,6.9,6.7,6.85,46732,0
20170112,6.8,6.85,6.7,6.85,86392,0
20170113,6.9,6.95,6.7,6.75,73458,0
20170117,6.8,6.95,6.7,6.85,64205,0
20170118,6.85,6.9,6.7,6.85,180141,0
20170119,6.85,6.875,6.45,6.55,125107,0
20170120,6.55,6.699,6.5,6.65,63904,0
20170123,6.75,6.75,6.45,6.5,41908,0
20170124,6.55,6.6,6.4,6.5,73339,0
20170125,6.6,6.8,6.5,6.8,40137,0
20170126,6.8,7.1,6.65,7,230160,0
20170127,6.95,7.05,6.55,6.6,93146,0
20170130,6.7,6.7,6.5,6.55,53887,0
20170131,6.5,6.6,6.4,6.55,27374,0
20170201,6.6,6.6,6.5,6.6,36306,0
20170202,6.6,6.6,6.45,6.5,23875,0
20170203,6.5,6.6,6.3875,6.6,23421,0
20170206,6.5,6.575,6.35,6.4,24435,0
20170207,6.45,6.45,6.35,6.45,23275,0
20170208,6.5,6.6,6.35,6.5,45996,0
20170209,6.5,6.8,6.45,6.7,63981,0
20170210,6.7,7,6.7,6.85,67370,0
20170213,6.85,6.85,6.6,6.75,24205,0
20170214,6.75,6.9,6.7,6.85,29976,0
20170215,6.85,7.1816,6.8,7.15,87977,0
20170216,7.05,7.2,6.75,6.75,88517,0
20170217,6.8,7.2,6.75,7.2,83155,0
20170221,7.2,7.25,7,7,51080,0
20170222,7.05,7.2,6.65,6.8,178652,0
20170223,6.95,7.1,6.8,6.85,92855,0
20170224,6.75,6.9,6.75,6.8,19645,0
20170227,6.75,6.8,6.65,6.75,23032,0
20170228,6.7,6.8,6.5,6.65,56900,0
20170301,6.75,6.999,6.7,6.8,49233,0
20170302,6.85,6.925,6.7,6.7,21358,0
20170303,6.65,6.8,6.55,6.8,26905,0
20170306,6.7,6.95,6.6,6.75,31051,0
20170307,6.8,6.825,6.35,6.5,65145,0
20170308,6.55,6.9,6.55,6.6,71191,0
20170309,6.6,6.75,6.45,6.45,29425,0
20170310,6.45,6.65,6.45,6.6,17217,0
20170313,6.588,6.9,6.55,6.8,48893,0
20170314,6.8,6.95,6.65,6.95,82709,0
20170315,6.9,7.45,6.75,7.4,126162,0
20170316,7.45,7.95,7.414,7.85,129615,0
20170317,7.8,7.85,7.65,7.85,35531,0
20170320,7.75,7.8,7.2,7.7,64958,0
20170321,7.301,7.45,7.301,7.35,13514,0
20170322,7.3,7.4,7.25,7.25,23023,0
20170323,7.25,7.45,7,7.3,79686,0
20170324,7.4,7.7,7.2,7.6,23560,0
20170327,7.55,7.75,7.3611,7.75,18084,0
20170328,7.8,7.8,7.35,7.55,18486,0
20170329,7.5,7.55,7.35,7.35,17901,0
20170330,7.35,7.3518,7.2,7.2,16507,0
20170331,7.2,7.35,6.9,7.35,23382,0
20170403,7.4,7.4,7.25,7.25,14956,0
20170404,7.2,7.35,7.15,7.3,12976,0
20170405,7.377,7.7,7.25,7.7,21296,0
20170406,7.7,7.7,7.5,7.6,6466,0
20170407,7.55,7.7,7.5,7.55,24463,0
20170410,7.6,7.7,7.5,7.7,31419,0
20170411,7.7,7.7499,7.3,7.7,28816,0
20170412,7.7,7.7,7.5,7.55,39212,0
20170413,6.95,6.955,6.2,6.25,474316,0
20170417,6.3,6.65,6.25,6.5,56815,0
20170418,6.4,6.6,6.3,6.55,56472,0
20170419,6.6,6.6,6.35,6.45,54903,0
20170420,6.55,6.55,6.275,6.375,51637,0
20170421,6.3,6.45,6.3,6.45,55718,0
20170424,6.45,6.45,6.05,6.1,79981,0
20170425,6.15,6.3,6.1,6.15,67001,0
20170426,6.1,6.3,6.1,6.175,71244,0
20170427,6.15,6.3,6.025,6.05,159031,0
20170428,6.15,6.25,6.05,6.25,32810,0
20170501,6.2,6.3,6.15,6.2,39023,0
20170502,6.15,6.4,6.05,6.3,100324,0
20170503,6.25,6.3,6.15,6.25,18685,0
20170504,6.2,6.2,6.1,6.15,58526,0
20170505,6.15,6.6,6.15,6.25,75231,0
20170508,6.2,6.5,6.2,6.35,39476,0
20170509,6.3,6.45,6.15,6.15,88149,0
20170510,6.25,6.35,6.1,6.25,44250,0
20170511,6.25,6.35,6.05,6.35,31471,0
20170512,6.1075,6.3,6.1,6.3,90260,0
20170515,6.25,6.6,6.2,6.6,31048,0
20170516,6.7,6.75,6.301,6.55,31641,0
20170517,6.6,6.6,6.15,6.1914,238535,0
20170518,6.1,6.25,6.1,6.15,22797,0
20170519,6.2,6.25,6.1,6.2,24106,0
20170522,6.15,6.3,6.1,6.3,22464,0
20170523,6.3,6.35,6.1,6.2,20574,0
20170524,6.3,6.3,6.15,6.2,24267,0
20170525,6.35,6.35,6.1,6.225,33252,0
20170526,6.15,6.2,6.1,6.1992,29392,0
20170530,6.2,6.25,6.1,6.15,31781,0
20170531,6.15,6.2,6.15,6.15,49800,0
20170601,6.2,6.2,6.05,6.15,47715,0
20170602,6.15,6.2,6.15,6.2,21975,0
20170605,6.15,6.25,6.15,6.1992,58690,0
20170606,6.15,6.2,6.15,6.2,58245,0
20170607,6.15,6.3,6.05,6.1499,117559,0
20170608,5.8,6.2,5.5,5.975,254571,0
20170609,5.95,6.25,5.9,6.15,49203,0
20170612,6.25,6.25,6.15,6.2,12618,0
20170613,6.2,6.2,6.15,6.2,3481,0
20170614,6.25,6.4,6.2,6.35,127860,0
20170615,6.25,6.4,6.25,6.35,118098,0
20170616,6.335,6.45,6.2573,6.45,20611,0
20170619,6.4,6.4,6.05,6.3,9729,0
20170620,6.2,6.4,6.2,6.3,37311,0
20170621,6.3,6.3,6.215,6.25,156752,0
20170622,6.201,6.2889,6.1,6.2,16794,0
20170623,6.1,6.3,6,6.25,43770,0
20170626,6.3,6.35,6.1,6.2,11330,0
20170627,6.2,6.25,6.1,6.1,30904,0
20170628,6.2,6.2,5.8805,5.9,19142,0
20170629,5.9226,5.95,5.7038,5.7038,66509,0
20170630,5.8436,5.9,5.75,5.85,20818,0
20170703,5.85,5.95,5.8,5.8,2330,0
20170705,5.85,6,5.85,5.9,37474,0
20170706,5.85,5.95,5.8,5.8,506578,0
20170707,5.8,5.9,5.8,5.85,5861,0
20170710,5.8,5.8,5.6,5.7,94259,0
20170711,5.75,5.75,5.55,5.55,171009,0
20170712,5.55,5.65,5.55,5.6,28526,0
20170713,5.6,5.6,5.5,5.5,137240,0
20170714,5.55,5.65,5.35,5.488,18440,0
20170717,5.45,5.65,5.439,5.45,7776,0
20170718,5.45,5.55,5.4,5.45,42247,0
20170719,5.55,5.55,5.25,5.35,196614,0
20170720,5.25,5.35,5.0115,5.1,67788,0
20170721,5.05,5.2,4.975,5.05,145186,0
20170724,5,5.05,4.9,4.95,256409,0
20170725,5.05,5.25,4.95,5.1,416794,0
20170726,5.1,5.2,5,5,155641,0
20170727,5.15,5.15,5,5.025,47718,0
20170728,5.05,5.9,5.05,5.65,266916,0
20170731,5.5,6.3,5.4,6,141563,0
20170801,6.05,6.15,5.825,5.85,31665,0
