Date,Open,High,Low,Close,Volume,OpenInt
20141105,8.99,9.275,8.99,9.275,4208,0
20141106,9.5,9.5,9.275,9.275,5928,0
20141107,9.5,9.5,9.475,9.5,3330,0
20141110,9.5,10,9.4355,10,5064,0
20141111,9.5,9.5,9.25,9.25,4600,0
20141112,9.25,9.255,9.25,9.25,6484,0
20141113,9.2505,9.2505,9.25,9.25,3000,0
20141114,9.25,9.5,9.25,9.4725,6070,0
20141117,9.5,9.5,9.31,9.31,4200,0
20141118,9.5,9.5,9.325,9.325,2300,0
20141119,9.325,9.325,9.25,9.25,6970,0
20141120,9.215,9.24,9.215,9.22,2300,0
20141121,9.2,9.2,9.1995,9.1995,2100,0
20141124,9.125,9.1255,9.072,9.0905,27844,0
20141125,9,9.5,9,9.075,29608,0
20141126,9,9.491,9,9.491,1218,0
20141128,9.2,9.2,9.2,9.2,2000,0
20141201,9.125,9.375,9.0405,9.375,39064,0
20141202,9.34,9.4,9.315,9.4,3618,0
20141203,9.375,9.5,9.35,9.39,16130,0
20141204,9.465,9.5,9.335,9.5,5318,0
20141205,9.475,9.475,9.475,9.475,200,0
20141208,9.45,9.45,9.45,9.45,200,0
20141209,9.25,9.45,9.05,9.425,17400,0
20141210,9.45,9.45,9.275,9.4175,3706,0
20141211,9.45,9.45,9.275,9.445,20170,0
20141212,9.45,9.45,9.275,9.4,14812,0
20141215,9.4,9.4,9.275,9.375,6740,0
20141216,9.305,9.395,9.275,9.275,9520,0
20141217,9.375,9.375,9.3,9.325,3884,0
20141218,9.325,9.325,9.25,9.25,3658,0
20141219,9.3,9.3,9.13,9.25,6400,0
20141222,9.245,9.245,9.105,9.175,2200,0
20141223,9.25,9.25,9,9,20482,0
20141224,9.055,9.075,8.925,8.925,187022,0
20141226,8.955,9,8.9,9,83024,0
20141229,8.995,9.04,8.91,9.015,6336,0
20141230,8.975,9.05,8.95,9.05,3760,0
20141231,8.955,9.07,8.955,9.07,12054,0
20150102,8.985,9.07,8.975,9.07,21200,0
20150105,8.97,9.09,8.95,8.98,28300,0
20150106,8.97,9.075,8.88,8.9,35742,0
20150107,8.915,9.025,8.9,8.95,30400,0
20150108,8.93,9.025,8.93,8.95,29524,0
20150109,8.95,8.965,8.935,8.94,20200,0
20150112,8.95,9.015,8.945,8.96,21828,0
20150113,8.99,8.99,8.935,8.94,18200,0
20150114,8.88,8.96,8.88,8.935,5800,0
20150115,8.905,8.975,8.905,8.905,34400,0
20150116,8.935,8.985,8.85,8.91,32672,0
20150120,8.9895,8.9895,8.845,8.9895,1538,0
20150121,8.87,8.895,8.845,8.875,3200,0
20150122,8.911,8.945,8.91,8.91,2440,0
20150123,8.9165,8.946,8.9165,8.946,7800,0
20150126,8.95,8.95,8.925,8.925,9600,0
20150127,8.9125,8.9125,8.91,8.91,2732,0
20150128,8.91,8.913,8.91,8.91,4100,0
20150129,8.91,8.945,8.91,8.945,5900,0
20150130,8.9255,8.936,8.91,8.91,17448,0
20150202,8.89,8.92,8.89,8.92,6200,0
20150203,8.94,8.95,8.915,8.95,41394,0
20150204,8.96,8.96,8.905,8.96,11208,0
20150205,9,9.05,8.975,9.05,35600,0
20150206,9.125,9.125,9.035,9.075,37700,0
20150209,8.955,9.16,8.955,8.98,1360,0
20150210,9.045,9.045,8.9475,8.98,41152,0
20150211,9.03,9.035,8.985,9.035,12300,0
20150212,9.045,9.045,9,9,10930,0
20150217,8.905,8.905,8.88,8.88,2634,0
20150218,8.9505,8.9685,8.9065,8.9065,19322,0
20150219,8.9,9.03,8.89,8.925,8850,0
20150220,8.95,8.955,8.9,8.945,30252,0
20150223,8.945,9.225,8.875,8.89,169636,0
20150224,9,9,8.949,8.965,17234,0
20150225,9,9,8.81,8.885,10286,0
20150226,8.98,8.98,8.875,8.975,12114,0
20150227,8.78,8.98,8.78,8.97,3248,0
20150302,8.98,8.98,8.795,8.9,1600,0
20150303,8.91,8.975,8.91,8.925,4800,0
20150304,8.825,8.925,8.81,8.9,2400,0
20150305,8.835,8.915,8.79,8.8,8000,0
20150306,8.78,8.91,8.78,8.87,3600,0
20150309,8.785,8.895,8.78,8.85,8600,0
20150310,8.845,8.875,8.78,8.83,14800,0
20150311,8.875,8.895,8.785,8.895,12000,0
20150312,8.89,9.25,8.89,9.15,34200,0
20150313,9.25,9.25,9.005,9.17,25200,0
20150316,9.225,9.225,9.05,9.095,22800,0
20150317,9.215,9.215,9.005,9.065,25200,0
20150318,9.025,9.225,9.025,9.225,10000,0
20150319,9.045,9.215,9.025,9.145,25800,0
20150320,9.21,9.625,9.185,9.585,153400,0
20150323,9.48,9.625,9.24,9.56,8600,0
20150324,9.6,9.75,9.575,9.7,13000,0
20150325,9.75,9.75,9.75,9.75,2000,0
20150326,9.875,9.875,9.875,9.875,1000,0
20150327,9.845,9.845,9.75,9.825,600,0
20150330,9.13,9.75,9.13,9.75,1800,0
20150331,9.13,9.875,9.13,9.875,2800,0
20150401,9.75,9.75,9.22,9.725,1200,0
20150402,9.845,9.845,9.175,9.62,3000,0
20150406,9.475,9.475,9.38,9.45,3600,0
20150407,9.45,9.45,9.179,9.43,1702,0
20150408,9.215,9.385,9.205,9.385,2400,0
20150409,9.375,9.435,9.225,9.39,3474,0
20150410,9.33,9.45,9.275,9.295,11200,0
20150413,9.275,9.345,9.275,9.345,800,0
20150414,9.3,9.35,9.3,9.35,800,0
20150415,9.375,9.5,9.375,9.5,9572,0
20150416,9.499,9.5,9.499,9.5,972,0
20150417,9.5,9.515,9.495,9.515,2200,0
20150420,9.567,9.575,9.567,9.575,3186,0
20150421,9.48,9.575,9.475,9.575,2648,0
20150422,9.48,9.49,9.47,9.48,13222,0
20150423,9.425,9.425,9.385,9.39,1400,0
20150424,9.47,9.6,9.47,9.6,10000,0
20150427,9.545,9.575,9.5,9.505,6400,0
20150428,9.5,9.5,9.5,9.5,600,0
20150430,9.5,9.575,9.5,9.5,5800,0
20150501,9.575,9.575,9.38,9.45,11200,0
20150504,9.39,9.535,9.39,9.515,7400,0
20150505,9.38,9.38,9.38,9.38,600,0
20150506,9.475,9.475,9.475,9.475,982,0
20150507,9.475,9.5,9.475,9.5,3746,0
20150508,9.475,9.52,9.475,9.475,800,0
20150512,9.45,9.46,9.385,9.385,5294,0
20150513,9.4,9.435,9.4,9.43,5200,0
20150514,9.4,9.45,9.4,9.45,10400,0
20150515,9.4495,9.4495,9.3805,9.387,4596,0
20150518,9.44,9.44,9.44,9.44,1256,0
20150519,9.4,9.49,9.4,9.49,15000,0
20150520,9.475,9.475,9.425,9.475,9400,0
20150521,9.38,9.45,9.38,9.45,6400,0
20150522,9.4,9.47,9.4,9.47,2400,0
20150526,9.47,9.47,9.4,9.45,13718,0
20150527,9.46,9.475,9.38,9.43,24800,0
20150528,9.47,9.475,9.465,9.475,5582,0
20150529,9.38,9.42,9.38,9.42,3200,0
20150601,9.425,9.475,9.42,9.46,25200,0
20150602,9.46,9.46,9.4565,9.4565,426,0
20150603,9.46,9.46,9.44,9.45,20800,0
20150604,9.375,9.445,9.375,9.445,10000,0
20150605,9.445,9.445,9.38,9.41,23200,0
20150608,9.45,9.47,9.385,9.47,15800,0
20150609,9.39,9.47,9.39,9.47,1512,0
20150610,9.4,9.465,9.385,9.41,6688,0
20150611,9.39,9.47,9.375,9.47,5324,0
20150612,9.475,9.475,9.405,9.475,5400,0
20150615,9.475,9.5,9.475,9.5,3800,0
20150616,9.46,9.5,9.355,9.495,11800,0
20150617,9.44,9.44,9.35,9.35,8400,0
20150618,9.355,9.505,9.355,9.445,2800,0
20150619,9.395,9.525,9.36,9.375,12200,0
20150622,9.52,9.52,9.375,9.445,5000,0
20150623,9.495,9.4965,9.38,9.42,9064,0
20150624,9.385,9.44,9.385,9.44,1800,0
20150625,9.525,9.875,9.525,9.875,21400,0
20150626,9.75,9.77,9.655,9.745,50200,0
20150629,9.53,9.96,9.53,9.895,4800,0
20150630,9.875,9.94,9.75,9.75,26802,0
20150701,9.755,9.94,9.755,9.9,4400,0
20150702,9.81,9.875,9.78,9.78,5000,0
20150706,9.94,9.94,9.94,9.94,4200,0
20150707,9.94,9.94,9.825,9.825,1000,0
20150708,9.81,9.82,9.75,9.815,4200,0
20150709,9.825,9.845,9.775,9.775,10800,0
20150710,9.8,9.8,9.8,9.8,400,0
20150713,9.79,9.79,9.79,9.79,600,0
20150714,9.75,9.769,9.75,9.76,3990,0
20150715,9.77,10.12,9.77,10,48538,0
20150716,9.95,10.025,9.95,10,2600,0
20150717,10.01,10.05,10,10,10800,0
20150720,10.005,10.05,10,10.03,9200,0
20150721,10.045,10.05,10,10.05,10800,0
20150722,10.045,10.12,10,10.05,5400,0
20150723,10.125,10.5,10.125,10.13,9000,0
20150724,11,11.08,10.9,10.995,6200,0
20150727,10.995,10.995,10.755,10.875,4800,0
20150731,10.25,10.87,10.25,10.79,6600,0
20150803,10.79,10.79,10.65,10.715,2904,0
20150804,10.595,10.595,10.185,10.25,6000,0
20150806,10.6,11,10.344,11,968578,0
20150807,10.755,10.975,10.68,10.695,184000,0
20150810,10.83,10.95,10.625,10.65,33200,0
20150811,10.625,10.79,10.6,10.745,39134,0
20150812,10.635,10.79,10.635,10.79,71800,0
20150813,10.75,10.755,10.665,10.7,161200,0
20150814,10.75,10.75,10.65,10.7,27400,0
20150817,10.75,10.75,10.665,10.665,67200,0
20150818,10.665,10.7,10.585,10.7,19000,0
20150819,10.7,10.7,10.585,10.635,32000,0
20150820,10.5,10.75,10.475,10.7,45400,0
20150821,10.675,10.725,10.58,10.72,24400,0
20150824,10.625,10.65,10.455,10.49,113142,0
20150825,10.28,10.485,10.275,10.295,71800,0
20150826,10.385,10.445,9.945,10.24,58000,0
20150827,9.935,10.795,9.935,10.72,151200,0
20150828,10.71,10.71,10.625,10.685,51600,0
20150831,10.625,10.625,10.4,10.6,42600,0
20150901,10.5,10.6,10.36,10.4,17600,0
20150902,10.49,10.6,10.49,10.575,52400,0
20150903,10.6,10.8,10.475,10.675,63600,0
20150904,10.65,10.66,10.43,10.66,44800,0
20150908,10.685,11.25,10.655,10.95,171000,0
20150909,11,11.21,10.86,11.16,101000,0
20150910,11.2,11.64,10.91,11.51,61940,0
20150911,11.525,12.215,11.13,11.9,125200,0
20150914,11.9,12.14,11.795,12.03,119800,0
20150915,12.145,12.365,11.905,12.165,61000,0
20150916,12.19,12.245,12.025,12.1,72600,0
20150917,12.12,12.125,12.025,12.09,52000,0
20150918,11.985,12.235,11.565,11.87,619000,0
20150921,12.01,12.05,11.765,11.855,38200,0
20150922,11.825,11.985,11.755,11.905,23000,0
20150923,11.76,12,11.755,11.99,56000,0
20150924,11.955,12.075,11.78,12.075,84398,0
20150925,12.045,12.05,11.555,11.625,71400,0
20150928,11.615,11.63,11.09,11.4,36488,0
20150929,11.38,11.465,10.79,10.805,58400,0
20150930,11.02,11.43,10.93,11.385,99600,0
20151001,11.315,11.48,11.225,11.455,58400,0
20151002,11.33,11.54,11.03,11.405,58600,0
20151005,11.025,11.48,11.025,11.45,39594,0
20151006,11.33,11.43,10.985,11.395,63400,0
20151007,11.38,11.445,11.2,11.395,34600,0
20151008,10.915,11.515,10.915,11.495,43600,0
20151009,11.145,11.485,11.145,11.435,35200,0
20151012,11.49,11.5,11.39,11.445,51514,0
20151013,11.465,11.5,11.4,11.45,34400,0
20151014,11.32,11.46,11.25,11.295,53600,0
20151015,11.475,11.49,11.25,11.385,73600,0
20151016,11.3,11.55,11.29,11.355,42400,0
20151019,11.38,11.4,10.86,11.1,88000,0
20151020,11.11,11.4,11.005,11.31,36834,0
20151021,11.31,11.41,11.25,11.335,187200,0
20151022,11.35,11.72,11.255,11.72,267400,0
20151023,11.75,11.865,11.725,11.825,121000,0
20151026,11.875,12.1,11.855,12.04,23000,0
20151027,12.07,12.125,11.99,12.07,47200,0
20151028,12.075,12.195,11.865,11.865,109200,0
20151029,11.815,12.035,11.8,11.955,32400,0
20151030,12.025,12.025,11.805,11.875,223600,0
20151102,11.9,12,11.61,11.835,45018,0
20151103,11.985,11.995,11.555,11.94,49800,0
20151104,11.8,12,11.795,11.975,21482,0
20151105,11.925,12.115,11.395,11.86,106600,0
20151106,11.695,12,11.53,11.91,36400,0
20151109,12.015,12.015,11.578,11.785,40636,0
20151110,11.68,11.68,11.25,11.455,28000,0
20151111,11.465,11.85,11.325,11.375,10600,0
20151112,11.435,11.455,11.375,11.375,10400,0
20151113,11.355,11.435,11.355,11.375,17600,0
20151116,11.375,11.515,11.375,11.505,46200,0
20151117,11.48,11.68,11.375,11.445,12000,0
20151118,11.53,11.995,11.39,11.745,42400,0
20151119,11.655,11.995,11.405,11.53,45000,0
20151120,11.6,11.8,11.4,11.7,39000,0
20151123,11.69,11.85,11.275,11.52,104600,0
20151124,11.725,11.85,11.435,11.49,44000,0
20151125,11.43,11.615,11.43,11.45,26000,0
20151127,11.525,11.55,11.375,11.435,27600,0
20151130,11.55,11.55,11.375,11.465,66600,0
20151201,11.455,11.61,11.44,11.555,133180,0
20151202,11.625,11.65,11.495,11.65,103608,0
20151203,11.595,12,11.55,11.955,29248,0
20151204,11.86,11.995,11.685,11.825,103800,0
20151207,11.92,11.92,11.565,11.8,160800,0
20151208,11.68,11.855,11.68,11.805,125038,0
20151209,11.85,11.97,11.825,11.825,86200,0
20151210,11.885,11.965,11.85,11.895,17000,0
20151211,11.84,11.975,11.775,11.86,64000,0
20151214,11.79,12.075,11.765,11.865,45430,0
20151215,12.075,12.075,11.765,11.855,182400,0
20151216,11.925,12.24,11.875,12.15,89800,0
20151217,12.155,12.445,12.155,12.31,186000,0
20151218,12.335,12.34,12.01,12.17,153600,0
20151221,12.05,12.25,11.865,11.915,39200,0
20151222,11.915,12.095,11.66,11.67,83604,0
20151223,11.99,11.99,11.41,11.58,26800,0
20151224,11.63,11.64,11.475,11.525,14552,0
20151228,11.53,11.695,11.525,11.595,89396,0
20151229,11.7,11.735,11.505,11.565,20898,0
20151230,11.565,11.83,11.55,11.81,30082,0
20151231,11.75,11.925,11.705,11.795,29272,0
20160104,11.73,11.805,11.5,11.665,45402,0
20160105,11.77,11.77,11.565,11.76,62322,0
20160106,11.66,11.765,11.525,11.755,32088,0
20160107,11.64,11.825,11.54,11.67,42772,0
20160108,11.7,11.725,11.42,11.68,44540,0
20160111,11.52,11.698,11.29,11.37,64412,0
20160112,11.46,11.46,11.115,11.205,27672,0
20160113,11.295,11.37,11.2,11.275,42272,0
20160114,11.275,11.475,11.105,11.325,52742,0
20160115,11.2,11.415,10.89,10.95,41600,0
20160119,11,11.145,10.51,10.76,52400,0
20160120,10.685,11.05,10.61,10.995,41876,0
20160121,10.965,11.215,10.89,10.995,31634,0
20160122,11.12,11.215,11.1,11.16,14336,0
20160125,11.17,11.375,11.052,11.1,71246,0
20160126,11.105,11.34,10.985,11.125,67870,0
20160127,11.06,11.195,11.015,11.04,28286,0
20160128,11.1,11.15,11.015,11.145,9268,0
20160129,11.175,11.175,11.01,11.15,32400,0
20160201,11.09,11.165,10.925,11.025,33556,0
20160202,11,11.125,10.855,10.88,20512,0
20160203,10.89,11,10.8,10.985,33448,0
20160204,11,11.115,10.905,10.965,53662,0
20160205,10.95,10.955,10.875,10.88,90106,0
20160208,10.855,10.855,10.75,10.785,43416,0
20160209,10.825,10.85,10.7,10.79,24226,0
20160210,10.84,11.02,10.835,10.93,135496,0
20160211,10.85,10.88,10.7,10.725,12454,0
20160212,10.8,10.815,10.71,10.78,12924,0
20160216,10.88,10.995,10.84,10.985,21734,0
20160217,10.995,11.028,10.75,10.76,8878,0
20160218,10.71,10.86,10.62,10.805,17352,0
20160219,10.75,10.95,10.59,10.735,47184,0
20160222,10.8,10.8,10.63,10.66,27834,0
20160223,10.63,10.725,10.5,10.575,17000,0
20160224,10.5,10.75,10.5,10.745,20710,0
20160225,10.73,10.95,10.725,10.885,29112,0
20160226,10.9,10.985,10.75,10.945,21618,0
20160229,10.945,11,10.79,10.855,25600,0
20160301,10.9,10.935,10.735,10.755,29064,0
20160302,10.84,10.9,10.648,10.75,40862,0
20160303,10.755,10.8,10.552,10.73,46018,0
20160304,10.76,10.76,10.225,10.615,53552,0
20160307,10.59,10.795,10.5,10.565,30322,0
20160308,10.475,10.615,10.395,10.46,29186,0
20160309,10.5,10.82,10.418,10.735,30738,0
20160310,10.73,10.78,10.36,10.505,53926,0
20160311,10.53,10.85,10.53,10.8,20426,0
20160314,10.76,10.96,10.705,10.74,52112,0
20160315,10.73,10.8,10.705,10.78,27014,0
20160316,10.79,10.99,10.635,10.77,43200,0
20160317,10.87,11.242,10.663,10.965,50186,0
20160318,10.945,11.255,10.905,11.135,121178,0
20160321,11.145,11.25,11.08,11.235,22530,0
20160322,11.185,11.245,11.15,11.24,40626,0
20160323,11.205,11.25,11.195,11.245,90800,0
20160324,11.205,11.25,11.2,11.245,111526,0
20160328,11.205,11.25,11.205,11.245,20662,0
20160329,11.215,11.24,11.215,11.235,37872,0
20160330,11.24,11.24,11.21,11.23,37868,0
20160331,11.21,11.25,11.21,11.215,53892,0
20160401,11.175,11.25,11.17,11.235,84724,0
20160404,11.24,11.25,11.16,11.18,50544,0
20160405,11.105,11.195,11.03,11.07,24812,0
20160406,11.04,11.245,11.04,11.235,40602,0
20160407,11.195,11.22,11.05,11.07,28894,0
20160408,11.125,11.238,11.055,11.1,35868,0
20160411,11.22,11.22,11.08,11.15,24476,0
20160412,11.165,11.165,11.092,11.145,24542,0
20160413,11.21,11.21,11.065,11.085,30812,0
20160414,11.1,11.15,11.005,11.035,24820,0
20160415,11.12,11.12,11.03,11.065,47924,0
20160418,11.115,11.183,11.045,11.17,35298,0
20160419,11.205,11.205,11.075,11.14,43682,0
20160420,11.135,11.24,11.1,11.21,39178,0
20160421,11.2,11.2,11,11.145,61316,0
20160422,11.15,11.25,11.085,11.25,47796,0
20160425,10,10.935,10,10.9,34012,0
20160426,10.93,11.365,10.93,11.15,45688,0
20160427,11.105,11.105,11.025,11.095,34582,0
20160428,11.035,11.275,10.94,11.25,155156,0
20160429,11.25,11.35,11.025,11.275,51010,0
20160502,11.275,11.429,11.275,11.315,80832,0
20160503,11.26,11.325,11.1,11.3,34234,0
20160504,11.325,11.5,11.295,11.35,40552,0
20160505,11.345,11.35,11.105,11.285,106274,0
20160506,11.23,11.275,10.98,11.185,51336,0
20160509,11.025,11.3,10.665,11.26,38040,0
20160510,11.2,11.3,10.785,10.94,300032,0
20160511,10.945,11.272,10.925,11.182,114152,0
20160512,11.125,11.245,10.962,11.225,84290,0
20160513,11.175,11.175,10.985,11,178726,0
20160516,10.98,11.085,10.935,10.945,28006,0
20160517,10.87,10.985,10.855,10.975,70992,0
20160518,10.85,11.2,10.85,11.12,46066,0
20160519,11.055,11.165,11.005,11.11,21254,0
20160520,11.025,11.2,10.995,11.07,37112,0
20160523,11.045,11.115,10.88,11.09,38912,0
20160524,11.13,11.465,10.965,11.305,119244,0
20160525,11.365,11.42,11.27,11.31,36342,0
20160526,11.31,11.495,11.235,11.47,61876,0
20160527,11.34,11.595,11.315,11.475,43434,0
20160531,11.265,11.55,11.22,11.48,44584,0
20160601,11.445,11.5,11.285,11.395,47124,0
20160602,11.35,11.425,11.16,11.295,88814,0
20160603,11.27,11.275,11.1,11.245,65852,0
20160606,11.22,11.31,11.17,11.245,66036,0
20160607,11.185,11.33,11.13,11.22,85774,0
20160608,11.17,11.305,11.15,11.2,80540,0
20160609,11.125,11.245,11.035,11.13,36978,0
20160610,11.07,11.2,11.07,11.14,84788,0
20160613,11.15,11.242,10.658,10.71,117108,0
20160614,10.61,10.75,10.605,10.725,62392,0
20160615,10.775,10.965,10.71,10.845,115698,0
20160616,10.795,10.94,10.615,10.805,69236,0
20160617,10.745,10.815,10.58,10.61,111986,0
20160620,10.665,10.85,10.615,10.63,74196,0
20160621,10.675,10.825,10.51,10.765,145818,0
20160622,10.685,11.095,10.685,11.07,138796,0
20160623,11.065,11.24,10.685,10.76,225474,0
20160624,10.575,11.095,10.255,10.29,1857332,0
20160627,10.205,10.61,10.035,10.105,97202,0
20160628,10.18,10.395,10.005,10.235,102938,0
20160629,10.295,10.505,10.128,10.465,52468,0
20160630,10.555,10.75,10.155,10.75,105480,0
20160701,10.725,10.772,10.3,10.62,116474,0
20160705,10.54,10.54,10.105,10.31,124598,0
20160706,10.245,10.605,10.245,10.595,62206,0
20160707,10.605,10.88,10.445,10.85,562280,0
20160708,10.885,11.16,10.885,11,91368,0
20160711,11.055,11.135,10.99,11.095,74200,0
20160712,11.08,11.282,10.975,11.24,80760,0
20160713,11.235,11.305,11.03,11.22,70110,0
20160714,11.29,11.5,11.075,11.28,97268,0
20160715,11.37,11.49,11.15,11.41,56300,0
20160718,11.425,11.425,11.152,11.295,146210,0
20160719,11.32,11.35,11.175,11.265,29456,0
20160720,11.175,11.35,11.14,11.2,39704,0
20160721,11.14,11.25,11.02,11.14,61812,0
20160722,11.075,11.395,11.05,11.21,58062,0
20160725,11.23,11.365,11.03,11.235,48382,0
20160726,11.185,11.292,11.105,11.235,40470,0
20160727,11.13,11.482,11.13,11.33,40990,0
20160728,11.33,11.75,11.15,11.685,64216,0
20160729,11.74,11.99,11.445,11.89,55812,0
20160801,11.945,11.945,11.345,11.575,101484,0
20160802,11.375,11.69,11.375,11.575,78926,0
20160803,11.6,11.87,11.15,11.82,48008,0
20160804,11.885,11.898,11.78,11.8,24000,0
20160805,11.8,12.53,11.638,12.515,179686,0
20160808,12.45,12.525,12.405,12.455,35006,0
20160809,12.255,12.485,12.255,12.375,41668,0
20160810,12.285,12.45,12.24,12.365,51876,0
20160811,12.285,12.425,12.285,12.36,23944,0
20160812,12.268,12.45,12.268,12.38,81352,0
20160815,12.345,12.405,12.09,12.365,92780,0
20160816,12.375,12.49,12.22,12.395,66958,0
20160817,12.37,12.4,12.325,12.375,31068,0
20160818,12.35,12.45,12.29,12.425,37832,0
20160819,12.44,12.47,12.325,12.37,80212,0
20160822,12.4,12.4,12.255,12.335,22718,0
20160823,12.275,12.34,12.15,12.24,136790,0
20160824,12.155,12.355,12.105,12.285,229844,0
20160825,12.275,12.44,12.275,12.35,27654,0
20160826,12.445,12.585,12.4,12.41,60142,0
20160829,12.388,12.535,12.388,12.475,13308,0
20160830,12.4,12.595,12.4,12.575,67534,0
20160831,12.605,12.625,12.375,12.525,45022,0
20160901,12.275,12.555,12.275,12.495,38792,0
20160902,12.485,12.51,12.425,12.475,44274,0
20160906,12.49,12.5,12.435,12.5,27770,0
20160907,12.5,12.5,12.47,12.495,32908,0
20160908,12.5,12.55,12.388,12.485,81988,0
20160909,12.395,12.49,12.305,12.325,17224,0
20160912,12.19,12.385,12.175,12.385,34994,0
20160913,12.325,12.325,12.175,12.23,43036,0
20160914,12.15,12.335,12.025,12.085,81834,0
20160915,12.08,12.18,12.08,12.15,50398,0
20160916,12.18,12.195,12.01,12.04,124028,0
20160919,12.15,12.19,11.98,12.065,49106,0
20160920,12.07,12.135,12.048,12.08,13168,0
20160921,12.1,12.175,12.01,12.145,38158,0
20160922,12.155,12.315,12.05,12.255,36796,0
20160923,12.265,12.32,12.165,12.28,15400,0
20160926,12.21,12.27,12.135,12.195,43598,0
20160927,12.175,12.36,12.14,12.35,44862,0
20160928,12.375,12.455,12.318,12.35,34556,0
20160929,12.265,12.38,12.055,12.1,92204,0
20160930,12.09,12.4,11.985,12.33,42482,0
20161003,12.11,12.15,11.95,12.035,51904,0
20161004,12.035,12.115,11.9,12.005,31010,0
20161005,12.055,12.37,12.055,12.315,39030,0
20161006,12.35,12.35,12.19,12.285,13540,0
20161007,12.2,12.35,12.185,12.33,22692,0
20161010,12.35,12.365,12.33,12.34,68410,0
20161011,12.35,12.365,12.18,12.325,41278,0
20161012,12.475,12.5,12.395,12.4,99230,0
20161013,12.285,12.31,12.225,12.275,232194,0
20161014,12.37,12.4,12.27,12.29,47960,0
20161017,12.295,12.31,12.175,12.222,61620,0
20161018,12.285,12.285,12.172,12.195,33214,0
20161019,12.2,12.285,12.165,12.19,207432,0
20161020,12.215,12.375,12.215,12.315,28148,0
20161021,12.205,12.335,12.205,12.31,21314,0
20161024,12.38,12.465,12.38,12.445,18482,0
20161025,12.315,12.41,12.305,12.4,39628,0
20161026,12.325,12.445,12.325,12.37,14790,0
20161027,12.325,12.47,12.325,12.44,49768,0
20161028,12.475,12.475,12.42,12.425,89502,0
20161031,12.455,12.46,12.305,12.37,110608,0
20161101,12.345,12.345,12.15,12.205,104730,0
20161102,12.13,12.145,11.945,11.98,45022,0
20161103,12.04,12.04,11.94,11.97,32108,0
20161104,11.97,12.1,11.75,11.895,73050,0
20161107,11.895,12.14,11.895,11.955,98822,0
20161108,11.99,12.15,11.93,12.045,46674,0
20161109,12.1,12.37,12.01,12.325,112030,0
20161110,12.4,12.505,11.635,12.415,119266,0
20161111,12.355,12.7,12.015,12.68,346944,0
20161114,12.695,12.99,12.68,12.815,273054,0
20161115,12.84,13.57,12.59,13.555,66764,0
20161116,13.45,13.565,13.14,13.455,62278,0
20161117,13.49,13.61,13.27,13.56,90742,0
20161118,13.625,14.16,13.29,14.1,65622,0
20161121,13.675,14.15,13.345,14.015,116786,0
20161122,14.025,14.475,13.765,14.375,64906,0
20161123,14.395,14.505,14.31,14.42,50332,0
20161125,14.4,14.635,14.09,14.4,19994,0
20161128,14.325,14.575,14.28,14.355,48262,0
20161129,14.44,14.61,14.38,14.425,43020,0
20161130,14.495,14.495,13.94,14.01,91270,0
20161201,14.01,14.268,13.725,13.87,122268,0
20161202,13.865,14.075,13.545,13.925,79074,0
20161205,14.025,14.51,14.025,14.405,155272,0
20161206,14.375,14.49,14.3,14.455,120542,0
20161207,14.415,14.975,14.415,14.84,98014,0
20161208,14.89,14.89,14.625,14.64,208962,0
20161209,14.705,14.82,14.235,14.65,131722,0
20161212,14.575,14.77,14.41,14.625,105100,0
20161213,14.69,14.915,14.475,14.625,65408,0
20161214,14.575,14.725,14.412,14.575,95894,0
20161215,14.67,14.975,14.55,14.9,432374,0
20161216,14.9,14.935,14.495,14.505,581874,0
20161219,14.5,14.54,14.36,14.5,168124,0
20161220,14.21,14.49,14.06,14.45,303480,0
20161221,14.4,14.445,14.268,14.34,172456,0
20161222,14.395,14.62,14.34,14.385,173052,0
20161223,14.35,14.57,14.288,14.495,319862,0
20161227,14.495,14.55,14.36,14.4,285372,0
20161228,14.4,14.47,14.32,14.34,339084,0
20161229,14.325,14.392,14.26,14.3,222400,0
20161230,14.29,14.29,14.13,14.25,143732,0
20170103,14.315,14.835,14.145,14.165,243536,0
20170104,14.15,14.335,14.045,14.215,195750,0
20170105,14.15,14.225,13.995,14.115,121672,0
20170106,14.125,14.25,13.915,14.225,76592,0
20170109,14.205,14.255,13.705,14.135,91166,0
20170110,14.14,14.415,14.135,14.37,65346,0
20170111,14.255,14.41,14.25,14.39,64238,0
20170112,14.385,14.4,14.05,14.125,94358,0
20170113,14.21,14.47,14.16,14.255,43004,0
20170117,14.135,14.135,13.735,13.83,79038,0
20170118,13.925,14,13.69,13.855,56532,0
20170119,13.94,14.23,13.64,13.83,77778,0
20170120,13.79,13.985,13.73,13.86,132018,0
20170123,13.98,14.15,13.84,14.07,53222,0
20170124,14.09,14.26,13.8813,14.19,59248,0
20170125,14.28,14.42,14.26,14.39,42644,0
20170126,14.39,14.52,14.37,14.42,70501,0
20170127,14.3,14.4299,14.3,14.41,70982,0
20170130,14.39,14.41,14.17,14.4,79713,0
20170131,14.38,14.585,14.23,14.5,111892,0
20170201,14.66,15.13,14.54,14.65,105420,0
20170202,14.5,14.69,14.38,14.64,73753,0
20170203,14.72,15.1,14.67,15.08,86182,0
20170206,14.88,15.46,14.3649,15,104891,0
20170207,15.19,15.86,15.04,15.78,101317,0
20170208,15.8,15.84,15.49,15.71,58408,0
20170209,15.79,15.94,15.595,15.75,42510,0
20170210,15.84,16.16,15.7,16.14,62850,0
20170213,16.21,16.63,16.18,16.28,57409,0
20170214,16.3,16.62,16.02,16.45,109782,0
20170215,16.54,16.94,15.3764,16.92,45323,0
20170216,16.96,16.96,16.54,16.63,66174,0
20170217,16.68,16.91,16.4,16.56,47763,0
20170221,16.71,17.08,16.51,17.02,76020,0
20170222,17,17.26,16.83,16.93,46394,0
20170223,17.04,17.04,16.67,16.91,84942,0
20170224,16.73,16.92,16.56,16.63,37311,0
20170227,16.625,16.725,16.56,16.61,56021,0
20170228,16.68,16.68,16.34,16.4,43418,0
20170301,16.57,16.8199,16.47,16.74,91333,0
20170302,16.83,16.835,15.99,16.02,117857,0
20170303,16.2,16.2,15.91,16,44297,0
20170306,15.92,15.96,15.73,15.9,32971,0
20170307,15.97,16.025,15.54,15.78,37752,0
20170308,15.92,16.06,15.69,15.7,41159,0
20170309,15.83,15.9,15.58,15.6,22181,0
20170310,15.64,15.72,15.42,15.69,43685,0
20170313,15.57,15.84,15.49,15.55,34993,0
20170314,15.47,15.56,15.2,15.47,30131,0
20170315,15.39,15.69,15.29,15.34,102248,0
20170316,15.42,15.93,15.42,15.9,101135,0
20170317,15.81,16,15.65,15.91,129595,0
20170320,15.85,15.96,15.6,15.6,45885,0
20170321,15.66,15.77,14.96,14.97,83364,0
20170322,14.86,15,14.67,14.74,52265,0
20170323,14.8,15.16,14.74,15.12,55707,0
20170324,15.26,15.32,14.9,15.26,63919,0
20170327,15.2,15.51,15.03,15.45,38608,0
20170328,15.32,15.59,15.24,15.44,37980,0
20170329,15.34,15.36,15.23,15.34,25370,0
20170330,15.32,15.75,15.32,15.74,30538,0
20170331,15.75,15.75,15.42,15.48,41749,0
20170403,15.56,15.6,15.37,15.5,70383,0
20170404,15.49,15.53,15.36,15.47,68856,0
20170405,15.53,15.67,15.3,15.32,50745,0
20170406,15.3,15.52,15.295,15.38,47664,0
20170407,15.3,15.73,15.3,15.5,44482,0
20170410,15.49,15.55,15.2,15.28,30163,0
20170411,15.23,15.5,15.23,15.48,49870,0
20170412,15.41,15.67,15.275,15.5,118675,0
20170413,15.45,15.52,15.31,15.32,56537,0
20170417,15.32,15.38,15.11,15.36,31344,0
20170418,15.25,15.375,15.17,15.35,26773,0
20170419,15.37,15.65,15.37,15.61,60320,0
20170420,15.66,15.77,15.6,15.74,64433,0
20170421,15.66,15.77,15.61,15.71,82029,0
20170424,15.94,16.17,15.846,16,80832,0
20170425,16.43,16.43,15.88,16,140674,0
20170426,16,16.33,15.93,16.03,184038,0
20170427,16.1,16.1,15.675,15.72,65303,0
20170428,15.75,15.78,15.68,15.7,101373,0
20170501,15.81,16.04,15.75,16.02,84524,0
20170502,16.02,16.17,15.84,16.14,75623,0
20170503,16.04,16.3,16.04,16.26,67280,0
20170504,16.35,16.42,16.12,16.34,130343,0
20170505,16.35,16.44,16.24,16.35,339839,0
20170508,16.35,16.4,16.25,16.36,71836,0
20170509,16.39,16.64,16.29,16.44,190299,0
20170510,16.47,16.5,16.38,16.46,148096,0
20170511,16.37,16.37,16.05,16.07,65560,0
20170512,16,16,15.38,15.67,109264,0
20170515,15.68,15.95,15.59,15.85,58850,0
20170516,15.93,16.49,15.85,16.46,88505,0
20170517,16.14,16.14,15.84,15.87,94510,0
20170518,15.74,16,15.67,15.91,66476,0
20170519,15.97,16.24,15.84,15.94,90428,0
20170522,15.98,16.25,15.955,16.2,71899,0
20170523,16.27,16.39,16,16.3,39244,0
20170524,16.3,16.3,15.84,15.87,134566,0
20170525,15.9,16,15.67,15.82,69811,0
20170526,15.82,15.83,15.63,15.81,44678,0
20170530,15.73,15.9,15.398,15.6,71985,0
20170531,15.61,15.63,15.061,15.33,253125,0
20170601,15.41,15.69,15.28,15.67,68715,0
20170602,15.6,16.165,15.6,15.99,280068,0
20170605,15.97,15.97,15.3,15.57,49241,0
20170606,15.45,15.84,15.37,15.65,69966,0
20170607,15.7756,15.84,15.635,15.67,28044,0
20170608,15.7,16.14,15.7,15.95,94265,0
20170609,16.04,16.2,15.94,16.09,241393,0
20170612,16.1,16.94,16.06,16.15,162345,0
20170613,16.27,16.79,16.16,16.57,131583,0
20170614,16.44,16.6399,16.12,16.62,86678,0
20170615,16.44,16.72,16.2,16.27,120922,0
20170616,15.98,16.31,15.91,16.29,192253,0
20170619,16.35,16.38,16.09,16.17,57023,0
20170620,16.16,16.16,15.88,16.02,49538,0
20170621,16.06,16.13,15.9,16.04,62982,0
20170622,16.43,16.44,16.03,16.13,155268,0
20170623,16.18,16.44,16.08,16.31,339152,0
20170626,16.31,16.41,16.12,16.24,89205,0
20170627,16.3,16.4,16.19,16.25,66171,0
20170628,16.39,16.49,16.29,16.41,75255,0
20170629,16.5,16.6,16.29,16.51,84966,0
20170630,16.51,16.525,16.27,16.43,76199,0
20170703,16.47,16.61,16.47,16.58,75578,0
20170705,16.56,16.61,16.38,16.54,74782,0
20170706,16.53,16.61,16.31,16.51,119460,0
20170707,16.55,16.6,16.45,16.56,62954,0
20170710,16.45,16.54,16.32,16.5,55902,0
20170711,16.5,16.53,16.17,16.45,37040,0
20170712,16.46,16.53,16.375,16.49,59294,0
20170713,16.47,16.55,16.28,16.54,29175,0
20170714,16.53,16.72,16.4046,16.63,65596,0
20170717,16.55,16.7,16.42,16.66,45098,0
20170718,16.51,16.681,16.47,16.64,41289,0
20170719,16.62,16.75,16.5,16.71,77009,0
20170720,16.7,16.9,16.51,16.75,49536,0
20170721,16.9,16.94,16.54,16.59,104266,0
20170724,16.6,16.78,16.45,16.7,38791,0
20170725,16.79,17.05,16.75,16.94,76701,0
20170726,17.1,17.895,17.1,17.58,116215,0
20170727,17.69,18.16,17.47,17.59,96771,0
20170728,17.58,17.69,17.36,17.38,117058,0
20170731,17.5,17.5,17.2369,17.35,72712,0
20170801,17.35,17.5,17.1,17.42,72653,0
