Date,Open,High,Low,Close,Volume,OpenInt
20110414,14.618,14.94,14.607,14.849,525666,0
20110415,14.849,15.121,14.817,14.94,232261,0
20110418,14.897,15.153,14.817,15.121,369862,0
20110419,15.042,15.153,14.928,15.134,562567,0
20110420,15.304,16.176,15.268,15.636,797207,0
20110421,15.909,16.644,15.643,16.516,522909,0
20110425,16.619,16.655,15.987,16.182,569621,0
20110426,16.365,16.484,15.523,16.091,374276,0
20110427,16.066,16.456,15.758,16.061,317587,0
20110428,15.929,16.298,15.697,15.971,328509,0
20110429,16.06,16.6,15.974,16.241,310646,0
20110502,16.001,16.636,16.001,16.365,252492,0
20110503,16.141,16.563,15.929,16.279,141688,0
20110504,16.365,16.388,15.309,15.431,400707,0
20110505,15.394,15.492,14.297,14.557,298236,0
20110506,14.673,14.903,14.454,14.552,398863,0
20110509,15.049,15.326,14.611,15.272,625571,0
20110510,15.401,16.279,15.401,15.685,436192,0
20110511,15.437,15.758,14.946,15.697,285421,0
20110512,15.558,15.727,15.158,15.581,89646,0
20110513,15.184,15.831,15.184,15.514,88894,0
20110516,15.564,15.564,15.184,15.212,79392,0
20110517,15.456,15.456,14.588,14.684,641023,0
20110518,15.236,15.787,14.909,15.346,770494,0
20110519,15.601,15.872,15.304,15.692,448751,0
20110520,15.915,16.595,15.709,16.438,526111,0
20110523,16.358,16.969,16.061,16.358,351172,0
20110524,16.502,16.502,16.243,16.365,284659,0
20110525,16.304,16.365,16.061,16.298,210882,0
20110526,16.346,16.88,16.117,16.577,196028,0
20110527,16.613,16.704,16.375,16.607,339435,0
20110531,16.786,16.849,16.67,16.775,294427,0
20110601,16.836,16.969,16.516,16.57,338232,0
20110602,16.484,16.903,16.484,16.558,332231,0
20110603,16.449,16.655,16.212,16.279,205032,0
20110606,16.625,16.959,16.231,16.272,115685,0
20110607,16.456,16.474,16.268,16.352,145273,0
20110608,16.224,16.456,16.224,16.304,180187,0
20110609,16.776,16.776,16.212,16.292,146214,0
20110610,16.256,16.73,16.212,16.322,162815,0
20110613,16.286,16.51,15.158,15.758,455978,0
20110614,15.758,16.061,15.588,16.036,227982,0
20110615,15.837,16.212,15.492,16.098,207942,0
20110616,15.988,16.106,15.634,15.939,118117,0
20110617,16.017,16.315,15.727,15.787,151362,0
20110620,15.758,15.992,15.643,15.929,66081,0
20110621,16.017,16.334,15.887,16.272,230777,0
20110622,16.231,16.818,16.164,16.787,489045,0
20110623,16.484,16.911,16.339,16.911,200258,0
20110624,16.969,16.969,16.808,16.928,98687,0
20110627,16.89,17.122,16.691,17,319364,0
20110628,17.079,17.223,16.915,17.138,248598,0
20110629,17.273,17.309,16.667,17.273,211203,0
20110630,17.192,17.472,16.967,17.272,231308,0
20110701,17.207,18.024,17.207,17.637,155800,0
20110705,17.479,18.001,17.231,17.509,66395,0
20110706,17.468,17.51,17.383,17.491,193180,0
20110707,17.547,17.578,17.148,17.437,106222,0
20110708,17.278,17.517,17.167,17.437,196594,0
20110711,17.273,17.454,17.212,17.273,88259,0
20110712,17.271,17.678,17.081,17.345,178609,0
20110713,17.631,17.631,17.201,17.309,153639,0
20110714,17.273,17.383,16.952,17,125409,0
20110715,17.007,17.062,16.854,16.92,89357,0
20110718,16.994,17.212,16.776,16.787,115329,0
20110719,17.032,17.111,16.689,16.727,203298,0
20110720,16.697,16.88,16.534,16.854,176454,0
20110721,16.746,17.109,16.704,16.988,168846,0
20110722,17.065,17.111,16.866,17.02,62626,0
20110725,16.977,17.424,16.885,17.424,174682,0
20110726,17.4,17.725,17.02,17.51,70377,0
20110727,17.346,17.843,17.025,17.201,82358,0
20110728,17.687,17.695,17.117,17.383,88741,0
20110729,16.981,17.451,16.775,17.397,134133,0
20110801,17.406,17.754,17.393,17.393,87889,0
20110802,17.389,17.725,16.971,17.125,99788,0
20110803,17.142,17.383,16.817,17.014,71260,0
20110804,16.911,17.008,15.654,15.849,360786,0
20110805,15.935,16.169,14.745,15.356,330254,0
20110808,15.04,15.253,14.039,14.229,272082,0
20110809,14.427,15.994,13.745,14.965,224469,0
20110810,14.112,15.664,14.112,15.119,174728,0
20110811,15.059,16.033,14.881,15.836,150766,0
20110812,16.045,16.192,15.26,15.916,260846,0
20110815,15.916,16.106,15.572,15.856,105370,0
20110816,15.872,16.155,15.572,15.856,101089,0
20110817,15.888,16.063,15.505,15.973,267682,0
20110818,15.26,15.761,15.185,15.72,160630,0
20110819,16.518,16.518,15.408,15.659,117766,0
20110822,16.003,16.003,15.034,15.272,162155,0
20110823,15.217,15.888,14.719,15.377,154104,0
20110824,14.752,15.505,14.726,15.298,71573,0
20110825,15.334,16.412,14.948,15.401,142620,0
20110826,15.206,16.757,14.954,15.174,134323,0
20110829,15.824,15.916,15.272,15.341,159945,0
20110830,15.272,15.756,15.272,15.583,176499,0
20110831,15.643,15.923,15.609,15.766,100719,0
20110901,15.922,15.939,15.669,15.818,133712,0
20110902,15.657,15.856,15.5,15.71,82693,0
20110906,15.659,15.732,15.217,15.346,173977,0
20110907,15.609,15.76,15.394,15.593,62411,0
20110908,15.485,15.725,15.401,15.646,131902,0
20110909,15.818,15.849,15.468,15.654,88832,0
20110912,15.341,15.708,15.334,15.639,112222,0
20110913,15.756,16.045,15.485,15.654,111149,0
20110914,15.725,15.88,15.523,15.842,361506,0
20110915,15.856,15.952,15.579,15.916,74391,0
20110916,15.824,16.01,15.799,15.861,54059,0
20110919,15.634,15.669,15.437,15.639,60019,0
20110920,15.903,15.903,15.654,15.799,233919,0
20110921,15.583,15.842,15.346,15.554,57238,0
20110922,15.043,15.334,14.843,14.91,582482,0
20110923,15.089,15.572,14.733,15.235,49525,0
20110926,15.512,15.535,15.063,15.468,82792,0
20110927,15.591,15.856,15.591,15.732,373036,0
20110928,15.629,15.866,15.063,15.701,37583,0
20110929,15.725,15.807,15.654,15.793,35208,0
20110930,15.66,15.889,15.654,15.684,103780,0
20111003,15.654,15.818,14.811,15.007,139959,0
20111004,14.449,14.964,14.163,14.579,242217,0
20111005,14.716,14.808,14.119,14.292,111593,0
20111006,14.83,15.07,14.623,14.71,427105,0
20111007,14.886,15.106,14.768,14.965,397124,0
20111010,15.181,15.639,15.04,15.614,254356,0
20111011,15.567,15.861,15.468,15.793,344205,0
20111012,15.807,16.02,15.605,15.872,550271,0
20111013,16.026,16.026,15.56,15.793,445054,0
20111014,15.953,16.246,15.849,15.888,48327,0
20111017,15.72,16.185,15.356,15.362,204642,0
20111018,15.45,15.732,15.371,15.579,57752,0
20111019,15.646,15.856,15.441,15.485,188261,0
20111020,15.591,15.787,15.341,15.622,194872,0
20111021,15.686,15.94,15.561,15.818,158271,0
20111024,15.824,16.033,15.669,15.836,316382,0
20111025,15.824,15.91,15.694,15.792,99983,0
20111026,16.053,16.614,16.047,16.314,113438,0
20111027,16.552,17.678,16.376,17.372,116510,0
20111028,17.162,17.85,17.162,17.788,87670,0
20111031,17.322,17.782,17.322,17.592,164637,0
20111101,16.961,17.564,16.949,17.508,88424,0
20111102,17.744,17.744,17.242,17.634,57971,0
20111103,17.639,17.733,17.317,17.485,52333,0
20111104,17.024,17.82,17.024,17.664,108556,0
20111107,17.515,17.845,17.364,17.688,32552,0
20111108,17.678,17.874,17.303,17.727,86012,0
20111109,17.106,17.572,17.106,17.553,50496,0
20111110,17.434,17.664,17.261,17.503,47569,0
20111111,17.82,17.82,17.402,17.688,43664,0
20111114,17.783,18.338,17.678,17.678,241024,0
20111115,17.678,18.038,17.658,17.832,152593,0
20111116,17.77,17.827,17.391,17.528,60122,0
20111117,17.402,17.681,17.236,17.322,100273,0
20111118,17.737,17.827,17.508,17.678,86424,0
20111121,17.521,17.639,17.361,17.538,70246,0
20111122,17.882,17.907,17.472,17.727,101408,0
20111123,17.572,17.788,17.466,17.727,51620,0
20111125,17.441,18.012,17.441,17.727,17252,0
20111128,18.038,18.038,17.634,17.813,55328,0
20111129,17.744,17.813,17.347,17.776,125186,0
20111130,18.132,18.317,17.774,18.125,135392,0
20111201,18.225,18.243,17.82,18.106,67089,0
20111202,18.342,18.342,18.174,18.281,394597,0
20111205,18.348,18.503,17.926,18.043,86261,0
20111206,18.161,18.494,18.053,18.255,71389,0
20111207,18.249,18.449,18.143,18.281,79655,0
20111208,18.143,18.591,18.131,18.454,120214,0
20111209,18.398,18.628,18.273,18.536,79028,0
20111212,18.474,18.499,18.156,18.411,111588,0
20111213,18.348,18.454,18.081,18.273,154792,0
20111214,18.093,18.312,17.793,18.163,194871,0
20111215,18.318,18.318,17.888,18.043,58622,0
20111216,18.033,18.131,17.864,18.038,88077,0
20111219,18.099,18.536,18.057,18.441,95356,0
20111220,18.647,18.815,18.33,18.454,125641,0
20111221,18.386,18.736,18.374,18.422,86807,0
20111222,18.567,18.691,18.398,18.666,38501,0
20111223,18.828,18.996,18.604,18.838,90517,0
20111227,19.093,19.218,18.847,19.063,67420,0
20111228,19.142,19.171,18.542,18.913,31754,0
20111229,18.858,19.089,18.573,19.007,56783,0
20111230,19.093,19.222,18.987,19.068,35604,0
20120103,19.182,19.277,18.803,19.218,101258,0
20120104,19.262,20.059,19.077,19.499,243151,0
20120105,19.555,19.748,19.307,19.717,107820,0
20120106,19.847,20.072,19.724,20.021,142302,0
20120109,20.041,20.369,20.035,20.296,156676,0
20120110,20.369,20.836,20.369,20.524,164501,0
20120111,20.319,20.749,20.259,20.44,172389,0
20120112,20.353,21.113,20.158,20.882,173894,0
20120113,20.861,20.904,20.364,20.502,172222,0
20120117,20.711,20.775,20.177,20.341,97435,0
20120118,20.314,20.52,19.96,20.047,148373,0
20120119,19.935,20.861,19.904,20.468,128181,0
20120120,20.468,20.55,20.127,20.432,31044,0
20120123,20.314,20.52,20.221,20.345,46204,0
20120124,20.221,20.524,20.221,20.465,39651,0
20120125,20.813,21.061,20.79,20.911,99423,0
20120126,20.861,21.446,20.786,21.179,80795,0
20120127,21.543,21.543,21.178,21.354,76959,0
20120130,21.211,21.365,21.179,21.292,33090,0
20120131,21.41,21.986,21.175,21.366,106708,0
20120201,21.67,21.689,21.285,21.378,71618,0
20120202,21.316,21.608,21.022,21.129,139191,0
20120203,21.178,21.34,21.026,21.34,55699,0
20120206,21.189,21.473,21.146,21.27,79489,0
20120207,21.153,21.416,21.146,21.259,29280,0
20120208,21.43,21.543,21.361,21.416,41931,0
20120209,21.416,21.488,21.246,21.361,50606,0
20120210,21.587,21.92,21.354,21.852,83094,0
20120213,21.764,22.392,21.745,22.149,88063,0
20120214,22.21,22.77,22.083,22.317,149190,0
20120215,22.778,22.998,22.588,22.853,244569,0
20120216,22.962,23.169,22.719,22.992,71411,0
20120217,22.998,23.912,22.791,23.601,117397,0
20120221,24.497,24.503,22.934,23.048,194770,0
20120222,22.872,23.319,22.045,22.866,505437,0
20120223,22.785,23.591,22.118,23.421,80972,0
20120224,23.617,24.056,23.441,23.852,83023,0
20120227,24.157,24.186,22.985,23.467,227427,0
20120228,23.344,23.684,22.985,23.508,95617,0
20120229,24.093,24.093,23.116,23.436,194378,0
20120301,23.684,24.014,23.383,24.014,85640,0
20120302,24.252,24.598,23.93,24.391,74410,0
20120305,24.314,24.358,23.729,24.358,56420,0
20120306,24.202,24.202,23.148,23.527,131685,0
20120307,23.2,23.798,23.004,23.755,51620,0
20120308,23.508,23.912,23.06,23.508,152393,0
20120309,23.71,24.126,23.287,24.036,42892,0
20120312,23.678,24.252,23.377,23.868,267893,0
20120313,23.937,23.987,22.697,23.338,421364,0
20120314,23.489,23.489,23.004,23.213,80223,0
20120315,23.111,23.357,22.979,23.111,99046,0
20120316,22.962,23.333,22.785,23.074,90017,0
20120319,23.2,23.313,22.922,23.238,99003,0
20120320,23.3,23.365,22.877,23.131,45589,0
20120321,23.048,23.269,22.84,23.036,72480,0
20120322,23.036,23.824,22.801,23.119,68322,0
20120323,23.036,23.476,22.872,23.277,79946,0
20120326,23.2,23.659,23.193,23.659,86651,0
20120327,23.684,23.778,23.246,23.467,45532,0
20120328,23.514,23.553,22.801,23.182,67084,0
20120329,22.992,23.277,22.962,23.119,26042,0
20120330,23.02,23.83,23.001,23.385,130613,0
20120402,23.246,23.741,23.246,23.741,43817,0
20120403,23.805,23.81,23.492,23.607,46092,0
20120404,23.634,23.799,23.269,23.748,60369,0
20120405,23.634,23.761,23.417,23.557,15569,0
20120409,23.565,23.565,23.257,23.383,67887,0
20120410,23.257,23.277,22.406,22.778,113742,0
20120411,22.853,23.081,22.689,22.801,123352,0
20120412,23.054,23.054,22.778,22.929,53752,0
20120413,22.866,22.929,22.557,22.922,35969,0
20120416,23.054,23.054,22.462,22.674,47508,0
20120417,23.595,23.595,22.426,22.751,133992,0
20120418,22.513,22.904,22.513,22.752,73580,0
20120419,22.734,22.992,22.674,22.992,33573,0
20120420,22.994,23.13,22.681,22.797,36188,0
20120423,22.708,22.759,22.437,22.582,79660,0
20120424,22.576,22.778,22.392,22.651,70729,0
20120425,22.631,23.193,22.437,23.193,64698,0
20120426,23.048,23.048,22.368,22.626,144748,0
20120427,22.465,22.465,21.01,21.699,545077,0
20120430,21.439,22.094,21.417,22.063,96289,0
20120501,22.037,22.516,21.986,22.363,75326,0
20120502,22.426,22.426,21.521,21.802,223507,0
20120503,21.802,21.802,20.6,20.889,166776,0
20120504,20.966,20.989,20.73,20.844,59982,0
20120507,20.753,20.959,19.907,20.198,371054,0
20120508,20.04,20.04,18.808,19.83,285196,0
20120509,19.491,19.656,19.144,19.656,197132,0
20120510,19.625,20.104,19.625,19.784,64487,0
20120511,19.919,20.6,19.446,20.264,72821,0
20120514,20.441,20.914,19.765,20.472,78433,0
20120515,20.233,20.906,20.147,20.651,69117,0
20120516,20.576,20.677,20.377,20.6,31976,0
20120517,20.43,20.639,19.694,20.327,108929,0
20120518,20.008,20.275,19.306,19.963,150870,0
20120521,19.995,20.614,19.618,20.576,71928,0
20120522,20.677,20.677,20.213,20.468,37097,0
20120523,20.753,20.753,19.677,20.463,77289,0
20120524,20.359,20.862,20.142,20.341,61107,0
20120525,20.249,20.385,19.728,20.154,95575,0
20120529,20.335,20.775,20.166,20.639,36366,0
20120530,20.614,20.717,20.047,20.359,42617,0
20120531,20.43,20.43,19.511,20.289,161239,0
20120601,19.957,20.275,18.847,19.375,128169,0
20120604,19.274,19.923,18.081,18.509,175349,0
20120605,18.296,18.929,18.296,18.777,115411,0
20120606,18.897,19.677,18.814,19.255,45189,0
20120607,19.683,19.721,18.551,18.847,42867,0
20120608,18.838,19.605,18.838,19.037,41847,0
20120611,19.063,19.114,18.418,18.463,52341,0
20120612,17.875,18.604,17.875,18.31,107024,0
20120613,18.157,18.871,18.048,18.855,85246,0
20120614,19.032,19.165,18.488,18.955,72057,0
20120615,18.878,19.343,18.878,19.325,97459,0
20120618,19.415,19.415,19.159,19.242,57425,0
20120619,19.358,19.995,19.298,19.848,109172,0
20120620,19.891,20.072,19.281,19.459,47056,0
20120621,19.427,19.715,18.75,18.827,73029,0
20120622,19.102,19.102,18.099,18.75,45001,0
20120625,18.432,19.05,18.157,18.801,42960,0
20120626,18.444,19.005,18.398,18.82,45078,0
20120627,18.763,19.338,18.533,18.973,350244,0
20120628,18.993,20.327,18.987,20.162,86769,0
20120629,20.422,20.989,20.422,20.677,120580,0
20120702,20.626,20.944,20.219,20.944,77333,0
20120703,20.889,21.417,20.775,21.213,42489,0
20120705,20.979,21.508,20.859,21.239,84536,0
20120706,21.137,22.338,20.876,22.247,131797,0
20120709,22.338,22.338,20.997,21.469,275007,0
20120710,21.444,21.444,20.385,20.518,132952,0
20120711,19.669,21.406,19.656,20.646,7180228,0
20120712,20.249,20.55,19.784,20.385,944181,0
20120713,20.359,20.614,20.123,20.524,465824,0
20120716,20.308,20.583,19.919,20.55,379190,0
20120717,20.422,20.568,19.988,20.468,310281,0
20120718,20.359,20.528,20.359,20.487,352444,0
20120719,20.48,20.53,19.988,20.359,455614,0
20120720,20.166,20.736,20.103,20.736,223226,0
20120723,20.365,20.742,20.034,20.735,213745,0
20120724,20.626,20.665,20.142,20.43,245097,0
20120725,20.312,20.518,20.193,20.518,159206,0
20120726,20.647,20.68,20.188,20.433,247136,0
20120727,20.545,20.677,20.346,20.518,156734,0
20120730,20.596,20.666,20.499,20.627,72245,0
20120731,20.665,20.665,20.302,20.53,104845,0
20120801,20.492,20.757,20.26,20.627,155076,0
20120802,20.363,20.489,17.104,19.963,398676,0
20120803,20.111,20.355,19.872,20.188,145206,0
20120806,20.09,20.245,19.942,20.188,47676,0
20120807,20.163,20.221,20.034,20.059,50298,0
20120808,20.176,20.271,19.864,19.922,95636,0
20120809,19.754,19.991,19.67,19.929,67597,0
20120810,19.748,20.284,19.638,20.266,65811,0
20120813,20.343,20.343,20.04,20.072,76784,0
20120814,20.034,20.266,20.013,20.193,76985,0
20120815,20.221,20.221,20.007,20.182,85665,0
20120816,20.124,20.461,20.001,20.221,72749,0
20120817,20.085,20.35,20.085,20.266,77254,0
20120820,20.188,20.331,19.805,20.331,34346,0
20120821,20.26,20.778,20.163,20.499,150688,0
20120822,20.461,20.461,19.741,20.26,194422,0
20120823,20.13,20.35,19.872,20.034,181434,0
20120824,19.852,19.852,19.509,19.773,151274,0
20120827,19.879,20.306,19.812,20.234,244051,0
20120828,20.312,20.479,20.168,20.479,101153,0
20120829,20.355,20.627,20.308,20.394,65811,0
20120830,20.355,20.653,20.001,20.458,63783,0
20120831,20.55,20.607,20.401,20.587,82680,0
20120904,20.607,20.607,20.316,20.518,81932,0
20120905,20.42,20.622,20.253,20.271,116056,0
20120906,20.163,20.433,19.864,20.163,136025,0
20120907,20.117,20.168,19.734,19.82,78523,0
20120910,19.587,20.375,19.587,19.922,125660,0
20120911,19.8,20.419,19.632,20.26,218031,0
20120912,20.182,20.253,19.67,19.696,200323,0
20120913,19.515,20.35,19.515,20.331,123471,0
20120914,20.447,21.223,20.369,20.855,254621,0
20120917,21.049,21.354,20.965,21.171,193182,0
20120918,21.29,21.354,20.921,21.354,177175,0
20120919,21.656,21.818,20.972,21.158,207904,0
20120920,20.905,21.223,20.725,20.861,93701,0
20120921,21.057,21.139,20.765,20.855,85877,0
20120924,20.712,21.455,20.409,21.134,121324,0
20120925,21.354,21.354,20.866,20.881,104480,0
20120926,20.835,20.835,20.447,20.691,78729,0
20120927,21.095,21.095,20.514,20.688,66062,0
20120928,20.688,20.951,20.674,20.732,57440,0
20121001,20.719,21.127,20.719,20.745,157123,0
20121002,20.635,20.901,20.635,20.901,60451,0
20121003,21.112,21.112,20.739,20.866,54036,0
20121004,21.178,21.178,20.842,20.989,36315,0
20121005,20.997,21.366,20.913,21.178,46226,0
20121008,21.095,21.205,21.029,21.08,32948,0
20121009,20.92,21.134,20.453,20.55,101800,0
20121010,20.382,20.545,20.148,20.228,141832,0
20121011,20.641,20.641,19.949,20.072,87741,0
20121012,20.047,20.394,19.957,20.284,41359,0
20121015,20.208,20.409,19.929,20.018,48529,0
20121016,19.896,20.05,19.628,19.741,95036,0
20121017,19.8,20.138,19.678,19.936,102451,0
20121018,19.82,19.975,19.794,19.929,32872,0
20121019,19.956,20.569,19.921,20.499,56645,0
20121022,20.284,20.688,20.271,20.55,102467,0
20121023,20.312,20.545,19.748,20.138,74882,0
20121024,20.148,20.299,19.741,19.896,94574,0
20121025,19.858,20.143,19.805,19.929,64245,0
20121026,20.138,20.509,20.085,20.363,56833,0
20121031,20.405,20.596,19.806,19.881,47632,0
20121101,20.089,21.09,19.953,21.09,142160,0
20121102,20.209,20.287,19.907,19.907,3030206,0
20121105,19.965,20.032,19.506,19.891,405910,0
20121106,20.037,20.037,19.643,19.874,230204,0
20121107,19.846,19.846,19.071,19.46,329245,0
20121108,19.663,19.762,19.08,19.23,218799,0
20121109,19.059,19.249,18.738,19.091,532297,0
20121112,19.283,19.288,18.513,18.789,280914,0
20121113,18.867,18.867,17.914,18.269,815270,0
20121114,18.192,18.454,17.318,17.377,330829,0
20121115,17.245,17.41,16.78,17.161,571953,0
20121116,16.88,17.719,16.766,17.627,447508,0
20121119,18.362,18.848,18.218,18.486,243271,0
20121120,18.841,18.888,18.41,18.796,179041,0
20121121,18.626,18.856,18.626,18.711,155913,0
20121123,18.723,19.113,18.723,19.012,50028,0
20121126,18.953,19.006,18.546,18.81,100673,0
20121127,18.81,18.98,18.659,18.816,166700,0
20121128,18.85,19.097,18.659,18.81,223916,0
20121129,19.046,19.544,18.973,19.433,245431,0
20121130,19.625,19.709,19.346,19.643,155310,0
20121203,19.663,19.723,19.346,19.5,146763,0
20121204,19.472,19.684,19.376,19.656,150184,0
20121205,19.689,19.723,19.486,19.723,104473,0
20121206,19.643,19.795,19.48,19.506,101816,0
20121207,19.703,19.703,19.053,19.091,159410,0
20121210,19.053,19.454,19.053,19.355,145307,0
20121211,19.577,19.577,18.92,18.961,135457,0
20121212,19.104,19.446,18.92,19.283,225620,0
20121213,19.171,19.493,18.73,19.386,212183,0
20121214,19.196,19.301,18.73,19.132,123309,0
20121217,19.386,19.386,18.723,18.934,128239,0
20121218,18.862,19.342,18.738,19.243,194785,0
20121219,19.322,19.939,19.177,19.891,285627,0
20121220,19.806,19.886,18.948,19.651,193911,0
20121221,19.611,19.789,19.196,19.552,211523,0
20121224,19.663,19.723,19.139,19.222,67493,0
20121226,19.446,19.643,19.139,19.602,93297,0
20121227,19.914,19.925,19.189,19.31,89901,0
20121228,19.293,19.407,19.124,19.171,43390,0
20121231,19.158,19.695,18.92,19.611,150006,0
20130102,19.919,20.096,19.599,19.965,163047,0
20130103,19.767,20.269,19.767,19.978,167305,0
20130104,20.103,20.367,19.723,20.084,202719,0
20130107,20.103,20.601,19.75,20.346,206486,0
20130108,20.263,20.497,19.063,20.103,395882,0
20130109,20.209,20.327,19.931,20.263,200357,0
20130110,20.367,20.432,20.037,20.301,150079,0
20130111,20.353,20.846,20.202,20.746,183534,0
20130114,20.943,21.017,20.628,20.872,237934,0
20130115,20.892,20.892,20.628,20.767,174572,0
20130116,20.655,20.859,20.367,20.681,219610,0
20130117,20.617,21.022,20.608,20.767,173282,0
20130118,20.832,21.354,20.707,20.814,216929,0
20130122,20.865,21.271,20.775,21.022,277912,0
20130123,21.103,21.28,20.76,20.938,378863,0
20130124,21.05,21.187,20.786,20.826,368301,0
20130125,20.892,21.158,20.808,21.041,157997,0
20130128,21.011,21.029,20.648,20.872,270881,0
20130129,20.931,20.951,20.492,20.529,190226,0
20130130,20.417,21.206,20.143,20.738,274601,0
20130131,19.716,19.83,19.642,19.695,3124448,0
20130201,19.735,19.957,19.689,19.824,636599,0
20130204,19.807,19.889,19.735,19.848,335990,0
20130205,19.75,20.05,19.75,19.975,461435,0
20130206,20.016,20.016,19.791,19.862,246511,0
20130207,19.862,19.995,19.529,19.807,191296,0
20130208,19.895,20.05,19.723,20.009,261271,0
20130211,20.05,20.05,19.836,19.883,225588,0
20130212,19.93,20.031,19.842,19.95,300329,0
20130213,19.836,20.05,19.836,19.984,286575,0
20130214,19.903,20.05,19.903,19.957,225379,0
20130215,20.016,20.149,19.911,20.035,213225,0
20130219,20.157,20.864,20.043,20.717,405523,0
20130220,20.123,20.684,20.069,20.469,540367,0
20130221,20.13,20.231,19.911,20.004,418601,0
20130222,19.995,20.203,19.984,20.157,173274,0
20130225,20.203,20.223,19.83,19.842,222528,0
20130226,19.862,19.862,19.709,19.816,130717,0
20130227,19.862,19.87,19.797,19.842,228845,0
20130228,19.797,20.05,19.556,19.862,225635,0
20130301,19.564,19.911,19.293,19.824,154312,0
20130304,19.609,19.995,19.429,19.911,193461,0
20130305,20.023,20.078,19.695,19.95,207190,0
20130306,19.895,20.062,19.695,19.895,301042,0
20130307,19.903,20.443,19.83,20.364,301979,0
20130308,20.377,20.377,20.11,20.249,366925,0
20130311,20.236,20.664,20.138,20.523,387033,0
20130312,20.403,20.811,20.177,20.517,217828,0
20130313,20.436,21.052,20.337,20.957,312289,0
20130314,20.918,20.965,20.751,20.864,191270,0
20130315,20.772,21.467,20.751,21.364,323952,0
20130318,21.265,21.478,20.765,21.319,486928,0
20130319,21.478,21.546,20.772,21.116,172294,0
20130320,21.238,21.252,20.99,21.244,110806,0
20130321,21.145,21.512,21.031,21.496,206686,0
20130322,21.467,21.505,21.124,21.359,194886,0
20130325,21.552,21.64,21.191,21.492,277620,0
20130326,21.624,21.948,21.178,21.867,343304,0
20130327,21.867,21.926,21.703,21.8,103955,0
20130328,21.966,22.079,21.525,22.034,329661,0
20130401,22.06,22.093,21.658,21.785,139584,0
20130402,21.892,22.053,21.354,21.505,420662,0
20130403,21.525,21.559,21.198,21.364,121049,0
20130404,21.206,21.354,20.879,21.304,134308,0
20130405,21.198,21.467,21.012,21.457,70464,0
20130408,21.53,21.915,21.364,21.759,48490,0
20130409,21.693,21.9,21.693,21.892,831881,0
20130410,21.9,22.057,21.731,21.826,243383,0
20130411,21.958,21.986,21.731,21.805,100806,0
20130412,21.805,21.805,21.198,21.472,288799,0
20130415,21.286,21.399,20.983,21.165,291453,0
20130416,21.018,21.353,21.018,21.259,184187,0
20130417,21.265,21.297,20.871,20.892,79123,0
20130418,21.198,21.198,20.537,20.892,201851,0
20130419,20.83,20.83,20.384,20.578,140510,0
20130422,21.425,21.425,20.724,21.206,265358,0
20130423,21.198,21.439,20.983,21.252,74277,0
20130424,21.319,21.433,21.133,21.399,57626,0
20130425,21.325,21.839,21.312,21.607,115372,0
20130426,21.566,21.645,20.779,21.238,100890,0
20130429,21.793,21.793,21.198,21.252,60902,0
20130430,21.552,22.327,21.344,21.812,710971,0
20130501,21.9,22.279,21.731,22.079,1823046,0
20130502,22.034,22.132,21.867,22.034,96604,0
20130503,22.019,22.288,21.9,22.085,166548,0
20130506,22.319,22.599,22.165,22.272,297200,0
20130507,22.379,22.657,22.27,22.622,180288,0
20130508,22.602,22.905,22.379,22.905,161772,0
20130509,22.955,23.23,22.895,23.031,154473,0
20130510,23.375,24.404,22.813,23.179,251826,0
20130513,23.295,23.721,23.056,23.578,285523,0
20130514,23.537,23.911,23.045,23.442,182059,0
20130515,23.442,23.456,23.008,23.307,349300,0
20130516,23.47,23.695,23.096,23.295,170623,0
20130517,23.47,23.728,22.839,22.974,240575,0
20130520,23.137,24.405,22.989,23.428,155057,0
20130521,23.768,24.413,23.394,23.79,315780,0
20130522,23.837,24.249,23.402,23.667,178429,0
20130523,23.028,23.605,22.813,23.265,130998,0
20130524,22.934,23.598,22.895,23.125,126929,0
20130528,23.159,23.565,23.028,23.171,111376,0
20130529,23.09,23.483,22.989,23.002,308598,0
20130530,23.213,23.253,21.841,22.745,445453,0
20130531,21.965,22.804,21.965,22.594,294941,0
20130603,21.78,22.617,21.78,22.371,268490,0
20130604,22.276,22.575,22.148,22.418,134060,0
20130605,22.414,22.785,22.053,22.453,374152,0
20130606,22.385,22.486,22.06,22.295,83348,0
20130607,22.486,23.023,22.379,22.874,74410,0
20130610,22.545,23.118,22.486,22.617,124678,0
20130611,22.622,22.716,22.038,22.27,71259,0
20130612,22.683,22.683,22.038,22.148,73630,0
20130613,22.038,22.793,21.78,22.379,66345,0
20130614,22.459,22.955,22.442,22.866,140964,0
20130617,23.002,23.382,22.758,23.219,66044,0
20130618,23.207,23.456,23.015,23.409,111890,0
20130619,23.213,23.377,22.672,22.967,188371,0
20130620,22.785,23.049,22.385,22.887,118251,0
20130621,23.191,23.191,22.357,22.459,152544,0
20130624,22.244,22.69,21.511,21.795,253880,0
20130625,21.421,23.045,21.421,22.459,146173,0
20130626,21.721,23.249,21.721,22.506,129320,0
20130627,22.649,22.994,22.144,22.853,121459,0
20130628,22.795,23.28,22.024,23.125,205466,0
20130701,22.866,23.191,22.446,22.57,101285,0
20130702,22.425,22.846,22.237,22.628,74848,0
20130703,22.466,22.798,22.272,22.664,60805,0
20130705,22.628,22.839,22.486,22.649,42715,0
20130708,22.649,23.07,22.635,22.895,231471,0
20130709,22.825,23.28,22.425,22.545,237708,0
20130710,22.874,23.151,22.554,22.649,290949,0
20130711,22.874,23.586,22.786,23.159,226028,0
20130712,23.223,23.456,22.955,23.213,118323,0
20130715,23.056,23.341,23.056,23.159,57083,0
20130716,23.409,23.409,22.866,22.959,112006,0
20130717,23.125,23.159,22.546,22.546,146290,0
20130718,22.994,23.002,22.148,22.231,126390,0
20130719,22.561,22.705,22.107,22.207,84228,0
20130722,22.16,22.528,21.897,22.034,214097,0
20130723,22.244,22.408,21.848,22.202,144417,0
20130724,22.371,22.371,21.768,21.871,101236,0
20130725,22.099,22.141,21.734,21.836,88844,0
20130726,21.883,22.202,21.768,21.841,91850,0
20130729,22.086,22.237,21.91,22.038,89750,0
20130730,22.093,22.1,21.841,21.951,48009,0
20130731,21.957,22.453,21.502,21.788,275450,0
20130801,21.916,21.929,21.483,21.682,235408,0
20130802,21.55,22.321,21.192,21.393,144013,0
20130805,21.617,21.617,21.227,21.399,355108,0
20130806,21.473,22.246,21.37,22.117,161983,0
20130807,22.026,22.259,21.777,21.944,143710,0
20130808,21.985,22.226,21.777,21.862,69143,0
20130809,21.916,22.218,21.792,21.792,65133,0
20130812,21.845,22.143,21.845,21.957,168220,0
20130813,22.067,22.316,21.888,22.109,46057,0
20130814,22.218,22.555,21.785,22.129,64630,0
20130815,22.239,22.477,21.936,22.169,73112,0
20130816,22.259,22.467,22.019,22.061,53292,0
20130819,22.152,22.259,21.916,21.985,101988,0
20130820,22.039,22.494,21.985,22.329,70130,0
20130821,22.226,22.537,22.055,22.121,82103,0
20130822,22.121,22.619,22.121,22.522,64705,0
20130823,22.53,22.744,22.293,22.543,82032,0
20130826,22.548,22.679,22.441,22.543,99018,0
20130827,22.515,22.688,22.481,22.501,85541,0
20130828,22.597,22.769,22.364,22.613,53397,0
20130829,22.605,22.846,22.404,22.404,62628,0
20130830,22.501,22.846,22.337,22.397,119915,0
20130903,22.591,22.591,21.717,21.819,62068,0
20130904,22.343,22.343,21.544,21.785,68242,0
20130905,21.75,22.343,21.75,22.211,25146,0
20130906,22.019,22.321,21.743,21.799,109243,0
20130909,22.005,22.712,21.91,22.565,627353,0
20130910,22.515,23.142,22.397,23.048,96392,0
20130911,22.934,23.603,22.934,23.33,128846,0
20130912,23.419,23.603,23.365,23.521,117974,0
20130913,23.603,23.857,23.163,23.377,327737,0
20130916,23.411,23.502,23.157,23.404,81580,0
20130917,23.536,23.73,23.04,23.115,128634,0
20130918,23.222,23.377,22.669,23.074,75235,0
20130919,23.431,23.508,22.53,23.122,48520,0
20130920,23.197,23.347,22.672,23.148,85459,0
20130923,23.295,23.295,22.653,22.874,33513,0
20130924,22.797,23.258,22.749,23.019,35259,0
20130925,23.115,23.239,22.88,23.13,41499,0
20130926,23.088,23.157,22.791,22.846,131317,0
20130927,22.812,22.956,22.404,22.591,40629,0
20130930,22.591,22.777,22.281,22.397,73320,0
20131001,22.309,22.895,22.29,22.481,98129,0
20131002,22.425,22.578,22.117,22.158,65740,0
20131003,22.316,22.708,22.136,22.425,79229,0
20131004,22.356,22.591,22.152,22.301,51657,0
20131007,22.055,22.825,21.922,22.226,61787,0
20131008,22.121,22.454,21.985,21.985,64423,0
20131009,22.186,22.203,21.227,21.55,120290,0
20131010,21.853,22.246,21.688,21.903,80532,0
20131011,21.812,22.281,21.523,22.08,149744,0
20131014,21.819,21.929,21.544,21.727,69071,0
20131015,21.708,22.019,21.418,21.473,76613,0
20131016,21.607,21.777,21.483,21.523,71993,0
20131017,21.612,21.799,21.523,21.653,113032,0
20131018,21.674,22.293,21.674,21.95,387821,0
20131021,21.873,21.95,21.727,21.95,64859,0
20131022,22.005,22.117,21.723,21.805,97655,0
20131023,21.792,22.088,21.642,21.743,106794,0
20131024,21.819,22.012,21.819,21.944,53829,0
20131025,22.045,22.211,21.544,21.929,89239,0
20131028,21.869,21.985,21.617,21.812,86046,0
20131029,21.75,22.121,21.723,21.777,80822,0
20131030,21.777,21.894,21.566,21.624,95186,0
20131031,21.922,22.034,21.684,21.684,58430,0
20131101,21.726,22.19,21.726,22.083,149249,0
20131104,21.922,22.588,20.927,22.266,120856,0
20131105,22.293,22.419,21.789,21.824,96993,0
20131106,21.74,22.25,21.74,21.909,60246,0
20131107,22.013,22.109,21.551,21.893,91863,0
20131108,22,22.041,21.585,21.95,84042,0
20131111,22.041,22.215,21.713,21.916,61924,0
20131112,21.803,22.067,21.242,21.417,92624,0
20131113,21.292,21.558,21.282,21.375,113854,0
20131114,21.326,21.86,21.249,21.558,82759,0
20131115,21.684,21.97,21.579,21.97,110725,0
20131118,22.155,22.174,21.529,21.678,87038,0
20131119,21.726,21.868,21.613,21.754,58929,0
20131120,21.852,21.897,21.473,21.51,43915,0
20131121,21.579,21.922,21.214,21.887,76052,0
20131122,21.732,22.398,21.425,22.182,83900,0
20131125,22.202,22.202,21.754,22.057,69917,0
20131126,22.041,22.378,21.944,22.131,64638,0
20131127,22.398,22.398,21.332,21.986,103877,0
20131129,22.013,22.415,21.916,22.415,24037,0
20131202,22.406,22.406,22.119,22.244,113720,0
20131203,22.147,22.315,22.034,22.28,131843,0
20131204,22.166,22.293,21.592,21.678,70146,0
20131205,21.703,21.887,21.551,21.684,58786,0
20131206,20.353,20.513,20.185,20.339,4302569,0
20131209,20.5,20.5,20.197,20.274,933742,0
20131210,19.994,20.255,19.975,20.156,825727,0
20131211,20.205,20.227,19.309,19.769,1079991,0
20131212,19.672,20.148,19.309,20.08,778926,0
20131213,19.665,20.227,19.665,19.847,1020492,0
20131216,19.975,20.113,19.841,20.091,639091,0
20131217,20.177,20.219,19.877,20.058,257274,0
20131218,20.192,20.373,19.87,20.359,305636,0
20131219,20.311,20.43,20.023,20.213,293076,0
20131220,20.113,20.752,20.113,20.752,956031,0
20131223,20.752,20.913,20.45,20.871,591721,0
20131224,20.922,20.933,20.709,20.913,228128,0
20131226,20.885,21.214,20.864,21.103,593720,0
20131227,21.165,21.425,20.962,21.417,419071,0
20131230,21.18,21.585,21.096,21.375,480569,0
20131231,21.34,21.375,21.116,21.201,244166,0
20140102,21.321,21.355,20.745,21.055,218634,0
20140103,21.278,21.433,21.061,21.201,222328,0
20140106,21.237,21.404,20.828,21.055,253413,0
20140107,21.566,21.566,20.745,20.989,425776,0
20140108,21.096,21.237,20.752,21.072,285373,0
20140109,21.018,21.123,20.801,21.109,336024,0
20140110,20.978,21.123,20.681,21.089,397765,0
20140113,21.096,21.34,20.927,21.314,338309,0
20140114,21.305,21.305,20.781,21.024,383112,0
20140115,21.18,21.332,20.875,21.237,369825,0
20140116,21.103,21.536,21.103,21.367,316764,0
20140117,21.518,21.721,21.367,21.703,419212,0
20140121,21.726,21.909,21.637,21.777,313196,0
20140122,21.803,22.202,21.678,21.993,301639,0
20140123,21.902,22.062,21.726,21.797,328445,0
20140124,21.868,21.868,20.989,21.44,392344,0
20140127,21.375,21.529,21.033,21.367,317323,0
20140128,21.425,21.95,21.297,21.761,328781,0
20140129,21.698,21.698,21.332,21.585,503967,0
20140130,21.579,21.97,21.208,21.663,395670,0
20140131,21.397,21.619,21.286,21.34,677474,0
20140203,21.44,21.558,20.892,21.081,249422,0
20140204,21.047,21.447,20.92,21.162,250400,0
20140205,21.216,21.216,20.762,21.074,199108,0
20140206,21.169,21.562,21.097,21.391,189403,0
20140207,21.362,21.683,21.133,21.468,276739,0
20140210,21.568,21.711,21.468,21.68,308003,0
20140211,21.683,22.13,21.683,21.982,586712,0
20140212,22.111,22.259,21.777,22.159,278992,0
20140213,22.103,22.61,22.054,22.438,223900,0
20140214,22.331,22.534,22.316,22.438,212543,0
20140218,22.383,22.431,22.13,22.251,135758,0
20140219,22.268,22.31,21.753,21.803,130861,0
20140220,21.083,21.375,20.747,21.233,635779,0
20140221,21.189,21.546,21.013,21.105,191317,0
20140224,21.197,21.382,20.908,21.069,218910,0
20140225,21.006,21.246,20.833,21.126,177958,0
20140226,21.196,21.345,20.869,21.262,324148,0
20140227,21.04,21.404,21.04,21.34,116810,0
20140228,21.404,21.675,21.169,21.546,268051,0
20140303,21.154,21.49,20.826,21.246,317192,0
20140304,21.254,21.319,21.025,21.267,294408,0
20140305,21.325,21.516,21.074,21.447,287903,0
20140306,21.362,21.434,21.154,21.382,319441,0
20140307,21.183,21.362,21.006,21.267,225451,0
20140310,21.291,21.367,21.065,21.367,312529,0
20140311,21.284,21.382,20.982,21.175,207584,0
20140312,21.126,21.126,20.44,20.898,478227,0
20140313,20.904,20.945,20.598,20.778,183617,0
20140314,20.641,21.216,20.641,21.126,214907,0
20140317,21.117,21.303,20.97,20.982,152304,0
20140318,21.04,21.291,20.789,21.246,246962,0
20140319,21.284,21.325,20.726,20.962,214063,0
20140320,21.018,21.303,20.753,21.233,182948,0
20140321,21.162,21.398,21.04,21.189,389970,0
20140324,21.296,21.362,20.833,21.083,204916,0
20140325,21.111,21.291,21.025,21.216,148460,0
20140326,21.291,21.291,21.034,21.147,154088,0
20140327,21.04,21.468,21.018,21.417,266784,0
20140328,21.075,21.453,21.075,21.398,214965,0
20140331,21.434,21.434,21.183,21.325,368480,0
20140401,21.354,21.668,21.205,21.597,123530,0
20140402,21.731,21.896,21.503,21.768,251024,0
20140403,21.81,22.345,21.734,22.074,217133,0
20140404,21.789,22.488,21.789,22.225,211948,0
20140407,22.13,22.165,21.296,21.447,268526,0
20140408,21.391,21.727,21.362,21.66,134731,0
20140409,21.568,21.853,21.375,21.597,183714,0
20140410,21.503,21.725,21.262,21.319,136537,0
20140411,21.216,21.468,20.998,21.061,254017,0
20140414,21.111,21.918,21.057,21.546,182997,0
20140415,21.675,21.781,21.216,21.354,271110,0
20140416,21.398,22.232,21.275,21.873,244089,0
20140417,21.996,22.294,21.844,21.96,235829,0
20140421,22.118,22.423,22.111,22.225,156417,0
20140422,22.138,22.374,22.061,22.146,172679,0
20140423,22.196,22.294,21.833,21.889,217072,0
20140424,22.111,22.202,21.66,21.768,127214,0
20140425,21.777,22.038,21.61,21.696,137633,0
20140428,21.825,22.146,21.825,21.967,153746,0
20140429,21.896,22.352,21.896,22.282,151458,0
20140430,22.331,22.467,21.954,22.074,450853,0
20140501,22.272,22.614,21.929,21.954,94135,0
20140502,22.069,22.439,21.868,22.119,182175,0
20140505,22.106,22.57,22.018,22.542,130645,0
20140506,22.439,22.875,22.034,22.439,180204,0
20140507,22.533,22.853,22.322,22.838,241308,0
20140508,22.881,22.933,22.513,22.78,202900,0
20140509,22.853,22.946,22.616,22.78,205235,0
20140512,22.859,22.948,22.504,22.845,213466,0
20140513,22.933,22.933,22.526,22.701,221329,0
20140514,22.801,22.801,22.57,22.676,190935,0
20140515,22.745,22.772,22.206,22.642,188180,0
20140516,22.729,22.78,22.542,22.745,75212,0
20140519,22.721,22.772,22.563,22.685,122358,0
20140520,22.701,22.809,22.567,22.758,148478,0
20140521,22.766,22.766,22.504,22.526,285233,0
20140522,22.49,22.968,22.49,22.875,122013,0
20140523,23.012,23.362,22.721,22.788,200477,0
20140527,22.555,23.005,22.492,22.766,195897,0
20140528,22.756,23.287,22.677,23.164,198578,0
20140529,23.012,23.506,23.012,23.47,276550,0
20140530,23.513,24.085,23.442,23.903,221562,0
20140602,24.064,24.434,23.689,24.006,257078,0
20140603,23.941,24.18,23.454,24.071,212150,0
20140604,24.158,24.338,23.865,24.23,279433,0
20140605,24.34,24.353,23.99,24.268,205284,0
20140606,24.282,24.753,24.088,24.666,286477,0
20140609,24.674,24.739,24.436,24.681,230239,0
20140610,24.594,24.666,24.091,24.651,185814,0
20140611,24.629,24.629,24.333,24.542,134539,0
20140612,24.645,24.753,24.361,24.629,175521,0
20140613,24.594,24.701,24.376,24.681,142637,0
20140616,24.55,25.023,24.479,24.79,174890,0
20140617,24.92,25.189,24.55,25.181,124500,0
20140618,25.218,25.617,24.689,24.739,333968,0
20140619,24.681,25.383,24.681,25.348,206226,0
20140620,25.53,27.047,25.152,26.899,475216,0
20140623,26.916,27.931,25.753,26.391,519623,0
20140624,26.219,27.059,25.728,26.233,330867,0
20140625,26.108,26.575,25.819,26.327,181240,0
20140626,26.118,26.669,26.015,26.415,114577,0
20140627,26.532,27.025,26.421,26.843,145702,0
20140630,26.843,27.131,26.481,26.732,168572,0
20140701,26.769,27.069,26.327,26.481,114817,0
20140702,26.481,26.763,26.051,26.205,95940,0
20140703,26.322,26.481,26.06,26.21,137964,0
20140707,26.21,26.35,25.574,25.826,255588,0
20140708,25.431,26.261,25.431,25.806,219682,0
20140709,25.893,26.378,25.457,25.966,191614,0
20140710,25.682,26.712,25.457,25.66,172971,0
20140711,25.487,25.876,25.109,25.428,148552,0
20140714,25.393,25.987,25.116,25.159,189815,0
20140715,25.439,25.439,24.579,24.955,235101,0
20140716,24.849,25.66,24.739,25.405,193655,0
20140717,25.53,26.19,25.479,25.771,268277,0
20140718,25.689,26.029,25.689,26.001,117933,0
20140721,25.978,26.233,25.834,26.21,114148,0
20140722,26.21,26.391,25.782,26.089,162856,0
20140723,26.118,26.255,25.864,26.118,81681,0
20140724,26.089,26.089,25.436,25.61,206242,0
20140725,25.443,25.79,24.855,25.152,156657,0
20140728,25.227,25.227,24.273,25.041,224701,0
20140729,24.732,25.202,24.555,25.146,169356,0
20140730,25.072,25.173,24.49,24.74,162084,0
20140731,24.784,25.449,24.171,24.378,199740,0
20140801,24.673,24.939,24.335,24.599,196163,0
20140804,24.74,25.057,24.422,24.969,100827,0
20140805,25.041,25.351,24.325,24.916,129724,0
20140806,25.011,25.949,24.481,25.661,162312,0
20140807,25.556,25.919,25.432,25.868,108350,0
20140808,25.977,26.264,25.698,26.193,164972,0
20140811,26.245,26.665,26.193,26.516,122143,0
20140812,26.665,26.665,25.765,25.925,143306,0
20140813,25.941,26.25,25.756,26.132,183053,0
20140814,25.885,26.655,25.885,26.538,179019,0
20140815,26.677,26.711,26.193,26.538,180740,0
20140818,26.561,26.84,26.39,26.635,412244,0
20140819,26.855,27.605,26.665,27.209,175761,0
20140820,27.275,27.623,26.922,27.607,168045,0
20140821,27.607,28.367,27.594,28.204,204391,0
20140822,28.16,28.16,27.193,27.481,148390,0
20140825,27.697,28.277,27.549,28.271,99017,0
20140826,28.063,28.37,27.538,27.953,204411,0
20140827,28.05,28.151,27.569,27.697,198180,0
20140828,27.468,28.249,27.319,27.74,183490,0
20140829,27.679,28.197,27.497,28.072,235175,0
20140902,28.175,28.175,27.651,28.014,130570,0
20140903,28.232,28.232,27.74,27.96,125451,0
20140904,28.132,28.218,27.3,27.651,173702,0
20140905,27.623,27.991,26.922,27.725,99991,0
20140908,27.717,28.212,27.053,28.042,198434,0
20140909,28.151,28.856,27.629,28.75,359764,0
20140910,29.008,29.008,27.885,28.64,169735,0
20140911,28.367,28.542,27.74,28.014,121720,0
20140912,27.908,28.342,27.275,27.473,210531,0
20140915,27.519,27.815,26.906,27.186,170770,0
20140916,27.052,28.16,26.759,27.813,254758,0
20140917,27.709,28.02,27.083,27.889,170290,0
20140918,28.145,28.542,27.689,28.381,195265,0
20140919,28.381,28.706,28.132,28.263,144872,0
20140922,27.895,28.115,27.319,27.461,111448,0
20140923,27.43,27.636,26.98,27.239,81433,0
20140924,27.083,27.269,26.855,27.07,88099,0
20140925,27.098,27.164,26.369,27.016,98349,0
20140926,26.944,27.155,26.39,26.516,161274,0
20140929,26.532,26.708,26.04,26.384,93738,0
20140930,26.789,26.789,25.173,25.593,207948,0
20141001,25.543,25.829,25.021,25.033,190847,0
20141002,25.137,25.202,24.378,25.079,190931,0
20141003,25.388,25.388,23.891,24.415,313140,0
20141006,24.335,24.927,23.833,23.951,143075,0
20141007,23.957,25.137,23.788,24.723,181286,0
20141008,24.909,25.248,24.503,25.085,243274,0
20141009,24.894,25.137,24.738,25.041,315600,0
20141010,24.711,25.873,24.647,25.027,433020,0
20141013,25.027,25.698,22.91,23.522,228559,0
20141014,23.363,23.537,22.129,22.8,495269,0
20141015,22.337,23.522,22.116,23.198,462039,0
20141016,23.109,24.283,22.726,24.148,387024,0
20141017,25.181,25.712,23.804,24.356,409092,0
20141020,24.533,25.044,24.4,24.916,169090,0
20141021,24.735,25.873,24.735,25.765,435233,0
20141022,25.064,26.598,25.064,26.598,322812,0
20141023,26.826,27.12,26.453,27.052,239534,0
20141024,27.134,27.821,26.672,27.373,235754,0
20141027,27.18,27.889,26.074,26.944,223243,0
20141028,26.952,28.301,26.864,27.85,209084,0
20141029,27.776,28.161,26.332,27.061,216121,0
20141030,26.915,27.473,26.677,26.877,126159,0
20141031,26.958,27.275,26.538,26.677,152270,0
20141103,26.494,27.231,26.221,27.047,130672,0
20141104,26.796,27.052,25.654,25.778,227122,0
20141105,25.771,26.511,24.909,25.028,241939,0
20141106,25.922,25.922,24.346,24.49,214786,0
20141107,24.654,25.461,24.41,25.232,206128,0
20141110,25.396,25.695,24.519,25.042,248170,0
20141111,25.117,25.739,24.332,24.751,117804,0
20141112,24.715,25.237,24.466,24.624,217415,0
20141113,24.893,25.079,23.657,23.957,162249,0
20141114,24.017,24.503,23.71,24.414,139249,0
20141117,24.369,24.999,24.369,24.767,139069,0
20141118,24.715,25.38,24.084,25.297,178839,0
20141119,24.639,24.871,23.477,24.339,241455,0
20141120,24.339,24.841,23.721,24.773,279121,0
20141121,25.275,26.197,25.201,26.099,538355,0
20141124,26.174,26.445,25.642,26.143,224443,0
20141125,26.197,26.21,25.073,25.364,234155,0
20141126,25.942,25.965,24.856,25.784,238869,0
20141128,26.293,26.293,24.077,24.639,159018,0
20141201,24.047,24.533,22.624,23.201,372511,0
20141202,23.013,24.552,22.712,23.756,380151,0
20141203,23.62,24.951,23.614,24.481,198983,0
20141204,24.241,25.066,24.122,24.661,118231,0
20141205,24.669,25.604,23.627,24.168,194363,0
20141208,23.851,24.151,22.7,23.22,245113,0
20141209,22.75,23.561,22.467,23.277,267676,0
20141210,23.089,23.148,21.059,21.372,377927,0
20141211,21.254,21.95,21.186,21.853,259482,0
20141212,21.464,22.104,20.775,21.711,334748,0
20141215,22.056,22.841,20.456,20.796,289050,0
20141216,20.512,21.335,19.877,21.262,777821,0
20141217,21.262,22.459,21.262,21.869,226871,0
20141218,22.018,22.738,21.305,21.701,203571,0
20141219,21.957,22.916,21.238,22.212,931163,0
20141222,22.166,22.535,21.297,22.121,175959,0
20141223,22.34,23.051,21.891,22.692,176057,0
20141224,22.945,23.119,22.34,22.7,91842,0
20141226,22.895,23.394,22.712,23.179,93063,0
20141229,23.329,24.01,23.179,23.239,174871,0
20141230,23.141,23.957,22.802,22.856,176108,0
20141231,22.665,24.151,22.474,23.329,141703,0
20150102,23.095,24.107,23.095,23.912,134660,0
20150105,24.174,24.174,23.104,23.291,218882,0
20150106,23.493,23.545,22.083,22.669,151993,0
20150107,22.669,23.464,22.362,23.036,174582,0
20150108,22.962,23.763,22.609,23.298,232341,0
20150109,21.232,21.342,20.24,20.752,8481189,0
20150112,20.752,20.752,18.943,19.286,2112103,0
20150113,19.074,19.464,18.385,18.992,1648394,0
20150114,18.498,19.291,18.064,18.595,1060331,0
20150115,18.738,18.985,18.467,18.632,657167,0
20150116,18.55,18.969,18.55,18.851,846008,0
20150120,18.573,18.813,18.175,18.197,805107,0
20150121,18.086,18.969,18.086,18.664,636825,0
20150122,18.639,19.141,18.137,19.127,899813,0
20150123,19.695,19.695,18.91,19.397,937776,0
20150126,19.314,19.965,19,19.877,601031,0
20150127,19.845,20.228,19.651,20.228,455766,0
20150128,20.311,20.399,19.712,19.815,577273,0
20150129,19.995,20.278,19.471,20.055,360462,0
20150130,20.109,20.497,19.757,20.324,330177,0
20150202,20.601,20.655,20.07,20.49,283643,0
20150203,20.736,20.898,20.475,20.628,354116,0
20150204,20.552,20.865,20.201,20.538,218857,0
20150205,20.783,21.356,20.652,21.301,345672,0
20150206,21.05,21.41,20.898,21.203,232812,0
20150209,21.265,21.41,20.873,20.904,209168,0
20150210,21.027,21.332,20.423,21.28,443664,0
20150211,21.31,21.822,21.096,21.433,367244,0
20150212,21.424,21.662,21.165,21.195,407605,0
20150213,21.27,21.601,21.111,21.539,295390,0
20150217,21.554,21.601,21.356,21.524,156165,0
20150218,21.416,21.585,21.227,21.454,149804,0
20150219,21.216,21.488,20.851,21.234,225403,0
20150220,21.325,21.463,21.027,21.226,174531,0
20150223,21.135,21.367,20.453,21.012,288988,0
20150224,20.95,21.41,20.797,21.402,377724,0
20150225,20.622,21.604,20.576,20.683,575059,0
20150226,20.263,20.812,19.483,20.063,439943,0
20150227,20.124,20.445,19.849,19.964,303076,0
20150302,20.263,20.499,19.591,20.025,317678,0
20150303,19.911,20.11,19.651,19.881,457095,0
20150304,19.819,20.147,19.696,19.894,278833,0
20150305,19.919,20.17,19.658,19.856,276610,0
20150306,19.728,20.002,19.267,19.437,225214,0
20150309,19.437,19.72,19.23,19.459,330755,0
20150310,19.23,19.474,18.809,19.086,339126,0
20150311,19.221,19.612,19.091,19.421,261308,0
20150312,19.444,19.537,18.932,18.993,331541,0
20150313,18.833,19.208,18.565,19.176,334289,0
20150316,19.115,19.429,18.856,19.062,205463,0
20150317,18.886,19.559,18.886,19.52,237768,0
20150318,19.291,19.903,19.291,19.689,263140,0
20150319,19.819,20.201,19.651,20.141,310746,0
20150320,20.347,20.736,20.285,20.598,1219833,0
20150323,20.598,21.027,20.27,20.943,415768,0
20150324,20.912,20.912,20.362,20.362,179438,0
20150325,20.584,20.675,20.133,20.393,188983,0
20150326,20.522,20.529,20.17,20.369,183360,0
20150327,20.538,20.66,20.063,20.445,212002,0
20150330,20.806,20.806,20.17,20.584,167796,0
20150331,20.399,20.669,20.255,20.561,117154,0
20150401,20.628,20.767,20.071,20.322,196700,0
20150402,20.163,20.98,20.124,20.936,206509,0
20150406,20.957,21.488,20.637,21.041,249800,0
20150407,20.828,21.386,20.66,20.806,400344,0
20150408,21.08,21.08,20.453,20.499,227564,0
20150409,20.645,21.103,20.492,20.814,311854,0
20150410,20.744,21.165,20.66,21.058,332587,0
20150413,21.172,21.37,20.797,20.98,148703,0
20150414,21.195,21.234,21.012,21.118,112737,0
20150415,21.216,21.539,21.058,21.386,171444,0
20150416,21.226,21.41,20.936,21.187,157169,0
20150417,21.165,21.364,20.552,21.156,191079,0
20150420,21.234,21.524,21.187,21.509,210596,0
20150421,21.53,21.577,21.18,21.454,202503,0
20150422,21.448,21.622,21.111,21.463,139139,0
20150423,21.41,21.677,21.265,21.379,157203,0
20150424,21.379,21.44,20.912,21.44,182912,0
20150427,21.539,22.005,21.364,21.914,204940,0
20150428,21.953,22.235,21.608,22.143,295607,0
20150429,22.105,22.555,21.945,22.543,386078,0
20150430,22.219,22.709,22.182,22.334,248754,0
20150501,22.426,22.534,22.021,22.105,149095,0
20150504,22.747,22.747,22.25,22.709,386994,0
20150505,23.278,23.59,21.678,22.808,961047,0
20150506,22.895,22.895,22.137,22.714,179883,0
20150507,22.426,22.426,21.951,22.231,231331,0
20150508,21.99,22.661,21.912,22.278,165304,0
20150511,22.301,22.434,21.265,21.772,171589,0
20150512,21.879,22.013,21.529,22.005,123668,0
20150513,22.013,22.277,21.296,21.553,180530,0
20150514,21.663,22.099,21.537,21.608,198007,0
20150515,21.616,21.827,21.163,21.817,215492,0
20150518,21.982,22.341,21.841,22.341,141301,0
20150519,22.288,22.442,21.918,22.293,183681,0
20150520,22.317,22.317,21.872,22.107,166304,0
20150521,22.129,22.606,21.951,22.348,98362,0
20150522,22.091,22.449,21.997,22.168,151325,0
20150526,22.224,22.518,21.73,22.036,269182,0
20150527,22.036,22.2,21.724,21.724,191593,0
20150528,21.827,22.091,21.39,21.444,237692,0
20150529,21.616,22.146,21.608,21.997,176333,0
20150601,22.121,22.208,21.817,22.168,133738,0
20150602,22.186,22.513,22.115,22.278,136241,0
20150603,22.193,22.449,21.896,22.013,164535,0
20150604,21.772,22.193,21.718,21.866,200315,0
20150605,21.849,22.161,21.748,21.912,190182,0
20150608,21.918,22.115,21.6,21.685,180051,0
20150609,21.834,22.013,21.576,21.701,135675,0
20150610,21.763,22.208,21.359,21.359,242314,0
20150611,21.419,21.654,21.163,21.382,94644,0
20150612,21.341,21.474,21.062,21.163,117470,0
20150615,21.116,21.326,20.742,20.891,158123,0
20150616,20.751,21.216,20.54,21.155,93744,0
20150617,21.179,21.406,20.751,20.905,177486,0
20150618,20.874,21.038,20.453,20.633,155300,0
20150619,20.865,21.271,20.375,20.991,265974,0
20150622,21.116,21.484,20.999,21.234,96566,0
20150623,21.289,21.496,20.625,21.031,490295,0
20150624,20.952,21.24,20.453,20.485,136321,0
20150625,20.726,20.726,20.164,20.306,140939,0
20150626,20.25,20.406,19.838,19.89,132858,0
20150629,19.854,20.118,19.142,19.259,279184,0
20150630,19.424,19.993,18.957,19.237,192452,0
20150701,19.463,19.525,18.948,19.276,147095,0
20150702,19.34,19.572,18.957,19.104,140426,0
20150706,18.917,19.34,18.34,18.411,258408,0
20150707,18.55,18.55,17.163,18.363,550544,0
20150708,18.129,18.838,17.942,18.107,204289,0
20150709,18.154,18.589,17.951,18.107,182360,0
20150710,18.208,18.948,17.989,18.465,418196,0
20150713,18.396,18.964,18.24,18.778,141195,0
20150714,18.653,18.893,18.043,18.87,317474,0
20150715,18.7,18.9,18.269,18.785,246589,0
20150716,18.713,19.034,18.457,18.589,187618,0
20150717,18.536,18.683,17.959,17.973,215062,0
20150720,17.857,17.905,17.187,17.296,230451,0
20150721,17.179,17.973,16.874,17.654,320350,0
20150722,17.562,17.817,17.264,17.365,232760,0
20150723,17.42,17.545,17.155,17.35,431023,0
20150724,17.365,17.49,17.296,17.35,244429,0
20150727,17.163,17.427,17.014,17.257,305344,0
20150728,17.169,17.708,17.163,17.63,319195,0
20150729,17.545,18.076,16.899,17.053,1349993,0
20150730,16.952,17.279,16.93,17.193,254817,0
20150731,17.155,17.272,15.886,15.992,328941,0
20150803,16.142,16.352,15.495,16.102,348656,0
20150804,16.102,16.578,16.102,16.345,326250,0
20150805,16.471,16.847,16.358,16.687,331102,0
20150806,16.784,16.967,16.358,16.839,320114,0
20150807,16.903,16.903,16.479,16.479,262637,0
20150810,16.445,17.176,16.405,17.056,173969,0
20150811,16.928,17.344,16.527,16.823,232062,0
20150812,16.886,17.449,16.439,16.808,186937,0
20150813,16.872,17.04,16.495,16.734,134311,0
20150814,16.694,17.032,16.174,16.52,192548,0
20150817,16.405,16.88,16.262,16.542,144911,0
20150818,16.672,16.912,16.038,16.11,256901,0
20150819,16.038,16.35,15.084,15.348,561813,0
20150820,15.235,15.988,15.228,15.581,333971,0
20150821,15.581,15.82,15.122,15.341,416527,0
20150824,14.923,14.979,14.136,14.361,541493,0
20150825,15.228,15.228,13.864,14,496465,0
20150826,14.121,14.41,13.711,13.831,344945,0
20150827,14.193,14.432,13.76,14.321,672804,0
20150828,14.417,15.195,14.314,15.122,384103,0
20150831,14.875,15.893,14.353,15.854,496342,0
20150901,15.733,16.197,15.179,16.166,338086,0
20150902,16.527,16.527,15.733,16.485,278724,0
20150903,16.615,17.329,16.471,16.977,395701,0
20150904,16.903,17.079,16.485,16.872,194171,0
20150908,17.186,17.264,16.262,16.326,250041,0
20150909,16.286,16.399,15.829,16.11,274734,0
20150910,16.078,16.182,15.667,15.91,205695,0
20150911,15.797,15.934,15.235,15.708,228841,0
20150914,15.572,15.693,14.432,14.866,603715,0
20150915,14.81,15.268,14.69,14.755,120344,0
20150916,14.81,15.179,14.361,14.747,418024,0
20150917,14.818,15.653,14.608,15.54,416044,0
20150918,15.268,15.54,14.578,15.116,386972,0
20150921,15.204,15.244,14.641,14.747,200907,0
20150922,14.859,14.915,14.049,14.105,252286,0
20150923,14.033,14.232,13.312,13.481,225497,0
20150924,11.387,13.383,11.387,13.071,304376,0
20150925,13.03,13.953,12.75,13.006,177087,0
20150928,12.839,12.998,12.107,12.236,313851,0
20150929,12.333,12.454,11.371,11.41,236448,0
20150930,11.418,11.932,11.339,11.763,544479,0
20151001,11.66,12.572,11.482,11.531,448328,0
20151002,11.507,12.54,11.3,12.43,344695,0
20151005,12.517,13.319,12.517,13.167,486956,0
20151006,13.232,13.471,12.982,13.238,277851,0
20151007,13.392,13.705,13.263,13.649,256318,0
20151008,13.745,14.193,13.495,14.113,186066,0
20151009,14.202,14.956,14.064,14.25,198286,0
20151012,14.321,14.426,13.399,13.415,274072,0
20151013,13.383,13.76,13.071,13.343,172471,0
20151014,13.375,14.337,13.167,13.463,154391,0
20151015,13.334,13.535,12.991,13.495,159129,0
20151016,13.568,13.953,13.334,13.943,167359,0
20151019,13.831,14.242,13.375,13.943,229785,0
20151020,13.943,14.242,13.853,13.993,231933,0
20151021,14.049,14.232,14.033,14.153,253410,0
20151022,14.232,14.618,14,14,230587,0
20151023,14.033,14.384,14.033,14.033,200781,0
20151026,14.033,14.129,13.327,13.631,244056,0
20151027,13.552,13.552,13.158,13.303,260765,0
20151028,13.383,14.403,13.295,14.072,163991,0
20151029,13.943,14.608,13.608,13.881,175840,0
20151030,13.96,14.305,13.617,14.257,172471,0
20151102,14.008,14.778,13.969,14.674,294170,0
20151103,14.755,14.963,14.169,14.458,308927,0
20151104,14.455,14.82,13.834,14.098,266557,0
20151105,13.95,14.092,13.511,13.95,292611,0
20151106,13.777,14.058,13.198,13.436,242152,0
20151109,13.461,13.668,12.874,12.94,328673,0
20151110,12.841,13.411,12.774,12.956,200146,0
20151111,13.055,13.279,12.6,13.18,312650,0
20151112,13.254,13.421,12.932,13.272,289473,0
20151113,13.296,13.744,12.965,13.411,139426,0
20151116,13.446,13.809,13.328,13.479,211734,0
20151117,13.428,13.66,12.997,13.04,135079,0
20151118,13.047,13.594,12.69,13.006,214630,0
20151119,12.923,12.923,12.426,12.65,215234,0
20151120,12.593,12.74,12.303,12.384,255794,0
20151123,12.277,12.376,12.004,12.027,278729,0
20151124,12.096,12.551,11.814,11.937,279092,0
20151125,12.186,12.318,11.87,12.027,240101,0
20151127,12.318,12.318,11.929,11.929,75929,0
20151130,11.995,12.227,11.73,11.879,396789,0
20151201,11.889,12.357,11.549,11.688,402999,0
20151202,11.688,11.763,10.728,10.961,730863,0
20151203,11.068,11.549,10.633,10.869,402192,0
20151204,10.818,10.976,10.396,10.447,693264,0
20151207,10.354,10.638,9.4679,9.808,649323,0
20151208,9.642,9.956,9.4864,9.676,412478,0
20151209,9.667,11.058,9.667,10.811,614075,0
20151210,10.712,11.035,10.662,10.687,401255,0
20151211,10.561,10.612,9.61,10.106,567961,0
20151214,10.214,10.703,9.923,10.04,747531,0
20151215,10.032,10.387,9.933,9.933,693022,0
20151216,9.923,10.387,9.867,10.198,662722,0
20151217,10.098,10.098,6.2544,7.1739,7546944,0
20151218,8.2507,10.007,8.0189,8.2836,6563363,0
20151221,8.3504,9.543,8.1267,9.2787,2000599,0
20151222,9.4776,10.429,9.0461,10.115,1432660,0
20151223,10.239,11.399,10.239,10.802,1036092,0
20151224,10.927,11.44,10.595,11.407,391265,0
20151228,11.068,11.549,10.869,11.291,807307,0
20151229,11.375,11.572,10.818,10.877,558489,0
20151230,10.571,11.217,10.561,10.794,816291,0
20151231,10.571,11.39,10.571,11.085,722300,0
20160104,11.151,11.466,10.655,10.885,527730,0
20160105,10.794,11.075,10.687,11.009,343877,0
20160106,10.736,10.877,10.206,10.23,328038,0
20160107,9.998,10.173,9.552,9.61,278033,0
20160108,9.725,9.899,9.4679,9.692,408295,0
20160111,9.725,9.941,9.2536,9.385,499844,0
20160112,9.3606,9.849,8.5494,9.2116,433943,0
20160113,9.3109,9.3938,8.4992,8.5736,323956,0
20160114,8.4741,9.1458,8.3754,8.8971,429528,0
20160115,8.4828,8.6983,8.0934,8.4335,370665,0
20160119,8.6732,8.8471,7.7042,8.0851,708111,0
20160120,7.82,8.1764,6.6438,7.8864,1031927,0
20160121,7.9112,9.245,7.9112,8.632,494357,0
20160122,9.3206,11.017,9.1125,10.851,1238966,0
20160125,10.579,10.993,9.65,10.057,874297,0
20160126,10.066,11.375,9.946,11.151,394966,0
20160127,11.266,11.597,10.687,10.894,490979,0
20160128,11.375,11.771,10.961,11.481,506257,0
20160129,11.514,11.697,10.901,11.432,466752,0
20160201,11.118,11.407,10.894,11.191,372523,0
20160202,11.001,11.233,10.512,10.961,359791,0
20160203,11.27,11.345,10.404,11.001,350387,0
20160204,11.149,11.832,11.123,11.668,452282,0
20160205,11.39,12.022,11.244,11.286,549593,0
20160208,11.018,11.123,10.145,11.088,387926,0
20160209,10.828,11.088,10.057,10.325,317732,0
20160210,10.334,10.735,10.048,10.359,425760,0
20160211,10.013,10.698,9.737,10.187,332897,0
20160212,10.499,10.88,10.222,10.706,443151,0
20160216,11.079,11.339,10.655,11.296,386805,0
20160217,11.477,11.807,11.321,11.703,276457,0
20160218,11.953,11.996,11.495,11.537,363973,0
20160219,11.347,11.694,10.853,11.088,292564,0
20160222,11.434,11.98,11.165,11.945,331067,0
20160223,11.91,12.093,11.261,11.286,246547,0
20160224,11.045,11.477,10.638,11.321,198674,0
20160225,11.235,11.607,10.984,11.434,208617,0
20160226,11.737,12.006,11.33,11.59,247843,0
20160229,12.881,12.976,11.824,12.648,901652,0
20160301,12.898,13.712,12.533,13.323,959780,0
20160302,13.583,13.998,13.063,13.695,483916,0
20160303,13.704,14.058,13.548,13.86,505981,0
20160304,13.98,14.397,13.427,13.851,596422,0
20160307,13.945,14.404,13.764,14.041,681210,0
20160308,14.041,14.179,12.561,13.097,1015107,0
20160309,13.47,13.643,12.711,13.59,317107,0
20160310,13.479,13.513,12.776,13.08,339590,0
20160311,13.374,13.599,12.933,13.194,299217,0
20160314,13.063,13.122,12.431,12.812,448855,0
20160315,12.464,12.648,11.919,12.611,599627,0
20160316,12.561,12.976,12.404,12.698,746437,0
20160317,12.959,13.565,12.785,13.418,582682,0
20160318,13.427,13.712,12.586,12.942,1715278,0
20160321,12.949,13.002,12.474,12.734,318998,0
20160322,12.561,12.949,12.443,12.846,161374,0
20160323,12.794,13.037,12.629,12.819,252007,0
20160324,12.621,12.663,12.066,12.387,358518,0
20160328,12.431,12.594,12.075,12.413,141892,0
20160329,12.171,12.611,12.049,12.491,150905,0
20160330,12.648,13.045,12.551,12.663,293468,0
20160331,12.568,12.942,12.431,12.725,452668,0
20160401,12.448,12.506,12.127,12.257,278988,0
20160404,12.274,12.577,12.127,12.327,223783,0
20160405,12.257,12.76,12.196,12.387,278199,0
20160406,12.655,12.741,12.301,12.725,368751,0
20160407,12.725,12.942,12.421,12.499,204768,0
20160408,12.872,13.253,12.663,13.063,340501,0
20160411,13.236,13.513,13.184,13.349,336927,0
20160412,13.531,13.633,13.47,13.513,322306,0
20160413,13.808,14.067,13.652,13.938,408576,0
20160414,13.945,14.033,13.279,13.583,285061,0
20160415,13.418,13.57,13.209,13.297,375128,0
20160418,13.088,13.945,13.088,13.782,280245,0
20160419,13.903,14.491,13.73,14.189,428539,0
20160420,14.094,15.176,14.085,14.787,437406,0
20160421,14.986,14.986,14.145,14.777,731277,0
20160422,15.011,15.488,14.942,15.123,318625,0
20160425,15.123,15.402,14.717,15.176,412982,0
20160426,15.332,15.549,14.856,15.401,432449,0
20160427,15.566,15.895,15.202,15.618,424633,0
20160428,15.463,15.592,15.046,15.176,475464,0
20160429,15.151,15.289,14.319,14.665,773441,0
20160502,14.709,15.384,14.214,15.185,560674,0
20160503,15.072,15.158,14.405,14.787,481957,0
20160504,14.694,15.097,14.263,14.694,326631,0
20160505,14.963,15.062,14.291,14.399,239479,0
20160506,14.345,14.882,14.183,14.488,201985,0
20160509,14.38,14.586,13.941,14.291,329684,0
20160510,14.345,14.955,14.327,14.856,379400,0
20160511,14.721,15.421,14.533,15.357,293868,0
20160512,15.493,15.779,15.003,15.116,421090,0
20160513,15.062,15.717,14.73,14.757,268735,0
20160516,15.097,15.609,14.869,15.502,366643,0
20160517,15.502,15.842,15.367,15.51,279529,0
20160518,15.348,15.466,14.981,15.196,265515,0
20160519,15.062,15.502,14.794,15.438,270692,0
20160520,15.554,15.681,15.26,15.51,182497,0
20160523,15.385,15.627,15.017,15.16,123015,0
20160524,15.286,15.331,14.927,15.107,238403,0
20160525,15.241,15.546,14.991,15.277,241142,0
20160526,15.277,15.304,14.659,15.026,385407,0
20160527,15.026,15.232,14.846,15.124,677629,0
20160531,14.659,15.411,14.533,15.25,779575,0
20160601,15.124,15.138,14.668,14.927,388035,0
20160602,14.757,16.604,14.748,16.362,1527483,0
20160603,16.515,16.721,15.93,16.487,779587,0
20160606,16.891,17.411,16.73,17.017,512631,0
20160607,17.062,17.554,16.989,17.536,455522,0
20160608,17.653,17.869,17.554,17.869,545339,0
20160609,17.671,17.715,16.811,16.953,461676,0
20160610,16.631,16.776,16.237,16.344,360099,0
20160613,16.174,16.237,15.725,15.859,392515,0
20160614,15.707,15.994,15.357,15.554,289223,0
20160615,15.502,15.888,15.286,15.618,217946,0
20160616,15.609,15.609,15.17,15.6,163988,0
20160617,15.77,16.239,15.663,15.743,243514,0
20160620,15.958,16.748,15.95,16.264,395927,0
20160621,16.308,16.407,15.968,16.02,713992,0
20160622,16.183,16.228,15.546,15.573,516206,0
20160623,15.833,16.174,15.707,16.075,404159,0
20160624,15.357,16.049,15.17,15.824,264260,0
20160627,15.69,15.734,15.124,15.134,271193,0
20160628,15.519,15.6,14.981,15.591,310403,0
20160629,15.833,16.38,15.753,16.29,257540,0
20160630,16.272,16.515,15.779,16.434,255342,0
20160701,16.461,16.738,16.013,16.657,207085,0
20160705,16.362,16.64,15.582,15.932,211897,0
20160706,15.77,16.183,15.69,16.084,226528,0
20160707,16.155,16.595,15.779,15.868,255141,0
20160708,16.12,16.505,15.797,16.155,373339,0
20160711,16.38,16.521,16.238,16.299,422101,0
20160712,16.604,16.981,16.56,16.855,436135,0
20160713,16.864,17.008,16.299,16.406,222027,0
20160714,16.721,16.901,16.457,16.52,178534,0
20160715,16.64,16.64,16.272,16.299,295237,0
20160718,16.174,16.972,15.963,16.685,375392,0
20160719,16.515,16.631,16.093,16.299,406352,0
20160720,16.264,16.37,15.932,16.218,326150,0
20160721,16.12,16.73,16.093,16.685,321107,0
20160722,16.784,16.989,16.497,16.962,331067,0
20160725,17.078,17.393,16.953,17.043,453708,0
20160726,17.196,17.402,17.017,17.169,378202,0
20160727,17.276,17.393,16.631,16.828,314088,0
20160728,16.891,17.214,16.685,16.765,250627,0
20160729,16.945,17.214,16.776,17.124,267915,0
20160801,17.223,17.259,16.605,16.712,533145,0
20160802,16.685,16.989,16.38,16.587,421716,0
20160803,16.436,17.157,16.395,17.139,260109,0
20160804,16.991,17.223,16.908,17.009,247993,0
20160805,17.12,17.232,16.936,17.056,204935,0
20160808,17.066,17.278,16.871,17.24,280422,0
20160809,17.12,17.176,16.88,17.019,197444,0
20160810,17.083,17.083,16.778,16.806,169719,0
20160811,17,17.268,16.751,17.24,141246,0
20160812,17.333,17.482,17.186,17.343,296667,0
20160815,17.435,17.629,17.25,17.482,257986,0
20160816,17.509,17.676,17.465,17.519,218684,0
20160817,17.528,17.555,17.176,17.462,133121,0
20160818,17.537,17.879,17.537,17.814,176451,0
20160819,17.796,17.796,17.565,17.713,135100,0
20160822,17.575,17.769,17.352,17.612,282365,0
20160823,17.602,18.037,17.583,17.963,290790,0
20160824,17.926,18.11,17.324,17.398,208042,0
20160825,17.324,17.38,17.167,17.287,128018,0
20160826,17.37,17.619,17.343,17.528,132015,0
20160829,17.555,17.575,17.361,17.389,303635,0
20160830,17.519,17.649,17.271,17.333,151214,0
20160831,17.268,18.008,16.778,17.971,428806,0
20160901,18.046,18.083,17.482,17.851,366902,0
20160902,17.963,18.121,17.519,17.565,676420,0
20160906,17.916,18.462,17.777,18.222,358456,0
20160907,18.222,18.342,18,18.222,449540,0
20160908,18.222,19.063,18.055,18.907,371388,0
20160909,18.907,18.966,18.479,18.545,226571,0
20160912,18.231,18.49,18.028,18.36,158663,0
20160913,18.49,18.49,17.722,18.028,195926,0
20160914,18.055,18.082,17.732,17.898,161471,0
20160915,17.898,18.046,17.749,18,124209,0
20160916,17.842,18.055,17.703,17.806,204844,0
20160919,18.028,18.028,17.602,17.602,173810,0
20160920,17.619,17.833,17.519,17.777,126556,0
20160921,17.87,18.212,17.791,18.121,185884,0
20160922,18.203,18.278,17.814,18.128,231269,0
20160923,18.008,18.323,17.819,17.851,183062,0
20160926,17.944,17.944,17.713,17.786,182401,0
20160927,17.769,18,17.546,17.796,197109,0
20160928,17.991,18.601,17.703,18.574,299615,0
20160929,18.657,18.689,18.018,18.241,318797,0
20160930,18.36,18.472,18.055,18.165,362905,0
20161003,18.165,18.278,17.685,18.008,281136,0
20161004,18.101,18.366,17.565,17.602,211784,0
20161005,17.806,17.935,17.695,17.814,274117,0
20161006,17.814,17.898,17.583,17.657,252031,0
20161007,17.685,17.907,17.629,17.796,165460,0
20161010,17.898,18.287,17.814,18.268,188723,0
20161011,18.287,18.388,18.121,18.388,115028,0
20161012,18.249,18.583,18.175,18.537,158417,0
20161013,18.509,19.156,18.312,19.008,293008,0
20161014,18.971,20.748,18.971,20.045,919596,0
20161017,20.119,20.637,20.119,20.239,342204,0
20161018,20.517,20.517,19.971,20.211,327459,0
20161019,20.295,20.517,20.091,20.285,238238,0
20161020,20.165,20.405,19.999,20.313,256959,0
20161021,20.275,20.405,20.101,20.101,172320,0
20161024,20.091,20.359,19.962,20.211,193732,0
20161025,20.202,20.396,19.971,20.165,167262,0
20161026,20.119,20.341,19.989,20.138,209414,0
20161027,20.193,20.23,19.989,20.101,169837,0
20161028,20.008,20.081,19.37,19.434,210884,0
20161031,19.434,19.652,18.944,19.026,241029,0
20161101,19.24,19.286,18.647,18.934,207480,0
20161102,18.907,18.998,18.241,18.48,700819,0
20161103,18.459,18.84,17.926,18.087,312500,0
20161104,18.097,18.228,17.582,17.63,256189,0
20161107,17.62,17.993,17.602,17.945,161368,0
20161108,18.107,18.474,17.859,18.069,202191,0
20161109,17.478,18.45,17.459,18.288,205162,0
20161110,18.335,19.041,18.211,18.822,234839,0
20161111,18.688,19.231,18.488,19.079,278615,0
20161114,19.06,19.393,18.86,19.327,221279,0
20161115,19.536,20.251,19.431,20.213,392814,0
20161116,20.509,20.527,19.594,19.65,241118,0
20161117,19.86,20.432,19.393,19.603,127917,0
20161118,19.794,20.232,19.784,20.032,163487,0
20161121,20.241,21.004,20.144,20.68,281700,0
20161122,20.708,20.938,20.451,20.756,156398,0
20161123,20.746,21.156,20.728,21.032,157830,0
20161125,20.966,21.061,20.261,20.327,78701,0
20161128,20.651,20.651,19.641,19.822,208693,0
20161129,19.66,19.689,19.375,19.47,208371,0
20161130,20.423,21.623,20.017,21.233,517475,0
20161201,21.537,21.537,20.37,20.728,241025,0
20161202,20.918,21.09,20.714,20.928,194050,0
20161205,21.052,21.476,20.708,20.908,142749,0
20161206,20.784,21.29,20.68,20.823,168127,0
20161207,20.89,21.232,20.728,21.07,115107,0
20161208,21.156,21.577,20.938,21.428,225978,0
20161209,21.614,21.865,21.309,21.357,169300,0
20161212,21.671,22.157,21.252,21.461,150104,0
20161213,21.728,22.004,21.147,21.948,319180,0
20161214,21.918,22.176,20.98,21.07,255686,0
20161215,21.147,21.747,21.07,21.423,127525,0
20161216,21.519,22.099,21.519,21.852,244711,0
20161219,21.852,21.918,21.657,21.728,132435,0
20161220,21.918,22.415,21.804,21.918,261039,0
20161221,21.89,22.197,21.771,21.9,197159,0
20161222,21.966,22.119,21.633,21.69,146581,0
20161223,21.661,21.9,21.537,21.785,104674,0
20161227,21.948,22.509,21.905,22.034,242805,0
20161228,22.11,22.348,21.976,22.072,122650,0
20161229,22.062,22.834,22.052,22.624,255575,0
20161230,22.729,23.596,22.176,22.91,382289,0
20170103,22.681,23.113,21.928,22.653,385305,0
20170104,22.91,23.215,22.504,22.595,284246,0
20170105,22.653,22.757,21.566,21.575,486211,0
20170106,21.633,21.918,21.49,21.747,233960,0
20170109,21.623,21.785,21.204,21.566,192917,0
20170110,21.709,21.709,21.233,21.357,173481,0
20170111,21.366,21.766,21.366,21.499,203624,0
20170112,21.7,21.738,21.443,21.481,163628,0
20170113,21.49,21.7,21.099,21.413,291217,0
20170117,21.509,21.633,21.28,21.347,160270,0
20170118,21.175,21.681,21.099,21.605,193826,0
20170119,21.671,21.842,21.299,21.595,478554,0
20170120,21.804,22.014,21.547,21.938,355280,0
20170123,21.938,22.214,21.871,21.996,383565,0
20170124,22.08,22.681,22.004,22.376,469300,0
20170125,22.519,23.024,22.519,22.92,374453,0
20170126,22.862,23.587,22.777,23.272,295194,0
20170127,23.262,23.635,23.024,23.482,265712,0
20170130,23.482,23.615,22.881,23.463,343246,0
20170131,23.405,23.739,23.234,23.625,239909,0
20170201,23.805,24.14,23.624,23.825,365484,0
20170202,24.206,24.606,23.968,24.31,469976,0
20170203,24.279,24.541,23.996,24.123,448105,0
20170206,24.123,24.377,23.694,24.035,235558,0
20170207,23.909,24.123,23.889,23.928,153030,0
20170208,22.582,22.778,22.153,22.631,3787652,0
20170209,22.69,22.914,22.622,22.856,702191,0
20170210,23.129,23.363,22.973,23.09,644755,0
20170213,23.09,23.353,22.719,22.846,594186,0
20170214,23.002,23.216,22.524,22.934,434478,0
20170215,23.021,23.246,22.817,23.158,286710,0
20170216,23.314,23.314,22.963,23.158,270301,0
20170217,22.953,23.109,22.622,23.08,269634,0
20170221,23.314,23.343,22.924,23.304,332726,0
20170222,22.924,23.304,22.7,23.012,416718,0
20170223,23.285,23.285,22.875,23.226,258772,0
20170224,23.285,23.285,22.68,22.973,237220,0
20170227,22.914,23.07,22.261,22.417,410903,0
20170228,22.368,22.524,21.013,21.978,979720,0
20170301,22.202,22.612,22.036,22.446,385975,0
20170302,22.261,22.524,22.036,22.066,376230,0
20170303,22.222,22.426,22.066,22.28,318969,0
20170306,22.417,22.514,22.183,22.29,247809,0
20170307,22.368,22.431,22.066,22.251,192869,0
20170308,22.231,22.426,21.607,21.695,353640,0
20170309,21.568,21.744,21.149,21.403,470637,0
20170310,21.51,21.51,21.11,21.364,495935,0
20170313,21.451,21.783,21.403,21.685,1116180,0
20170314,21.773,21.773,21.256,21.422,470514,0
20170315,21.539,21.793,21.373,21.5,571710,0
20170316,21.549,21.793,21.325,21.656,646102,0
20170317,21.598,21.919,21.061,21.276,2388336,0
20170320,21.295,21.52,21.061,21.081,679543,0
20170321,21.081,21.227,20.798,21.052,406464,0
20170322,20.866,21.1,20.769,20.818,295059,0
20170323,20.769,21.213,20.72,21.013,196686,0
20170324,21.061,21.422,21.061,21.305,163166,0
20170327,21.013,21.363,20.989,21.091,151086,0
20170328,21.149,21.637,21.149,21.607,212239,0
20170329,21.588,22.095,21.539,21.949,176623,0
20170330,22.085,22.085,21.734,21.763,180316,0
20170331,21.734,21.822,21.539,21.783,204140,0
20170403,21.968,22.065,21.549,21.861,264219,0
20170404,21.861,21.977,21.646,21.695,278617,0
20170405,21.871,21.939,21.256,21.295,247721,0
20170406,21.325,21.627,21.325,21.442,171940,0
20170407,21.52,21.617,21.364,21.52,130982,0
20170410,21.676,21.91,21.598,21.802,135400,0
20170411,21.773,22.241,21.754,22.075,191754,0
20170412,22.183,22.28,21.597,21.676,194047,0
20170413,21.646,21.744,21.354,21.373,209631,0
20170417,21.373,21.685,21.373,21.442,173695,0
20170418,21.373,21.832,21.354,21.812,192663,0
20170419,21.9,21.958,21.549,21.598,224510,0
20170420,21.656,21.89,21.646,21.754,187026,0
20170421,21.793,22.085,21.695,21.919,158934,0
20170424,22.056,22.387,21.939,22.212,216475,0
20170425,22.251,22.373,22.027,22.124,254772,0
20170426,22.085,22.348,21.919,21.919,157166,0
20170427,21.988,22.222,21.793,21.871,270045,0
20170428,21.929,22.309,21.891,22.261,250813,0
20170501,22.348,22.787,22.329,22.768,709692,0
20170502,22.904,22.904,22.426,22.582,988706,0
20170503,22.46,22.5665,21.95,22.05,372052,0
20170504,22.02,22.19,21.043,21.21,402344,0
20170505,21.21,21.72,21.11,21.48,430254,0
20170508,21.45,21.5227,21.11,21.38,191481,0
20170509,21.3,21.38,20.22,20.7,808302,0
20170510,20.9,21.46,20.7101,21.15,159289,0
20170511,21.27,21.2779,20.75,21.04,207694,0
20170512,21.02,21.435,21.02,21.11,189634,0
20170515,21.38,21.48,21.18,21.25,210071,0
20170516,21.38,21.38,21.02,21.04,165240,0
20170517,21,21.04,20.65,20.66,204019,0
20170518,20.58,21,20.5,20.86,370509,0
20170519,21.01,21.3,20.98,21.25,339617,0
20170522,21.32,21.4477,21.01,21.32,165464,0
20170523,21.33,21.43,20.95,21.03,336507,0
20170524,21.03,21.03,20.3,20.43,335563,0
20170525,20.4,20.71,20.29,20.35,181797,0
20170526,20.35,20.47,20.2,20.32,125225,0
20170530,20.1,20.21,19.59,20.1,485829,0
20170531,19.96,20.1,19.5,19.76,529169,0
20170601,19.74,20.28,19.53,19.89,311650,0
20170602,19.81,20.17,19.69,20.08,259522,0
20170605,19.96,20.194,19.95,20.02,187278,0
20170606,20.05,20.43,19.77,20.42,344573,0
20170607,20.37,20.41,19.84,19.91,263121,0
20170608,19.85,19.85,19.21,19.24,340611,0
20170609,19.29,19.73,19.25,19.58,270052,0
20170612,19.69,20.85,19.69,20.43,471240,0
20170613,20.48,21.199,20.3601,20.92,459695,0
20170614,20.94,21.06,19.86,19.95,373945,0
20170615,19.9,20.32,19.33,19.44,326419,0
20170616,19.59,20.15,19.53,20,1148908,0
20170619,19.96,19.98,19.16,19.29,423299,0
20170620,19.09,19.39,18.7688,18.97,348327,0
20170621,19.02,19.5,18.89,19.21,249348,0
20170622,19.29,19.95,19.21,19.38,281448,0
20170623,19.48,20.2499,19.48,20.19,232909,0
20170626,20.2,20.63,19.97,20.55,262873,0
20170627,20.5,20.633,19.73,19.85,225121,0
20170628,19.78,20.275,19.78,19.96,170121,0
20170629,20.04,20.42,19.93,20.33,177819,0
20170630,20.41,20.68,20.02,20.07,299429,0
20170703,20.15,21.13,20.115,21.06,179587,0
20170705,21.02,21.02,20.4,20.64,246152,0
20170706,20.73,20.95,20.5,20.53,166486,0
20170707,20.5,20.77,20.21,20.61,160161,0
20170710,20.47,21.0599,20.47,20.69,200545,0
20170711,20.73,21.09,20.65,20.87,131913,0
20170712,21.08,21.35,20.8,20.8,175822,0
20170713,20.94,20.98,20.701,20.85,131618,0
20170714,20.85,21.25,20.82,21.06,137234,0
20170717,21.11,21.45,21.08,21.3,114547,0
20170718,21.39,21.4611,21.18,21.18,108435,0
20170719,21.18,21.54,21.18,21.37,185340,0
20170720,21.55,21.55,21.1,21.23,173095,0
20170721,21.35,21.71,21.2,21.64,206654,0
20170724,21.69,21.94,21.56,21.78,232579,0
20170725,21.94,22.15,21.65,21.87,166843,0
20170726,22,22.38,21.8,22.12,335110,0
20170727,22.18,22.36,22.0799,22.3,355756,0
20170728,22.25,22.4,22.21,22.39,302337,0
20170731,22.45,22.5779,22.15,22.52,264413,0
20170801,22.53,22.58,22.24,22.33,411656,0
