Date,Open,High,Low,Close,Volume,OpenInt
20080619,7,8.35,6.5,6.84,165710,0
20080620,7,7.3,6.24,6.42,105685,0
20080623,6.74,6.74,5.05,5.6,38479,0
20080624,5.6,5.6,5.25,5.25,45165,0
20080625,5.43,5.45,5,5.1,21622,0
20080626,5,5.25,4.75,4.95,26077,0
20080627,4.9,5.5,4.85,5,22147,0
20080630,5.44,5.44,4.75,4.8,22125,0
20080701,4.75,4.9,4.6,4.77,6076,0
20080702,4.85,4.85,4.1,4.25,18450,0
20080703,4.4,4.75,4.4,4.75,4675,0
20080707,4.74,5.15,4.45,4.63,9361,0
20080708,4.35,4.85,3.85,4.8,23960,0
20080709,4.7,4.7,4.31,4.5,14485,0
20080710,4.53,4.63,4.25,4.35,2100,0
20080711,4.35,4.4,4.05,4.4,15194,0
20080714,4.05,4.4,4.05,4.15,7800,0
20080715,4.05,4.23,3.75,4,14544,0
20080716,3.67,4,3,3.96,43440,0
20080717,3.99,4.35,3.65,4.28,15407,0
20080718,4.45,4.7,4.2,4.56,12658,0
20080721,4.75,4.75,4.25,4.35,8550,0
20080722,4.22,4.22,4.1,4.2,6527,0
20080723,4.57,4.57,4.2,4.2,6665,0
20080724,4.3,4.3,3.55,3.61,16930,0
20080725,3.92,3.92,3.5,3.7,25730,0
20080728,3.55,3.75,3.55,3.68,9845,0
20080729,3.66,3.66,3.35,3.6,5600,0
20080730,3.5,3.7,3.45,3.7,3300,0
20080731,3.8,3.8,3.69,3.7,4800,0
20080801,3.7,4.09,3.61,4.09,7850,0
20080804,4.05,4.1,3.85,3.95,4775,0
20080805,3.98,4.1,3.98,4.1,8599,0
20080806,4.1,4.1,3.91,4.09,4051,0
20080807,4.78,4.78,4,4,3250,0
20080808,4.1,4.2,4,4.2,1680,0
20080811,4.1,4.25,4.05,4.25,3550,0
20080812,4.62,4.62,4.1,4.25,17355,0
20080813,3.8,3.8,3.05,3.45,35897,0
20080814,3.41,3.64,3.4,3.51,10400,0
20080815,3.57,4,3.4,4,7444,0
20080818,3.9,3.9,3.71,3.8,2725,0
20080819,3.8,3.8,3.66,3.79,3550,0
20080820,3.61,4.04,3.46,3.8,12279,0
20080821,3.99,3.99,3.51,3.6,4153,0
20080822,3.92,4.5,3.5,4.4,30181,0
20080825,4.49,4.5,4.1,4.25,10105,0
20080826,4.11,4.29,4,4.29,9066,0
20080827,4,4.2,3.9,4.2,4000,0
20080828,4.05,4.39,4.05,4.27,3000,0
20080829,4.39,4.39,4.1,4.27,1500,0
20080902,4.3,4.3,3.92,4.24,1150,0
20080903,4,4.22,3.73,4.01,6300,0
20080904,4.14,4.14,4,4.1,18755,0
20080905,4.05,4.35,4.02,4.11,22865,0
20080908,4.2,4.2,4.1,4.1,2582,0
20080909,4.1,4.22,4,4.14,6910,0
20080910,4.21,4.21,3.5,3.7,27894,0
20080911,3.84,3.84,3.45,3.55,6425,0
20080912,3.51,3.75,3.51,3.75,5900,0
20080915,3.65,3.74,3.65,3.68,5865,0
20080916,3.65,3.8,3.32,3.33,22044,0
20080917,3.32,3.35,1.68,2.5,36220,0
20080918,2.73,2.73,2.06,2.23,16200,0
20080919,2.3,2.7,2.3,2.69,140618,0
20080922,2.85,3.05,2.6,3.02,6300,0
20080923,3.1,3.11,3,3.05,13295,0
20080924,3,3.1,3,3.01,7400,0
20080925,3.03,3.15,3,3,30431,0
20080926,2.98,3.1,2.7,3.1,39900,0
20080929,3.2,3.2,3.02,3.05,14600,0
20080930,2.98,3.2,2.7,3.1,13815,0
20081001,3.05,3.09,2.75,3.09,19955,0
20081002,2.86,3.05,2.86,3.05,2900,0
20081003,2.99,3,2.7,3,9400,0
20081006,2.76,3.05,2.55,3.05,23560,0
20081007,2.92,3.05,2.6,3.05,12350,0
20081008,2.9,3.05,2.8,3.05,6300,0
20081009,2.9,3.02,2.65,3.02,14134,0
20081010,2.72,3.85,2.7,3.03,9074,0
20081013,3.34,3.34,2.9,3.04,7914,0
20081014,3.04,3.2,2.6,3.11,16400,0
20081015,3.1,3.1,2.8,3.03,11800,0
20081016,3,3.15,2.99,3.15,3000,0
20081017,3.35,3.35,2.75,3.02,26600,0
20081020,3,3.05,2.8,3.04,21270,0
20081021,3,3.05,2.8,3.04,14200,0
20081022,2.95,3.1,2.85,3.05,6197,0
20081023,2.87,3.05,2.87,3.05,300,0
20081024,2.93,3.04,2.72,3.04,1100,0
20081027,2.91,3.1,2.9,3.03,4241,0
20081028,2.95,3.05,2.8,3.05,7950,0
20081029,2.9,3.1,2.85,3.05,8399,0
20081030,2.95,3.1,2.95,3.09,8100,0
20081031,3.35,3.35,2.55,3.05,7735,0
20081103,2.97,3.1,2.94,3.04,3400,0
20081104,3,3.3,3,3.25,9840,0
20081105,3.2,3.45,3.2,3.45,800,0
20081106,2.79,3.15,2.5,3.1,23080,0
20081107,3.13,3.13,3.13,3.13,100,0
20081110,3.06,3.5,3.06,3.21,4200,0
20081111,3.16,3.46,3.15,3.46,5800,0
20081112,3.45,3.5,3.2,3.45,14400,0
20081113,3.41,3.49,3.3,3.45,1760,0
20081114,3.31,3.5,3.31,3.5,8400,0
20081117,3.31,3.5,3.1,3.5,6650,0
20081118,3.45,3.45,3.3,3.3,5600,0
20081119,3.2,3.2,3,3,4800,0
20081120,3.1,3.15,2.95,3.15,3300,0
20081121,2.95,3.16,2.95,3.16,6200,0
20081124,3.13,3.35,2.96,3.3,21360,0
20081125,3.2,3.2,3.02,3.15,5802,0
20081126,3.15,3.25,2.99,3.25,10300,0
20081128,3,3.25,3,3.1,4400,0
20081201,3.01,3.04,2.9,2.99,5400,0
20081202,2.8,3.3,2.8,3.3,16741,0
20081203,3.15,3.34,3.15,3.34,2000,0
20081204,3.17,3.32,3.15,3.29,5500,0
20081205,3.12,3.12,3.04,3.05,5000,0
20081208,2.97,3.05,2.9,3.05,13408,0
20081209,2.95,3.05,2.7,3.05,10800,0
20081210,2.95,3.05,2.87,3.03,3625,0
20081211,2.86,3.1,2.75,3.1,17154,0
20081212,2.71,3.04,2.71,3.04,1850,0
20081215,3.14,3.14,2.85,3.02,800,0
20081216,2.86,3.15,2.86,3.15,9187,0
20081217,3,3.05,3,3.01,3102,0
20081218,2.86,3.05,2.7,2.85,19300,0
20081219,2.71,2.99,2.71,2.95,5200,0
20081222,2.86,3.15,2.86,3.15,3900,0
20081223,3.15,3.19,2.7,3.05,7700,0
20081226,3,3.05,2.76,3.02,9700,0
20081229,3.02,3.05,2.96,3.05,1541,0
20081230,3,3,2.85,2.95,3300,0
20081231,2.72,3.19,2.65,3.19,5482,0
20090102,3.19,3.19,3,3.19,2475,0
20090105,3,3.19,3,3.15,2900,0
20090107,3.07,3.1,3,3.1,6250,0
20090108,3.05,3.1,3,3.1,1500,0
20090112,3,3.05,2.7,3.04,1875,0
20090113,2.85,3.05,2.85,3.05,4650,0
20090115,2.8,2.8,2.52,2.8,5326,0
20090116,2.95,3.04,2.8,3.04,24841,0
20090120,2.8,3,2.8,3,4756,0
20090121,3,3.05,2.83,3.05,7895,0
20090122,3,3.04,3,3.04,500,0
20090123,3,3.05,2.93,3,8500,0
20090126,3,3.04,2.9,3.03,3500,0
20090127,2.94,3.02,2.94,3.02,1500,0
20090128,3.01,3.01,2.8,3.01,4600,0
20090129,2.9,3,2.9,2.97,3600,0
20090130,2.95,2.95,2.95,2.95,100,0
20090202,2.91,3.04,2.8,3.04,4104,0
20090203,2.88,3.04,2.5,3.04,6741,0
20090204,3.02,3.05,2.82,2.9,3350,0
20090205,2.82,3.05,2.82,2.9,9400,0
20090206,2.9,2.95,2.38,2.95,12063,0
20090209,2.85,3.05,2.65,3,14120,0
20090210,2.9,3,2.8,3,14332,0
20090211,2.92,2.92,2.75,2.75,600,0
20090212,2.95,2.95,2.75,2.75,5568,0
20090213,2.75,2.75,2.75,2.75,300,0
20090217,2.56,2.75,2.41,2.65,1650,0
20090218,2.75,2.75,2.45,2.75,800,0
20090219,2.73,2.73,2.7,2.7,2200,0
20090220,2.51,2.7,2.51,2.65,5017,0
20090223,2.41,2.69,2.05,2.42,8567,0
20090224,2.15,2.45,2.05,2.44,3600,0
20090225,2.45,2.45,2.07,2.39,5717,0
20090227,2.2,2.75,2.15,2.75,12251,0
20090302,2.82,3,2.33,2.34,31025,0
20090303,2.36,2.36,2.05,2.25,19750,0
20090304,2.07,2.4,2.05,2.05,7241,0
20090305,2.3,2.4,2,2.2,13800,0
20090306,2.3,2.48,2.2,2.4,27150,0
20090309,2.36,2.48,2.29,2.48,13200,0
20090310,2.43,2.68,2.35,2.59,17870,0
20090311,2.59,2.59,2.45,2.45,2450,0
20090312,2.2,2.94,2.2,2.9,14600,0
20090313,3,3,2.4,2.52,8530,0
20090316,2.31,2.42,2.3,2.4,5400,0
20090317,2.7,2.7,2.28,2.4,2300,0
20090318,2.7,2.82,2.55,2.82,7000,0
20090319,2.9,2.9,2.65,2.7,5000,0
20090320,2.65,2.65,2.65,2.65,550,0
20090323,2.65,2.7,2.45,2.66,11566,0
20090324,2.65,2.7,2.6,2.68,9100,0
20090325,2.7,2.7,2.65,2.65,13300,0
20090326,2.65,2.8,2.6,2.8,13356,0
20090327,2.8,2.8,2.56,2.8,20450,0
20090330,2.89,2.89,2.65,2.65,11900,0
20090331,2.65,2.65,2.48,2.61,19700,0
20090401,2.6,2.64,2.3,2.62,7360,0
20090402,2.61,2.65,2.55,2.65,5500,0
20090403,2.51,2.65,2.51,2.65,2500,0
20090406,2.65,2.68,2.6,2.6,26300,0
20090407,2.51,2.6,2.3,2.52,13130,0
20090408,2.6,2.84,2.37,2.84,22750,0
20090409,2.59,3.05,2.35,2.4,77588,0
20090413,2.5,2.54,2.09,2.54,108236,0
20090414,2.49,2.77,2.24,2.5,28460,0
20090415,2.57,2.57,2.31,2.53,4920,0
20090416,2.38,2.52,2.28,2.5,13915,0
20090417,2.45,2.52,2.3,2.49,9175,0
20090420,2.21,2.5,2.15,2.23,44810,0
20090421,2.4,2.5,2.35,2.5,9160,0
20090422,2.26,2.68,2.23,2.68,4400,0
20090423,2.36,2.5,2.26,2.5,14595,0
20090424,2.25,2.49,2.07,2.35,7342,0
20090427,2.23,2.35,2.05,2.05,16500,0
20090428,2.2,2.45,1.95,2.38,39133,0
20090429,2.6,2.6,1.99,2.2,15288,0
20090430,2.16,2.49,2.01,2.24,221569,0
20090501,2.17,2.25,2,2,57257,0
20090504,2.19,2.42,2.05,2.23,85738,0
20090505,2.3,2.32,2.06,2.32,32184,0
20090506,2.18,2.39,2.07,2.21,61889,0
20090507,2.19,2.19,2,2.05,74845,0
20090508,2.15,2.31,2.05,2.31,95472,0
20090511,2.2,2.26,2.08,2.15,28740,0
20090512,2.11,2.15,2.03,2.15,62460,0
20090513,2.04,2.18,1.98,2.18,24975,0
20090514,2.11,2.18,1.98,2.18,18300,0
20090515,2.1,2.16,1.95,2.16,10550,0
20090518,2.1,2.24,1.91,2.24,40605,0
20090519,2.08,2.22,1.98,2.22,11650,0
20090520,2.08,2.15,2,2.08,33391,0
20090521,2.09,2.09,2,2.09,4300,0
20090522,2.02,2.05,1.94,2.05,17005,0
20090526,1.99,2.09,1.95,2.09,4975,0
20090527,2.01,2.1,1.91,2.1,12020,0
20090528,1.96,1.98,1.8,1.9,24770,0
20090529,1.9,1.95,1.8,1.9,11800,0
20090601,1.95,1.95,1.8,1.8,22742,0
20090602,1.89,1.95,1.77,1.93,29625,0
20090603,1.93,1.93,1.8,1.9,6850,0
20090604,1.85,1.91,1.81,1.91,14760,0
20090605,1.85,1.9,1.83,1.88,4300,0
20090608,1.8,1.89,1.75,1.88,10140,0
20090609,1.8,1.88,1.8,1.88,400,0
20090610,1.97,1.97,1.8,1.92,12850,0
20090611,1.9,1.92,1.81,1.9,24964,0
20090612,1.91,1.95,1.8,1.95,21095,0
20090615,1.95,1.95,1.84,1.94,1900,0
20090616,1.94,1.94,1.85,1.94,1900,0
20090617,1.86,1.94,1.65,1.86,23652,0
20090618,1.93,1.93,1.76,1.83,12500,0
20090619,1.8,1.8,1.76,1.79,5100,0
20090622,1.83,1.83,1.65,1.74,124300,0
20090623,1.64,1.65,1.44,1.6,60138,0
20090624,1.5,1.63,1.43,1.63,12716,0
20090625,1.5,1.58,1.43,1.49,11716,0
20090626,1.48,1.59,1.43,1.59,4300,0
20090629,1.6,1.6,1.44,1.52,10500,0
20090630,1.45,1.54,1.44,1.49,21600,0
20090701,1.47,1.47,1.4,1.45,20000,0
20090702,1.44,1.7,1.4,1.63,39960,0
20090706,1.6,1.6,1.56,1.6,4825,0
20090707,1.53,1.53,1.39,1.4,12700,0
20090708,1.4,1.4,1.33,1.33,31475,0
20090709,1.5,1.57,1.35,1.57,21180,0
20090710,1.5,1.5,1.44,1.45,4794,0
20090713,1.44,1.45,1.39,1.44,4500,0
20090714,1.36,1.51,1.33,1.51,15915,0
20090715,1.41,1.42,1.33,1.4,24929,0
20090716,1.42,1.42,1.31,1.39,16744,0
20090717,1.35,1.35,1.25,1.25,10862,0
20090720,1.3,1.33,1.23,1.29,7900,0
20090721,1.31,1.37,1.3,1.35,17100,0
20090722,1.4,1.52,1.36,1.4,25048,0
20090723,1.38,1.4,1.36,1.4,4400,0
20090724,1.42,1.43,1.38,1.43,9800,0
20090727,1.43,1.47,1.37,1.4,13900,0
20090728,1.42,1.46,1.42,1.45,2000,0
20090729,1.45,1.45,1.29,1.35,21100,0
20090730,1.35,1.41,1.35,1.41,6100,0
20090731,1.35,1.41,1.34,1.41,21700,0
20090803,1.4,1.41,1.4,1.41,7172,0
20090804,1.42,1.42,1.34,1.34,15300,0
20090805,1.39,1.48,1.37,1.37,53461,0
20090806,1.46,1.46,1.38,1.4,49900,0
20090807,1.38,1.44,1.36,1.37,59065,0
20090810,1.6,1.8,1.45,1.55,456265,0
20090811,1.55,1.7,1.5,1.5,151887,0
20090812,1.55,1.55,1.42,1.45,42717,0
20090813,1.5,1.5,1.35,1.39,64625,0
20090814,1.38,1.4,1.33,1.37,43553,0
20090817,1.38,1.57,1.38,1.41,236635,0
20090818,1.43,1.52,1.43,1.46,102231,0
20090819,1.44,1.5,1.44,1.48,69405,0
20090820,1.52,1.52,1.47,1.47,28020,0
20090821,1.5,1.55,1.45,1.52,57953,0
20090824,1.65,1.65,1.45,1.45,53940,0
20090825,1.53,1.53,1.48,1.52,36437,0
20090826,1.5,1.52,1.46,1.46,18574,0
20090827,1.46,1.51,1.42,1.51,30382,0
20090828,1.51,1.52,1.47,1.52,25340,0
20090831,1.46,1.5,1.46,1.5,21414,0
20090901,1.5,1.5,1.45,1.5,18975,0
20090902,1.5,1.5,1.42,1.47,5200,0
20090903,1.47,1.47,1.42,1.46,9886,0
20090908,1.47,1.64,1.47,1.64,75696,0
20090909,1.65,1.96,1.6,1.87,212946,0
20090910,1.94,1.94,1.85,1.85,62373,0
20090911,1.9,1.9,1.73,1.85,33248,0
20090914,1.9,1.9,1.65,1.8,35173,0
20090915,1.73,1.88,1.72,1.86,35375,0
20090916,1.85,2.15,1.85,2,225073,0
20090917,2.12,2.22,2.01,2.22,76851,0
20090918,2.1,2.18,2.01,2.15,29710,0
20090921,2.2,2.36,2.05,2.33,98276,0
20090922,2.35,2.48,2.2,2.22,62770,0
20090923,2.25,2.49,2.25,2.43,161956,0
20090924,2.44,2.75,2.25,2.69,220489,0
20090925,2.78,3.89,2.61,3.46,731392,0
20090928,3.49,3.74,3.23,3.34,319293,0
20090929,3.35,3.74,3,3.55,423997,0
20090930,3.57,3.8,3.06,3.47,402571,0
20091001,3.5,3.5,2.77,2.87,329418,0
20091002,2.89,3.12,2.7,2.93,140702,0
20091005,2.97,3.46,2.82,3.25,217197,0
20091006,3.44,3.78,3.05,3.3,402691,0
20091007,3.35,3.37,3.15,3.16,80554,0
20091008,3.23,3.55,3.16,3.42,269334,0
20091009,3.38,4.55,3.35,4.55,1146062,0
20091012,4.2,4.7,4.02,4.3,543214,0
20091013,4.53,4.78,4.11,4.3,431307,0
20091014,4.51,4.51,4.19,4.35,107999,0
20091015,4.57,4.78,4.28,4.5,341382,0
20091016,4.58,4.58,4.06,4.2,262284,0
20091019,4.32,4.32,3.82,3.95,202956,0
20091020,3.94,3.97,3.56,3.6,400108,0
20091021,3.61,3.93,3.61,3.83,267859,0
20091022,3.8,3.86,3.57,3.65,155844,0
20091023,3.75,3.75,3.2,3.3,234916,0
20091026,3.3,3.4,3.09,3.37,285522,0
20091027,3.31,3.69,3.31,3.41,108845,0
20091028,3.4,3.53,2.94,3.1,176732,0
20091029,3.13,3.2,2.95,3,100281,0
20091030,3.01,3.2,2.8,2.89,134078,0
20091102,2.81,3,2.65,2.7,79227,0
20091103,2.59,2.95,2.59,2.95,120612,0
20091104,2.95,3.1,2.69,3.05,83360,0
20091105,3.16,3.16,2.9,3.15,42490,0
20091106,3.15,3.26,3.15,3.24,53819,0
20091109,3.28,3.55,3.25,3.44,136934,0
20091110,3.38,3.45,3.03,3.2,101257,0
20091111,3.16,3.3,3.15,3.21,72193,0
20091112,4.1,4.78,3.81,4.38,2280266,0
20091113,4.31,4.5,3.66,4.07,687119,0
20091116,4.12,5.08,4,4.67,1625564,0
20091117,4.6,5.15,4.45,4.85,669886,0
20091118,4.85,4.92,4.28,4.45,414085,0
20091119,4.48,4.55,4.18,4.54,257558,0
20091120,4.54,4.6,4.33,4.55,193668,0
20091123,4.72,5.2,4.69,4.98,788662,0
20091124,4.94,5.53,4.73,5.44,593598,0
20091125,5.58,5.67,5.23,5.25,242968,0
20091127,4.8,5.25,4.65,5.06,215505,0
20091130,5.26,5.45,5.07,5.3,227093,0
20091201,5.34,5.82,5.34,5.6,372555,0
20091202,5.63,6.15,5.62,5.97,457907,0
20091203,6.01,6.13,5.4,6,325281,0
20091204,5.85,6.25,5.81,6.25,302898,0
20091207,6.26,6.62,6.19,6.45,274401,0
20091208,6.41,6.65,6.27,6.6,172394,0
20091209,6.75,6.8,6.36,6.76,170547,0
20091210,6.9,7.42,6.9,7.2,540572,0
20091211,7.47,8.26,7.2,8.18,811083,0
20091214,8.28,9.07,8.27,8.75,1165506,0
20091215,8.69,8.69,7.51,7.88,858695,0
20091216,8.08,8.1,7.06,7.15,730164,0
20091217,6.7,7.48,6.58,7.42,522708,0
20091218,7.59,8.5,7.45,8.4,922965,0
20091221,8.58,8.9,7.55,8.11,794719,0
20091222,7.84,7.9,7,7.08,734029,0
20091223,7.1,7.57,6.84,7.19,496781,0
20091224,7.37,7.41,7.01,7.02,145598,0
20091228,7.04,7.25,6.76,7.1,242904,0
20091229,7.1,7.15,6.9,7.02,169832,0
20091230,7.05,7.98,6.85,7.98,936543,0
20091231,8,8.12,7.6,7.71,323534,0
20100104,7.76,7.92,7.52,7.76,292745,0
20100105,7.73,8.33,7.63,8.32,827547,0
20100106,8.49,8.75,8.35,8.53,554479,0
20100107,8.64,8.64,8.1,8.45,295193,0
20100108,8.4,9,8.34,8.83,578040,0
20100111,9,9.82,8.95,9.7,879772,0
20100112,9.5,9.62,8.5,8.92,723604,0
20100113,8.69,9.08,8.5,8.8,251986,0
20100114,8.91,9.38,8.82,9.07,363091,0
20100115,9.18,9.25,8.35,8.59,272276,0
20100119,8.6,8.89,7.98,8.22,359472,0
20100120,8.13,8.16,7.75,7.78,247417,0
20100121,7.8,8,7.1,7.12,713250,0
20100122,6.91,7.58,6.72,7.12,460886,0
20100125,7.22,7.44,6.8,6.82,236631,0
20100126,6.83,7,6.44,6.44,350435,0
20100127,6.43,6.54,6.04,6.42,325625,0
20100128,6.56,6.56,6.01,6.14,229729,0
20100129,6.07,6.3,5.59,5.74,348191,0
20100201,5.64,5.74,5.28,5.63,377964,0
20100202,5.53,6.46,5.53,6.26,607998,0
20100203,6.3,6.47,6.03,6.23,313652,0
20100204,6.04,6.12,5.84,5.86,245713,0
20100205,5.8,5.95,5.3,5.9,204993,0
20100208,5.97,5.97,5.41,5.49,165905,0
20100209,5.59,5.85,5.47,5.66,161681,0
20100210,5.65,5.7,5.21,5.27,213361,0
20100211,5.1,5.49,5.01,5.28,259047,0
20100212,5.35,5.6,5.22,5.6,177634,0
20100216,5.75,6.2,5.65,6.15,207496,0
20100217,6.44,6.88,6.25,6.69,551461,0
20100218,6.68,6.86,6.41,6.69,165247,0
20100219,6.7,6.7,6.25,6.55,165031,0
20100222,6.56,6.79,6.4,6.76,152835,0
20100223,6.65,6.75,6.4,6.55,175251,0
20100224,6.56,6.65,6.21,6.4,175335,0
20100225,6.25,6.34,5.82,5.99,220124,0
20100226,5.95,6.02,5.76,6,103120,0
20100301,6.12,6.34,6.05,6.31,126206,0
20100302,6.36,6.59,6.17,6.19,178041,0
20100303,6.18,6.35,6.11,6.18,137210,0
20100304,6.09,6.23,5.9,5.98,120513,0
20100305,6.08,6.28,6.02,6.04,90579,0
20100308,6.16,6.16,6.03,6.04,82932,0
20100309,6,6.13,5.86,5.91,100416,0
20100310,5.9,6.05,5.84,5.99,66797,0
20100311,5.99,5.99,5.8,5.9,92256,0
20100312,5.85,5.91,5.62,5.7,138576,0
20100315,6,6,5.72,5.81,134120,0
20100316,5.91,5.92,5.69,5.86,60209,0
20100317,5.9,6.09,5.86,5.91,120706,0
20100318,6,6,5.7,5.7,136691,0
20100319,5.7,5.72,5.11,5.18,280815,0
20100322,5.05,5.29,4.77,5.02,231381,0
20100323,5.08,5.67,4.95,5.63,471161,0
20100324,5.63,6.39,5.63,6.34,486871,0
20100325,6.7,6.7,6.03,6.3,406730,0
20100326,6.31,6.57,6.17,6.2,225535,0
20100329,6.28,6.51,6.27,6.4,180196,0
20100330,5.89,5.95,5.33,5.81,639923,0
20100331,5.73,5.75,5.54,5.62,188828,0
20100401,5.67,5.67,5.5,5.5,119165,0
20100405,5.57,5.7,5.51,5.7,88053,0
20100406,5.76,5.81,5.51,5.53,79472,0
20100407,5.52,5.6,5.43,5.43,97655,0
20100408,5.44,5.64,5.32,5.51,173216,0
20100409,5.59,5.59,5.41,5.46,98201,0
20100412,5.44,5.47,5.18,5.18,147561,0
20100413,5.09,5.25,5.08,5.25,118548,0
20100414,5.36,5.47,5.35,5.41,142175,0
20100415,5.36,5.44,5.35,5.44,45769,0
20100416,5.37,5.47,5.15,5.35,99602,0
20100419,5.23,5.34,5,5.25,185437,0
20100420,5.18,5.34,5.1,5.16,87636,0
20100421,5.24,5.25,5.07,5.1,56588,0
20100422,5.05,5.19,5.01,5.15,87263,0
20100423,5.12,5.17,5.03,5.05,62590,0
20100426,5.02,5.17,5.02,5.09,78656,0
20100427,5.05,5.18,5,5.01,109902,0
20100428,5.05,5.08,4.57,4.81,181634,0
20100429,4.85,4.95,4.75,4.9,90290,0
20100430,4.94,4.98,4.61,4.61,69997,0
20100503,4.63,4.7,4.46,4.46,125339,0
20100504,4.41,4.41,3.95,4.01,230603,0
20100505,4,4.05,3.76,4,189924,0
20100506,3.97,4.04,3.31,3.63,184943,0
20100507,3.6,3.85,3.52,3.79,125828,0
20100510,4.09,4.27,4,4.13,166699,0
20100511,4.02,4.76,4.01,4.65,165983,0
20100512,5.07,5.12,4.68,4.85,350929,0
20100513,4.93,5.08,4.75,4.79,123434,0
20100514,4.82,4.82,4.31,4.33,167368,0
20100517,4.32,4.42,4.01,4.11,85258,0
20100518,4.31,4.31,3.83,3.86,102971,0
20100519,3.93,3.93,3.5,3.71,131262,0
20100520,3.7,3.78,3.3,3.35,156103,0
20100521,3.28,3.94,3.12,3.87,218415,0
20100524,3.83,4,3.58,3.6,149941,0
20100525,3.57,3.75,3.35,3.7,182687,0
20100526,3.94,3.96,3.71,3.75,102751,0
20100527,3.85,3.92,3.77,3.85,96658,0
20100528,3.98,3.98,3.73,3.83,54421,0
20100601,3.89,3.97,3.76,3.8,57173,0
20100602,3.83,3.87,3.8,3.86,11070,0
20100603,3.86,3.91,3.74,3.85,43877,0
20100604,3.73,3.88,3.56,3.61,74505,0
20100607,3.59,3.71,3.47,3.51,65514,0
20100608,3.55,3.56,3.36,3.43,76143,0
20100609,3.51,3.53,3.38,3.46,41180,0
20100610,3.47,3.64,3.45,3.53,44877,0
20100611,3.52,3.76,3.51,3.76,36015,0
20100614,3.79,3.89,3.68,3.72,46173,0
20100615,3.77,4.46,3.75,4.4,186522,0
20100616,4.46,4.46,4.1,4.12,118629,0
20100617,4.19,4.19,3.84,3.88,81902,0
20100618,3.87,4.08,3.81,4,49038,0
20100621,4.06,4.35,3.92,3.99,99022,0
20100622,3.99,4.01,3.77,3.77,43274,0
20100623,3.84,3.95,3.75,3.88,37101,0
20100624,3.87,3.91,3.75,3.77,27848,0
20100625,3.74,3.94,3.74,3.9,32160,0
20100628,3.88,4.08,3.84,3.84,50679,0
20100629,3.75,3.75,3.54,3.59,99080,0
20100630,3.62,3.71,3.5,3.56,65898,0
20100701,3.59,3.59,3.3,3.4,85401,0
20100702,3.48,3.48,3.31,3.43,38234,0
20100706,3.49,3.6,3.31,3.31,40004,0
20100707,3.38,3.56,3.37,3.56,31608,0
20100708,3.62,3.69,3.5,3.57,38650,0
20100709,3.51,3.6,3.45,3.57,18468,0
20100712,3.58,3.62,3.5,3.5,12440,0
20100713,3.54,3.54,3.47,3.47,28955,0
20100714,3.47,3.59,3.45,3.56,34334,0
20100715,3.59,3.59,3.5,3.58,12573,0
20100716,3.58,3.6,3.5,3.55,21944,0
20100719,3.6,3.6,3.44,3.57,29751,0
20100720,3.53,3.53,3.44,3.51,30390,0
20100721,3.54,3.6,3.42,3.49,24751,0
20100722,3.54,3.54,3.4,3.41,30878,0
20100723,3.4,3.6,3.4,3.6,108732,0
20100726,3.6,4.1,3.6,3.95,136124,0
20100727,4.02,4.32,3.99,4,105297,0
20100728,4.03,4.03,3.87,3.88,30981,0
20100729,3.93,4.05,3.89,3.91,41493,0
20100730,3.87,4.07,3.87,4.07,48852,0
20100802,4.28,4.29,4.11,4.22,70366,0
20100803,4.22,4.25,4.06,4.25,69328,0
20100804,4.23,4.25,4.15,4.17,50446,0
20100805,4.17,4.2,4.1,4.11,40569,0
20100806,4.05,4.09,3.94,4.05,49328,0
20100809,4.06,4.1,4.04,4.09,30501,0
20100810,4.1,4.1,3.84,4.01,55652,0
20100811,4.03,4.03,3.72,3.74,50028,0
20100812,3.74,3.86,3.51,3.57,76283,0
20100813,3.56,3.73,3.43,3.54,51510,0
20100816,3.53,3.76,3.53,3.6,18273,0
20100817,3.65,3.82,3.65,3.7,17997,0
20100818,3.73,3.73,3.59,3.68,25839,0
20100819,3.66,3.66,3.5,3.5,29966,0
20100820,3.5,3.55,3.42,3.54,36928,0
20100823,3.64,3.72,3.45,3.45,35994,0
20100824,3.43,3.43,3.37,3.37,46623,0
20100825,3.36,3.4,3.26,3.26,50714,0
20100826,3.31,3.31,3.2,3.26,50428,0
20100827,3.29,3.37,3.23,3.33,26061,0
20100830,3.35,3.47,3.35,3.36,32115,0
20100831,3.36,3.4,3.26,3.32,39636,0
20100901,3.35,3.6,3.32,3.51,102371,0
20100902,3.56,3.68,3.51,3.62,49560,0
20100903,3.7,3.7,3.54,3.57,45455,0
20100907,3.53,3.54,3.37,3.38,83337,0
20100908,3.38,3.46,3.32,3.32,50440,0
20100909,3.31,3.4,3.31,3.32,25019,0
20100910,3.32,3.37,3.32,3.34,25370,0
20100913,3.45,3.45,3.31,3.31,34816,0
20100914,3.34,3.34,3.28,3.31,45017,0
20100915,3.29,3.34,3.27,3.32,21228,0
20100916,3.3,3.38,3.28,3.38,67121,0
20100917,3.36,3.38,3.32,3.33,23863,0
20100920,3.33,3.4,3.32,3.39,17407,0
20100921,3.41,3.44,3.31,3.33,30256,0
20100922,3.33,3.39,3.31,3.37,19640,0
20100923,3.37,3.39,3.34,3.39,8724,0
20100924,3.41,3.45,3.36,3.39,51451,0
20100927,3.38,3.4,3.33,3.35,28394,0
20100928,3.4,3.4,3.35,3.36,40662,0
20100929,3.37,3.5,3.36,3.43,84763,0
20100930,3.44,3.55,3.43,3.52,69187,0
20101001,3.59,3.64,3.5,3.57,63211,0
20101004,3.59,3.65,3.47,3.47,51739,0
20101005,3.45,3.48,3.37,3.41,68113,0
20101006,3.45,3.5,3.33,3.35,65137,0
20101007,3.42,3.42,3.34,3.39,25017,0
20101008,3.39,3.39,3.34,3.35,40477,0
20101011,3.36,3.96,3.36,3.85,293802,0
20101012,3.85,3.85,3.5,3.58,132433,0
20101013,3.63,3.83,3.63,3.74,114873,0
20101014,3.74,3.99,3.7,3.83,109757,0
20101015,3.84,4.1,3.84,3.99,146255,0
20101018,4.04,4.11,3.97,4.09,119420,0
20101019,4.09,4.09,3.66,3.79,145979,0
20101020,3.8,3.81,3.72,3.74,41541,0
20101021,3.74,3.79,3.66,3.67,39622,0
20101022,3.72,3.74,3.61,3.7,22445,0
20101025,3.73,3.99,3.73,3.85,12980,0
20101026,3.85,3.85,3.78,3.8,5550,0
20101027,3.88,3.97,3.74,3.97,61207,0
20101028,4.78,4.8,3.98,4.44,150821,0
20101029,4.5,4.5,4.11,4.16,80519,0
20101101,4.16,4.3,4.01,4.05,60752,0
20101102,4.08,4.1,3.96,4.01,44884,0
20101103,4,4.06,4,4.05,31427,0
20101104,4.09,4.14,4,4.08,74898,0
20101105,4.18,4.29,4.08,4.19,67786,0
20101108,4.2,4.5,4.17,4.5,118935,0
20101109,4.59,4.65,4.19,4.2,85170,0
20101110,4.21,4.38,3.95,4.38,125812,0
20101111,4.15,4.15,3.76,3.77,213805,0
20101112,3.77,3.87,3.59,3.61,143598,0
20101115,3.61,3.67,3.51,3.58,72152,0
20101116,3.51,3.55,3.42,3.43,70288,0
20101117,3.46,3.53,3.43,3.53,52578,0
20101118,3.64,3.7,3.53,3.59,39362,0
20101119,3.59,3.6,3.45,3.5,43668,0
20101122,3.5,3.5,3.45,3.45,33505,0
20101123,3.45,3.5,3.38,3.5,95546,0
20101124,3.5,3.5,3.4,3.44,34854,0
20101126,3.49,3.49,3.44,3.44,19702,0
20101129,3.41,3.43,3.35,3.36,41125,0
20101130,3.35,3.41,3.35,3.39,29349,0
20101201,3.42,3.46,3.4,3.42,31622,0
20101202,3.42,3.43,3.4,3.41,44199,0
20101203,3.42,3.42,3.35,3.35,69952,0
20101206,3.38,3.43,3.35,3.36,62711,0
20101207,3.4,3.5,3.37,3.41,118824,0
20101208,3.5,3.5,3.35,3.35,56748,0
20101209,3.35,3.35,3.2,3.21,125652,0
20101210,3.24,3.32,3.24,3.31,29698,0
20101213,3.3,3.3,3.22,3.23,40089,0
20101214,3.23,3.26,3.21,3.22,34837,0
20101215,3.25,3.27,3.2,3.2,37195,0
20101216,3.21,3.25,3.2,3.2,16172,0
20101217,3.2,3.2,3.03,3.05,92348,0
20101220,3.15,3.19,3,3.12,98745,0
20101221,3.15,3.15,3.02,3.06,59544,0
20101222,3.05,3.08,2.99,3.08,82640,0
20101223,3.07,3.37,3,3.37,109482,0
20101227,3.39,3.39,3.14,3.21,83867,0
20101228,3.23,3.28,3.13,3.13,53379,0
20101229,3.12,3.12,3.08,3.09,49761,0
20101230,3.1,3.27,3.09,3.17,123040,0
20101231,3.2,3.35,3.17,3.29,62478,0
20110103,3.3,3.35,3.24,3.25,76957,0
20110104,3.28,3.28,3.15,3.18,81318,0
20110105,3.17,3.27,3.16,3.18,42561,0
20110106,3.17,3.23,3.15,3.16,50656,0
20110107,3.18,3.19,3.16,3.16,8796,0
20110110,3.13,3.17,3.1,3.14,30816,0
20110111,3.15,3.15,3.1,3.1,30175,0
20110112,3.1,3.12,3.05,3.12,48235,0
20110113,3.13,3.2,3.1,3.1,64342,0
20110114,3.11,3.19,3.11,3.19,38170,0
20110118,3.2,3.55,3.05,3.44,247501,0
20110119,3.69,3.69,3.4,3.4,217143,0
20110120,3.43,3.6,3.15,3.53,210361,0
20110121,3.57,3.6,3.43,3.55,133074,0
20110124,3.59,3.68,3.56,3.63,91200,0
20110125,3.63,3.68,3.46,3.5,116837,0
20110126,3.59,3.6,3.49,3.56,63987,0
20110127,3.64,3.65,3.58,3.6,80993,0
20110128,3.63,3.64,3.45,3.48,55415,0
20110131,3.47,3.5,3.35,3.36,70330,0
20110201,3.38,3.47,3.36,3.42,28469,0
20110202,3.43,3.48,3.4,3.43,34301,0
20110203,3.44,3.45,3.34,3.43,73165,0
20110204,3.42,3.73,3.39,3.66,135442,0
20110207,3.72,3.73,3.63,3.65,67511,0
20110208,3.7,3.7,3.59,3.59,43840,0
20110209,3.6,3.6,3.45,3.48,36528,0
20110210,3.45,3.51,3.35,3.5,57756,0
20110211,3.52,3.52,3.45,3.45,15361,0
20110214,3.46,3.46,3.31,3.36,69018,0
20110215,3.34,3.36,3.26,3.33,40660,0
20110216,3.36,3.4,3.35,3.37,35834,0
20110218,3.32,3.32,3.26,3.28,26773,0
20110222,3.28,3.28,3.17,3.17,47418,0
20110223,3.17,3.17,3.12,3.14,56484,0
20110224,3.15,3.2,3.12,3.2,44238,0
20110225,3.24,3.3,3.19,3.28,37200,0
20110228,3.44,3.53,3.37,3.4,65551,0
20110301,3.4,3.44,3.29,3.29,38363,0
20110302,3.32,3.36,3.27,3.29,24612,0
20110303,3.33,3.4,3.3,3.32,30174,0
20110304,3.44,3.44,3.26,3.41,52678,0
20110307,3.4,3.44,3.31,3.36,38881,0
20110308,3.34,3.38,3.32,3.34,21323,0
20110309,3.34,3.37,3.23,3.25,27987,0
20110310,3.22,3.3,3.1,3.13,73561,0
20110311,3.13,3.16,3.06,3.14,38531,0
20110314,3.09,3.11,3.05,3.07,27911,0
20110315,3.05,3.05,2.81,2.9,104555,0
20110316,2.91,2.99,2.91,2.93,28982,0
20110317,2.95,3.05,2.91,2.98,49562,0
20110318,3.04,3.05,2.97,3,37356,0
20110321,3.03,3.05,3.01,3.02,31491,0
20110322,3.05,3.05,2.93,2.95,31916,0
20110323,2.98,3.13,2.98,3.1,61395,0
20110324,3.12,3.39,3.12,3.34,120071,0
20110325,3.38,3.4,3.34,3.37,106823,0
20110328,3.43,3.44,3.31,3.42,85592,0
20110329,3.41,3.41,3.3,3.33,65523,0
20110330,3.31,3.31,3.18,3.18,36688,0
20110331,3.15,3.15,3,3.05,85380,0
20110401,3.02,3.05,2.94,3,73279,0
20110404,3,3.03,2.95,2.95,50659,0
20110405,2.97,3.1,2.95,3.03,30241,0
20110406,3.03,3.08,2.99,3,31541,0
20110407,2.97,2.99,2.93,2.98,25714,0
20110408,2.98,3.09,2.91,2.99,57206,0
20110411,3.05,3.05,2.9,2.91,41682,0
20110412,2.91,2.94,2.85,2.86,39653,0
20110413,2.86,2.91,2.8,2.81,46565,0
20110414,2.8,2.86,2.8,2.86,37108,0
20110415,2.9,2.9,2.8,2.84,27558,0
20110418,2.83,2.83,2.71,2.71,50305,0
20110419,2.73,2.79,2.73,2.73,8674,0
20110420,2.77,2.79,2.68,2.77,46164,0
20110421,2.75,2.78,2.68,2.68,26643,0
20110425,2.65,2.72,2.63,2.65,33005,0
20110426,2.64,2.69,2.61,2.64,26449,0
20110427,2.66,2.68,2.63,2.63,12042,0
20110428,2.62,2.66,2.6,2.6,20431,0
20110429,2.6,2.72,2.6,2.7,33080,0
20110502,2.72,2.76,2.7,2.71,35499,0
20110503,2.69,2.69,2.6,2.61,69720,0
20110504,2.63,2.63,2.58,2.59,41227,0
20110505,2.63,2.63,2.58,2.6,10720,0
20110506,2.6,2.73,2.58,2.6,31851,0
20110509,2.59,2.61,2.55,2.58,53303,0
20110510,2.65,2.65,2.56,2.56,22809,0
20110511,2.56,2.6,2.56,2.57,27280,0
20110512,2.56,2.63,2.12,2.26,153596,0
20110513,2.29,2.29,2.1,2.15,86944,0
20110516,2.16,2.2,1.99,2,120094,0
20110517,2,2,1.83,1.87,105344,0
20110518,1.9,2.07,1.87,2.04,77664,0
20110519,2.1,2.16,2.1,2.16,51860,0
20110520,2.13,2.14,2.05,2.05,27900,0
20110523,2,2.02,1.96,1.98,44226,0
20110524,1.99,2.06,1.98,2.05,31345,0
20110525,2.02,2.06,2.01,2.02,19000,0
20110526,2,2.06,2,2.02,13190,0
20110527,1.99,1.99,1.96,1.96,22800,0
20110531,1.99,2.01,1.98,1.99,9445,0
20110601,2.02,2.02,1.96,1.98,26976,0
20110602,1.97,1.97,1.88,1.9,36180,0
20110603,1.93,1.94,1.88,1.89,19792,0
20110606,1.9,2.03,1.88,1.98,31037,0
20110607,2.01,2.14,1.98,1.98,39941,0
20110608,1.94,1.99,1.89,1.89,16038,0
20110609,1.91,1.95,1.91,1.93,18031,0
20110610,1.92,1.93,1.85,1.85,35004,0
20110613,1.88,1.9,1.83,1.83,12125,0
20110614,1.84,1.86,1.78,1.79,38605,0
20110615,1.78,1.79,1.71,1.71,35607,0
20110616,1.7,1.73,1.59,1.61,63110,0
20110617,1.62,1.64,1.52,1.57,25198,0
20110620,1.57,1.58,1.35,1.39,41081,0
20110621,1.4,1.4,1.34,1.34,60179,0
20110622,1.35,1.37,1.31,1.31,46716,0
20110623,1.3,1.45,1.24,1.44,51348,0
20110624,1.4,1.78,1.4,1.71,76030,0
20110627,1.79,2.14,1.61,1.91,132611,0
20110628,1.96,2.09,1.9,2,63997,0
20110629,2,2,1.86,1.89,23512,0
20110630,1.86,2,1.86,1.93,31341,0
20110701,1.97,2,1.93,1.96,26967,0
20110705,1.95,1.99,1.89,1.91,49164,0
20110706,1.93,1.93,1.8,1.89,12198,0
20110707,1.89,1.89,1.63,1.8,51184,0
20110708,1.78,1.81,1.7,1.77,5850,0
20110711,1.72,1.78,1.64,1.65,20601,0
20110712,1.74,1.78,1.65,1.67,16930,0
20110713,1.7,1.82,1.7,1.8,25002,0
20110714,1.75,1.76,1.65,1.74,12657,0
20110715,1.74,1.89,1.71,1.82,27415,0
20110718,1.84,1.86,1.81,1.86,23093,0
20110719,1.82,1.95,1.78,1.9,30942,0
20110720,1.95,2,1.86,1.99,27410,0
20110721,2,2,1.91,1.94,13577,0
20110722,1.97,1.97,1.92,1.95,29890,0
20110725,1.88,1.94,1.85,1.86,25428,0
20110726,1.9,1.95,1.9,1.94,24357,0
20110727,1.9,1.94,1.87,1.93,19165,0
20110728,1.93,1.95,1.88,1.95,24659,0
20110729,1.9,1.95,1.9,1.95,7898,0
20110801,2.02,2.1,1.98,2.06,40731,0
20110802,2.1,2.4,2.1,2.4,82281,0
20110803,2.46,2.55,2.4,2.49,88913,0
20110804,2.49,2.49,2.11,2.17,42438,0
20110805,2.29,2.39,1.98,2.05,61665,0
20110808,1.71,2,1.47,1.68,86263,0
20110809,1.75,2.1,1.6,2.09,52341,0
20110810,2.01,2.1,1.76,1.91,50987,0
20110811,1.8,1.97,1.75,1.83,29297,0
20110812,1.78,1.85,1.75,1.79,11173,0
20110815,1.85,1.87,1.79,1.86,10084,0
20110816,1.81,1.85,1.75,1.75,12750,0
20110817,1.73,1.78,1.71,1.72,17448,0
20110818,1.66,1.71,1.6,1.71,8835,0
20110819,1.7,1.7,1.6,1.66,3550,0
20110822,1.72,1.79,1.61,1.7,14992,0
20110823,1.62,1.75,1.61,1.75,16356,0
20110824,1.73,1.73,1.62,1.66,8612,0
20110825,1.65,1.67,1.63,1.63,5200,0
20110826,1.67,1.67,1.65,1.65,9843,0
20110829,1.69,1.69,1.56,1.62,17710,0
20110830,1.64,1.64,1.62,1.63,7554,0
20110831,1.65,1.72,1.64,1.69,1660,0
20110901,1.75,1.75,1.61,1.61,9574,0
20110902,1.6,1.63,1.52,1.56,12837,0
20110906,1.5,1.62,1.5,1.52,11297,0
20110907,1.52,1.57,1.5,1.51,24826,0
20110908,1.5,1.55,1.5,1.55,1100,0
20110909,1.51,1.55,1.5,1.52,14003,0
20110912,1.5,1.53,1.5,1.52,10272,0
20110913,1.52,1.52,1.42,1.42,13562,0
20110914,1.45,1.45,1.43,1.43,1310,0
20110915,1.43,1.52,1.42,1.44,11045,0
20110916,1.5,1.51,1.42,1.44,15849,0
20110919,1.39,1.42,1.38,1.38,10625,0
20110920,1.4,1.42,1.28,1.28,20439,0
20110921,1.36,1.44,1.26,1.29,3135,0
20110922,1.32,1.45,1.25,1.27,28599,0
20110923,1.33,1.34,1.27,1.33,4400,0
20110926,1.27,1.3,1.1,1.21,33686,0
20110927,1.23,1.3,1.18,1.18,17553,0
20110928,1.27,1.28,1.23,1.23,10041,0
20110929,1.28,1.28,1.16,1.16,21350,0
20110930,1.15,1.29,1.15,1.29,16700,0
20111003,1.3,1.3,1.18,1.18,35516,0
20111004,1.18,1.18,0.93,1.09,23835,0
20111005,1.09,1.18,1.06,1.15,5984,0
20111006,1.2,1.31,1.19,1.22,23303,0
20111007,1.22,1.3,1.15,1.25,13100,0
20111010,1.3,1.3,1.21,1.21,4137,0
20111011,1.22,1.29,1.22,1.29,1620,0
20111012,1.29,1.29,1.23,1.23,11428,0
20111013,1.26,1.26,1.21,1.21,1306,0
20111014,1.22,1.22,1.17,1.2,4010,0
20111017,1.2,1.2,1.17,1.17,3260,0
20111018,1.15,1.15,1.05,1.1,9050,0
20111019,1.06,1.14,1.05,1.1,13144,0
20111020,1.07,1.11,1.07,1.11,6000,0
20111021,1.14,1.14,1.1,1.1,3550,0
20111024,1.06,1.13,1.05,1.1,17900,0
20111025,1.09,1.1,1.05,1.07,6227,0
20111026,1.1,1.13,1.07,1.1,34306,0
20111027,1.1,1.15,1.1,1.14,12225,0
20111028,1.15,1.16,1.14,1.16,25487,0
20111031,1.15,1.2,1.14,1.17,12858,0
20111101,1.14,2,1.08,1.59,68440,0
20111102,1.15,1.37,1.15,1.32,27825,0
20111103,1.4,1.4,1.29,1.31,21092,0
20111104,1.21,1.38,1.21,1.21,15090,0
20111107,1.21,1.39,1.18,1.39,11464,0
20111108,1.37,1.37,1.25,1.26,27554,0
20111109,1.21,1.28,1.21,1.23,3380,0
20111110,1.26,1.27,1.15,1.17,20484,0
20111111,1.2,1.24,1.18,1.2,5200,0
20111114,1.17,1.18,1.15,1.15,13300,0
20111115,1.13,1.13,1.09,1.09,16367,0
20111116,1.07,1.13,1.07,1.13,3325,0
20111117,1.05,1.15,1.05,1.15,19440,0
20111118,1.18,1.26,1.18,1.2,3700,0
20111121,1.23,1.23,1.17,1.17,21234,0
20111122,1.17,1.17,1.13,1.14,8400,0
20111123,1.13,1.13,1.1,1.1,9400,0
20111125,1.1,1.11,1.1,1.1,1200,0
20111128,1.14,1.14,1.1,1.14,14035,0
20111129,1.11,1.11,1.08,1.1,6600,0
20111130,1.1,1.1,1.05,1.06,67411,0
20111201,1.02,1.06,1.01,1.01,3500,0
20111202,1.01,1.25,1.01,1.1,16035,0
20111205,1.09,1.1,1.08,1.08,8795,0
20111206,1.09,1.1,1.06,1.1,1262,0
20111207,1.08,1.12,1.08,1.12,4426,0
20111208,1.1,1.12,1.1,1.12,2931,0
20111209,1.1,1.1,1.09,1.09,200,0
20111212,1.1,1.1,1.09,1.1,4792,0
20111213,1.09,1.15,1.09,1.14,39399,0
20111214,1.11,1.11,1.05,1.1,18529,0
20111215,1.05,1.05,1.01,1.04,9950,0
20111216,1.02,1.04,1.02,1.04,2470,0
20111219,1.04,1.04,1.02,1.02,12400,0
20111220,1.02,1.05,1.02,1.03,22608,0
20111221,1.02,1.04,1.01,1.04,6224,0
20111222,1.01,1.05,1.01,1.03,4778,0
20111223,1.04,1.09,1.03,1.04,12800,0
20111227,1.04,1.08,1.03,1.03,16246,0
20111228,1.03,1.05,1.01,1.03,12152,0
20111229,1,1.02,1,1,7450,0
20111230,1,1.0086,0.95,0.98,41101,0
20120103,0.99,1.05,0.99,1,8514,0
20120104,1,1.09,1,1,12981,0
20120105,0.98,1.1,0.98,1.1,27150,0
20120106,1.08,1.1,0.98,1.08,4505,0
20120109,1.1,1.1,1.06,1.06,7750,0
20120110,1.03,1.09,1,1.04,6850,0
20120111,1.03,1.09,1.02,1.07,22593,0
20120112,1.05,1.05,1.02,1.02,6752,0
20120113,1.05,1.05,1.02,1.04,9474,0
20120117,1.07,1.09,1.02,1.02,19333,0
20120118,1.03,1.07,1.02,1.06,5612,0
20120119,1.1,1.1,1.04,1.04,8644,0
20120120,1.03,1.05,1.03,1.05,5600,0
20120123,1.08,1.08,1.03,1.06,45207,0
20120124,1.07,1.07,1.03,1.05,9400,0
20120125,1.04,1.07,1.03,1.07,9130,0
20120126,1.03,1.07,1.03,1.05,21007,0
20120127,1.07,1.07,1.04,1.07,9070,0
20120130,1.03,1.07,1.02,1.03,15298,0
20120131,1.02,1.02,0.99,1,19730,0
20120201,1,1.06,1,1.04,2450,0
20120202,1.05,1.05,1,1.05,2100,0
20120203,1.05,1.07,1.03,1.07,23600,0
20120206,1.06,1.07,1.06,1.07,6700,0
20120207,1.07,1.07,1.04,1.05,3650,0
20120208,1.06,1.07,1.03,1.03,12140,0
20120209,1.03,1.07,1.03,1.07,9958,0
20120210,1.01,1.06,0.97,1.01,14018,0
20120213,1.03,1.2,1.03,1.15,98213,0
20120214,1.11,1.18,1.05,1.15,56736,0
20120215,1.07,1.15,1.03,1.03,8530,0
20120216,1.05,1.17,1.05,1.16,15370,0
20120217,1.15,1.26,1.06,1.18,93967,0
20120221,1.2,1.23,1.13,1.18,36685,0
20120222,1.1,1.2,1.1,1.2,12750,0
20120223,1.2,1.25,1.18,1.21,18674,0
20120224,1.19,1.25,1.14,1.21,16115,0
20120227,1.21,1.24,1.16,1.17,26825,0
20120228,1.17,1.25,1.1,1.25,22400,0
20120229,1.23,1.24,1.175,1.21,14246,0
20120301,1.13,1.23,1.12,1.16,12554,0
20120302,1.19,1.19,1.15,1.17,5500,0
20120305,1.16,1.23,1.15,1.15,19929,0
20120306,1.16,1.19,1.13,1.15,18679,0
20120307,1.15,1.16,1.11,1.15,13000,0
20120308,1.14,1.15,1.12,1.12,5205,0
20120309,1.12,1.15,1.12,1.14,13670,0
20120312,1.15,1.15,1.12,1.12,15040,0
20120313,1.12,1.15,1.12,1.15,600,0
20120314,1.11,1.15,1.11,1.15,13360,0
20120315,1.11,1.15,1.11,1.15,2200,0
20120316,1.15,1.15,1.11,1.11,5250,0
20120319,1.15,1.15,1.11,1.15,7620,0
20120320,1.12,1.23,1.1,1.12,36476,0
20120321,1.15,1.19,1.1,1.1,10850,0
20120322,1.1,1.13,1.08,1.08,25466,0
20120323,1.08,1.11,1.08,1.11,5497,0
20120326,1.11,1.11,1.06,1.06,28355,0
20120327,1.06,1.11,1.05,1.06,9195,0
20120328,1.07,1.07,0.98,1.04,35969,0
20120330,1.02,1.07,0.98,1,29443,0
20120402,1,1.04,1,1,1629,0
20120403,1.03,1.04,1,1.04,23187,0
20120404,1.02,1.38,1.02,1.2,99080,0
20120405,1.22,1.55,1.15,1.15,349654,0
20120409,1.14,1.19,1.03,1.12,49882,0
20120410,1.1,1.18,1.1,1.15,25185,0
20120411,1.09,1.14,1.08,1.08,13715,0
20120412,1.09,1.12,1.06,1.11,13900,0
20120413,1.11,1.11,1.08,1.11,500,0
20120416,1.04,1.09,1.02,1.02,2900,0
20120417,1.02,1.0495,1.01,1.04,27627,0
20120418,1.04,1.16,1.04,1.1,14848,0
20120419,1.08,1.14,1.04,1.05,12697,0
20120420,1.13,1.13,1.02,1.02,3922,0
20120423,1.01,1.07,1.01,1.03,12276,0
20120424,1.06,1.06,1.01,1.02,7582,0
20120425,1.02,1.12,1.02,1.07,20504,0
20120426,1.07,1.12,1.04,1.09,2550,0
20120427,1.1,1.1,1.03,1.08,18800,0
20120430,1.1,1.1,1.02,1.08,5200,0
20120501,1.06,1.11,1.0584,1.073,965,0
20120502,1.08,1.08,1.03,1.04,1240,0
20120503,1.08,1.1,1.0401,1.05,7200,0
20120504,1.04,1.08,1.04,1.04,10563,0
20120507,1.04,1.04,1.04,1.04,646,0
20120508,1.05,1.1,1.03,1.1,7520,0
20120509,1.06,1.06,1.02,1.02,3825,0
20120510,1.06,1.27,1.06,1.15,31824,0
20120511,1.15,1.16,1.05,1.08,7459,0
20120514,1.08,1.08,1.04,1.05,15920,0
20120515,1.05,1.06,1.05,1.058,14400,0
20120516,1.05,1.1,1.01,1.01,8079,0
20120517,1.05,1.0509,0.99,0.99,26988,0
20120518,0.99,0.9901,0.9701,0.9701,10909,0
20120521,0.97,1,0.97,0.9822,8020,0
20120522,1.02,1.05,1.01,1.02,15648,0
20120523,0.98,1.01,0.98,0.99,12701,0
20120524,0.9801,1.05,0.9801,1.02,6100,0
20120525,0.98,1.01,0.98,0.98,12050,0
20120529,1.02,1.02,0.98,0.98,10661,0
20120530,0.9801,1,0.9801,1,326,0
20120531,1,1,0.98,0.99,9310,0
20120601,0.97,1,0.97,0.9706,10015,0
20120604,0.97,1,0.961,1,8997,0
20120605,0.98,0.9828,0.98,0.9828,4185,0
20120606,0.9701,1,0.97,0.97,5909,0
20120607,0.98,1.0105,0.98,1.01,9939,0
20120608,1.02,1.05,1,1.05,5395,0
20120611,1.01,1.0101,1.01,1.01,5598,0
20120612,1,1,0.99,0.99,1000,0
20120613,0.9907,1,0.9907,1,1200,0
20120614,1,1.0001,0.99,0.99,2600,0
20120615,0.99,0.9918,0.99,0.9918,2250,0
20120618,1,1.05,1,1.02,2800,0
20120619,1.01,1.02,1.01,1.01,4400,0
20120620,1.01,1.02,1.0089,1.01,14806,0
20120621,1,1.05,1,1.01,7810,0
20120622,1.05,1.09,1.04,1.09,11915,0
20120625,1.0799,1.09,1.03,1.05,13230,0
20120626,1.04,1.0418,1.01,1.03,2000,0
20120627,1.02,1.09,1.01,1.086,11600,0
20120629,1.0475,1.0475,1.02,1.02,10250,0
20120702,1,1.0201,0.98,1.015,6706,0
20120703,0.99,1.02,0.99,1,3475,0
20120705,1.02,1.06,1.01,1.01,5100,0
20120709,1.01,1.06,1.01,1.06,553,0
20120710,1.06,1.06,1.06,1.06,236,0
20120711,1.0001,1.0111,1.0001,1.0111,2217,0
20120712,1.04,1.05,1.0101,1.0184,1520,0
20120713,1,1,1,1,1000,0
20120716,1,1.01,1,1.01,15900,0
20120717,1.02,1.03,1.0101,1.0101,4432,0
20120719,1.01,1.0101,1.01,1.01,11600,0
20120720,1.0399,1.04,0.981,1,12825,0
20120723,0.981,1.04,0.9701,1.01,2300,0
20120724,0.97,0.98,0.95,0.96,3733,0
20120725,0.98,1.02,0.98,0.99,20000,0
20120726,1.0301,1.0301,1.03,1.03,4900,0
20120727,1.03,1.04,1.03,1.03,2700,0
20120730,1,1.05,1,1.05,1307,0
20120731,1.045,1.045,1.03,1.04,1401,0
20120801,1.04,1.05,1.04,1.04,3100,0
20120802,1.04,1.04,1.04,1.04,8192,0
20120803,1.02,1.06,1.02,1.06,16665,0
20120806,0.97,1.09,0.97,1.0899,19510,0
20120807,1.01,1.08,1,1.07,5600,0
20120809,1.1,1.15,1.04,1.0833,7254,0
20120810,1.1,1.2,1.1,1.2,44166,0
20120813,1.23,1.23,1.05,1.07,19742,0
20120814,0.981,1.0884,0.981,1.03,7440,0
20120815,1.08,1.09,1.02,1.08,4100,0
20120816,1.02,1.08,1.02,1.0266,7400,0
20120817,1.0789,1.08,1.05,1.0501,3200,0
20120820,1.01,1.01,1.01,1.01,317,0
20120821,1.02,1.02,1.02,1.02,750,0
20120822,1.05,1.05,1.04,1.0499,6100,0
20120823,1.04,1.1,1.04,1.1,12501,0
20120824,1.05,1.1,1.04,1.05,20210,0
20120827,1.02,1.0515,1.02,1.03,4300,0
20120828,1.022,1.1101,1.02,1.11,11200,0
20120829,1.09,1.09,1.0501,1.0501,3124,0
20120830,1.08,1.08,1.05,1.06,1700,0
20120831,1.07,1.09,1.05,1.05,1025,0
20120904,1.04,1.0415,1.04,1.04,3225,0
20120905,1.02,1.04,1.02,1.0301,2520,0
20120906,1.04,1.05,1.02,1.02,2600,0
20120907,1.07,1.07,1.03,1.03,1900,0
20120910,1.0201,1.0201,1.0201,1.0201,950,0
20120911,1.03,1.03,1.01,1.0101,6800,0
20120912,1.02,1.09,1.02,1.08,5589,0
20120913,1.0301,1.0799,1.03,1.03,4500,0
20120914,1.02,1.06,1,1.02,6270,0
20120917,1.05,1.1,1.03,1.1,27300,0
20120918,1.0301,1.0301,1,1.01,47350,0
20120919,1,1.03,1,1.03,6550,0
20120920,1,1.06,0.97,1.04,47605,0
20120921,0.98,1.06,0.97,1,6249,0
20120924,1.03,1.05,1.0201,1.05,10843,0
20120925,1.05,1.05,1.03,1.04,5325,0
20120927,1,1.04,0.98,1,2450,0
20120928,1.03,1.05,1.02,1.05,17100,0
20121001,1,1,0.99,0.99,1063,0
20121002,1.05,1.05,1.03,1.03,2373,0
20121004,0.99,0.99,0.74,0.96,32924,0
20121005,0.96,1.02,0.96,1.0146,14550,0
20121008,0.97,0.9701,0.97,0.9701,2000,0
20121009,0.96,1.025,0.96,1.01,2900,0
20121010,0.99,1.0101,0.99,1.01,1700,0
20121011,1.02,1.0216,1.01,1.01,9930,0
20121012,1.02,1.02,1.01,1.0116,8000,0
20121015,1.01,1.03,0.96,1.03,20586,0
20121016,0.97,1.01,0.95,0.978,18020,0
20121017,0.97,1.02,0.97,0.975,4500,0
20121018,0.95,1.01,0.95,1,22000,0
20121019,0.97,1.03,0.96,0.9601,27008,0
20121022,1,1.03,0.97,0.97,12007,0
20121023,1.03,1.03,1,1.02,2691,0
20121024,0.9601,0.9601,0.95,0.9501,6800,0
20121025,1.0199,1.04,1.0199,1.04,10401,0
20121026,1.02,1.02,0.96,1.02,800,0
20121031,0.9696,1.03,0.9696,0.975,14956,0
20121101,0.962,1,0.962,0.975,3000,0
20121102,0.99,1.0283,0.99,1.0283,595,0
20121105,0.9601,0.9602,0.9601,0.9601,2935,0
20121106,0.9602,1,0.9602,1,1100,0
20121107,1.01,1.02,0.96,0.96,18590,0
20121108,0.97,1.03,0.96,1.03,11460,0
20121109,0.96,0.96,0.96,0.96,3550,0
20121112,0.95,0.96,0.95,0.9563,1618,0
20121113,1.04,1.08,1,1,44816,0
20121114,0.97,0.97,0.92,0.92,38200,0
20121115,0.9351,0.9594,0.93,0.95,1700,0
20121116,0.93,0.93,0.93,0.93,500,0
20121119,0.95,1.01,0.9101,1.01,2046,0
20121120,0.93,0.93,0.93,0.93,200,0
20121121,0.9999,1,0.9559,1,8100,0
20121123,0.95,0.97,0.94,0.95,1900,0
20121126,0.94,1.08,0.94,1.06,65770,0
20121127,1.09,1.1,1,1.06,23184,0
20121128,1.08,1.08,1.04,1.05,6203,0
20121129,1.04,1.08,0.98,1.08,13122,0
20121130,1.09,1.09,1.05,1.051,9646,0
20121203,1.05,1.07,1.05,1.07,2484,0
20121204,0.9728,1.05,0.9728,1.05,1624,0
20121205,1,1,0.96,0.96,3661,0
20121206,1,1,0.9999,0.9999,1300,0
20121210,0.98,0.98,0.95,0.9533,5900,0
20121211,0.94,0.95,0.9,0.93,10731,0
20121212,0.92,1,0.92,1,16651,0
20121213,1.01,1.01,0.96,0.9799,800,0
20121214,0.95,1.01,0.9,1.01,16829,0
20121217,0.94,1.02,0.94,0.975,18138,0
20121218,1.03,1.03,0.95,0.952,20154,0
20121219,0.95,1,0.92,1,7700,0
20121220,0.95,0.987,0.94,0.94,7996,0
20121221,0.9899,0.99,0.96,0.9651,4550,0
20121224,0.9461,1.02,0.9301,1.017,10154,0
20121226,0.95,0.9884,0.95,0.95,16800,0
20121227,0.96,0.9698,0.96,0.9698,2100,0
20121228,0.98,1,0.9601,1,12635,0
20121231,0.96,1.03,0.93,1.0299,23310,0
20130102,0.98,1.04,0.97,1.02,3080,0
20130103,1,1.032,0.93,1.032,22532,0
20130104,1.02,1.04,0.9501,1.02,8900,0
20130107,1,1.04,0.96,1.04,3021,0
20130108,0.9624,0.9624,0.9601,0.9601,600,0
20130109,1.01,1.0101,0.96,0.96,6417,0
20130110,1.04,1.0472,0.9901,1.02,2690,0
20130111,0.9617,0.984,0.961,0.98,7646,0
20130114,0.9801,1,0.98,1,2990,0
20130115,0.99,0.998,0.99,0.998,1000,0
20130116,0.98,1,0.98,0.98,7225,0
20130117,0.94,0.96,0.94,0.96,2700,0
20130118,0.98,0.99,0.98,0.9899,5400,0
20130122,1,1,0.95,0.98,10500,0
20130123,0.99,0.991,0.95,0.95,12685,0
20130124,0.96,1,0.96,1,8000,0
20130125,0.97,1.02,0.95,0.9501,19398,0
20130128,0.95,0.99,0.95,0.99,6675,0
20130129,0.99,0.9901,0.95,0.99,15600,0
20130130,0.95,1.02,0.931,1.02,41550,0
20130131,1,1.012,0.99,1.01,10163,0
20130201,1,1.001,1,1,4300,0
20130204,1.0098,1.0098,0.94,0.94,4382,0
20130205,1,1,0.96,0.96,5664,0
20130206,0.94,0.99,0.94,0.9899,9569,0
20130207,0.95,0.96,0.95,0.95,6550,0
20130208,0.95,0.99,0.95,0.9791,6305,0
20130211,0.99,0.99,0.95,0.95,3000,0
20130212,0.9888,1,0.9888,1,5064,0
20130213,1,1,0.9601,0.987,1400,0
20130215,0.99,1.03,0.99,1,23442,0
20130219,1,1.05,1,1,43858,0
20130220,1.04,1.042,1.01,1.03,11619,0
20130221,1,1.05,1,1,9817,0
20130225,0.9928,1.04,0.9621,1.0299,7840,0
20130226,0.9899,1.1,0.9899,1.08,20156,0
20130227,1.1,1.106,1.08,1.08,18200,0
20130228,1.08,1.0815,1.08,1.08,1227,0
20130301,1.08,1.1,1.08,1.08,9930,0
20130304,1.0899,1.0899,1.0395,1.04,2800,0
20130305,1.03,1.05,0.99,0.99,19492,0
20130306,0.99,1.0499,0.98,1.03,33920,0
20130307,1.05,1.1,1.05,1.05,14790,0
20130308,1.08,1.1,1,1,25089,0
20130311,1.0499,1.09,1.0499,1.05,6299,0
20130312,1.0899,1.09,0.99,1.006,16874,0
20130313,1.09,1.1,1.03,1.05,23300,0
20130314,1.05,1.1,1.04,1.04,10893,0
20130315,1.0816,1.1,1.0816,1.09,4000,0
20130318,1.06,1.15,1.04,1.05,13100,0
20130319,1.05,1.05,1.0499,1.05,2600,0
20130320,1.059,1.0601,1.02,1.0253,7998,0
20130321,1.1,1.15,1.0509,1.14,48804,0
20130322,1.15,1.2,1.15,1.18,49324,0
20130325,1.2,1.2,1.1501,1.1858,23270,0
20130326,1.19,1.2,1.1701,1.1719,1500,0
20130327,1.17,1.19,1.17,1.1801,14700,0
20130328,1.15,1.18,1.1,1.16,3038,0
20130401,1.15,1.17,1.1,1.112,8294,0
20130402,1.11,1.1177,1.06,1.06,8600,0
20130403,1.06,1.1499,1.05,1.05,1119,0
20130404,1.04,1.05,1.02,1.05,15697,0
20130405,1.05,1.055,1.04,1.04,300,0
20130408,1.03,1.15,0.99,1.09,52815,0
20130409,1.03,1.1,1.02,1.0701,15207,0
20130410,1.04,1.1,0.92,1.02,50917,0
20130411,1.07,1.07,1,1.0001,7784,0
20130412,1.04,1.04,1.0197,1.0197,3851,0
20130415,1,1.0199,0.98,0.98,7808,0
20130416,0.99,1.0499,0.98,0.99,4550,0
20130417,1,1.001,0.98,0.99,3195,0
20130418,0.98,1.0199,0.98,1.01,4785,0
20130419,1.01,1.03,1.01,1.03,2965,0
20130422,1.05,1.05,1.03,1.031,5900,0
20130423,0.9801,1.0101,0.98,1.01,4467,0
20130424,0.98,0.99,0.98,0.98,3462,0
20130425,1.02,1.04,1.02,1.02,3600,0
20130426,1.03,1.03,1.03,1.03,2600,0
20130429,1.0301,1.031,1.0301,1.0301,3200,0
20130430,0.99,1.04,0.98,0.99,8800,0
20130501,1.02,1.02,0.98,0.98,9596,0
20130502,1.01,1.03,1.01,1.03,1369,0
20130503,0.99,1.021,0.99,1.02,3554,0
20130506,0.99,0.99,0.98,0.98,5600,0
20130507,0.98,1.0099,0.98,0.98,3200,0
20130508,0.99,1.0025,0.98,0.9901,2750,0
20130509,0.99,0.99,0.98,0.98,8300,0
20130510,0.98,1,0.98,1,1150,0
20130513,1,1.0099,0.99,1,3211,0
20130514,1,1.0006,1,1,2900,0
20130515,1,1.01,1,1.01,4110,0
20130516,1.01,1.02,0.99,0.99,5790,0
20130517,0.9974,1.01,0.932,0.99,36101,0
20130520,1,1.011,0.95,0.9701,15710,0
20130521,0.9701,1.05,0.9701,0.99,9199,0
20130522,1.03,1.06,1.02,1.06,6314,0
20130523,1.06,1.14,1.02,1.03,81838,0
20130524,1.06,1.07,1.05,1.05,10900,0
20130528,1.1,1.15,1.09,1.12,26925,0
20130529,1.15,1.15,1.04,1.07,13253,0
20130530,1.11,1.13,1.1001,1.12,2775,0
20130531,1.1,1.1,1.03,1.03,10484,0
20130603,1.01,1.02,1.01,1.02,11639,0
20130604,1.02,1.1,1,1.1,9621,0
20130605,1.07,1.07,1.03,1.03,400,0
20130606,1.03,1.03,1.03,1.03,3000,0
20130607,1.0001,1.0101,1.0001,1.0101,1100,0
20130610,1.02,1.32,1.01,1.28,398542,0
20130611,1.34,1.5,1.15,1.24,371765,0
20130612,1.16,1.34,1.15,1.23,75901,0
20130613,1.2,1.2,1.15,1.16,27980,0
20130614,1.18,1.1801,1.1,1.1301,27888,0
20130617,1.11,1.241,1.11,1.241,92391,0
20130618,1.18,1.24,1.15,1.23,22827,0
20130619,1.17,1.24,1.17,1.22,27710,0
20130620,1.16,1.16,1.1201,1.1201,2800,0
20130621,1.12,1.13,1.12,1.13,2300,0
20130624,1.14,1.14,1.08,1.08,9500,0
20130625,1.05,1.07,1.02,1.02,20749,0
20130626,1.01,1.05,1.01,1.05,7500,0
20130627,1.07,1.2,1.07,1.1799,18248,0
20130628,1.1505,1.17,1.1505,1.16,10450,0
20130701,1.12,1.17,1.12,1.15,12650,0
20130702,1.15,1.15,1.1199,1.12,1195,0
20130705,1.1,1.12,1.1,1.12,2960,0
20130708,1.12,1.1315,1.1199,1.12,28126,0
20130709,1.1,1.1,1.04,1.08,6799,0
20130710,1.09,1.18,1.06,1.06,7050,0
20130711,1.041,1.17,1.04,1.1358,7623,0
20130712,1.11,1.11,1.11,1.11,100,0
20130715,1.15,1.15,1.1399,1.14,20910,0
20130716,1.1499,1.1499,1.1499,1.1499,1000,0
20130717,1.1501,1.1501,1.1,1.1,12720,0
20130718,1.16,1.16,1.1,1.1,2380,0
20130719,1.13,1.13,1.06,1.06,27576,0
20130722,1.05,1.07,0.98,1.03,49573,0
20130723,1.03,1.06,1.03,1.05,9949,0
20130724,1.05,1.06,1,1.05,7800,0
20130725,1,1.04,1,1.04,16300,0
20130726,1.0101,1.05,1.0101,1.05,3900,0
20130729,1.06,1.06,1,1.01,11470,0
20130730,1.03,1.031,1,1,11730,0
20130731,1,1,1,1,2000,0
20130801,1.01,1.011,0.98,0.985,15630,0
20130802,1.03,1.03,1.01,1.01,8226,0
20130805,1.01,1.1299,1.01,1.05,24451,0
20130806,1.08,1.09,1.06,1.06,18516,0
20130807,1.02,1.06,1.02,1.02,7645,0
20130808,1.05,1.0799,1.047,1.05,14700,0
20130809,1.06,1.079,1.05,1.05,15350,0
20130812,1.05,1.08,1.05,1.06,15520,0
20130813,1.08,1.14,1.08,1.14,53747,0
20130814,1.14,1.15,1.091,1.14,15350,0
20130815,1.11,1.15,1.09,1.1399,19218,0
20130816,1.12,1.29,1.12,1.219,227503,0
20130819,1.25,1.48,1.17,1.2001,547349,0
20130820,1.17,1.2299,1.14,1.16,13072,0
20130821,1.1201,1.15,1.1201,1.15,10205,0
20130822,1.19,1.24,1.15,1.2,46319,0
20130823,1.17,1.21,1.12,1.2,101200,0
20130826,1.15,1.2,1.15,1.19,37992,0
20130827,1.18,1.19,1.15,1.16,19589,0
20130828,1.1501,1.23,1.1501,1.23,18629,0
20130829,1.22,1.23,1.17,1.23,2000,0
20130830,1.2,1.23,1.17,1.219,1103,0
20130903,1.21,1.22,1.16,1.21,18236,0
20130904,1.2,1.22,1.16,1.18,16089,0
20130905,1.19,1.21,1.15,1.21,11700,0
20130906,1.15,1.2,1.15,1.19,7221,0
20130909,1.18,1.23,1.18,1.23,7164,0
20130910,1.25,1.29,1.23,1.23,18301,0
20130911,1.2,1.22,1.19,1.22,1300,0
20130912,1.25,1.25,1.18,1.2,7415,0
20130913,1.2,1.23,1.2,1.2,11175,0
20130916,1.1969,1.2192,1.181,1.21,10181,0
20130917,1.21,1.24,1.18,1.24,7142,0
20130918,1.21,1.22,1.2,1.21,15821,0
20130919,1.23,1.4,1.22,1.34,177066,0
20130920,1.34,1.34,1.2,1.25,33311,0
20130923,1.25,1.3,1.25,1.3,25832,0
20130924,1.3,1.47,1.3,1.35,107800,0
20130925,1.35,1.49,1.34,1.37,256900,0
20130926,1.4,1.45,1.35,1.42,106800,0
20130927,1.45,1.69,1.37,1.4,547600,0
20130930,1.46,1.6,1.41,1.49,97764,0
20131001,1.64,1.64,1.47,1.55,68323,0
20131002,1.59,1.63,1.55,1.56,73194,0
20131003,1.61,1.62,1.55,1.57,54485,0
20131004,1.58,1.58,1.51,1.53,8600,0
20131007,1.51,1.56,1.51,1.51,37437,0
20131008,1.55,1.55,1.38,1.39,75000,0
20131009,1.33,1.39,1.3,1.32,97600,0
20131010,1.32,1.4,1.32,1.37,43600,0
20131011,1.38,1.57,1.38,1.55,67900,0
20131014,1.48,2.25,1.48,2.2,838812,0
20131015,2.2,3.04,2.15,2.81,2075300,0
20131016,2.99,2.99,2.3,2.3,993947,0
20131017,2.34,2.68,2.34,2.65,683200,0
20131018,2.64,2.66,2.36,2.58,306176,0
20131021,2.6,2.83,2.43,2.49,351200,0
20131022,2.55,2.7,2.4,2.58,143589,0
20131023,2.55,2.6,2.41,2.5,111500,0
20131024,2.59,2.83,2.5,2.55,450900,0
20131025,2.59,2.69,2.46,2.5,75600,0
20131028,2.56,2.84,2.5,2.75,478000,0
20131029,2.78,3.45,2.75,3.17,2144900,0
20131030,3.15,3.4,3.02,3.08,837200,0
20131031,3.04,3.04,2.81,2.84,244245,0
20131101,2.89,2.89,2.62,2.73,201900,0
20131104,2.76,2.76,2.54,2.64,204800,0
20131105,2.6,2.79,2.54,2.55,211309,0
20131106,2.57,2.7199,2.1,2.19,299770,0
20131107,2.28,2.28,2.1,2.12,156497,0
20131108,2.11,2.2,2.02,2.13,161000,0
20131111,2.13,2.24,2.04,2.15,118800,0
20131112,2.13,2.48,2.13,2.37,403617,0
20131113,2.76,3.33,2.59,2.69,1388967,0
20131114,2.64,2.82,2.51,2.63,239150,0
20131115,2.68,2.79,2.6,2.67,92100,0
20131118,2.76,2.95,2.62,2.71,377600,0
20131119,2.66,2.75,2.51,2.54,81400,0
20131120,2.52,2.7,2.52,2.65,64213,0
20131121,2.64,2.72,2.56,2.65,62000,0
20131122,2.53,2.7,2.53,2.66,23600,0
20131125,2.74,2.74,2.52,2.63,76500,0
20131126,2.65,2.81,2.65,2.75,109100,0
20131127,2.79,2.9,2.75,2.84,152600,0
20131129,2.87,2.94,2.78,2.84,67131,0
20131202,2.87,2.92,2.81,2.85,26700,0
20131203,2.88,2.9,2.67,2.77,71900,0
20131204,2.78,2.86,2.67,2.79,71094,0
20131205,2.74,2.85,2.65,2.68,95964,0
20131206,2.69,2.83,2.63,2.64,33600,0
20131209,2.69,2.72,2.57,2.61,34600,0
20131210,2.57,2.65,2.55,2.55,59000,0
20131211,2.66,2.66,2.3,2.47,99000,0
20131212,2.42,2.5,2.3,2.31,122100,0
20131213,2.34,2.43,2.21,2.25,125400,0
20131216,2.2,2.27,2.12,2.22,91600,0
20131217,2.18,2.28,2.18,2.25,30676,0
20131218,2.25,2.33,2.2,2.31,39600,0
20131219,2.25,2.44,2.21,2.24,64700,0
20131220,2.33,2.42,2.22,2.29,43600,0
20131223,2.29,2.44,2.22,2.37,73600,0
20131224,2.42,2.45,2.4,2.44,11836,0
20131226,2.52,2.62,2.48,2.57,98900,0
20131227,2.61,2.69,2.54,2.58,110400,0
20131230,2.6,2.75,2.5,2.68,229442,0
20131231,2.64,2.75,2.55,2.56,73037,0
20140102,2.61,2.69,2.51,2.59,119786,0
20140103,2.69,2.69,2.54,2.55,56927,0
20140106,2.61,2.68,2.55,2.56,20600,0
20140107,2.59,2.61,2.55,2.61,31300,0
20140108,2.64,2.79,2.61,2.79,184900,0
20140109,2.82,3.25,2.78,3.15,549900,0
20140110,3.2,3.24,2.79,2.89,209400,0
20140113,2.88,3.03,2.75,2.8,151200,0
20140114,2.76,2.9,2.76,2.83,53000,0
20140115,2.8,2.9,2.7504,2.84,51324,0
20140116,2.77,2.84,2.75,2.84,24500,0
20140117,2.83,2.98,2.76,2.93,96900,0
20140121,2.88,3.08,2.88,2.96,208000,0
20140122,2.9,3.05,2.86,3.03,114400,0
20140123,3.01,3.01,2.88,2.95,82706,0
20140124,2.966,2.966,2.65,2.6899,137311,0
20140127,2.67,2.74,2.62,2.67,50766,0
20140128,2.69,2.85,2.65,2.67,34300,0
20140129,2.72,2.74,2.67,2.73,27700,0
20140130,2.75,2.75,2.65,2.7101,33806,0
20140131,2.8,2.88,2.62,2.73,52400,0
20140203,2.7004,2.7999,2.674,2.72,36617,0
20140204,2.7597,2.78,2.638,2.6799,55400,0
20140205,2.62,2.62,2.37,2.46,174020,0
20140206,2.49,2.6056,2.49,2.53,18727,0
20140207,2.59,2.74,2.58,2.73,55179,0
20140210,2.74,2.89,2.725,2.77,29735,0
20140211,2.76,2.82,2.75,2.75,19412,0
20140212,2.77,2.77,2.7,2.73,35806,0
20140213,2.73,2.74,2.7,2.74,20452,0
20140214,2.67,2.759,2.65,2.68,20477,0
20140218,2.64,2.759,2.618,2.6648,23215,0
20140219,2.62,2.72,2.6,2.67,26127,0
20140220,2.64,2.88,2.64,2.85,156577,0
20140221,2.9,3.0396,2.88,2.98,194438,0
20140224,2.88,3.35,2.88,3.15,493512,0
20140225,4,4.98,3.66,3.9,3124854,0
20140226,3.82,4.2,3.67,4,657244,0
20140227,3.93,4.56,3.801,4.22,570944,0
20140228,4.41,5.37,4.3898,5.18,2209176,0
20140303,5.35,6.22,5.2,6.06,2125433,0
20140304,6.25,6.4,5.55,5.86,1475954,0
20140305,5.75,5.85,4.77,4.8,1184003,0
20140306,4.8,5.28,4.8,4.87,756881,0
20140307,4.91,5.22,4.61,4.83,324960,0
20140310,4.94,5.44,4.68,5.23,760484,0
20140311,5.32,5.95,4.6,4.62,1152996,0
20140312,4.55,4.8799,4.52,4.72,234740,0
20140313,4.72,5,4.3,4.47,426819,0
20140314,4.45,4.5,4.21,4.38,129846,0
20140317,4.3978,4.88,4.354,4.74,381780,0
20140318,4.77,5.44,4.62,5.35,855560,0
20140319,5.4,5.5,4.82,5.01,449813,0
20140320,4.94,5.59,4.88,5.16,605006,0
20140321,5.2,5.329,4.97,5.14,293607,0
20140324,5.21,5.29,4.5,4.68,560890,0
20140325,5.05,5.21,4.75,5.01,620054,0
20140326,5.46,5.73,4.88,4.93,845400,0
20140327,4.94,5.2,4.7,4.95,323600,0
20140328,4.9999,5.05,4.7504,4.85,236566,0
20140331,4.88,5.36,4.88,5.31,534743,0
20140401,5.37,7.29,5.31,6.86,4066316,0
20140402,6.53,6.92,6.25,6.66,1163479,0
20140403,6.6,7.73,6.24,6.46,2244425,0
20140404,6.51,6.8,5.92,5.96,907773,0
20140407,5.85,6.23,5.51,5.91,527824,0
20140408,6.04,6.35,5.87,6.02,380252,0
20140409,6.1,6.29,5.96,6.18,175161,0
20140410,6.15,6.18,5.52,5.55,349955,0
20140411,5.37,5.935,5.35,5.75,273655,0
20140414,5.45,5.5,4.1,4.21,1916262,0
20140415,4.89,5.18,4.59,4.75,2634108,0
20140416,5.14,5.1496,4.54,4.8,794451,0
20140417,4.8,4.82,4.5535,4.73,355449,0
20140421,4.75,5.09,4.66,4.98,558502,0
20140422,4.99,5.68,4.89,5.29,852611,0
20140423,5.27,5.3,5.05,5.17,406179,0
20140424,5.22,5.2799,4.92,5.09,386141,0
20140425,5.01,5.12,4.73,4.88,211018,0
20140428,4.99,5.05,4.6388,4.79,398566,0
20140429,4.78,4.91,4.7035,4.81,124884,0
20140430,4.85,5.0202,4.65,4.73,272663,0
20140501,4.75,4.9799,4.69,4.74,194287,0
20140502,4.67,4.81,4.55,4.62,171453,0
20140505,4.58,4.7386,4.55,4.67,117081,0
20140506,4.81,4.95,4.67,4.79,176454,0
20140507,4.75,4.89,4.61,4.73,104832,0
20140508,4.79,4.95,4.67,4.69,165183,0
20140509,4.61,4.8299,4.57,4.79,140598,0
20140512,4.9,4.917,3.91,4.31,832787,0
20140513,4.165,4.4064,4.11,4.13,163413,0
20140514,4.15,4.28,3.92,3.95,150234,0
20140515,3.97,4.0399,3.77,3.88,148048,0
20140516,3.81,3.889,3.45,3.66,574054,0
20140519,3.66,3.73,3.14,3.15,778965,0
20140520,3.25,3.52,3.16,3.39,445270,0
20140521,3.39,3.7501,3.39,3.43,612593,0
20140522,3.48,3.96,3.44,3.89,472214,0
20140523,3.92,4.392,3.91,4.3,432647,0
20140527,4.34,4.34,3.9301,4.11,281143,0
20140528,4.13,4.13,3.952,3.96,183439,0
20140529,3.96,4.0999,3.81,3.88,178031,0
20140530,3.83,3.99,3.6902,3.73,170729,0
20140602,3.75,4.4,3.75,4.18,627927,0
20140603,4.2,4.2399,3.92,3.96,193030,0
20140604,4.15,4.22,4,4.04,198550,0
20140605,4.1,4.22,3.92,4.06,82165,0
20140606,4.15,4.28,4.03,4.28,148573,0
20140609,4.26,4.74,4.25,4.43,357532,0
20140610,4.48,4.49,4.13,4.35,101400,0
20140611,4.26,4.4,4.22,4.33,126227,0
20140612,4.28,4.49,4.261,4.4,99051,0
20140613,4.37,4.55,4.33,4.53,121655,0
20140616,4.55,4.69,4.53,4.63,112444,0
20140617,4.6,4.9328,4.6,4.8,187471,0
20140618,5.08,5.33,4.901,5.17,721625,0
20140619,5.16,5.25,4.7,5.02,265439,0
20140620,4.99,5.04,4.71,4.73,132673,0
20140623,4.75,4.8,4.56,4.75,124827,0
20140624,4.78,4.93,4.4,4.49,149815,0
20140625,4.45,4.75,4.4001,4.49,187604,0
20140626,4.49,4.7,4.49,4.63,101957,0
20140627,4.63,5.12,4.52,4.63,255378,0
20140630,4.6,4.93,4.58,4.78,111193,0
20140701,4.78,4.85,4.7,4.83,73118,0
20140702,4.8,5.28,4.5,4.98,519300,0
20140703,5.03,5.22,4.9601,4.99,177544,0
20140707,4.99,5.1,4.75,4.8,143894,0
20140708,4.9,4.9,4.56,4.602,114449,0
20140709,4.59,4.6995,4.44,4.48,133999,0
20140710,4.35,4.48,4.2,4.41,203088,0
20140711,4.41,4.5,4.35,4.48,51872,0
20140714,4.49,4.7,4.39,4.49,251813,0
20140715,4.48,4.5999,4.4,4.48,103363,0
20140716,4.78,4.78,4.4625,4.48,145025,0
20140717,4.42,4.74,4.42,4.62,138073,0
20140718,4.62,4.7999,4.62,4.62,47296,0
20140721,4.63,4.8899,4.45,4.84,199341,0
20140722,4.85,5.25,4.81,4.92,438162,0
20140723,5.0799,5.0799,4.76,4.87,106998,0
20140724,4.87,4.9199,4.63,4.69,117736,0
20140725,4.63,4.7,4.54,4.6,72543,0
20140728,4.59,4.6865,4.5,4.54,160601,0
20140729,4.59,4.76,4.52,4.67,55445,0
20140730,4.72,4.75,4.49,4.62,101605,0
20140731,4.53,4.63,4.41,4.51,134639,0
20140801,4.56,4.63,4.32,4.38,95860,0
20140804,4.39,4.59,4.35,4.5,57825,0
20140805,4.45,4.6,4.45,4.51,36312,0
20140806,4.5,4.62,4.45,4.57,55633,0
20140807,4.6,4.62,4.48,4.59,51961,0
20140808,4.58,4.67,4.533,4.57,60321,0
20140811,4.59,4.92,4.59,4.81,152455,0
20140812,4.9,4.9,4.74,4.81,93162,0
20140813,5.15,5.25,4.73,4.75,319111,0
20140814,4.77,4.85,4.59,4.61,97415,0
20140815,4.64,4.7,4.48,4.6,112136,0
20140818,4.64,4.83,4.5501,4.81,123617,0
20140819,4.78,4.91,4.68,4.85,65848,0
20140820,5.37,6.13,5.25,5.33,4282129,0
20140821,5.3,5.3,5,5.15,433041,0
20140822,5.12,5.5,5.08,5.24,564493,0
20140825,5.33,5.67,5.33,5.61,474456,0
20140826,5.7,6.13,5.7,5.84,993987,0
20140827,6.64,6.9,6.32,6.44,1944761,0
20140828,6.36,6.5,6.11,6.4,610378,0
20140829,6.44,6.51,6.18,6.32,318253,0
20140902,6.32,7.3726,6.3,7.23,1262658,0
20140903,7.67,7.78,6.67,6.79,1298551,0
20140904,6.79,7.2,6.04,6.49,848100,0
20140905,6.51,6.78,6.31,6.75,319123,0
20140908,6.65,6.74,6.34,6.55,337560,0
20140909,6.47,6.84,6.08,6.24,604547,0
20140910,6.21,6.4297,5.96,6.29,283603,0
20140911,6.19,6.4996,6.172,6.41,225089,0
20140912,6.41,6.98,6.41,6.88,521094,0
20140915,6.85,6.9575,6.24,6.26,459435,0
20140916,6.19,6.57,6.11,6.46,150189,0
20140917,6.5,7.53,6.5,7.42,1620981,0
20140918,7.45,7.64,6.8,6.93,810547,0
20140919,6.99,7.15,6.6,6.74,386062,0
20140922,6.66,6.7827,6.15,6.32,596376,0
20140923,6.32,7.25,6.32,6.95,1116169,0
20140924,6.93,7.6,6.8301,7.34,1291074,0
20140925,7.32,8.24,7.2801,7.71,2677294,0
20140926,7.66,8.3,7.19,7.27,1661957,0
20140929,7.4,7.85,7.15,7.71,667535,0
20140930,7.75,8.17,7.62,7.94,1201431,0
20141001,8.1,8.1,7.2701,7.39,935247,0
20141002,7.35,7.58,7.0437,7.43,448554,0
20141003,7.53,7.7399,7.3,7.33,318732,0
20141006,7.35,7.51,7.06,7.11,358746,0
20141007,7.05,7.1629,6.66,6.72,442945,0
20141008,6.5,6.97,6.39,6.88,462826,0
20141009,6.8,6.99,6.5,6.59,215629,0
20141010,6.45,6.45,5.9,5.99,680413,0
20141013,5.93,6.1718,5.75,5.77,341913,0
20141014,5.7,5.94,5.5,5.89,192605,0
20141015,5.75,6.01,5.6,5.93,210541,0
20141016,5.8,6.37,5.8,6.32,251976,0
20141017,6.44,6.65,5.99,6.12,178963,0
20141020,6.05,6.73,5.97,6.69,275808,0
20141021,6.72,6.7325,6.4,6.47,154431,0
20141022,6.6499,6.6499,6.07,6.13,227855,0
20141023,6.17,6.52,6.17,6.48,198643,0
20141024,6.44,6.48,6.28,6.28,68842,0
20141027,6.23,6.39,6.071,6.29,142036,0
20141028,6.37,6.6,6.25,6.47,206865,0
20141029,6.5,6.53,6.2299,6.39,110231,0
20141030,6.33,6.39,6.15,6.28,88288,0
20141031,6.47,6.67,6.28,6.47,237478,0
20141103,6.44,6.68,6.392,6.6,175812,0
20141104,6.6,7.1,6.59,6.97,407835,0
20141105,7.09,7.2,6.55,6.67,240891,0
20141106,6.62,6.94,6.55,6.85,122425,0
20141107,6.85,6.8999,6.6,6.8,136362,0
20141110,6.82,6.97,6.69,6.93,165835,0
20141111,6.96,6.9698,6.7,6.79,125030,0
20141112,6.64,6.65,6.11,6.29,619919,0
20141113,6.34,6.3499,5.895,5.94,246676,0
20141114,5.93,6.26,5.85,6.23,109975,0
20141117,6.19,6.33,6,6.07,158795,0
20141118,6.11,6.17,5.95,6.09,93273,0
20141119,6.1,6.25,5.91,6.05,75390,0
20141120,5.98,6.16,5.91,6.08,60795,0
20141121,6.16,6.23,5.96,6.045,69059,0
20141124,6.13,6.16,5.98,6.05,96069,0
20141125,6.06,6.1,5.75,5.88,141149,0
20141126,5.85,5.86,5.6,5.64,151343,0
20141128,5.61,5.66,5.39,5.5,162472,0
20141201,5.46,5.5,5,5.13,289541,0
20141202,5.11,5.37,5.07,5.31,176951,0
20141203,5.31,5.48,5.24,5.33,149127,0
20141204,5.29,5.42,5.2,5.3,133698,0
20141205,5.35,5.39,5.14,5.16,117404,0
20141208,5.12,5.5,5.05,5.3,258529,0
20141209,5.26,5.37,5.04,5.23,107769,0
20141210,5.24,5.44,5.07,5.31,108514,0
20141211,5.38,5.45,5.05,5.06,143763,0
20141212,5.02,5.18,5.01,5.01,102221,0
20141215,5.01,5.01,4.6,4.67,210791,0
20141216,4.67,4.78,4.54,4.54,177078,0
20141217,4.62,5.03,4.62,4.94,127046,0
20141218,5.09,5.34,5.08,5.22,131080,0
20141219,5.18,5.244,5.01,5.09,85980,0
20141222,5.08,5.09,4.85,4.99,71030,0
20141223,4.99,5,4.84,4.89,83555,0
20141224,4.99,5.07,4.8404,5.03,68492,0
20141226,5.05,5.09,4.71,4.92,96328,0
20141229,4.9,5.24,4.81,5.1,80530,0
20141230,5.11,5.14,4.84,4.93,86907,0
20141231,4.98,5.13,4.85,4.97,61571,0
20150102,4.9,5.02,4.85,4.87,63330,0
20150105,4.8,4.95,4.76,4.77,78201,0
20150106,4.73,4.73,4.6,4.62,76209,0
20150107,4.7,4.8,4.57,4.59,75283,0
20150108,4.61,4.69,4.56,4.57,41859,0
20150109,4.58,4.68,4.56,4.59,61570,0
20150112,4.6,4.76,4.6,4.7,22772,0
20150113,4.7,4.81,4.3142,4.45,130504,0
20150114,4.32,4.5679,4.32,4.47,57270,0
20150115,4.46,4.5,4.32,4.36,48126,0
20150116,4.28,4.3073,4.0475,4.15,105339,0
20150120,4.15,4.32,3.95,4.27,118137,0
20150121,4.28,4.42,4.25,4.25,52149,0
20150122,4.27,4.41,4.24,4.4,49264,0
20150123,4.41,4.65,4.34,4.5,72233,0
20150126,4.38,4.62,4.3114,4.6,38564,0
20150127,4.4,4.56,4.24,4.37,68636,0
20150128,4.43,4.4699,4.36,4.37,37449,0
20150129,4.34,4.55,4.34,4.49,43341,0
20150130,4.39,4.53,4.34,4.53,32770,0
20150202,4.54,4.54,4.401,4.51,20265,0
20150203,4.53,4.8591,4.52,4.836,73231,0
20150204,4.86,4.88,4.53,4.61,84111,0
20150205,6,6.49,5.11,5.39,1679622,0
20150206,5.35,5.63,5.18,5.31,173287,0
20150209,5.47,5.47,5.1,5.19,117442,0
20150210,5.3,5.46,5,5.3799,123034,0
20150211,5.4,5.45,5.19,5.34,85781,0
20150212,5.47,5.55,5.33,5.55,155082,0
20150213,5.53,5.73,5.35,5.71,224975,0
20150217,5.74,5.96,5.31,5.53,309055,0
20150218,5.48,5.517,5.35,5.46,59508,0
20150219,5.44,5.5,5.43,5.48,15919,0
20150220,5.49,5.74,5.38,5.38,59767,0
20150223,5.44,5.5599,5.19,5.22,98865,0
20150224,5.25,5.4,5.16,5.16,93243,0
20150225,5.14,5.31,5.1,5.19,53382,0
20150226,5.2,5.37,5.2,5.32,75557,0
20150227,5.32,5.35,5.02,5.09,141755,0
20150302,5.13,5.32,5,5.08,89000,0
20150303,5.08,5.14,5,5.08,25600,0
20150304,5.08,5.21,4.94,5.04,57200,0
20150305,5.06,5.15,4.99,5.07,81300,0
20150306,5.08,5.3,5,5.11,103200,0
20150309,5.15,5.15,4.98,5.04,62100,0
20150310,4.94,4.98,4.54,4.79,154300,0
20150311,4.79,4.84,4.5,4.58,72000,0
20150312,4.56,4.67,4.52,4.54,51200,0
20150313,4.51,4.56,4.45,4.48,44400,0
20150316,4.54,4.67,4.51,4.62,42100,0
20150317,4.63,4.76,4.61,4.74,51400,0
20150318,4.8,5.07,4.71,5.07,101400,0
20150319,5.1,5.46,5,5.31,124000,0
20150320,5.41,5.42,5.2,5.27,68200,0
20150323,5.28,5.4,5.16,5.28,99600,0
20150324,4.75,4.75,4.4,4.48,405700,0
20150325,4.51,4.73,4.05,4.16,306800,0
20150326,4.12,4.14,3.9,3.91,228500,0
20150327,3.82,4.08,3.82,3.89,92500,0
20150330,3.88,3.93,3.68,3.84,119400,0
20150331,3.84,4.12,3.75,4.03,115450,0
20150401,4.01,4.01,3.82,3.95,49900,0
20150402,3.94,3.98,3.9,3.97,42500,0
20150406,3.97,4.06,3.97,4.04,64300,0
20150407,4.09,4.24,4.05,4.2,93289,0
20150408,4.2,4.3,4.19,4.25,101500,0
20150409,4.37,4.574,4.31,4.43,109890,0
20150410,4.5,4.5,4.17,4.29,88800,0
20150413,4.3,4.31,4.17,4.21,69100,0
20150414,4.13,4.25,4.13,4.18,65700,0
20150415,4.16,4.31,4.14,4.28,50498,0
20150416,4.25,4.34,4.18,4.22,59266,0
20150417,4.26,4.26,4.03,4.06,62500,0
20150420,4.05,4.15,4.02,4.13,44750,0
20150421,4.15,4.24,4.02,4.16,50823,0
20150422,4.2,4.3,4.15,4.19,44178,0
20150423,4.21,4.28,4.18,4.24,44500,0
20150424,4.28,4.4,4.2101,4.33,59862,0
20150427,4.38,4.39,4.28,4.3,59100,0
20150428,4.29,4.4,4.2,4.37,31382,0
20150429,4.37,4.39,4.21,4.21,19000,0
20150430,4.2,4.25,4.16,4.17,29200,0
20150501,4.26,4.57,4.23,4.44,143700,0
20150504,4.47,4.63,4.43,4.63,99200,0
20150505,4.54,4.7,4.44,4.63,164800,0
20150506,4.7,4.92,4.47,4.5,78405,0
20150507,4.57,4.57,4.3,4.33,43277,0
20150508,4.3,4.82,4,4.81,299000,0
20150511,4.81,5,4.78,4.98,104800,0
20150512,4.98,4.99,4.79,4.94,98778,0
20150513,4.98,4.99,4.91,4.96,29400,0
20150514,5,5,4.9,4.9,42400,0
20150515,4.94,4.97,4.9,4.91,30153,0
20150518,4.87,4.8799,4.5,4.5,81815,0
20150519,4.6699,4.6699,4.39,4.39,33925,0
20150520,4.39,4.65,4.35,4.64,62500,0
20150521,4.63,4.63,4.41,4.61,43000,0
20150522,4.58,4.64,4.57,4.59,24600,0
20150526,4.63,4.64,4.52,4.55,28711,0
20150527,4.55,4.64,4.48,4.64,29600,0
20150528,4.5776,4.63,4.42,4.577,58787,0
20150529,4.51,4.55,4.41,4.42,19900,0
20150601,4.507,4.509,4.41,4.45,21986,0
20150602,4.4,4.54,4.35,4.51,33328,0
20150603,4.53,4.7,4.47,4.67,61900,0
20150604,4.39,4.66,4.38,4.62,15800,0
20150605,4.59,4.67,4.48,4.59,36300,0
20150608,4.59,4.59,4.48,4.49,12000,0
20150609,4.47,4.54,4.4197,4.52,12483,0
20150610,4.53,4.65,4.43,4.47,25682,0
20150611,4.49,4.51,4.42,4.48,24260,0
20150612,4.5,4.8,4.45,4.58,104500,0
20150615,4.54,4.62,4.45,4.45,45700,0
20150616,4.46,4.5,4.21,4.31,70500,0
20150617,4.3,4.33,4.22,4.31,45700,0
20150618,4.27,4.33,4.24,4.25,33000,0
20150619,4.29,4.29,3.81,4.22,130700,0
20150622,4.2,4.2,4.01,4.05,34400,0
20150623,4.02,4.2,4.02,4.12,56715,0
20150624,4.07,4.2,4.05,4.12,36000,0
20150625,4.08,4.21,4.04,4.06,30800,0
20150626,4.05,4.06,3.85,3.98,92300,0
20150629,3.91,3.91,3.8,3.8,87700,0
20150630,3.79,3.88,3.78,3.85,15502,0
20150701,3.85,3.88,3.6,3.84,33300,0
20150702,3.76,3.76,3.66,3.69,52800,0
20150706,3.67,3.72,3.57,3.66,42400,0
20150707,3.62,3.62,3.21,3.3,207800,0
20150708,3.2,3.2,3.07,3.11,72900,0
20150709,3.37,3.37,3.24,3.3,73000,0
20150710,3.38,3.55,3.3,3.33,55700,0
20150713,3.32,3.43,3.32,3.35,27200,0
20150714,3.32,3.4699,3.25,3.26,24822,0
20150715,3.26,3.279,3.133,3.199,37527,0
20150716,3.29,3.29,3.12,3.15,28100,0
20150717,3.18,3.34,3.16,3.29,40200,0
20150720,3.33,3.33,3.15,3.26,34600,0
20150721,3.23,3.28,3.2,3.23,19000,0
20150722,3.19,3.28,3.11,3.13,42800,0
20150723,3.11,3.2,3.08,3.1,20300,0
20150724,3.1,3.19,3.08,3.09,32700,0
20150727,3.08,3.1,2.95,2.99,52500,0
20150728,3.02,3.02,2.92,2.95,42400,0
20150729,2.97,3.02,2.96,3,54200,0
20150730,3,3.23,3,3.16,65400,0
20150731,3.15,3.19,3.07,3.17,32300,0
20150803,3.17,3.17,2.91,3.06,31854,0
20150804,3.02,3.14,2.91,2.95,58800,0
20150805,2.96,3.04,2.9,2.95,16000,0
20150806,2.96,2.99,2.88,2.89,34264,0
20150807,2.9,3.09,2.86,3.09,57000,0
20150810,3.3,3.3,2.85,2.91,51600,0
20150811,2.92,2.92,2.66,2.76,72565,0
20150812,2.82,2.95,2.69,2.87,45500,0
20150813,2.86,2.87,2.73,2.73,17000,0
20150814,2.7,2.79,2.67,2.73,11500,0
20150817,2.79,2.92,2.76,2.9,25700,0
20150818,2.82,2.84,2.72,2.75,31800,0
20150819,2.72,2.77,2.65,2.65,85600,0
20150820,2.69,2.71,2.61,2.64,25200,0
20150821,2.61,2.61,2.11,2.25,214300,0
20150824,2.23,2.23,2.01,2.16,95501,0
20150825,2.22,2.22,2.11,2.18,49300,0
20150826,2.18,2.21,2.06,2.18,42100,0
20150827,2.19,2.27,2.11,2.19,93800,0
20150828,2.18,2.25,2.1,2.18,73700,0
20150831,2.23,2.23,2.18,2.19,32600,0
20150901,2.15,2.2,2.15,2.19,28100,0
20150902,2.15,2.2,2.08,2.18,46100,0
20150903,2.17,2.21,2.15,2.15,36800,0
20150904,2.15,2.2,2.05,2.18,27200,0
20150908,2.18,2.32,2.18,2.25,56900,0
20150909,2.3,2.35,2.3,2.34,37000,0
20150910,2.31,2.5,2.31,2.44,31649,0
20150911,2.47,2.47,2.25,2.25,46700,0
20150914,2.27,2.28,2.2,2.26,22000,0
20150915,2.28,2.36,2.16,2.36,20600,0
20150916,2.37,2.49,2.34,2.49,40100,0
20150917,2.4499,2.551,2.44,2.52,20666,0
20150918,2.52,2.52,2.38,2.43,11300,0
20150921,2.4,2.55,2.37,2.45,26800,0
20150922,2.47,2.47,2.35,2.39,9900,0
20150923,2.31,2.38,2.25,2.35,14635,0
20150924,2.43,2.45,2.1,2.33,48448,0
20150925,2.32,2.44,2.26,2.26,17400,0
20150928,2.34,2.43,2.1801,2.19,40305,0
20150929,2.36,2.44,2.21,2.26,59200,0
20150930,2.35,2.35,2.26,2.26,3000,0
20151001,2.29,2.32,2.26,2.29,1100,0
20151002,2.28,2.42,2.26,2.42,22000,0
20151005,2.44,2.52,2.41,2.48,47210,0
20151006,2.49,2.63,2.49,2.63,47300,0
20151007,2.65,2.66,2.57,2.57,15300,0
20151008,2.53,2.68,2.52,2.66,24700,0
20151009,2.72,2.79,2.66,2.77,60700,0
20151012,2.75,2.75,2.66,2.71,36618,0
20151013,2.68,2.68,2.58,2.61,21100,0
20151014,2.65,2.74,2.55,2.59,34700,0
20151015,2.64,2.64,2.57,2.63,13300,0
20151016,2.7,2.7,2.6,2.64,27400,0
20151019,2.62,2.68,2.5,2.53,41155,0
20151020,2.53,2.64,2.51,2.62,20400,0
20151021,2.67,2.74,2.63,2.69,31200,0
20151022,2.67,2.81,2.64,2.7,34900,0
20151023,2.73,2.74,2.67,2.71,17900,0
20151026,2.76,2.85,2.7,2.75,62300,0
20151027,2.75,2.75,2.62,2.68,30800,0
20151028,2.86,2.86,2.7,2.75,11800,0
20151029,2.75,2.75,2.66,2.67,39000,0
20151030,2.71,2.74,2.63,2.74,13400,0
20151102,2.75,2.93,2.7206,2.9,60372,0
20151103,2.81,2.83,2.76,2.77,40100,0
20151104,2.75,2.77,2.71,2.73,16455,0
20151105,2.74,2.75,2.65,2.75,85200,0
20151106,2.75,2.98,2.68,2.93,103900,0
20151109,2.93,3,2.8,2.91,85190,0
20151110,2.86,2.9,2.72,2.81,64600,0
20151111,2.77,2.77,2.67,2.68,35800,0
20151112,2.3,2.45,2.26,2.29,299400,0
20151113,2.21,2.34,2.21,2.26,44200,0
20151116,2.22,2.36,2.2,2.26,90300,0
20151117,2.24,2.26,2.11,2.13,113000,0
20151118,2.13,2.25,2.13,2.2,26400,0
20151119,2.25,2.26,2.22,2.24,53300,0
20151120,2.23,2.26,2.18,2.22,63600,0
20151123,2.24,2.25,2.17,2.25,47000,0
20151124,2.25,2.37,2.18,2.31,49400,0
20151125,2.34,2.38,2.27,2.34,29500,0
20151127,3.42,3.55,2.8,2.88,710400,0
20151130,3,3.15,2.7,2.9,322900,0
20151201,2.89,2.9623,2.7,2.94,190084,0
20151202,2.94,2.94,2.78,2.81,140574,0
20151203,2.84,3.4,2.83,3.38,511771,0
20151204,3.36,3.38,3.11,3.38,177900,0
20151207,3.35,3.47,3.14,3.47,181200,0
20151208,3.34,3.46,3.12,3.42,135963,0
20151209,3.38,3.64,3.38,3.5,173700,0
20151210,3.48,3.48,3.25,3.32,175600,0
20151211,3.21,3.31,2.9,3.07,187100,0
20151214,3.01,3.18,3.01,3.18,56007,0
20151215,3.13,3.3,3.02,3.2,134700,0
20151216,3.16,3.25,3.07,3.16,140400,0
20151217,3.19,3.26,3.1,3.17,41400,0
20151218,3.15,3.19,2.62,2.92,350000,0
20151221,2.94,3.14,2.81,3.04,86300,0
20151222,3.01,3.1199,2.91,2.96,101764,0
20151223,2.94,3.15,2.94,3.07,49500,0
20151224,3.15,3.16,2.96,3.03,51798,0
20151228,3.08,3.099,2.87,3.08,45360,0
20151229,3.12,3.19,3.08,3.09,51772,0
20151230,3.04,3.15,2.71,2.98,164497,0
20151231,3.018,3.1,2.829,3,74617,0
20160104,2.97,3.0497,2.86,3.03,50761,0
20160105,3.04,3.12,2.95,3.09,77250,0
20160106,3.01,3.1,2.83,2.84,110796,0
20160107,2.921,2.921,2.714,2.88,91373,0
20160108,3.04,3.07,2.7301,2.869,63771,0
20160111,2.83,2.9568,2.234,2.67,275672,0
20160112,2.76,2.77,2.1,2.3699,339470,0
20160113,2.34,2.4299,2.19,2.28,16217,0
20160114,2.4,2.4,2.146,2.3,83303,0
20160115,2.25,2.25,2.06,2.18,77872,0
20160119,2.13,2.22,2.01,2.01,75000,0
20160120,2.01,2.1,1.92,2.07,56730,0
20160121,2.06,2.26,2.03,2.19,23791,0
20160122,2.22,2.35,2.1201,2.21,12476,0
20160125,2.19,2.27,2.04,2.07,53276,0
20160126,2.11,2.12,2.04,2.11,19672,0
20160127,2.11,2.29,2.1016,2.12,22861,0
20160128,2.18,2.2318,2.1,2.13,23680,0
20160129,2.16,2.24,2.0901,2.1321,20263,0
20160201,2.06,2.15,2.06,2.08,50667,0
20160202,2.05,2.1699,2.05,2.1,7904,0
20160203,2.152,2.19,2.03,2.15,37081,0
20160204,2.15,2.27,2.15,2.22,22247,0
20160205,2.28,2.29,2.15,2.15,19204,0
20160208,2.14,2.19,2.06,2.12,68282,0
20160209,2.06,2.12,1.65,1.89,252572,0
20160210,1.95,2.085,1.89,1.94,49343,0
20160211,1.94,2.05,1.84,2.05,34945,0
20160212,1.97,2.11,1.911,2.06,34222,0
20160216,2.08,2.22,2.0211,2.12,34783,0
20160217,2.3,2.3,2.06,2.2,26043,0
20160218,2.18,2.2691,2.15,2.15,18281,0
20160219,2.12,2.23,2.0501,2.22,7600,0
20160222,2.23,2.34,2.11,2.29,63951,0
20160223,2.29,2.31,2.2244,2.24,11698,0
20160224,2.2,2.24,2.13,2.24,5220,0
20160225,2.27,2.4,2.13,2.36,43284,0
20160226,2.37,2.47,2.36,2.39,15260,0
20160229,2.41,2.41,2.3,2.31,24355,0
20160301,2.32,2.4306,2.32,2.34,19451,0
20160302,2.29,2.3906,2.23,2.28,28310,0
20160303,2.24,2.4099,2.21,2.22,42237,0
20160304,2.22,2.2901,2.2,2.22,29588,0
20160307,2.19,2.3799,2.19,2.33,36808,0
20160308,2.32,2.4316,2.2,2.2,12264,0
20160309,2.37,2.379,2.2,2.21,18944,0
20160310,2.19,2.34,2.19,2.25,31534,0
20160311,2.26,2.36,2.2,2.257,68065,0
20160314,2.23,2.4,2.2103,2.3883,111112,0
20160315,2.38,2.38,2.28,2.31,28533,0
20160316,2.25,2.44,2.22,2.35,41699,0
20160317,2.39,2.4,2.36,2.39,18220,0
20160318,2.38,2.4,2.3501,2.37,15305,0
20160321,2.33,2.45,2.31,2.31,16371,0
20160322,2.32,2.45,2.31,2.36,12128,0
20160323,2.345,2.43,2.3201,2.3868,25533,0
20160324,2.35,2.35,1.86,1.95,283083,0
20160328,1.99,2.05,1.95,2.04,50413,0
20160329,2.05,2.05,1.97,2.02,29510,0
20160330,2,2.05,1.96,1.96,29456,0
20160331,1.95,1.95,1.74,1.87,48852,0
20160401,1.86,1.909,1.72,1.81,63111,0
20160404,1.82,1.85,1.7,1.72,41196,0
20160405,1.73,1.75,1.65,1.73,21819,0
20160406,1.75,1.9799,1.75,1.83,66768,0
20160407,1.81,2.03,1.81,1.96,53033,0
20160408,1.95,2.08,1.92,2.08,54837,0
20160411,2.08,2.09,1.93,1.96,35622,0
20160412,2.21,3.07,2.21,2.35,4841172,0
20160413,2.32,2.37,2.13,2.25,404222,0
20160414,2.23,2.37,2.21,2.34,299391,0
20160415,2.35,2.37,2.22,2.35,91631,0
20160418,2.35,2.35,2.205,2.26,85005,0
20160419,2.25,2.27,2.1602,2.2101,115286,0
20160420,2.2,2.25,2.14,2.21,109284,0
20160421,2.18,2.25,2.12,2.12,95125,0
20160422,2.15,2.185,2.06,2.06,46383,0
20160425,2.1,2.15,2.0501,2.13,27108,0
20160426,2.12,2.12,2.03,2.07,28766,0
20160427,2.04,2.04,2,2.01,117790,0
20160428,2,2.07,1.92,2.01,70882,0
20160429,2,2.02,1.95,1.99,114477,0
20160502,1.97,1.9799,1.78,1.8,101771,0
20160503,1.78,1.97,1.78,1.85,100800,0
20160504,1.83,1.92,1.82,1.85,44982,0
20160505,1.85,1.97,1.85,1.94,33101,0
20160506,1.89,2,1.84,1.85,37093,0
20160509,1.84,1.92,1.77,1.85,55738,0
20160510,1.84,1.96,1.81,1.95,36750,0
20160511,1.94,1.94,1.81,1.85,17549,0
20160512,1.8343,1.9,1.8,1.87,31477,0
20160513,1.89,1.995,1.8,1.82,44676,0
20160516,1.83,1.91,1.8119,1.86,13240,0
20160517,1.87,1.95,1.87,1.88,16108,0
20160518,1.9,1.9,1.83,1.86,4125,0
20160519,1.8201,1.9,1.8201,1.85,3788,0
20160520,1.86,1.89,1.8401,1.89,5542,0
20160523,1.86,1.89,1.8401,1.85,9653,0
20160524,1.88,1.88,1.84,1.86,1851,0
20160525,1.85,1.87,1.82,1.87,16165,0
20160526,1.87,1.88,1.83,1.87,8793,0
20160527,1.87,1.9,1.85,1.85,12212,0
20160531,1.86,1.95,1.82,1.89,63038,0
20160601,1.93,1.93,1.85,1.86,12429,0
20160602,1.86,1.94,1.86,1.87,8891,0
20160603,1.9,1.92,1.85,1.9,24932,0
20160606,1.87,1.94,1.85,1.93,30433,0
20160607,1.88,2.1,1.88,2.05,151666,0
20160608,2.05,2.05,1.9,1.99,19003,0
20160609,1.95,2,1.89,1.93,10189,0
20160610,1.95,2.02,1.862,2.02,21924,0
20160613,2,2.0093,1.88,1.89,36593,0
20160614,2.0188,2.0188,1.83,1.84,21580,0
20160615,1.83,1.91,1.83,1.85,6659,0
20160616,1.87,1.94,1.85,1.9,13809,0
20160617,1.83,1.9488,1.8,1.92,10662,0
20160620,1.95,1.95,1.83,1.9,9421,0
20160621,1.8201,1.92,1.82,1.85,21716,0
20160622,1.88,1.88,1.79,1.84,9230,0
20160623,1.859,1.91,1.83,1.89,16686,0
20160624,1.78,1.87,1.78,1.8604,22546,0
20160627,1.87,1.89,1.74,1.88,95853,0
20160628,1.88,1.94,1.7901,1.88,43931,0
20160629,1.93,1.98,1.78,1.88,17824,0
20160630,1.85,1.92,1.8349,1.92,25003,0
20160701,1.97,1.97,1.8701,1.93,41395,0
20160705,1.9799,1.98,1.84,1.89,41317,0
20160706,1.86,1.89,1.84,1.85,28212,0
20160707,1.88,1.89,1.81,1.81,18766,0
20160708,1.84,1.97,1.78,1.89,111325,0
20160711,1.95,1.97,1.9,1.95,49750,0
20160712,1.94,2.05,1.94,2.02,69655,0
20160713,2.05,2.14,2.05,2.07,75637,0
20160714,2.1,2.25,2.1,2.2,158104,0
20160715,2.22,2.25,2.21,2.24,37642,0
20160718,2.27,2.29,2.1,2.21,64088,0
20160719,2.17,2.19,2.12,2.15,17204,0
20160720,2.15,2.19,2.11,2.13,20567,0
20160721,2.18,2.19,2.05,2.15,16586,0
20160722,2.17,2.19,2.0391,2.14,17379,0
20160725,2.13,2.15,2.0501,2.1,42694,0
20160726,2.11,2.14,2.058,2.07,16983,0
20160727,2.04,2.11,2,2.05,39834,0
20160728,2.05,2.09,2.01,2.01,26232,0
20160729,2.09,2.15,2.02,2.05,55495,0
20160801,2.03,2.1777,2.01,2.13,88757,0
20160802,2.16,2.16,2.09,2.13,11067,0
20160803,2.12,2.15,2.07,2.14,30998,0
20160804,2.15,2.15,2.1,2.13,10992,0
20160805,2.17,2.2,2.11,2.12,54687,0
20160808,2.15,2.15,2.09,2.1395,15390,0
20160809,2.15,2.15,2.1,2.15,21409,0
20160810,2.06,2.15,2.05,2.08,16801,0
20160811,2.09,2.11,2.08,2.1,26046,0
20160812,2.24,2.35,2.2,2.21,111081,0
20160815,2.25,2.44,2.22,2.31,23470,0
20160816,2.31,2.31,2.228,2.249,22193,0
20160817,2.22,2.3,2.19,2.25,17261,0
20160818,2.25,2.25,2.1677,2.175,7110,0
20160819,2.21,2.21,1.876,2.19,16734,0
20160822,2.17,2.2401,2.12,2.23,17088,0
20160823,2.28,2.39,2.2789,2.33,68024,0
20160824,2.34,2.38,2.27,2.32,22803,0
20160825,2.29,2.315,2.22,2.22,8070,0
20160826,2.3,2.3,2.251,2.27,3290,0
20160829,2.3,2.4,2.27,2.32,101360,0
20160830,2.33,2.54,2.32,2.41,146770,0
20160831,2.41,2.41,2.32,2.376,43112,0
20160901,2.39,3.2,2.2534,2.83,2830780,0
20160902,2.64,3.64,2.64,2.83,2496260,0
20160906,2.8,3.05,2.8,2.95,341773,0
20160907,2.95,3.0199,2.9,2.94,136874,0
20160908,2.94,2.94,2.76,2.82,109619,0
20160909,2.82,2.87,2.7316,2.75,64597,0
20160912,2.7,2.81,2.7,2.76,49354,0
20160913,2.77,2.8,2.7,2.7,34379,0
20160914,2.71,2.74,2.66,2.7146,30430,0
20160915,2.71,2.84,2.706,2.81,32657,0
20160916,2.82,2.85,2.75,2.7865,56318,0
20160919,2.79,3.2,2.79,3.14,804526,0
20160920,3.14,3.17,2.93,2.95,108008,0
20160921,3,3,2.81,2.99,69112,0
20160922,2.96,3.089,2.9,3.04,61457,0
20160923,3.03,3.12,3.0001,3.08,66058,0
20160926,3.08,3.08,2.97,3.03,38420,0
20160927,3.07,3.16,3.06,3.15,57337,0
20160928,3.15,3.2785,3.0501,3.19,112876,0
20160929,3.23,3.25,3.1309,3.17,37641,0
20160930,3.15,3.15,2.89,2.89,199947,0
20161003,2.84,2.93,2.75,2.77,45785,0
20161004,2.81,2.92,2.77,2.8899,28655,0
20161005,2.9,2.95,2.8,2.81,22108,0
20161006,2.8,2.91,2.8,2.9099,9594,0
20161007,2.87,2.98,2.75,2.78,40629,0
20161010,2.78,2.99,2.78,2.86,92494,0
20161011,2.85,2.94,2.7,2.79,39219,0
20161012,2.8,2.86,2.6,2.83,144171,0
20161013,2.83,2.83,2.71,2.73,77120,0
20161014,2.76,2.86,2.56,2.625,119195,0
20161017,2.65,2.7,2.5,2.7,69613,0
20161018,2.75,2.8,2.655,2.8,15551,0
20161019,2.75,2.85,2.75,2.8,10585,0
20161020,2.75,2.9,2.75,2.85,8212,0
20161021,2.85,2.9,2.85,2.9,17050,0
20161024,2.9,2.9,2.755,2.85,26017,0
20161025,2.85,2.9,2.8,2.8092,35608,0
20161026,2.8,2.9,2.755,2.8,14888,0
20161027,2.8,2.9,2.7,2.85,35486,0
20161028,2.8,2.9,2.65,2.8,112622,0
20161031,2.75,2.9,2.75,2.9,33171,0
20161101,2.9,2.95,2.8,2.8,61043,0
20161102,2.8,2.9,2.35,2.65,173015,0
20161103,2.65,2.769,2.6,2.6,36761,0
20161104,2.55,2.75,2.5,2.595,61761,0
20161107,2.55,2.7,2.55,2.7,22090,0
20161108,2.65,2.85,2.65,2.75,27847,0
20161109,2.65,2.8,2.65,2.8,78297,0
20161110,3,3.14,2.7,2.75,164570,0
20161111,2.75,2.9,2.7,2.8,34675,0
20161114,2.85,2.85,2.65,2.7,39251,0
20161115,2.6,2.7,2.55,2.55,77653,0
20161116,2.6,2.7,2.6,2.7,62852,0
20161117,2.7,2.85,2.7,2.85,58273,0
20161118,2.9,2.9,2.75,2.75,41586,0
20161121,2.8,2.85,2.7,2.8,29338,0
20161122,2.85,2.85,2.705,2.795,24985,0
20161123,2.85,2.85,2.65,2.8,82794,0
20161125,2.8,2.8,2.7,2.8,4737,0
20161128,2.75,3.1,2.75,2.9,226736,0
20161129,2.95,2.9627,2.7,2.75,91623,0
20161130,2.8,2.9,2.7,2.75,30135,0
20161201,2.8,2.8922,2.65,2.7,34212,0
20161202,2.7,2.85,2.65,2.65,21281,0
20161205,2.65,2.8922,2.6,2.65,43295,0
20161206,2.65,2.845,2.65,2.7,27748,0
20161207,2.65,2.8,2.65,2.7,7992,0
20161208,2.7,2.75,2.65,2.65,15552,0
20161209,2.75,2.75,2.65,2.65,25527,0
20161212,2.65,2.7,2.6,2.6,22525,0
20161213,2.7,2.7,2.6,2.7,14644,0
20161214,2.605,2.7,2.55,2.65,36514,0
20161215,2.65,2.65,2.5,2.5,126372,0
20161216,2.45,2.5,2.35,2.45,97257,0
20161219,2.4,2.45,2.35,2.4,34964,0
20161220,2.4,2.4,2.3,2.325,32694,0
20161221,2.3,2.4,2.3,2.325,2604,0
20161222,2.3,2.35,2.3,2.3,12920,0
20161223,2.3,2.5,2.3,2.5,125248,0
20161227,2.5,2.5,2.2887,2.3,51227,0
20161228,2.35,2.4,2.3,2.3,35111,0
20161229,2.25,2.35,2.25,2.25,14291,0
20161230,2.3,2.35,2.25,2.35,61631,0
20170103,2.3,2.4,2.2,2.2,54257,0
20170104,2.2,2.3,2.15,2.15,25141,0
20170105,2.2,2.4,2.15,2.15,63098,0
20170106,2.25,2.25,2.15,2.15,31421,0
20170109,2.15,2.35,2.15,2.25,16143,0
20170110,2.3,2.35,2.2083,2.35,14407,0
20170111,2.3,2.35,2.255,2.295,12092,0
20170112,2.3,2.3,2.2,2.3,9522,0
20170113,2.35,2.35,2.2,2.3,21446,0
20170117,2.25,2.35,2.2,2.2345,30951,0
20170118,2.15,2.1823,2.05,2.1,39952,0
20170119,2.15,2.2,2,2.15,47556,0
20170120,2.15,2.35,2.05,2.3,66060,0
20170123,2.3,2.35,2.2,2.3,30250,0
20170124,2.25,2.3,2.2,2.3,17420,0
20170125,2.3,2.3,2.1,2.3,56842,0
20170126,2.3,2.3,2.2655,2.3,8066,0
20170127,2.3,2.3,2.2,2.3,9232,0
20170130,2.25,2.3,2.15,2.3,24229,0
20170131,2.25,2.25,2.155,2.2,24791,0
20170201,2.2,2.25,2.15,2.2,11935,0
20170202,2.2,2.3,2.2,2.2,10977,0
20170203,2.25,2.4,2.25,2.3,78402,0
20170206,2.2584,2.3,2.2,2.2,20372,0
20170207,2.2,2.2,2.1,2.15,44285,0
20170208,2.15,2.15,2.1,2.1,26000,0
20170209,2.15,2.15,2.1,2.1,13389,0
20170210,2.15,2.2,2.1,2.2,24003,0
20170213,2.2,2.45,2.175,2.45,64621,0
20170214,2.45,2.45,2.35,2.35,64068,0
20170215,2.4,2.4,2.35,2.35,66230,0
20170216,2.4,2.4,2.25,2.35,40153,0
20170217,2.3,2.4,2.3,2.345,85117,0
20170221,2.35,2.4,2.3,2.4,70903,0
20170222,2.4,2.5,2.355,2.5,48603,0
20170223,2.5,2.5,2.405,2.45,17836,0
20170224,2.4,2.5,2.4,2.4,15551,0
20170227,2.4,2.5,2.4,2.425,9788,0
20170228,2.45,2.45,2.4,2.45,18654,0
20170301,2.5,2.5,2.4,2.425,9275,0
20170302,2.4,2.45,2.4,2.425,8285,0
20170303,2.4,2.5,2.4,2.45,43240,0
20170306,2.45,2.5,2.45,2.5,35313,0
20170307,2.8,3.05,2.5,2.65,656023,0
20170308,2.55,2.645,2.55,2.6,67361,0
20170309,2.6,2.75,2.55,2.7,46378,0
20170310,2.7,2.75,2.6,2.65,31072,0
20170313,2.7,2.8,2.6748,2.775,36638,0
20170314,2.8,3.2,2.75,3.15,475689,0
20170315,3.2,3.5,3.15,3.45,343501,0
20170316,3.45,4,3.45,3.75,443836,0
20170317,3.8,3.8,3.3,3.65,233879,0
20170320,3.9,3.9,3.7,3.7,107863,0
20170321,3.75,3.8,3.45,3.65,333008,0
20170322,3.65,3.7,3.4673,3.7,122451,0
20170323,3.65,3.7,3.55,3.595,56641,0
20170324,3.55,3.6,3.45,3.55,86540,0
20170327,3.6,3.75,3.45,3.75,120071,0
20170328,4.1,4.95,3.95,4.9,819524,0
20170329,4.45,4.653,4,4.15,593052,0
20170330,4.15,4.3,3.9,4.1,321134,0
20170331,3.95,4.05,3.95,3.95,96650,0
20170403,4.05,4.4,4,4.35,284754,0
20170404,4.4,4.4,4.05,4.1,112169,0
20170405,4.1,4.3,4.055,4.2,101981,0
20170406,4.2,4.9,4.05,4.8,574885,0
20170407,4.8,4.8,4.6,4.7,224098,0
20170410,4.7,5.35,4.6096,5.25,861039,0
20170411,5.25,5.4,4.9,5,473613,0
20170412,5.05,5.1,4.8,4.9,173148,0
20170413,4.85,5,4.8,4.85,101876,0
20170417,4.8,5.15,4.63,5.15,238515,0
20170418,5.15,5.8,5.1,5.6,507544,0
20170419,5.65,5.9,5.3,5.6,341414,0
20170420,5.55,5.7,5.4,5.45,140808,0
20170421,5.35,5.45,5.3,5.35,104209,0
20170424,5.35,5.3947,5.1808,5.25,227874,0
20170425,5.2,5.6,5.1605,5.3,201706,0
20170426,5.3,5.45,5,5.15,195483,0
20170427,5.1,5.25,5,5.2,90993,0
20170428,5.25,5.25,5,5,108090,0
20170501,4.9,5.05,4.3058,4.55,692288,0
20170502,4.5,4.75,4.4,4.7,88599,0
20170503,4.7,4.95,4.6,4.85,132200,0
20170504,4.9,4.95,4.7,4.9,128231,0
20170505,4.75,5,4.75,4.95,105067,0
20170508,5,5,4.65,4.65,106343,0
20170509,4.65,4.95,4.55,4.85,125440,0
20170510,5.2,5.7,4.9,5.05,827313,0
20170511,5.05,5.45,4.9,5.35,270981,0
20170512,5.35,5.7,5.25,5.65,421321,0
20170515,6,6,5.6,5.7,700637,0
20170516,5.75,5.75,4.9,5,1036435,0
20170517,5,5.2,4.9,4.95,239128,0
20170518,4.9,4.95,4.555,4.95,341924,0
20170519,5,5.1,4.2,4.45,940151,0
20170522,4.45,4.6,4.15,4.45,189488,0
20170523,4.45,4.55,4.35,4.5,88579,0
20170524,4.55,4.7,4.325,4.45,139835,0
20170525,4.45,4.505,4.35,4.4,79392,0
20170526,4.35,4.7,4.35,4.55,85447,0
20170530,4.6,4.85,4.55,4.8,103661,0
20170531,4.85,4.85,4.575,4.7,86715,0
20170601,4.8,5.05,4.575,4.8,242028,0
20170602,4.75,5.05,4.75,5,209491,0
20170605,5.05,5.4,4.85,5,406630,0
20170606,5.05,5.25,4.874,5,162882,0
20170607,5,5,4.75,4.85,123403,0
20170608,4.8,4.85,4.75,4.85,63299,0
20170609,4.8,4.9,4.65,4.75,230735,0
20170612,4.7,4.8,4.7,4.75,131626,0
20170613,4.7,4.8,4.6,4.65,137996,0
20170614,4.6,4.7,3.5,3.75,846482,0
20170615,3.75,4.15,3.75,4,216353,0
20170616,4,4.25,4,4,225828,0
20170619,4,4,3.6,3.85,184968,0
20170620,3.7,3.95,3.7,3.85,57317,0
20170621,3.8,3.9,3.75,3.85,52016,0
20170622,3.85,3.95,3.8,3.9,58938,0
20170623,3.85,4,3.85,3.9,34203,0
20170626,3.9,4,3.75,3.75,83990,0
20170627,3.85,4,3.6289,3.75,51530,0
20170628,3.75,3.8,3.75,3.8,48286,0
20170629,3.75,3.85,3.6,3.6,64261,0
20170630,3.65,3.75,3.6,3.65,32524,0
20170703,3.65,3.75,3.65,3.75,19680,0
20170705,3.7,3.75,3.6,3.65,31368,0
20170706,3.6,3.65,3.15,3.25,299116,0
20170707,3.25,3.45,3.25,3.35,94613,0
20170710,3.35,3.6,3.35,3.6,71526,0
20170711,3.55,3.65,3.55,3.55,46428,0
20170712,3.55,3.6,3.35,3.5329,89578,0
20170713,3.45,3.5,3.35,3.45,51827,0
20170714,3.7,3.85,3.45,3.85,179340,0
20170717,3.75,4.15,3.75,4.05,208578,0
20170718,4.1,4.2,3.9,4.15,56338,0
20170719,4.2,4.3,4.05,4.05,133136,0
20170720,4.65,4.8,4.405,4.65,505651,0
20170721,4.7,4.75,4.35,4.45,184990,0
20170724,4.45,4.6,4.35,4.564,70679,0
20170725,4.6,4.95,4.6,4.75,181700,0
20170726,4.85,4.95,4.75,4.85,181501,0
20170727,4.85,4.85,4.6,4.75,91764,0
20170728,4.7,4.95,4.7,4.95,103825,0
20170731,4.95,4.95,4.8,4.9,92633,0
20170801,4.95,4.95,4.8,4.9,40653,0
