Date,Open,High,Low,Close,Volume,OpenInt
20141105,9.5,11.39,9.4,10.06,316064,0
20141106,10.49,10.61,10.17,10.46,144825,0
20141107,10.8,10.818,9.74,9.96,219463,0
20141110,9.87,10.5,9.86,10.14,134640,0
20141111,10.3,10.49,10.12,10.16,131543,0
20141112,10.2,10.25,9.85,10.03,126778,0
20141113,9.98,10.2,9.91,10,84988,0
20141114,10.3,10.34,9.96,10.04,113582,0
20141117,10.04,10.45,9.975,10.32,185389,0
20141118,10.41,10.75,10.4,10.64,135634,0
20141119,10.35,11,10.35,10.8,168115,0
20141120,10.72,10.95,10.58,10.7,76791,0
20141121,10.62,10.91,10.51,10.74,238251,0
20141124,10.82,10.99,10.38,10.93,172590,0
20141125,10.95,11,10.52,10.76,164545,0
20141126,10.65,11.03,10.65,11,285200,0
20141128,11.01,11.14,11,11,25476,0
20141201,11,11.04,10.5,10.59,188169,0
20141202,10.64,10.9,10,10.21,107233,0
20141203,9.93,10.47,9.26,9.65,177180,0
20141204,9.75,10.16,9.515,9.79,173385,0
20141205,9.72,9.92,9.65,9.92,147668,0
20141208,9.95,11.15,9.78,11.1,211539,0
20141209,10.95,11.14,10.95,11.06,125676,0
20141210,11,11.12,11,11,95965,0
20141211,11,11.08,11,11.04,132435,0
20141212,10.84,11.12,10.84,11.03,143143,0
20141215,11,11.122,11,11.03,80960,0
20141216,11,11.14,10.78,11.02,168336,0
20141217,11,11.74,10.84,11.68,185127,0
20141218,11.75,12.021,11.29,11.88,85081,0
20141219,11.84,11.97,11.36,11.82,193032,0
20141222,11.9,11.9,11.205,11.42,46578,0
20141223,11.4,11.4,11.14,11.4,55622,0
20141224,11.2,11.47,11.175,11.46,28535,0
20141226,11.46,12.02,11.46,12,23847,0
20141229,11.48,12.16,11.48,12.01,44056,0
20141230,11.91,12.41,11.75,12.3,50284,0
20141231,12.25,12.25,11.75,12.02,34573,0
20150102,12.14,12.14,11.31,11.37,21930,0
20150105,11.37,11.37,11,11.15,39635,0
20150106,11.12,11.18,10.81,11.08,57603,0
20150107,11.02,11.1,10.895,11.08,72931,0
20150108,11.1,11.36,10.93,11.21,50120,0
20150109,11.19,11.19,10.85,11.13,26730,0
20150112,11.09,11.09,10.45,10.88,67444,0
20150113,11.03,11.1,10.73,11.02,52086,0
20150114,10.91,10.92,10.54,10.81,16951,0
20150115,10.84,11.01,10.76,10.94,55846,0
20150116,10.89,11.57,10.89,11.5,39692,0
20150120,11.56,11.56,10.84,10.99,50638,0
20150121,10.9,10.91,10.64,10.87,78181,0
20150122,10.96,11.16,10.68,11.12,42792,0
20150123,11.06,11.1,10.76,10.95,45185,0
20150126,10.85,11.14,10.85,11.08,45086,0
20150127,11,11.06,10.96,11.01,43158,0
20150128,10.91,11.1,10.73,10.99,68713,0
20150129,10.94,11.07,10.75,10.88,44111,0
20150130,11.01,11.01,10.07,10.18,77033,0
20150202,10.5,10.7,10.11,10.64,59244,0
20150203,10.56,11.29,10.5,11.14,94017,0
20150204,11.12,11.12,10.91,11.05,93506,0
20150205,11.11,11.29,11.05,11.22,49738,0
20150206,11.21,11.21,11,11.05,74751,0
20150209,11.02,11.12,10.85,10.95,46786,0
20150210,10.91,11.28,10.91,11.14,57031,0
20150211,11.09,11.09,10.8,11.03,168945,0
20150212,11.13,11.87,11.04,11.81,133597,0
20150213,11.86,11.86,11.55,11.8,125913,0
20150217,11.8,11.85,11.39,11.81,86630,0
20150218,11.7,12.79,11.57,12.36,155522,0
20150219,12.25,12.25,11.9,12.01,42650,0
20150220,12,12.12,11.82,12.05,80031,0
20150223,11.85,12.1,11.14,11.72,70072,0
20150224,11.7,12.28,11.7,12.17,52011,0
20150225,12.15,12.43,12.15,12.33,88392,0
20150226,12.29,12.37,12.19,12.32,106998,0
20150227,12.36,12.77,12.26,12.52,94945,0
20150302,12.37,13.18,12.34,12.76,69700,0
20150303,12.68,12.82,12.57,12.78,108400,0
20150304,12.71,12.75,12.51,12.65,58400,0
20150305,12.7,12.79,12.58,12.68,82900,0
20150306,12.56,12.64,12,12.21,99100,0
20150309,12.29,12.68,11.83,12.6,96200,0
20150310,12.5,13.51,12.36,13.01,111400,0
20150311,13.11,13.13,12.01,13.03,47500,0
20150312,13.08,13.1,12.9,13.08,85600,0
20150313,13.14,13.51,12.85,13.43,83000,0
20150316,13.44,13.48,13.07,13.32,31100,0
20150317,13.33,13.39,13.06,13.24,33000,0
20150318,13.24,13.31,13.1,13.26,78800,0
20150319,13.17,13.26,12.84,13.13,52400,0
20150320,13.15,13.48,12.94,13.4,240100,0
20150323,13.34,14.19,13.24,13.83,85300,0
20150324,13.84,13.92,13.52,13.7,62200,0
20150325,13.7,13.7,13.25,13.45,83300,0
20150326,13.4,13.61,13.35,13.47,52100,0
20150327,13.42,13.47,13.38,13.45,34000,0
20150330,13.45,13.58,13.37,13.55,69600,0
20150331,13.51,14.16,13.34,14.14,210600,0
20150401,14.1,14.37,14.03,14.28,150600,0
20150402,14.31,14.33,14.02,14.1,58500,0
20150406,14,14.13,13.55,13.57,110400,0
20150407,13.57,13.92,13.38,13.44,86056,0
20150408,13.42,13.58,13.3,13.51,41400,0
20150409,13.62,13.62,12.87,13,44693,0
20150410,13.11,13.44,12.96,13.34,96300,0
20150413,13.34,13.45,13.26,13.4,23200,0
20150414,13.41,13.41,13.19,13.34,16600,0
20150415,13.33,13.33,12.75,13.05,60793,0
20150416,13.05,13.105,12.635,12.85,41825,0
20150417,12.6,13.11,12.54,13.02,87500,0
20150420,13.06,14.2,13.06,14.06,81891,0
20150421,14.04,14.2,13.88,14.17,112480,0
20150422,14.23,14.23,14.01,14.07,73227,0
20150423,14.02,14.09,13.8,13.97,22800,0
20150424,13.95,14.07,13.58,13.67,25900,0
20150427,13.71,14.1,13.26,13.42,38300,0
20150428,13.37,13.48,12.98,13.07,53800,0
20150429,12.98,13.31,12.98,13.2,29900,0
20150430,13.07,13.08,12.75,12.79,65600,0
20150501,12.78,12.87,12.2,12.44,66600,0
20150504,12.39,12.84,12.35,12.72,55800,0
20150505,12.74,12.74,12.4,12.61,64200,0
20150506,12.55,12.92,12.55,12.8,70492,0
20150507,12.74,12.93,12.73,12.77,46039,0
20150508,12.88,13.29,12.64,13.22,75800,0
20150511,13.22,13.3,12.84,12.87,34500,0
20150512,12.78,13.72,12.59,13.3,54652,0
20150513,13.6,13.6,13.2,13.24,26700,0
20150514,13.25,13.55,13.1,13.53,77500,0
20150515,13.48,14.75,12.88,14.5,201320,0
20150518,14.52,16.13,14.35,15.75,408500,0
20150519,15.74,15.77,15.26,15.31,175600,0
20150520,15.24,15.65,15.12,15.31,88000,0
20150521,15.25,15.5,15.07,15.35,51600,0
20150522,15.29,15.56,14.76,15.17,51000,0
20150526,15.2,15.27,14.51,15.07,74005,0
20150527,15.14,15.24,15,15.24,39900,0
20150528,15.24,15.49,14.948,15.45,59542,0
20150529,15.48,15.87,15.36,15.58,100600,0
20150601,15.84,16,15.12,15.61,72900,0
20150602,15.55,15.89,15.27,15.73,75925,0
20150603,15.51,16.45,15.4,16.36,146700,0
20150604,16.35,16.9,16.24,16.59,148900,0
20150605,16.49,17.01,16.05,16.41,293200,0
20150608,16.42,16.45,15.79,15.84,131000,0
20150609,15.77,16.18,15.54,15.82,93076,0
20150610,15.8,16.1,15.798,15.96,62056,0
20150611,15.88,15.95,15.54,15.62,57009,0
20150612,15.59,15.75,15.5,15.65,29500,0
20150615,15.48,15.58,15.25,15.46,127400,0
20150616,15.39,15.88,15.33,15.59,44400,0
20150617,15.58,15.79,15.4,15.62,46000,0
20150618,15.5,15.96,15.32,15.75,96400,0
20150619,15.77,15.84,15.58,15.7,87400,0
20150622,15.67,15.74,15.64,15.73,89800,0
20150623,15.67,15.75,15.61,15.66,50403,0
20150624,15.56,15.64,15.31,15.41,61900,0
20150625,15.43,15.44,15.13,15.34,61000,0
20150626,15.38,15.38,15.03,15.06,330100,0
20150629,15,15.36,14.71,14.76,70800,0
20150630,14.8,14.84,14.46,14.59,120976,0
20150701,14.66,14.98,14.55,14.77,42700,0
20150702,14.83,15.06,14.44,14.73,61200,0
20150706,14.63,14.82,14.24,14.44,111300,0
20150707,14.41,14.76,14.09,14.49,69200,0
20150708,14.3,14.36,13.38,13.6,70800,0
20150709,13.84,13.93,13.2,13.21,103100,0
20150710,13.33,13.96,13.33,13.81,102400,0
20150713,13.22,13.93,13.2,13.38,143500,0
20150714,13.32,13.92,13.26,13.83,76063,0
20150715,13.75,13.96,13.64,13.74,31152,0
20150716,13.89,14.15,13.82,13.95,37100,0
20150717,14,14,13.85,13.9,38000,0
20150720,13.93,14,13.5,13.53,54300,0
20150721,13.5,13.85,13.37,13.42,45500,0
20150722,13.31,13.7,13.31,13.61,48200,0
20150723,13.68,13.82,13.33,13.54,51200,0
20150724,13.46,13.66,13.31,13.52,108200,0
20150727,13.4,13.98,13.21,13.88,64600,0
20150728,13.98,13.98,13.46,13.75,63500,0
20150729,13.77,13.87,13.2,13.23,138900,0
20150730,13.14,13.58,13.06,13.46,48400,0
20150731,13.53,13.62,13.25,13.41,34100,0
20150803,13.4,13.49,13.02,13.3,38063,0
20150804,13.23,13.6,12.68,12.7,59600,0
20150805,12.65,13.02,12.31,12.31,153800,0
20150806,12.25,12.69,10.77,12,98858,0
20150807,11.01,12.3,11.01,11.85,160400,0
20150810,11.84,11.94,11.5,11.78,72300,0
20150811,11.88,12.08,11.64,11.82,124983,0
20150812,11.77,11.86,11.28,11.68,61800,0
20150813,11.71,11.9,11.55,11.59,50100,0
20150814,11.55,11.75,11.08,11.74,94800,0
20150817,11.73,11.99,11.66,11.88,139300,0
20150818,11.83,11.9,11.58,11.65,38600,0
20150819,11.56,11.66,11.22,11.55,32300,0
20150820,11.36,11.61,11.26,11.55,48500,0
20150821,11.32,11.77,11.27,11.68,66500,0
20150824,10.79,11.49,10.74,11.25,57527,0
20150825,11.32,11.9,11.03,11.41,78600,0
20150826,11.6,11.69,11.24,11.64,39800,0
20150827,11.67,11.74,11.08,11.31,67100,0
20150828,11.23,11.84,11.23,11.57,45700,0
20150831,11.61,11.77,11.52,11.75,70800,0
20150901,11.56,11.76,11.33,11.36,43600,0
20150902,11.53,11.53,11.25,11.34,96300,0
20150903,11.4,11.54,11.25,11.41,41400,0
20150904,11.25,11.4,11.22,11.32,48500,0
20150908,11.46,11.48,11.03,11.31,52200,0
20150909,11.32,11.46,11.15,11.2,53300,0
20150910,11.15,11.16,10.91,11.08,29530,0
20150911,10.98,11.01,10.75,11,26400,0
20150914,10.93,11.04,10.88,10.99,38300,0
20150915,10.96,11.2,10.89,11.15,42800,0
20150916,11.13,11.4,11.11,11.32,37900,0
20150917,11.28,11.78,11.28,11.58,45000,0
20150918,11.38,11.48,11.25,11.43,50600,0
20150921,11.41,11.57,11.25,11.28,36600,0
20150922,11.15,11.38,11.07,11.33,46000,0
20150923,11.41,11.87,11.05,11.77,64600,0
20150924,11.67,11.76,11.41,11.68,47618,0
20150925,11.76,11.8,11.61,11.7,68400,0
20150928,11.66,11.9,11.44,11.7,83852,0
20150929,11.75,11.8,11.66,11.71,78800,0
20150930,11.75,12.1,11.57,11.93,46500,0
20151001,11.87,11.88,11.3,11.81,115900,0
20151002,11.75,11.98,11.73,11.98,43400,0
20151005,12,12.59,11.94,12.3,44693,0
20151006,12.29,12.33,11.9,11.97,37700,0
20151007,12.02,12.26,12.02,12.15,36300,0
20151008,12.06,12.31,11.95,12.25,33800,0
20151009,12.31,12.47,12.22,12.42,32800,0
20151012,12.38,12.47,12.22,12.45,40300,0
20151013,12.4,12.4,12.21,12.3,29700,0
20151014,12.23,12.36,12.22,12.29,39100,0
20151015,12.33,12.38,11.76,12.25,40700,0
20151016,12.3,12.3,11.5,11.64,35900,0
20151019,11.61,11.77,11.27,11.35,21900,0
20151020,11.3,11.57,11.3,11.36,50725,0
20151021,11.38,11.47,10.99,11,61700,0
20151022,11.14,12.02,11.14,11.98,45200,0
20151023,12.05,12.06,11.5,11.78,39200,0
20151026,11.74,11.74,11,11.16,42800,0
20151027,11.14,11.2,10.52,10.58,162300,0
20151028,10.5,11.8,10.5,11.78,52800,0
20151029,11.7,12.34,11.41,11.48,40500,0
20151030,11.24,11.53,11.24,11.39,41500,0
20151102,11.37,11.86,11.37,11.78,47385,0
20151103,12,12.21,11.82,11.86,74300,0
20151104,11.95,12.28,11.79,12.14,56563,0
20151105,12.17,12.31,11.8,12.28,41700,0
20151106,12.17,12.18,11.43,11.81,48100,0
20151109,11.79,11.84,10.65,10.73,39679,0
20151110,10.75,11.16,10.64,10.94,52600,0
20151111,10.89,11.31,10.83,11.14,64700,0
20151112,11.02,11.12,10.64,10.73,48400,0
20151113,10.61,10.85,10.4,10.78,39600,0
20151116,10.72,10.92,10.56,10.78,46000,0
20151117,10.88,10.93,10.34,10.5,69900,0
20151118,10.54,10.85,10.38,10.76,44100,0
20151119,10.69,11.07,10.46,10.51,45600,0
20151120,10.58,10.75,10.43,10.56,58000,0
20151123,10.62,11,10.56,10.72,51400,0
20151124,10.63,11,10.63,10.99,52000,0
20151125,11.03,11.36,10.92,11.06,65700,0
20151127,11.08,11.74,11.06,11.65,23900,0
20151130,11.73,11.76,11.43,11.46,64500,0
20151201,11.6,11.79,11.4,11.4,46526,0
20151202,11.44,11.58,11.2,11.24,36033,0
20151203,11.3,11.6,10.86,10.9,52099,0
20151204,10.89,11.39,10.81,11.17,83100,0
20151207,11.09,11.26,10.72,10.98,89500,0
20151208,10.88,11.14,10.83,10.9,59280,0
20151209,10.83,11.07,10.54,10.57,39500,0
20151210,10.6,10.6,10.47,10.53,60800,0
20151211,10.29,11.08,10.29,10.73,79000,0
20151214,10.73,10.9,10.4,10.77,95747,0
20151215,10.81,11.33,10.81,10.92,82700,0
20151216,10.92,11.71,10.8,11.68,90900,0
20151217,11.69,12.49,11.27,12.44,483000,0
20151218,12.36,12.37,11.53,11.75,200000,0
20151221,12.03,12.03,11.35,11.74,78800,0
20151222,11.71,11.71,11.28,11.42,57037,0
20151223,11.62,11.7,11.35,11.43,62400,0
20151224,11.39,12.26,11.39,11.9,35966,0
20151228,11.83,11.87,11.32,11.55,34166,0
20151229,11.63,11.8,11.45,11.66,34014,0
20151230,11.58,11.96,11.41,11.55,18763,0
20151231,11.55,11.62,10.95,10.99,37253,0
20160104,10.79,10.9401,10.64,10.78,80155,0
20160105,10.99,11.2067,10.56,10.78,56662,0
20160106,10.64,10.7675,10.49,10.56,47692,0
20160107,10.35,10.84,10.01,10.03,59302,0
20160108,9.99,10.2,9.5,9.57,82588,0
20160111,9.59,9.71,9.37,9.59,44838,0
20160112,9.7,9.96,9.41,9.66,54224,0
20160113,9.68,9.88,9.31,9.37,62599,0
20160114,9.45,9.83,9.26,9.61,39160,0
20160115,9.32,9.57,9.25,9.43,49101,0
20160119,9.52,9.75,9.44,9.61,46700,0
20160120,9.5,10,9.34,9.78,49575,0
20160121,9.78,9.89,9.4,9.48,41828,0
20160122,9.64,9.79,9.43,9.61,67169,0
20160125,9.57,9.8,9.47,9.65,27492,0
20160126,9.73,9.963,9.7,9.72,50939,0
20160127,9.7,9.89,9.36,9.65,72273,0
20160128,9.7,9.7,9.46,9.69,62013,0
20160129,9.7,10.08,9.62,10.04,171164,0
20160201,9.98,9.98,9.5328,9.65,62164,0
20160202,9.62,9.63,9.3,9.45,51437,0
20160203,9.43,9.64,9.15,9.59,30059,0
20160204,9.4,9.64,9.3,9.58,47585,0
20160205,9.58,10,9.41,9.42,69120,0
20160208,9.45,10.68,9.32,10.58,86339,0
20160209,10.44,10.711,10.28,10.5,32903,0
20160210,10.6,10.815,10.45,10.46,57094,0
20160211,10.29,10.54,10.24,10.3,45994,0
20160212,10.4,10.98,10.4,10.82,61219,0
20160216,10.96,11.19,10.91,11.09,61452,0
20160217,11.14,11.18,10.84,10.95,89946,0
20160218,10.96,11.08,10.74,10.8,49803,0
20160219,10.78,11.09,10.78,11.03,67764,0
20160222,11.09,11.09,10.87,10.95,51783,0
20160223,10.94,11.06,10.89,10.89,59214,0
20160224,10.76,11.1,10.76,11.08,56875,0
20160225,11.09,11.18,11.026,11.18,56827,0
20160226,11.2,11.68,11.1,11.5,56940,0
20160229,11.46,11.92,11.39,11.42,75756,0
20160301,11.5,11.99,11.5,11.59,36035,0
20160302,11.54,11.73,11.35,11.4,50362,0
20160303,11.37,11.86,11.22,11.58,64031,0
20160304,11.56,11.8,11.4,11.59,55877,0
20160307,11.55,11.9,11.5,11.58,51198,0
20160308,11.54,11.66,11.5,11.5,42325,0
20160309,11.54,11.7,11.35,11.69,40593,0
20160310,11.63,11.73,11.54,11.55,55928,0
20160311,11.63,11.73,11.525,11.7,42461,0
20160314,11.64,11.85,11.57,11.71,51682,0
20160315,11.67,11.67,11.54,11.55,57621,0
20160316,11.55,11.73,11.5408,11.63,26195,0
20160317,11.55,11.85,11.54,11.75,46178,0
20160318,11.84,12.1,11.56,12.07,133848,0
20160321,12.04,12.09,11.77,11.81,78037,0
20160322,11.78,11.895,11.54,11.62,65689,0
20160323,11.62,11.8,11.461,11.59,69869,0
20160324,11.55,12.02,11.49,11.85,36576,0
20160328,11.85,11.86,11.625,11.66,50783,0
20160329,11.65,11.71,11.37,11.69,114058,0
20160330,11.69,11.84,10.7,11.75,28198,0
20160331,11.71,11.87,11.12,11.17,130742,0
20160401,11.11,11.51,11.11,11.31,68494,0
20160404,11.37,11.39,11.08,11.17,99656,0
20160405,11.06,11.25,11.03,11.1,80323,0
20160406,11.09,11.16,10.94,11.09,47386,0
20160407,10.97,11.01,10.62,10.68,61351,0
20160408,10.74,11,10.53,10.57,55805,0
20160411,10.61,11.195,10.6,11,63802,0
20160412,10.93,11.47,10.93,11.3,67575,0
20160413,11.3,11.52,11.3,11.52,105788,0
20160414,11.45,11.47,11.23,11.25,30774,0
20160415,11.18,11.36,11.04,11.32,21465,0
20160418,11.24,11.45,11.16,11.44,29851,0
20160419,11.4,11.47,11.28,11.29,48113,0
20160420,11.23,11.3,11.02,11.26,31459,0
20160421,11.24,11.305,11.1,11.28,63880,0
20160422,11.3,11.3362,11.255,11.29,39147,0
20160425,11.23,11.4289,11.07,11.17,17904,0
20160426,11.15,11.2,11.0766,11.19,52973,0
20160427,11.16,11.26,11.02,11.25,31490,0
20160428,11.2,11.25,11.06,11.12,13470,0
20160429,11.13,11.15,10.8701,10.92,14281,0
20160502,10.92,11.14,10.7501,11.11,24860,0
20160503,10.99,11.01,10.68,10.69,28881,0
20160504,10.62,10.83,10.57,10.59,22905,0
20160505,11.24,11.24,10.57,10.59,38706,0
20160506,10.17,10.84,9.98,10.81,97109,0
20160509,10.86,11.15,10.68,11.07,42320,0
20160510,11.1,11.1,10.44,10.62,26082,0
20160511,10.61,10.8,10.58,10.59,56039,0
20160512,10.6,10.73,10.55,10.61,49970,0
20160513,10.74,10.86,10.69,10.72,64644,0
20160516,10.7,10.99,10.7,10.92,22993,0
20160517,10.77,10.81,10.43,10.47,47186,0
20160518,10.43,10.88,10.43,10.7,43175,0
20160519,10.6,10.71,10.3,10.32,97118,0
20160520,10.39,11.03,10.39,11,84169,0
20160523,11.01,11.23,10.75,11.04,101831,0
20160524,11.1,11.5,11.08,11.4,72156,0
20160525,11.4,11.45,11.06,11.18,11774,0
20160526,11.14,11.33,11.07,11.28,17750,0
20160527,11.35,11.47,11,11.29,14118,0
20160531,11.34,11.34,11.07,11.27,30671,0
20160601,11.15,11.25,11.14,11.22,17562,0
20160602,11.19,11.38,11.03,11.37,30297,0
20160603,11.25,11.54,11.24,11.35,49318,0
20160606,11.35,11.62,11.33,11.46,64276,0
20160607,11.43,11.63,11.43,11.49,17666,0
20160608,11.46,11.8,11.46,11.7,79990,0
20160609,11.7,11.85,11.6,11.76,38809,0
20160610,11.72,11.9,11.51,11.73,21603,0
20160613,11.63,11.7,11.555,11.59,33889,0
20160614,11.55,11.99,11.55,11.78,54026,0
20160615,11.85,11.99,11.655,11.75,35531,0
20160616,11.7,12.1,11.7,12.07,27126,0
20160617,12.03,12.05,11.83,11.94,107498,0
20160620,12.05,12.34,11.99,12.27,46928,0
20160621,12.23,12.45,12.09,12.36,55706,0
20160622,12.42,12.47,12.1,12.165,20129,0
20160623,12.22,12.7,12.22,12.55,55562,0
20160624,12,12.42,12,12.34,159334,0
20160627,12.17,12.215,11.9,12.04,79988,0
20160628,12.09,12.26,11.89,12.05,59021,0
20160629,12.1,12.22,11.92,12.07,148852,0
20160630,12.13,12.55,12.035,12.45,61505,0
20160701,12.41,12.48,12.1,12.22,44259,0
20160705,12.15,12.47,11.89,12.16,27168,0
20160706,12.15,12.31,12.15,12.2,28950,0
20160707,12.22,12.3,12.09,12.22,39366,0
20160708,12.27,12.83,12.26,12.78,47097,0
20160711,12.79,12.93,12.76,12.83,23246,0
20160712,12.85,13.13,12.44,12.91,29546,0
20160713,12.91,12.93,12.59,12.73,46321,0
20160714,12.79,12.97,12.66,12.82,15977,0
20160715,12.94,12.94,12.67,12.9,20245,0
20160718,12.89,12.9,12.66,12.79,20229,0
20160719,12.8,12.8,12.64,12.69,25957,0
20160720,12.79,12.83,12.65,12.75,16213,0
20160721,12.71,12.71,12.64,12.65,19492,0
20160722,12.64,12.7,12.49,12.64,43287,0
20160725,12.57,12.63,12.52,12.6,7303,0
20160726,12.55,12.92,12.55,12.7,9515,0
20160727,12.67,12.82,12.46,12.79,51489,0
20160728,12.69,12.75,12.62,12.74,13638,0
20160729,12.75,12.75,12.51,12.62,34944,0
20160801,12.58,12.74,12.42,12.68,30617,0
20160802,12.72,12.75,12.4,12.42,16084,0
20160803,12.45,12.45,12.25,12.32,29250,0
20160804,12.27,12.32,11.641,12.05,24085,0
20160805,12.05,12.31,12.05,12.22,37542,0
20160808,12.31,12.31,12.23,12.24,16452,0
20160809,12.27,12.35,12.27,12.31,8640,0
20160810,12.25,12.35,12.23,12.29,19193,0
20160811,12.3,12.33,12.21,12.27,37842,0
20160812,12.13,12.3,12.13,12.24,18351,0
20160815,12.22,12.3,12.21,12.24,21350,0
20160816,12.2,12.28,12.13,12.14,19466,0
20160817,12.14,12.2199,11.95,12.04,22640,0
20160818,11.78,12.13,11.78,12.1,16986,0
20160819,12.04,12.27,12.04,12.15,40570,0
20160822,12.16,12.17,11.95,12.1,28463,0
20160823,12.18,12.22,12.11,12.15,28233,0
20160824,12.2,12.21,12.03,12.19,55958,0
20160825,12.19,12.31,12.13,12.19,51371,0
20160826,12.2,12.2,12,12.03,17138,0
20160829,12.04,12.215,12.04,12.2,92310,0
20160830,12.2,12.25,12.14,12.17,59669,0
20160831,12.05,12.29,12,12.12,45998,0
20160901,12.18,12.2,12.03,12.2,32137,0
20160902,12.2,12.2399,12.06,12.2,29200,0
20160906,12.19,12.22,12.16,12.18,95931,0
20160907,12.2,12.25,12.17,12.18,172412,0
20160908,12.2,12.22,12.11,12.2,82569,0
20160909,12.15,12.2,11.94,11.94,55378,0
20160912,11.96,12.2,11.82,12.2,63508,0
20160913,12.13,12.26,11.96,12.01,63560,0
20160914,12.07,12.155,11.54,12.04,51919,0
20160915,12.05,12.15,11.85,12.1,102366,0
20160916,12.13,12.29,11.67,11.94,307655,0
20160919,12,12.34,12,12.3,62182,0
20160920,12.29,12.68,12.29,12.63,58569,0
20160921,12.58,12.8,12.26,12.79,101333,0
20160922,12.8,13.2499,12.41,13.2,67266,0
20160923,13.16,13.39,12.8,13.23,56844,0
20160926,13.2,13.38,13,13.13,54872,0
20160927,13.19,13.35,13.19,13.31,55146,0
20160928,13.3,13.64,13.3,13.41,89080,0
20160929,13.39,13.56,13.215,13.27,74723,0
20160930,13.45,14.279,13.17,13.85,148266,0
20161003,13.75,13.8695,13.64,13.66,79695,0
20161004,13.83,13.84,13.5,13.65,39001,0
20161005,13.64,13.99,13.64,13.86,82845,0
20161006,13.9,14.04,13.7,14.03,96117,0
20161007,13.93,14.05,13.75,13.9,74009,0
20161010,13.82,14.02,13.76,13.79,114901,0
20161011,13.69,13.76,13.51,13.55,57743,0
20161012,13.45,13.74,13.38,13.57,61637,0
20161013,13.46,13.77,13.46,13.62,69053,0
20161014,13.68,13.8968,13.66,13.68,55986,0
20161017,13.65,14,13.65,13.8,115238,0
20161018,13.95,14,13.8,13.95,48281,0
20161019,13.8,14,13.65,13.85,44038,0
20161020,13.65,13.85,13.55,13.75,71670,0
20161021,13.6,13.975,13.6,13.8,51529,0
20161024,13.8,14.15,13.8,14,59696,0
20161025,13.95,13.9762,13.6,13.9,57130,0
20161026,13.85,14.1,13.85,13.9,57559,0
20161027,14.05,14.1,13.7745,13.95,67905,0
20161028,14,14.1,13.85,13.95,62767,0
20161031,14.05,14.05,13.85,13.9,107758,0
20161101,14,14.05,13.9,14,76880,0
20161102,14.05,14.1,13.8,13.85,116160,0
20161103,14.2,14.2,13.85,13.95,105938,0
20161104,14.15,14.45,13.95,13.95,198717,0
20161107,14.2,14.85,14,14.55,165143,0
20161108,14.6,14.9,14.0136,14.8,124131,0
20161109,14.55,15.3,14.5,15.25,186603,0
20161110,15.3,15.9,15.1,15.75,114109,0
20161111,15.8,16.75,15.605,16.75,231736,0
20161114,17.45,17.45,16.6916,16.85,235641,0
20161115,17,17.05,16.6,16.8,138765,0
20161116,16.85,16.95,16.7,16.75,227163,0
20161117,16.85,16.85,16.4,16.7,117666,0
20161118,16.8,16.95,16.6,16.9,141830,0
20161121,16.95,17.2,16.881,17.1,108325,0
20161122,17.35,17.5,17.15,17.5,149739,0
20161123,17.4,17.75,17.25,17.65,82923,0
20161125,17.5,17.9,17.5,17.85,34302,0
20161128,18,18.325,17.9,18.1,198669,0
20161129,18.2,18.2,17.675,17.7,100266,0
20161130,17.65,17.95,17.25,17.45,97841,0
20161201,17.6,17.8,17,17.25,64777,0
20161202,17.2,17.75,17.1,17.6,74845,0
20161205,17.2,17.55,17.2,17.45,144989,0
20161206,17.5,18,17.45,17.9,132105,0
20161207,18,18,17.6,17.6,105268,0
20161208,17.75,17.95,17.5,17.65,203748,0
20161209,17.55,17.75,17.4,17.6,172591,0
20161212,17.45,18.5,17.45,18.35,200770,0
20161213,18.5,18.9,18.25,18.5,195465,0
20161214,18.4,18.75,18.25,18.35,126189,0
20161215,18.25,18.85,17.85,18.4,127011,0
20161216,18.5,18.85,18.25,18.6,260807,0
20161219,18.65,18.85,18.325,18.45,95952,0
20161220,18.55,18.95,18.5,18.95,76932,0
20161221,18.8,19,18.6,18.65,51627,0
20161222,18.6,18.7,18.3,18.35,60417,0
20161223,18.5,18.666,18.4,18.5,53251,0
20161227,18.55,18.9,18.55,18.7,72020,0
20161228,18.75,18.75,18.3,18.3,50026,0
20161229,18.4,18.55,18.25,18.35,86287,0
20161230,18.5,18.5,18,18.2,152879,0
20170103,18.25,18.45,17.85,18.2,122846,0
20170104,18.25,18.395,18.2,18.3,120296,0
20170105,18.35,18.35,17.75,17.9,96164,0
20170106,17.9,17.95,17.25,17.5,80001,0
20170109,17.5,17.7,17,17.45,98710,0
20170110,17.4,17.8,17.4,17.65,84042,0
20170111,17.65,17.95,17.5,17.75,74942,0
20170112,17.8,17.9,17.3,17.65,50701,0
20170113,17.8,18.25,17.8,17.95,52877,0
20170117,17.9,17.9,17.5,17.6,80031,0
20170118,17.75,17.8,17.4,17.7,85516,0
20170119,17.8,17.8,17.025,17.05,109853,0
20170120,17.1,17.5,17,17.1,105868,0
20170123,17,17.4,16.95,17.25,72015,0
20170124,17.3,17.9,17.2,17.4,88865,0
20170125,17.4,17.725,17.4,17.6,77041,0
20170126,17.55,17.6,17.4,17.5,36046,0
20170127,17.4,17.8,17.4,17.6,37454,0
20170130,17.45,17.45,17.1,17.15,77278,0
20170131,17.15,17.35,16.8,17.1,102668,0
20170201,17.2,17.25,17,17.1,60612,0
20170202,18,18,16.55,16.85,104073,0
20170203,16.9,17.15,16.85,16.9,76667,0
20170206,16.95,16.95,16.15,16.6,96492,0
20170207,16.65,16.9,16.4,16.6,93676,0
20170208,16.55,16.7,16.3,16.45,65181,0
20170209,16.55,16.95,16.45,16.8,56824,0
20170210,16.9,17.1,16.75,17.05,91416,0
20170213,17.15,17.15,16.75,16.85,71110,0
20170214,16.7,16.7,16.2,16.3,96632,0
20170215,16.2,16.45,16.025,16.1,105219,0
20170216,16.1,16.2,15.85,16.05,153948,0
20170217,16.1,16.525,16,16.5,116758,0
20170221,16.55,16.65,16.35,16.6,51055,0
20170222,16.65,16.65,16.45,16.5,37013,0
20170223,16.55,16.6,16.225,16.45,40506,0
20170224,16.35,16.75,16.25,16.55,73729,0
20170227,16.5,16.675,16.25,16.5,90572,0
20170228,16.5,16.55,16,16.1,77309,0
20170301,16.35,16.75,16.25,16.45,91054,0
20170302,16.45,16.5,16.15,16.2,53583,0
20170303,16.25,16.3,16.05,16.2,48498,0
20170306,16.15,16.2,16,16.1,49306,0
20170307,16.15,16.35,16.1,16.15,54380,0
20170308,16.25,16.4,15.9,15.9,59506,0
20170309,16,16.2,15.9,15.95,74967,0
20170310,16,16.2,15.7,15.7,108143,0
20170313,15.65,15.775,15.3,15.35,131415,0
20170314,15.3,15.55,15.1,15.2,162905,0
20170315,15.25,15.9,15.25,15.65,191403,0
20170316,15.75,16.25,15.65,16.05,164342,0
20170317,15.95,16.25,15.8,16,198573,0
20170320,16,16.125,15.85,16,168493,0
20170321,16,16.05,15.25,15.3,116989,0
20170322,15.3,15.5,15.05,15.05,152748,0
20170323,15.1,16.05,15.05,16,105677,0
20170324,16.05,16.2,15.95,16.05,50039,0
20170327,15.95,16.275,15.7,16.25,58519,0
20170328,16.25,16.35,16,16.35,44329,0
20170329,16.25,16.35,16.1,16.25,39273,0
20170330,16.2,16.65,16.15,16.55,61108,0
20170331,16.6,17,16.37,16.95,174383,0
20170403,16.85,16.85,16.4,16.45,115793,0
20170404,16.35,16.5,16.05,16.2,63636,0
20170405,16.1,16.45,15.95,15.95,61273,0
20170406,16,16.375,15.95,16.2,80302,0
20170407,16.2,16.45,16.175,16.45,71678,0
20170410,16.45,16.55,16.15,16.35,62471,0
20170411,16.3,16.5,16.2,16.35,52667,0
20170412,16.25,16.3,15.9,16.05,43767,0
20170413,15.9,16.35,15.9,16.05,48358,0
20170417,16.1,16.4,16.05,16.35,62679,0
20170418,16.3,16.45,16.15,16.35,37627,0
20170419,16.4,16.45,16.225,16.35,59442,0
20170420,16.4,16.925,16.35,16.9,49543,0
20170421,16.9,17.2,16.75,17.1,145202,0
20170424,17.5,17.55,17.25,17.45,62016,0
20170425,17.65,17.95,17.5,17.7,95923,0
20170426,17.7,18,17.55,17.85,91517,0
20170427,17.95,17.95,17.55,17.6,45234,0
20170428,17.65,17.65,17.2,17.25,76712,0
20170501,17.35,17.65,17.25,17.55,71506,0
20170502,17.6,17.6,16.6,16.65,83948,0
20170503,16.5,16.7,16.35,16.4,68238,0
20170504,16.5,16.6,16.1,16.45,96417,0
20170505,16.45,16.5,16.1,16.3,64438,0
20170508,16.3,16.45,16.25,16.35,32009,0
20170509,16.4,16.5,16.25,16.45,50416,0
20170510,16.3,16.5,16.15,16.4,55233,0
20170511,16.35,16.5,16.2,16.45,46490,0
20170512,16.35,16.6,16.35,16.55,65221,0
20170515,16.6,16.975,16.6,16.95,42656,0
20170516,16.95,17.55,16.8,17.2,95764,0
20170517,16.85,17.1,16.3,16.35,94406,0
20170518,16.25,16.65,16.2,16.25,78230,0
20170519,16.3,16.4,16,16.25,117047,0
20170522,16.35,16.734,16.2,16.6,132721,0
20170523,16.65,16.8,16.45,16.65,63223,0
20170524,16.75,16.9994,16.575,16.7,66557,0
20170525,16.7,17.3,16.65,17.15,80266,0
20170526,17.15,17.45,17.1,17.25,66667,0
20170530,17.25,17.35,17,17,116351,0
20170531,17.05,17.4,16.85,17.4,69104,0
20170601,17.55,18.1,17.55,18.05,143293,0
20170602,18,18.65,18,18.55,180332,0
20170605,18.6,18.75,18.3,18.35,160997,0
20170606,18.2,18.45,18.025,18.2,74864,0
20170607,18.15,18.45,18,18.25,90382,0
20170608,18.3,18.75,18.15,18.65,88647,0
20170609,18.8,18.9,18.4,18.55,105994,0
20170612,18.55,18.75,18.15,18.6,100380,0
20170613,18.5,18.85,18.3,18.35,53209,0
20170614,18.35,18.55,18.1,18.35,75156,0
20170615,18.2,18.475,18.1,18.4,80858,0
20170616,18.2,18.35,18,18.3,118822,0
20170619,18.35,18.4,18,18.2,75716,0
20170620,18.1,18.3,18.025,18.1,70549,0
20170621,18.1,18.25,17.95,17.95,70082,0
20170622,18,18.15,17.7,17.95,73843,0
20170623,17.9,18.3,17.8,18.15,262149,0
20170626,18.2,18.3,18.05,18.15,58416,0
20170627,18.05,18.5,17.9,17.95,77402,0
20170628,17.95,18.5,17.9,18.45,62997,0
20170629,18.4,18.75,18,18.2,66182,0
20170630,18.25,18.3,18,18.05,98879,0
20170703,18.05,18.35,17.85,18.2,54538,0
20170705,18.2,18.45,17.95,18.05,123066,0
20170706,17.8,18.2,17.455,17.95,96781,0
20170707,17.95,18.3,17.95,18.15,45224,0
20170710,18.1,18.4,18,18.1,73610,0
20170711,18.05,18.2,17.95,18.1,60848,0
20170712,18.25,18.6,18.2,18.55,55441,0
20170713,18.5,18.5,18.15,18.45,41269,0
20170714,18.45,18.65,18.2,18.5,56430,0
20170717,18.45,18.8,18.35,18.6,65508,0
20170718,18.45,19.7,18.45,19.6,240813,0
20170719,19.7,20.3,19.45,20,160354,0
20170720,20.1,20.25,19.65,20.1,59060,0
20170721,20.25,20.25,19.55,19.9,78629,0
20170724,20.05,20.25,19.35,19.7,59706,0
20170725,19.8,20.05,19.55,19.6,53131,0
20170726,19.55,19.7,19.4,19.4,64606,0
20170727,19.55,19.65,19.05,19.2,67303,0
20170728,19.15,19.4,19.05,19.35,50456,0
20170731,19.3,19.675,19,19.45,71592,0
20170801,19.6,19.7,17.97,19.6,130314,0
