Date,Open,High,Low,Close,Volume,OpenInt
20131106,17.86,19.09,15.61,16.05,5951101,0
20131107,16,16.05,15.81,15.98,246625,0
20131108,15.92,16.38,15.5,16.24,502700,0
20131111,16.62,16.62,16,16.07,58800,0
20131112,16.02,16.24,15.84,16,107933,0
20131113,16,16.19,15.8,16.01,149300,0
20131114,16,16.05,15.925,16.01,118063,0
20131115,16.05,16.61,16,16,177300,0
20131118,16.01,16.03,15.95,16.03,51200,0
20131119,16.03,16.56,15.87,16,103300,0
20131120,16,16.1,15.94,16,35336,0
20131121,16.09,16.19,16,16,144900,0
20131122,16.06,16.1,16,16,138400,0
20131125,16.02,16.19,16,16,47000,0
20131126,16,16.14,15.82,16,108100,0
20131127,16,16.21,16,16.21,230883,0
20131129,16.23,16.84,16.02,16.29,104858,0
20131202,16.62,17.05,16.02,16.18,247300,0
20131203,16.3,16.5,16,16.14,75700,0
20131204,16.2,16.2,15.96,16.11,71966,0
20131205,16.11,16.35,16,16.03,505700,0
20131206,16.09,16.98,16.05,16.91,61400,0
20131209,17.76,18.6,17.51,18.31,356800,0
20131210,18.51,18.79,17.76,18.21,133300,0
20131211,18.11,19.05,17.24,17.69,148100,0
20131212,17.79,18.76,16.82,18.2,208700,0
20131213,18.35,20.32,17.95,19.96,218400,0
20131216,20.17,21.43,19.58,21.05,191200,0
20131217,21.3,24.22,21.3,23.55,364400,0
20131218,23.31,24.48,23.3,23.66,276360,0
20131219,23.82,25.69,23.3,23.96,250800,0
20131220,24.03,24.59,23.59,24.08,1490600,0
20131223,25.24,25.25,23.83,23.86,113700,0
20131224,23.8,23.86,23.24,23.4,51511,0
20131226,23.56,23.62,22.17,22.44,175700,0
20131227,22.54,22.78,21.41,22.1,103219,0
20131230,21.88,23.19,21.13,22.08,99814,0
20131231,22.2,23.14,21.74,22.92,116352,0
20140102,23.93,24.08,22.87,23.01,158135,0
20140103,23.12,23.125,22.13,22.73,36337,0
20140106,22.99,24.03,22.56,22.74,84300,0
20140107,21.56,23.18,21.56,22.73,55400,0
20140108,22.72,23.72,22.06,22.15,55800,0
20140109,22.29,22.58,21.21,21.73,51400,0
20140110,21.82,22.99,21.45,21.58,61200,0
20140113,21.4,21.61,21.13,21.57,45400,0
20140114,21.55,23.82,21.52,23.01,119300,0
20140115,23.17,25.96,23.17,24.19,261830,0
20140116,24.28,25.98,24.28,25.8,174000,0
20140117,25.88,28.75,25.88,27.01,237300,0
20140121,28.25,28.25,26.79,27.31,102000,0
20140122,27.59,32.355,27.59,31.8,221920,0
20140123,31.79,32.19,29.71,31.01,166192,0
20140124,31.01,31.25,30.3,30.54,140400,0
20140127,31,31,29.6,29.93,144193,0
20140128,29.77,30.86,29.77,29.99,100600,0
20140129,30,32.21,29.75,31.28,164000,0
20140130,33.33,33.77,30.46,33.05,103734,0
20140131,32.64,35.62,32.63,34.91,178800,0
20140203,33.004,35.73,33.004,34.07,150455,0
20140204,34.67,34.74,33.784,34,102079,0
20140205,34.34,35.84,31.281,31.74,308215,0
20140206,32.71,32.79,31.25,31.83,76252,0
20140207,31.81,33.25,30.2,33.13,78598,0
20140210,32.24,34.239,32.24,33.71,87656,0
20140211,34.18,35.5,33.95,34.76,100430,0
20140212,34.9,35.99,34.74,35.62,82211,0
20140213,35.19,37.74,35.07,36.94,106137,0
20140214,36.99,37.035,35.44,36.08,105049,0
20140218,36.3,36.8,35.6,35.85,175119,0
20140219,35.95,36.19,34.48,35.33,114199,0
20140220,35.4,37.25,35.24,36.99,162811,0
20140221,37.34,39.03,36.905,37.81,135347,0
20140224,37.55,39.75,37.43,39.35,121512,0
20140225,39.71,40.79,39.42,39.91,85244,0
20140226,40.39,41.14,40.05,40.7,127735,0
20140227,41.21,42.19,40.26,41.06,142122,0
20140228,41.51,41.75,39.29,40.14,127349,0
20140303,39.51,40,38.7,39.06,109491,0
20140304,40.04,41.98,39.75,41.67,102078,0
20140305,43.93,44.19,37.48,37.99,209596,0
20140306,41.29,47.87,39.955,43.28,706487,0
20140307,44.01,46.11,42.11,42.23,221948,0
20140310,42.31,43,41.33,42.87,60350,0
20140311,43,43.2,40.4,41.15,173416,0
20140312,41.25,41.25,39.75,40.37,136316,0
20140313,40.74,40.77,38.91,39.42,108320,0
20140314,39.61,40.73,39.31,40.04,73604,0
20140317,40.54,40.98,40.18,40.41,55940,0
20140318,40.68,42.79,40.271,42.63,97821,0
20140319,42.97,43.4,41.75,42.03,68923,0
20140320,42.18,42.75,41.798,42.56,155171,0
20140321,42.95,43.4,41.26,42.07,164490,0
20140324,41.71,42.01,33,36.14,575754,0
20140325,36.45,37.75,34.73,34.93,200035,0
20140326,35.43,35.43,31.89,32.01,181900,0
20140327,32.01,33,30.775,31.51,203937,0
20140328,31.56,32,30.01,30.96,234489,0
20140331,31.33,31.4,30.64,30.89,148298,0
20140401,31.19,32.304,31.15,31.92,125691,0
20140402,32.12,32.38,31.425,32.33,230083,0
20140403,32.52,34.05,31.6,32,178642,0
20140404,32.14,32.5,29.245,29.74,205357,0
20140407,30.98,30.98,28.38,28.99,174916,0
20140408,29.5,33.68,29.35,33.33,266218,0
20140409,33.33,37.23,32.95,36.79,241172,0
20140410,36.63,37.01,33.771,35.01,398697,0
20140411,34.73,37.18,33,34.31,341334,0
20140414,34.57,35.75,33.97,34.45,269934,0
20140415,34.51,34.99,29.215,32.35,547336,0
20140416,32.74,32.938,31.77,32.4,152835,0
20140417,32.4,32.885,30.75,31.09,123321,0
20140421,31.7,32.5,28.94,29.58,326135,0
20140422,29.88,30.48,27.59,28.16,361361,0
20140423,27.81,28.65,27.81,28.16,172107,0
20140424,28.51,29.4,27.45,27.56,199780,0
20140425,27.51,28.33,25.45,25.63,269230,0
20140428,25.62,26.27,23.865,25.13,135287,0
20140429,25.19,25.7,24.83,25.44,80261,0
20140430,26.24,26.83,24.95,26.83,134615,0
20140501,26.64,27.43,26.24,26.72,74538,0
20140502,27.14,27.14,26.26,26.65,71759,0
20140505,26.56,29.47,26.38,29.14,129851,0
20140506,28.73,28.89,27.57,27.84,164019,0
20140507,27.85,28.295,25.68,26.36,247830,0
20140508,26.03,26.52,25.05,25.84,206204,0
20140509,26.04,27.18,25.65,26.59,234373,0
20140512,26.71,28.44,26.52,27.99,108584,0
20140513,27.8,28.51,26.27,26.34,174489,0
20140514,28.18,28.18,26.26,26.7,152834,0
20140515,26.61,28.28,25.25,26.02,219219,0
20140516,26,27.71,25.34,26.13,147265,0
20140519,26.22,27.37,25.9,26.51,193585,0
20140520,26.5,27.05,25.93,26.17,245391,0
20140521,26.32,26.34,25.62,26.23,293157,0
20140522,26.43,26.5,25.75,26.04,213420,0
20140523,25.99,26.74,25.57,26.43,84902,0
20140527,26.76,28.021,26.51,27.44,405163,0
20140528,27.45,28.07,26.8,27.03,117176,0
20140529,27.01,27.25,25.92,26.01,373929,0
20140530,26.17,26.89,25.5,26.25,234735,0
20140602,27.29,27.56,25.272,26.48,348690,0
20140603,26.29,26.58,25.79,26.12,185387,0
20140604,25.91,26.7,25.91,26.42,106228,0
20140605,26.6,27.07,26.07,26.51,123904,0
20140606,26.74,26.74,25.05,25.17,248227,0
20140609,25.07,25.39,24.77,25.26,277888,0
20140610,25.05,25.31,24.47,24.67,219700,0
20140611,24.35,25.19,24.02,24.6,311642,0
20140612,24.56,24.85,24.07,24.35,127833,0
20140613,24.4,47.98,24.4,47.12,5928174,0
20140616,43.54,44.48,39.64,41.22,2828356,0
20140617,39.5,44.9,39.5,44.73,677965,0
20140618,43.9,44.53,41.87,42.7,406498,0
20140619,40.32,42.88,40.2,42.59,337670,0
20140620,42.4,42.65,40.6,42.37,437652,0
20140623,42.32,43.99,41.2,43.11,263355,0
20140624,42.62,43.74,41.3,41.37,270710,0
20140625,41.58,43.17,41,42.98,192475,0
20140626,42.06,43.82,42.06,43.4,316031,0
20140627,42.97,45.9,42.72,45.55,2164150,0
20140630,45.48,46.97,44.23,46.55,382796,0
20140701,46.13,47.89,43.21,44.15,794825,0
20140702,43.94,46.1,43.33,45.08,268000,0
20140703,45,45,42.45,42.99,256967,0
20140707,42.76,43.25,41.5,41.83,877927,0
20140708,40.84,40.84,36,36.04,910260,0
20140709,36,38.685,35.72,38.01,378162,0
20140710,37.25,38,36.83,37.57,279213,0
20140711,37.45,37.82,36.19,36.58,192461,0
20140714,36.9,37.42,36.47,37.12,214864,0
20140715,36.98,37.36,34.13,35.53,569202,0
20140716,35.64,37.21,34.94,35.07,320759,0
20140717,34.58,35.14,32.97,33.35,292792,0
20140718,33.77,35.88,33.28,34.85,323428,0
20140721,34.62,35.043,34,34.1,126942,0
20140722,33.96,36.77,33.96,36.07,200186,0
20140723,36.02,37.09,34.4,35.03,425462,0
20140724,35.48,36.91,35.48,36.56,193961,0
20140725,36.08,37.45,36.07,36.58,173652,0
20140728,36.58,36.6,34.68,34.92,172408,0
20140729,35.16,36.05,34.45,35.94,225133,0
20140730,36.33,36.77,35.4,35.97,221412,0
20140731,35.29,36.2,34.38,34.69,252233,0
20140801,34.74,35.44,33.26,33.6,170766,0
20140804,34.01,35.36,33.29,35.09,160242,0
20140805,34.66,37.65,34.1,36.02,351233,0
20140806,35.28,36.53,35.035,36.31,197439,0
20140807,36.28,36.28,34.52,35.48,317395,0
20140808,35.36,35.8,34.322,35.52,171379,0
20140811,35.94,37.85,35.72,37.51,197949,0
20140812,37.4,38.21,37.22,37.38,164075,0
20140813,37.95,37.988,36.75,37.31,180133,0
20140814,37.28,38.11,37.28,37.78,122495,0
20140815,38.41,39.6,37.53,38.81,160337,0
20140818,39.55,39.85,37.69,38.18,88647,0
20140819,38.09,38.534,37.114,37.53,81573,0
20140820,37.05,37.33,36.18,36.53,135999,0
20140821,36.6,37.18,35.66,36.65,99393,0
20140822,36.46,36.57,35.13,36.32,139968,0
20140825,36.62,38.39,36.59,37.79,83857,0
20140826,37.75,39.19,37.75,38.81,132141,0
20140827,39.11,39.4,37.685,37.85,169234,0
20140828,38.12,38.12,36.02,36.06,49480,0
20140829,36.05,36.17,35.52,36,107368,0
20140902,35.87,36.75,35.73,36.6,100202,0
20140903,36.76,37.28,36.26,36.71,216112,0
20140904,36.81,38.24,36.56,37.46,155094,0
20140905,37.33,38.36,37.33,37.98,118219,0
20140908,38.06,40.71,37.825,40.36,192208,0
20140909,40.25,40.93,39.1,39.73,195427,0
20140910,39.69,39.69,38.76,39.21,76801,0
20140911,38.94,41,38.94,40.95,173266,0
20140912,41.06,41.49,39.96,40.56,198991,0
20140915,40.6,40.6,38.37,39.06,120241,0
20140916,38.79,39.72,37.85,38.99,138708,0
20140917,38.78,40.8,38.318,39.62,152414,0
20140918,39.73,40.77,39.18,39.7,122706,0
20140919,39.9,40.4,38.76,39.57,1036669,0
20140922,39.23,39.45,37.58,38.74,144667,0
20140923,38.39,40.1,38.39,39.27,207966,0
20140924,39.52,40.74,39.13,39.36,183349,0
20140925,39.23,39.61,38.02,38.1,84646,0
20140926,39.69,44.22,38.07,42.1,1092512,0
20140929,38.5,40.39,37.02,38.38,296438,0
20140930,37.5,38.15,34.755,34.94,379548,0
20141001,34.79,35.47,31.55,32.59,477127,0
20141002,32.13,33.98,31.57,33.79,378630,0
20141003,34.03,34.24,32.81,33.09,145629,0
20141006,33.19,34.64,33,33.18,167919,0
20141007,34.17,34.17,31.97,32.32,245517,0
20141008,31.815,34.115,31.445,33.79,163789,0
20141009,33.72,33.97,31.71,32.15,207081,0
20141010,31.9,31.9,29.35,30.47,587655,0
20141013,30.44,32.5,29.62,30.69,218496,0
20141014,31.04,32.73,29.84,31.1,164834,0
20141015,29.3,31.05,29.3,30.7,301889,0
20141016,29.96,33.13,29.24,32.66,221724,0
20141017,33.22,33.9,32.88,33.28,191859,0
20141020,32.86,35.15,32.84,35.01,230444,0
20141021,35.43,35.87,34,34.24,256889,0
20141022,34.56,34.9,33.51,33.6,178100,0
20141023,34.07,36.5,34,35.12,181307,0
20141024,35.15,36.505,35.15,35.72,169960,0
20141027,35.19,36.56,35.001,36.42,149767,0
20141028,36.59,38.11,35.92,38.03,251772,0
20141029,38.22,40.57,37.83,39.81,287053,0
20141030,39.74,40.87,39.12,40.05,262431,0
20141031,41.32,42.83,40.66,41.08,354391,0
20141103,41.08,43.37,40.7,43.3,259215,0
20141104,42.99,43.5,40.15,40.4,404785,0
20141105,41.46,41.565,37.3,37.71,304243,0
20141106,38.81,43.87,38.76,41.73,859827,0
20141107,40.9,42.44,38.4,42.14,335171,0
20141110,43.01,45.68,42.03,42.68,438395,0
20141111,42.5,43.12,41.5,43,197379,0
20141112,42.5,44.31,41.7,42.41,211384,0
20141113,42.33,43.21,40.32,40.43,214691,0
20141114,40.25,40.39,39.07,39.77,193253,0
20141117,39.43,41.272,39.43,40.78,111800,0
20141118,40.93,41.27,39.99,40.71,161302,0
20141119,40.45,40.53,39.55,39.95,261099,0
20141120,39.56,41.89,39.52,41.8,100957,0
20141121,42.7,42.7,40.72,41.21,237475,0
20141124,41.11,42.47,41.01,42.42,222644,0
20141125,42.52,44.16,41.89,42.1,454218,0
20141126,41.9,43.07,41.64,42.42,392522,0
20141128,42.17,42.81,41.69,41.88,129710,0
20141201,41.9,42.58,41.55,42.25,397512,0
20141202,42.31,46,41.97,43.85,424859,0
20141203,43.91,46.01,43.87,45.58,217038,0
20141204,45.176,46.464,44.45,45.03,174375,0
20141205,45.17,46.99,44.55,44.84,187795,0
20141208,44.7,49.01,42.41,45.91,840158,0
20141209,47.54,47.87,40.47,41.34,1206185,0
20141210,40.4,41.98,35.94,37.48,742085,0
20141211,37.52,38,33.21,33.5,707209,0
20141212,33.05,36.8,33.05,34.85,512157,0
20141215,35.27,35.35,31.71,31.89,437475,0
20141216,31.58,33.28,31.02,31.07,400535,0
20141217,30.55,32.73,30.09,32.61,322763,0
20141218,32.96,36.34,32.95,36.12,375192,0
20141219,36.13,39.03,35.938,38.55,1528147,0
20141222,38,39.54,37.84,39.09,276561,0
20141223,39.61,39.681,36.34,36.5,329500,0
20141224,36.76,37.81,36.5,37.78,97842,0
20141226,38.19,38.71,37.97,38.49,94207,0
20141229,38.71,39.26,36.855,37.79,177736,0
20141230,37.74,37.796,35.8,35.96,173191,0
20141231,36,38.38,36,37.43,219173,0
20150102,37.84,38.47,36.68,37.99,189942,0
20150105,37.53,37.96,35.76,35.97,300221,0
20150106,35.97,36.53,33.07,33.47,427459,0
20150107,32.49,32.6,30.53,30.96,2642594,0
20150108,31.78,32.15,31.418,32.01,950027,0
20150109,32,32.35,31.6,32.04,441832,0
20150112,32.12,32.23,29.47,29.9,618610,0
20150113,30.12,30.85,28.01,28.45,533936,0
20150114,28,29.22,27.71,28.06,353934,0
20150115,28.64,28.968,27.5,27.76,399584,0
20150116,27.61,28.12,26.52,26.65,501131,0
20150120,27.02,27.97,25.95,26,616975,0
20150121,26,26.95,25.14,25.62,526660,0
20150122,25.79,26.44,24.35,26.34,706020,0
20150123,26.49,27.76,26.07,27.66,522413,0
20150126,27.61,28.98,27.32,28.6,507115,0
20150127,28.2,29.12,27.91,28.32,162020,0
20150128,28.47,28.78,26.5,26.65,305451,0
20150129,26.9,27.2,26,26.83,168326,0
20150130,26.53,27.19,26.41,26.53,370998,0
20150202,26.69,26.69,25.49,26.45,269583,0
20150203,26.55,26.99,26.14,26.86,389613,0
20150204,26.49,27.225,25.35,26.59,330842,0
20150205,26.48,29.71,26.48,28.26,480586,0
20150206,28.25,28.445,26.9,26.99,213834,0
20150209,26.83,27.775,26.79,26.97,185862,0
20150210,26.71,27.36,26.28,26.61,314648,0
20150211,26.61,27.24,26.11,26.6,230205,0
20150212,26.81,27.39,26.56,27.25,254444,0
20150213,27.47,27.7,26.685,27.12,235314,0
20150217,27.24,27.615,26.97,27.25,177462,0
20150218,27.23,28.54,27.13,27.8,252858,0
20150219,27.87,28.46,27.69,27.77,191868,0
20150220,27.89,28.29,27.5,27.55,177648,0
20150223,28.07,29.5,27.11,28.41,373146,0
20150224,28.67,29.35,27.85,28.1,201377,0
20150225,28.44,28.57,27.37,27.97,350536,0
20150226,28.07,28.83,27.51,27.96,252745,0
20150227,28.25,28.25,27.07,27.26,180074,0
20150302,27.36,27.92,27.12,27.64,178400,0
20150303,27.67,28.03,27.01,27.09,303600,0
20150304,27.27,27.51,26.7,27.04,364900,0
20150305,27.34,28.64,27.03,27.97,493200,0
20150306,27.69,28.1,26.86,27.01,267500,0
20150309,27.16,27.16,25,26.29,353300,0
20150310,25.99,26.6,25.13,26.25,214600,0
20150311,26.5,28.57,25.65,28.33,591900,0
20150312,28.35,28.85,28.03,28.72,368700,0
20150313,28.78,29.19,27.4,28.08,327200,0
20150316,28,31.67,27.41,31.56,784900,0
20150317,32.3,34.6,31.13,34.45,939700,0
20150318,34.14,34.41,31.27,31.79,553800,0
20150319,32.01,33.1,31.87,33.05,348500,0
20150320,33.38,33.9,31.35,31.44,986200,0
20150323,31.32,31.35,29.62,30.84,314200,0
20150324,31,32.06,30.05,30.29,280700,0
20150325,30.59,30.6,29.01,29.4,402900,0
20150326,29,29.52,27.89,29.07,341100,0
20150327,28.95,30,28.95,29.74,149700,0
20150330,30.03,31.05,29.56,30.91,177800,0
20150331,30.8,31.38,30.07,30.61,307200,0
20150401,30.65,30.65,29.07,30.16,365300,0
20150402,30.22,30.34,28.78,29.45,484600,0
20150406,29.43,30.5,29.18,29.71,319500,0
20150407,31.06,33.84,30.6,31.22,698304,0
20150408,31.34,32.48,31.05,31.91,280600,0
20150409,32.41,33.25,31,31.41,457219,0
20150410,31.51,32.16,31.1,32.08,183200,0
20150413,32.21,33.89,32.21,33.27,209600,0
20150414,33.28,33.5,32.74,33.31,189200,0
20150415,33.65,33.97,32.42,33.86,240971,0
20150416,33.48,35.65,33.44,34.83,311900,0
20150417,34.44,34.92,33.27,33.79,431200,0
20150420,34,34.47,31.85,33,276405,0
20150421,33.52,33.7,32.685,32.84,148827,0
20150422,33,33.475,31.76,32.24,303181,0
20150423,32,32.75,31.49,32.62,172500,0
20150424,32.51,32.53,30.9,31.49,223800,0
20150427,31.57,31.74,28.95,29.46,390500,0
20150428,29.44,29.44,27.17,28.48,338400,0
20150429,28.24,28.9,27.6,28.5,149700,0
20150430,28.05,28.74,26.53,27.16,263700,0
20150501,27.46,29.07,27.25,29.02,260500,0
20150504,28.89,30.54,28.89,29.96,282300,0
20150505,29.69,30.31,29.56,29.78,448600,0
20150506,29.75,30.13,28.24,28.81,275616,0
20150507,29.03,29.49,27.91,28.43,239895,0
20150508,28.98,29.53,28.45,28.74,292200,0
20150511,28.75,29.99,28.32,29.45,452300,0
20150512,29.012,30.71,28.98,30.26,430674,0
20150513,30.53,30.82,29.18,29.34,269900,0
20150514,29.93,29.93,26.69,26.83,672000,0
20150515,26.88,26.89,24.72,24.81,728021,0
20150518,24.85,27.45,24.85,27.02,415326,0
20150519,27.04,27.26,26.22,26.38,311100,0
20150520,26.39,26.75,25.29,26.09,402600,0
20150521,26.11,26.57,25.76,26.27,186400,0
20150522,26.32,26.67,25.81,26.15,342100,0
20150526,26.05,26.99,25.9,26.84,243083,0
20150527,27.03,27.58,26.23,27.14,299500,0
20150528,26.98,27.7,26.52,27.38,213829,0
20150529,27.18,27.74,26.85,26.92,306700,0
20150601,27,27.74,25.82,26.94,505800,0
20150602,26.96,27.42,26.33,26.54,420404,0
20150603,26.45,27.3,26.01,26.91,350700,0
20150604,26.75,27.77,26.56,27.51,271200,0
20150605,27.25,28.22,26.82,28.09,191300,0
20150608,28.02,29.45,27.75,28.11,223500,0
20150609,27.96,28.185,27.02,27.79,312967,0
20150610,27.93,28.62,27.57,28.11,122427,0
20150611,28.27,28.66,27.782,28.11,155710,0
20150612,27.85,28.12,26.76,26.84,223700,0
20150615,27.14,27.19,26,26.78,340500,0
20150616,26.59,27.21,26.59,26.75,146700,0
20150617,26.73,27.13,26.59,27,287500,0
20150618,27.01,28.12,26.94,27.77,377600,0
20150619,27.68,27.98,27.04,27.54,462300,0
20150622,27.72,28.5,27.7,28.02,233300,0
20150623,28.13,28.66,27.9,28.23,214451,0
20150624,28.24,28.43,26.98,27.31,302000,0
20150625,27.37,27.8,26.1,26.35,279600,0
20150626,26.29,26.93,25.57,26.04,1573300,0
20150629,25.75,26.5,24.99,25.04,349400,0
20150630,25.351,27.31,25.315,27.21,273673,0
20150701,27.25,27.7,25.51,25.9,290100,0
20150702,25.5,25.96,24.81,25.1,213600,0
20150706,24.77,26.43,24.75,25.86,230700,0
20150707,26.27,26.27,24.96,25.9,183700,0
20150708,25.52,25.68,24.56,24.93,194400,0
20150709,25.2,25.72,24.97,25.33,211600,0
20150710,25.37,25.89,25.19,25.57,152300,0
20150713,25.52,26.66,25.52,26.63,124800,0
20150714,26.7,27.35,26.53,26.94,160255,0
20150715,27.08,27.68,26.3,26.39,248432,0
20150716,26.58,27.21,26.18,26.62,179300,0
20150717,26.54,26.86,25.26,25.91,332700,0
20150720,25.63,25.94,23.48,23.98,560900,0
20150721,23.87,24.57,23.02,23.26,355300,0
20150722,23.13,23.74,22.27,23.21,225700,0
20150723,23.4,24.02,22.83,22.95,259000,0
20150724,22.82,23.59,21.11,21.45,343300,0
20150727,21.3,21.97,20.77,21.14,380400,0
20150728,21.31,22.26,20.53,21.34,329500,0
20150729,21.13,21.48,19.86,19.98,444900,0
20150730,19.72,20.34,18.89,20.08,409500,0
20150731,20.29,22.09,20.23,20.52,238600,0
20150803,20.43,21.67,20.09,20.95,330990,0
20150804,21.05,22.36,20.86,21.7,392500,0
20150805,22,22.48,21.49,22.35,398300,0
20150806,22.5,22.61,21.63,22.12,602300,0
20150807,21.89,22.22,21.09,22.05,487000,0
20150810,16.48,18.95,12.26,13.44,4326700,0
20150811,14.01,14.62,12.45,13.31,2057174,0
20150812,13,13.36,12.44,13,822600,0
20150813,13.36,13.77,12.62,12.71,773000,0
20150814,12.57,13,11.58,12.02,1337100,0
20150817,12.23,14.8,11.95,14.4,1609200,0
20150818,14.06,14.39,13.18,13.42,777800,0
20150819,13.07,13.76,12.98,13.55,663600,0
20150820,13.14,13.57,12.85,12.95,642000,0
20150821,12.5,13.47,12.5,13.18,417700,0
20150824,12.53,13.34,12.49,12.79,676014,0
20150825,12.89,13.6,12.82,13,673400,0
20150826,13.2,13.57,12.56,13.52,409700,0
20150827,13.6,14.13,13.46,13.96,360400,0
20150828,13.95,14.34,13.8,14.14,294500,0
20150831,13.89,14.3,13.76,13.86,360200,0
20150901,13.43,13.84,13.26,13.37,292700,0
20150902,14,14.67,13.72,14.63,413800,0
20150903,14.63,15.07,13.91,14.19,397300,0
20150904,13.91,14.39,13.7,13.98,255300,0
20150908,14.31,14.64,13.95,14.61,197100,0
20150909,15,15.48,14.05,14.14,289000,0
20150910,14.11,14.67,14,14.54,306875,0
20150911,14.57,14.96,14.17,14.95,381600,0
20150914,14.93,15.36,14.8,15.06,379000,0
20150915,15.06,15.265,14.89,15.15,168873,0
20150916,14.99,15.37,14.3,14.75,343500,0
20150917,14.66,15.55,14.39,15.31,720700,0
20150918,15.11,15.24,14.61,14.94,1738700,0
20150921,15.11,15.7,14.02,14.45,473500,0
20150922,14.11,14.18,13.3,13.75,686100,0
20150923,13.82,14.12,13.34,13.57,161400,0
20150924,13.53,13.625,12.51,13.43,309013,0
20150925,13.5,13.73,12.45,12.6,350100,0
20150928,12.47,12.58,11.06,11.36,392195,0
20150929,10.25,11.81,10.25,10.37,311900,0
20150930,10.55,11.02,10,10.53,307800,0
20151001,10.51,10.95,10.35,10.91,287800,0
20151002,10.67,11.76,10.66,11.73,261100,0
20151005,11.9,12.26,11.38,11.68,266293,0
20151006,11.45,11.67,10.87,11.44,274200,0
20151007,11.63,12.77,11.32,12.3,375100,0
20151008,12.17,12.33,11.51,11.71,382400,0
20151009,11.81,12.03,11.46,11.75,204900,0
20151012,11.82,12.095,11.23,11.56,214636,0
20151013,11.54,11.77,10.89,10.94,306800,0
20151014,11.16,11.6,10.91,11.37,251900,0
20151015,11.29,12.68,11.19,12.62,408500,0
20151016,12.83,13.19,12.31,12.71,200100,0
20151019,12.96,14.5,12.53,13.83,556400,0
20151020,13.87,14.66,13.13,13.69,292491,0
20151021,13.76,14.07,12.7,13.43,410200,0
20151022,13.47,14.02,12.75,13.18,185700,0
20151023,13.34,14.13,13.14,13.24,326000,0
20151026,13.14,13.54,12.71,12.84,298600,0
20151027,12.86,13.01,11.99,12.09,520300,0
20151028,12.23,13.08,11.59,13.05,318900,0
20151029,12.92,13.92,12.88,13.24,369000,0
20151030,13.21,13.39,12.68,13.35,151200,0
20151102,13.49,14.4,13.35,14.05,262882,0
20151103,13.89,14.82,13.7,14.07,260900,0
20151104,14.14,15.08,13.74,15.05,266988,0
20151105,15.02,15.12,14.27,14.97,211600,0
20151106,14.9,15.75,14.14,15.58,263100,0
20151109,15.3,16.78,14.55,15.7,266238,0
20151110,15.84,17.63,15.79,17.09,400800,0
20151111,16.71,17.45,16.44,16.5,246900,0
20151112,16.5,16.78,15.96,16.01,204500,0
20151113,16.01,16.6,15.76,15.88,276900,0
20151116,15.82,16.41,15.48,16.24,205800,0
20151117,16.25,16.65,15.81,16.1,186600,0
20151118,16,16.95,16,16.89,199200,0
20151119,16.93,17,16.31,16.6,98300,0
20151120,16.81,16.83,16.45,16.54,103600,0
20151123,16.38,18.24,16.08,17.91,345400,0
20151124,17.75,18.76,17.75,18.41,218900,0
20151125,18.4,19.04,18.29,18.7,275300,0
20151127,18.7,19.41,18.7,18.98,86400,0
20151130,18.95,19.38,18.21,18.7,418900,0
20151201,18.73,18.84,17.15,17.69,495690,0
20151202,17.67,18.11,17.52,17.57,321897,0
20151203,17.53,17.763,16.19,16.38,335122,0
20151204,16.4,16.83,16.26,16.75,237200,0
20151207,17,17.12,14.88,15.06,390200,0
20151208,15.01,15.46,14.62,15.34,203595,0
20151209,15.22,15.44,14.77,15,184800,0
20151210,15.07,15.24,14.81,15.15,318700,0
20151211,14.74,15.21,13.89,14.01,260600,0
20151214,14.08,14.3,13.2,13.59,183016,0
20151215,13.5,14.02,13.5,13.92,195600,0
20151216,13.93,14.09,13.34,13.7,342700,0
20151217,13.87,14,13.17,13.72,207700,0
20151218,13.71,14.33,13.37,13.47,442800,0
20151221,13.42,13.8,13.14,13.56,204300,0
20151222,13.82,14.98,13.79,14.01,320388,0
20151223,14.18,14.31,14.04,14.24,208000,0
20151224,14.2,14.26,13.93,13.96,79942,0
20151228,13.78,14.06,13.35,13.7,273998,0
20151229,13.94,14.13,13.66,13.8,197097,0
20151230,13.68,13.92,13.25,13.35,499968,0
20151231,13.35,13.53,13.2,13.25,271468,0
20160104,13.07,13.61,12.81,13.46,300427,0
20160105,13.47,13.97,13.115,13.7,189830,0
20160106,13.19,13.2,10.52,11.59,1078165,0
20160107,10.87,10.87,9.94,9.95,509809,0
20160108,10.27,10.97,9.355,9.44,303252,0
20160111,9.43,10.065,8,8.12,558343,0
20160112,8.15,8.835,7.7802,8.16,256745,0
20160113,8.32,8.8699,6.82,6.94,332958,0
20160114,7.02,7.29,6.0773,6.84,534009,0
20160115,6.58,6.6999,6.365,6.54,454150,0
20160119,6.66,6.75,5.97,6.39,442700,0
20160120,5.76,7.08,5.76,6.82,672288,0
20160121,6.81,7.83,6.52,7.29,395072,0
20160122,7.47,7.47,6.74,7,369117,0
20160125,6.98,7.24,6.73,6.77,163743,0
20160126,6.83,6.96,6.18,6.68,252886,0
20160127,6.61,6.78,6.295,6.33,151979,0
20160128,6.36,6.41,5.69,5.94,340811,0
20160129,5.94,6.33,5.83,6.23,224176,0
20160201,6.15,6.285,5.9,6.07,242084,0
20160202,5.99,6,5.5801,5.84,269957,0
20160203,5.84,5.95,5.43,5.88,275562,0
20160204,5.88,6.64,5.81,5.96,311083,0
20160205,5.98,6.3,5.43,5.76,488576,0
20160208,5.65,5.76,5.25,5.46,318131,0
20160209,5.35,5.9133,4.83,5.8,235553,0
20160210,5.83,6.084,5.33,5.34,271756,0
20160211,5.18,5.49,5.04,5.33,220258,0
20160212,5.39,5.72,5.39,5.55,271599,0
20160216,5.64,5.87,5.59,5.83,268681,0
20160217,5.89,6.7,5.89,6.46,395125,0
20160218,6.51,6.53,6.07,6.1,302194,0
20160219,6.03,6.31,5.78,6.13,192171,0
20160222,6.2,6.36,6.16,6.24,167176,0
20160223,6.16,6.2,5.81,5.82,135374,0
20160224,5.72,5.97,5.5,5.91,136327,0
20160225,5.9,5.97,5.54,5.8,111207,0
20160226,5.85,6.17,5.85,6.09,176233,0
20160229,6.1,6.28,5.89,5.9,124535,0
20160301,5.94,6.395,5.9,6.38,196964,0
20160302,6.42,7.095,6.34,6.93,304830,0
20160303,6.9,7.6299,6.9,7.33,245513,0
20160304,7.46,8.18,7.22,7.89,281489,0
20160307,7.8,8.45,7.25,8.42,268456,0
20160308,8.35,8.45,7.43,7.84,323046,0
20160309,7.84,7.9,7.28,7.62,174852,0
20160310,7.61,7.755,7.15,7.35,175572,0
20160311,7.53,8.17,7.26,7.9,213208,0
20160314,8.08,9.22,8.08,8.87,362566,0
20160315,8.28,8.42,7.11,7.67,658592,0
20160316,7.71,8.33,7.5601,7.69,348005,0
20160317,7.7,7.9499,7.37,7.76,382295,0
20160318,7.83,8.38,7.74,8.32,472078,0
20160321,8.28,9.18,8.02,8.9,297213,0
20160322,8.75,10,8.75,9.26,339210,0
20160323,9.09,9.2551,8.15,8.37,411054,0
20160324,8.22,8.94,7.8,8.42,170244,0
20160328,8.5,8.59,8.08,8.24,96504,0
20160329,8.13,8.8,7.86,8.69,167868,0
20160330,8.86,9.45,8.5,8.64,201955,0
20160331,8.59,9.28,8.31,8.92,231806,0
20160401,8.92,9.28,8.7,8.97,459708,0
20160404,8.97,9.63,8.9,9.29,260332,0
20160405,9.26,9.44,8.99,8.99,231773,0
20160406,9.13,9.26,8.7,9.06,330854,0
20160407,9,9.27,8.65,9.08,269690,0
20160408,9.1,9.13,8.74,8.94,154794,0
20160411,9,9.39,8.785,8.84,131560,0
20160412,8.87,9.06,8.45,8.97,118747,0
20160413,9.03,9.22,8.76,9,259090,0
20160414,9,9.2,8.88,9,211883,0
20160415,8.96,9.18,8.835,8.98,172314,0
20160418,8.89,9.24,8.89,9.04,230492,0
20160419,9.05,9.239,8.9,9.04,194127,0
20160420,9.31,9.56,8.77,9.03,269202,0
20160421,8.98,10.26,8.81,9.92,256270,0
20160422,9.92,10.36,9.78,10.25,139012,0
20160425,10.19,10.4499,9.976,10.07,152663,0
20160426,10.14,10.14,9.39,9.59,180534,0
20160427,9.62,9.72,9.29,9.44,96483,0
20160428,9.48,9.96,9.2001,9.4,92396,0
20160429,9.44,9.565,9.02,9.3,131839,0
20160502,9.36,9.57,9.1201,9.52,121140,0
20160503,9.36,9.7,8.59,8.63,139141,0
20160504,8.63,8.67,7.97,8.04,197512,0
20160505,8.17,8.4599,7.89,8,124370,0
20160506,7.91,8.23,7.73,7.89,93097,0
20160509,7.43,8.51,7.14,8.26,135448,0
20160510,8.28,8.39,7.86,8.18,160149,0
20160511,8.14,8.62,8,8.06,246223,0
20160512,8.13,8.13,7.77,7.98,119924,0
20160513,7.96,8.12,7.6,7.63,129575,0
20160516,7.74,8.09,7.74,8,131683,0
20160517,7.98,8.475,7.93,8.06,147437,0
20160518,7.95,8.33,7.79,8.18,96984,0
20160519,8.11,8.36,7.53,8.21,111701,0
20160520,8.18,8.69,8.17,8.59,189321,0
20160523,8.52,8.93,8.52,8.7,111278,0
20160524,8.8,9.55,8.68,9.43,144199,0
20160525,9.51,10.12,9.5,9.69,222735,0
20160526,9.69,10.05,9.43,9.53,97805,0
20160527,9.71,9.83,9.26,9.62,300709,0
20160531,9.72,9.96,9.31,9.58,137269,0
20160601,9.52,9.84,9.48,9.58,139528,0
20160602,9.54,9.92,9.31,9.7,165219,0
20160603,9.68,9.81,9.21,9.25,151621,0
20160606,9.27,9.638,8.6601,9.32,227612,0
20160607,9.16,9.75,8.82,9.56,282737,0
20160608,9.62,9.62,9.16,9.29,222165,0
20160609,9.17,9.355,9.02,9.125,249531,0
20160610,8.96,8.99,8.5,8.52,134461,0
20160613,8.43,8.68,8.32,8.36,103161,0
20160614,8.33,8.62,7.8,8.07,138383,0
20160615,8.17,8.23,7.81,7.91,187455,0
20160616,7.93,8.12,7.6751,8.09,113981,0
20160617,8.09,8.3,7.52,7.62,275657,0
20160620,7.81,8.06,7.61,7.71,123726,0
20160621,7.71,7.71,7.29,7.62,119182,0
20160622,7.64,8.03,7.34,7.68,95556,0
20160623,7.82,8.18,7.68,8.03,247339,0
20160624,7.52,7.88,7.32,7.52,615326,0
20160627,7.41,7.65,6.72,6.76,236654,0
20160628,7.02,7.3244,6.88,7.02,292723,0
20160629,6.87,7.18,6.83,6.97,262826,0
20160630,6.96,7.05,6.63,6.71,182028,0
20160701,6.66,7.26,6.54,7.19,130529,0
20160705,7.05,7.19,6.9,6.98,95386,0
20160706,6.9,7.32,6.9,7.09,168191,0
20160707,7.18,7.39,6.98,7.1,175281,0
20160708,7.15,7.2599,7.04,7.11,283820,0
20160711,7.18,7.6,7.05,7.38,198105,0
20160712,7.51,7.71,7.4,7.53,124939,0
20160713,7.6,7.82,7.14,7.17,112821,0
20160714,7.27,7.32,7.01,7.19,88658,0
20160715,7.24,7.65,7.24,7.63,111342,0
20160718,7.44,7.67,7.44,7.62,76755,0
20160719,7.58,7.63,7.07,7.1,104845,0
20160720,7.15,7.32,7.05,7.11,120512,0
20160721,7.17,7.33,7.1,7.14,65078,0
20160722,7.18,7.256,7.01,7.03,49152,0
20160725,7.07,7.22,6.97,7.13,72471,0
20160726,7.08,7.38,7.08,7.36,57538,0
20160727,7.4,7.9,7.4,7.67,155129,0
20160728,7.68,7.68,7.2397,7.36,42941,0
20160729,7.29,7.5,7.13,7.38,70728,0
20160801,7.46,7.62,7.17,7.23,67426,0
20160802,7.25,7.46,6.98,6.98,136342,0
20160803,6.97,7.13,6.77,6.99,241850,0
20160804,6.95,7.29,6.78,6.8,191514,0
20160805,6.98,7.2,6.75,6.92,104533,0
20160808,6.94,7.21,6.74,6.79,160079,0
20160809,6.83,6.99,6.7,6.97,76560,0
20160810,6.95,6.95,6.5936,6.7,69911,0
20160811,6.75,7.06,6.7,6.95,76444,0
20160812,6.92,7.055,6.81,6.97,52060,0
20160815,7.01,7.25,7.01,7.22,59005,0
20160816,7.25,7.38,7.0528,7.2,70193,0
20160817,7.21,7.2717,6.9231,6.99,94159,0
20160818,7.22,7.85,7.21,7.8,385745,0
20160819,7.85,8.17,7.56,8.08,185983,0
20160822,8.14,8.14,7.45,7.76,198682,0
20160823,7.84,8.2,7.54,7.82,98039,0
20160824,7.77,8.01,7.12,7.15,90661,0
20160825,7.28,7.63,6.66,6.85,182265,0
20160826,6.89,7.08,6.57,6.92,129019,0
20160829,6.97,7.1612,6.84,7.12,70957,0
20160830,7.55,9.86,7.53,9.73,3285510,0
20160831,9.32,10.24,9.01,9.95,1995875,0
20160901,10.05,11.41,9.78,11.1,1278639,0
20160902,11.03,11.376,10.25,10.62,958550,0
20160906,10,10.15,8.675,8.97,1981448,0
20160907,9.05,9.48,8.91,9.14,3546535,0
20160908,9.29,9.435,9.0801,9.22,390321,0
20160909,9.13,9.208,8.49,8.5,341523,0
20160912,8.5,9.05,8.5,8.97,267372,0
20160913,8.84,8.97,8.52,8.73,161544,0
20160914,8.72,9.19,8.72,9.03,326698,0
20160915,9,9.2,8.77,9.12,225870,0
20160916,9.08,9.44,8.84,9.3,509757,0
20160919,9.37,9.47,9.0801,9.13,180607,0
20160920,9.22,9.43,9.12,9.2,163074,0
20160921,9.23,9.6,9.1001,9.56,271561,0
20160922,9.59,9.73,9.39,9.71,255082,0
20160923,9.66,9.81,9.3,9.35,170080,0
20160926,9.29,9.47,9.13,9.37,178004,0
20160927,9.35,9.74,9.34,9.69,202224,0
20160928,9.77,9.88,9.4,9.73,163162,0
20160929,9.68,9.8,9.427,9.45,157965,0
20160930,9.54,9.83,9.4,9.73,342266,0
20161003,9.8,9.96,9.631,9.86,233883,0
20161004,9.86,10.15,9.86,9.92,213978,0
20161005,10.06,10.24,9.89,10.11,241926,0
20161006,10.06,10.1,9.7,9.71,200778,0
20161007,9.7,10.13,9.36,9.56,134902,0
20161010,9.66,9.98,9.65,9.77,314923,0
20161011,9.67,9.72,9.22,9.37,143592,0
20161012,9.27,9.695,8.92,8.97,1042694,0
20161013,8.88,9.3,8.61,9.12,229057,0
20161014,9.21,9.39,8.6,8.6,129394,0
20161017,8.64,8.64,8.271,8.5,181366,0
20161018,8.6,8.73,8.49,8.62,605737,0
20161019,8.65,8.77,8.33,8.45,132208,0
20161020,8.38,8.615,8.31,8.57,287856,0
20161021,8.48,9.06,8.28,8.59,216900,0
20161024,8.65,8.67,8.46,8.48,74096,0
20161025,8.6,8.64,8.34,8.45,160227,0
20161026,8.46,8.54,8.25,8.35,166120,0
20161027,8.43,8.5172,7.81,7.84,140813,0
20161028,7.77,7.96,7.51,7.52,153037,0
20161031,7.53,7.58,7.22,7.24,207528,0
20161101,7.29,7.43,7.03,7.13,256959,0
20161102,7.05,7.1,6.52,6.53,225691,0
20161103,6.59,6.7799,6.37,6.39,327620,0
20161104,6.37,7.07,6.27,6.83,339337,0
20161107,7.1,7.1386,6.76,6.92,214254,0
20161108,6.43,7.97,6.43,7.79,425713,0
20161109,8.29,9.79,8.29,9.32,704189,0
20161110,9.63,10.06,9.56,9.8,467559,0
20161111,9.7,10.16,9.35,9.93,377885,0
20161114,10.02,10.295,9.785,10.07,376643,0
20161115,9.95,10.175,9.5399,9.77,195205,0
20161116,9.69,10.04,9.4,9.47,150926,0
20161117,9.43,10.01,9.29,9.95,141102,0
20161118,9.97,10.13,9.82,9.87,161984,0
20161121,9.89,9.98,9.82,9.97,121333,0
20161122,10.03,10.05,9.56,9.67,96022,0
20161123,9.45,10.05,9.27,10.01,117880,0
20161125,10,10.05,9.69,9.91,55976,0
20161128,9.89,10,9.23,9.29,102676,0
20161129,9.28,9.47,9.06,9.3,74047,0
20161130,9.42,9.93,9.205,9.23,114947,0
20161201,9.3,9.57,9,9.03,94720,0
20161202,9.33,9.46,8.91,9.28,268714,0
20161205,9.26,9.295,8.74,8.87,267252,0
20161206,8.93,9.14,8.81,9.13,189944,0
20161207,9.16,9.22,8.374,9.18,373139,0
20161208,9.16,9.2,8.8601,9.18,200356,0
20161209,9.15,9.49,9.02,9.21,149200,0
20161212,9.12,9.39,8.85,9.14,220462,0
20161213,9.22,9.47,9.15,9.23,178583,0
20161214,9.22,9.47,9.01,9.22,304343,0
20161215,9.24,9.82,9.21,9.67,197490,0
20161216,9.72,10.05,9.495,9.75,593025,0
20161219,9.75,10.04,9.36,9.47,170965,0
20161220,9.56,9.97,9.41,9.5,200556,0
20161221,9.49,9.525,9.2,9.32,96792,0
20161222,9.32,9.33,8.97,9.04,110387,0
20161223,9.01,9.58,9.01,9.56,86195,0
20161227,9.55,9.85,9.35,9.37,241585,0
20161228,9.39,9.569,9.17,9.2,75982,0
20161229,9.24,9.4,9.05,9.34,127766,0
20161230,9.33,9.42,9.17,9.4,161080,0
20170103,9.55,9.76,9.06,9.64,165828,0
20170104,9.68,10.56,9.54,10.55,349247,0
20170105,10.52,10.83,10.25,10.74,303915,0
20170106,10.78,11.19,10.7297,11.01,231227,0
20170109,11.12,11.12,10.85,10.95,310262,0
20170110,11.1,11.17,10.32,10.65,168068,0
20170111,10.67,10.75,10.01,10.38,255502,0
20170112,10.27,10.52,10.1,10.25,106477,0
20170113,10.27,10.5,10.02,10.12,122663,0
20170117,10,10.24,9.67,9.84,138643,0
20170118,9.88,9.98,9.55,9.79,208601,0
20170119,9.75,10.69,9.73,10.47,195344,0
20170120,10.4,10.55,10.09,10.39,163452,0
20170123,10.4,10.42,10,10.38,153519,0
20170124,10.44,10.44,9.94,10.32,213040,0
20170125,10.36,10.83,10.2,10.79,148335,0
20170126,10.81,10.94,10.5,10.73,145139,0
20170127,10.7,10.85,10.54,10.84,123711,0
20170130,10.74,10.74,10.135,10.28,308101,0
20170131,10.23,10.47,9.93,10.35,204655,0
20170201,10.42,10.765,10.35,10.56,127518,0
20170202,10.45,10.8,10.25,10.65,95174,0
20170203,10.77,10.89,10.66,10.78,160768,0
20170206,10.76,10.99,10.7,10.82,116157,0
20170207,10.86,10.86,10.25,10.32,170694,0
20170208,10.29,10.32,9.94,10.1,111183,0
20170209,10.1,10.3399,10.1,10.13,84186,0
20170210,10.18,10.29,10.015,10.12,76107,0
20170213,10.27,10.449,10.09,10.12,96094,0
20170214,10.08,10.29,10.06,10.25,71940,0
20170215,10.23,10.88,10.2,10.84,165811,0
20170216,10.84,10.8792,10.3016,10.67,136855,0
20170217,10.65,10.8,10.43,10.6,186029,0
20170221,10.64,10.6799,10.46,10.58,82148,0
20170222,10.57,10.57,10.32,10.44,60095,0
20170223,10.48,10.48,10.01,10.27,63429,0
20170224,10.11,10.15,9.92,10.1,79987,0
20170227,10.11,11.17,10.07,11.13,162176,0
20170228,11.02,11.0999,10.31,10.37,209953,0
20170301,10.65,11.1637,10.49,11.03,294643,0
20170302,11.16,14.63,10.995,13.84,1977470,0
20170303,11.33,12.4,11.17,11.62,842527,0
20170306,11.5,11.8,11.29,11.66,289277,0
20170307,11.49,11.7687,11.16,11.39,229827,0
20170308,11.23,12.2099,11.23,11.87,240458,0
20170309,11.76,11.905,11.74,11.76,146442,0
20170310,11.9,12.13,10.47,10.55,557140,0
20170313,10.75,11.05,10,10,731885,0
20170314,10.15,10.26,9.77,10,344073,0
20170315,10,10.2,9.96,10.04,239065,0
20170316,10,10.75,9.61,10.51,427888,0
20170317,10.64,10.79,10.22,10.37,484074,0
20170320,10.37,10.73,10.08,10.67,193556,0
20170321,10.67,10.75,10.12,10.14,278826,0
20170322,10.14,10.18,9.925,10.1,267116,0
20170323,10.1,10.56,10.0201,10.36,102475,0
20170324,10.39,10.54,10.33,10.48,289381,0
20170327,10.41,10.89,10.29,10.83,197527,0
20170328,10.86,11.47,10.79,11.31,237192,0
20170329,11.33,12.48,11.25,11.97,403020,0
20170330,12.24,12.83,12.01,12.78,611085,0
20170331,12.84,13.18,12.8,12.84,474190,0
20170403,12.85,13.19,12.0401,12.52,441246,0
20170404,12.35,12.79,12.3,12.61,179231,0
20170405,12.66,12.89,12.05,12.21,341357,0
20170406,12.23,12.35,11.96,12.25,158621,0
20170407,12.24,12.3,11.03,11.36,444767,0
20170410,11.74,11.74,11.41,11.44,222422,0
20170411,11.47,11.52,10.77,10.84,284848,0
20170412,10.81,11,10.32,10.55,304014,0
20170413,10.5,11.1,10.46,10.96,225362,0
20170417,10.95,11.43,10.8,11.28,322758,0
20170418,11.15,11.37,10.98,11.21,100807,0
20170419,11.24,12.04,11.2,11.72,1361143,0
20170420,11.72,11.91,11.47,11.67,103365,0
20170421,11.66,11.78,11.22,11.31,114450,0
20170424,11.54,11.54,11.08,11.31,100569,0
20170425,10.99,11,10.15,10.41,1014255,0
20170426,10.43,10.65,10.35,10.38,400566,0
20170427,10.4,10.43,9.93,10.21,281681,0
20170428,10.18,10.4,10.01,10.22,201350,0
20170501,10.25,10.37,9.97,10.17,187379,0
20170502,10.34,10.43,9.53,9.73,287005,0
20170503,9.67,9.73,9.44,9.49,161557,0
20170504,10.35,10.35,8.1,8.67,673732,0
20170505,8.52,8.54,8.16,8.32,284485,0
20170508,8.12,9.05,8.12,8.76,454416,0
20170509,8.75,9.01,8.59,8.74,263805,0
20170510,8.74,8.99,8.6,8.94,169126,0
20170511,8.91,9.67,8.9,9.61,338976,0
20170512,9.56,10.1089,9.5,9.74,938752,0
20170515,10.06,10.67,9.7,9.78,207784,0
20170516,9.8,10.1241,9.623,9.96,160542,0
20170517,9.83,9.97,9.64,9.65,192885,0
20170518,9.64,10.133,9.56,9.8,247227,0
20170519,9.8,10.25,9.8,9.95,173554,0
20170522,9.96,10.04,9.62,9.78,178386,0
20170523,9.8,9.8,9.48,9.53,181129,0
20170524,9.53,9.71,9.42,9.44,97296,0
20170525,9.5,9.56,8.84,9.09,226444,0
20170526,9.09,9.26,8.92,8.95,91491,0
20170530,8.94,8.94,8.3,8.35,144132,0
20170531,8.49,8.49,7.48,8.12,495648,0
20170601,8.16,8.83,8.05,8.83,217646,0
20170602,8.82,9.06,8.55,8.88,237099,0
20170605,8.9,9.24,8.3721,8.72,164716,0
20170606,8.66,8.87,8.52,8.64,66834,0
20170607,8.65,8.94,8.45,8.7,246658,0
20170608,8.72,9.39,8.6044,9.2,148933,0
20170609,9.14,9.51,9.04,9.18,147103,0
20170612,9.17,9.375,8.84,8.97,213829,0
20170613,9,9.28,8.85,9.07,151907,0
20170614,9.05,9.66,8.945,9.22,524461,0
20170615,9.15,9.49,8.94,9.18,185991,0
20170616,9.05,9.34,8.78,9.08,384464,0
20170619,9.18,9.38,9.12,9.18,190553,0
20170620,9.22,9.72,9.15,9.32,200553,0
20170621,9.41,9.75,9.39,9.5,243567,0
20170622,9.49,10.14,9.47,9.96,195189,0
20170623,10,10.13,9.74,9.97,1121554,0
20170626,10.07,10.07,9.33,9.52,274745,0
20170627,9.48,9.58,9.11,9.19,168487,0
20170628,9.24,9.75,9.2,9.74,139553,0
20170629,9.78,9.78,9.22,9.5,118729,0
20170630,9.5,9.5,9.02,9.05,176142,0
20170703,9.09,9.48,9.09,9.42,123859,0
20170705,9.43,9.65,9.09,9.63,187811,0
20170706,9.55,9.64,9.3,9.48,164471,0
20170707,9.54,9.6,9.25,9.3,111201,0
20170710,9.53,9.68,9.32,9.46,170659,0
20170711,9.5,9.6,9.35,9.52,132701,0
20170712,9.6,9.65,9.455,9.58,136389,0
20170713,9.62,9.73,9.31,9.59,127334,0
20170714,9.55,9.58,9.42,9.44,111499,0
20170717,9.51,9.76,9.3,9.45,162858,0
20170718,9.43,9.63,9.11,9.25,232260,0
20170719,9.35,9.5,9.29,9.44,101936,0
20170720,9.43,9.5,9.23,9.38,51874,0
20170721,9.55,9.565,9.26,9.34,103381,0
20170724,9.35,9.42,9.14,9.37,100082,0
20170725,9.45,9.489,9.1,9.19,145742,0
20170726,9.22,9.23,9.05,9.14,55904,0
20170727,9.16,9.16,8.68,8.8,109923,0
20170728,8.85,8.99,8.81,8.91,86635,0
20170731,8.92,8.92,8.41,8.44,121050,0
20170801,8.48,8.515,8.1,8.42,135726,0
