Date,Open,High,Low,Close,Volume,OpenInt
20100421,14,14,14,14,0,0
20100422,12.75,13.08,12.06,12.3,5993574,0
20100423,12.3,12.6,11.86,12.07,902999,0
20100426,12,12.3,12,12.1,627909,0
20100427,12.18,12.2,11.6,11.8,668786,0
20100428,11.75,12.13,11.46,11.9,488536,0
20100429,11.9,12.35,11.77,12.23,263307,0
20100430,12.03,12.39,11.88,11.91,101535,0
20100503,11.85,12.13,11.79,12.05,284478,0
20100504,11.74,11.96,11.66,11.75,287933,0
20100505,11.61,12.09,11.25,11.51,332666,0
20100506,11.66,11.66,10.75,11.23,406104,0
20100507,11.06,11.37,10.89,10.96,518725,0
20100510,11.25,11.47,11,11.29,223471,0
20100511,11.05,11.79,11.05,11.69,230749,0
20100512,11.56,11.8,11.5,11.73,77180,0
20100513,11.58,11.81,11.5,11.72,136892,0
20100514,11.57,11.83,11.26,11.51,70817,0
20100517,11.59,11.59,11.1,11.41,193369,0
20100518,11.4,11.9,11.2,11.65,124272,0
20100519,11.66,11.9,11.15,11.4,473881,0
20100520,11.3,11.74,10.91,11.4,321443,0
20100521,11.34,11.34,10.91,10.99,86836,0
20100524,10.99,11.38,10.9,11.15,104838,0
20100525,11.03,11.03,9.85,10.64,207131,0
20100526,10.73,11.26,10.28,11.12,102198,0
20100527,11.23,11.4,11.07,11.4,211533,0
20100528,11.48,11.58,10.88,11.1,114241,0
20100601,11.17,11.29,10.78,11.05,140417,0
20100602,11.08,11.09,10.8,10.94,35076,0
20100603,11.02,11.02,10.47,10.65,184419,0
20100604,10.53,10.92,10.16,10.34,63449,0
20100607,10.28,10.5,9.55,9.63,172424,0
20100608,9.65,9.96,9.54,9.65,81520,0
20100609,9.78,10,9.22,9.5,66722,0
20100610,9.51,9.72,9.5,9.66,52973,0
20100611,9.58,9.71,9.4,9.6,75283,0
20100614,9.55,9.72,9.2,9.55,122615,0
20100615,9.53,9.53,9,9.27,119222,0
20100616,9.32,9.47,8.95,9.03,92310,0
20100617,9.09,9.18,8.54,8.98,285626,0
20100618,8.98,9.01,8.65,8.93,93905,0
20100621,8.9,9.13,8.9,9,52635,0
20100622,8.94,9.09,8.79,8.95,80737,0
20100623,8.93,8.99,8.75,8.8,111613,0
20100624,8.98,9.04,8.75,8.99,83950,0
20100625,9.04,9.11,8.95,8.99,41483,0
20100628,8.91,9.11,8.83,9.01,47685,0
20100629,9.05,9.09,8.76,9,62180,0
20100630,8.95,9.05,8.9,8.95,24874,0
20100701,8.77,8.92,7.58,8.27,101159,0
20100702,8.39,8.4,7.86,7.92,165524,0
20100706,8.1,8.13,7.99,8.01,54451,0
20100707,7.95,8.24,7.95,8.2,52985,0
20100708,8.18,8.24,7.89,7.91,45272,0
20100709,7.97,8.58,7.86,8.5,75519,0
20100712,8.5,8.73,8.16,8.65,83397,0
20100713,8.8,9.24,8.79,9.16,173005,0
20100714,9.22,9.25,8.67,8.98,60956,0
20100715,8.96,9.34,8.96,9.26,56626,0
20100716,9.21,9.4,9.06,9.26,300859,0
20100719,9.17,9.4,8.99,9.4,14822,0
20100720,9.47,9.81,9.18,9.31,282265,0
20100721,9.42,9.42,9.2,9.27,35193,0
20100722,9.29,9.62,9.29,9.62,41280,0
20100723,9.58,9.59,9.44,9.5,11540,0
20100726,9.45,9.53,9.44,9.53,13949,0
20100727,9.53,9.56,9.48,9.51,15944,0
20100728,9.51,9.53,9.22,9.32,23344,0
20100729,9.38,9.39,9.1,9.25,43217,0
20100730,9.19,9.27,9.1,9.27,13372,0
20100802,9.3,9.31,9.14,9.3,61129,0
20100803,9.2,9.43,9.2,9.36,22084,0
20100804,9.27,9.39,9.03,9.19,18536,0
20100805,9.1,9.19,9.09,9.19,6367,0
20100806,9.15,9.24,9.13,9.24,8062,0
20100809,9.21,9.21,9,9.11,38249,0
20100810,8.86,9.04,7.68,7.95,773927,0
20100811,7.89,8,7.4,7.82,104886,0
20100812,7.75,7.75,7.02,7.39,192439,0
20100813,7.99,7.99,7.04,7.27,37126,0
20100816,7.21,7.59,7.2,7.24,10879,0
20100817,7.2,7.31,6.95,6.95,40842,0
20100818,7,7.19,6.51,7.04,45709,0
20100819,6.7,7.22,6.7,7.05,8314,0
20100820,7,7.03,6.83,6.94,2750,0
20100823,7,7.1,6.74,7.09,6482,0
20100824,6.99,6.99,6.76,6.76,1800,0
20100825,6.51,6.85,6.51,6.8,11106,0
20100826,6.76,6.89,6.76,6.86,2800,0
20100827,6.8,6.91,6.76,6.77,15201,0
20100830,6.76,6.77,6.48,6.48,7748,0
20100831,6.36,6.56,6.26,6.55,114261,0
20100901,6.55,6.66,6.35,6.5,59897,0
20100902,6.5,6.78,6.35,6.55,47529,0
20100903,5.35,6.52,5.11,6.42,457557,0
20100907,6.45,6.46,6.04,6.41,162007,0
20100908,6.21,6.59,6.05,6.32,11940,0
20100909,6.5,6.51,6.33,6.49,73031,0
20100910,6.59,6.65,6.42,6.65,30564,0
20100913,6.91,6.93,6.67,6.72,25651,0
20100914,6.76,6.9,6.3,6.5,76760,0
20100915,6.52,6.62,6.13,6.25,36140,0
20100916,6.14,6.2,6.05,6.2,10052,0
20100917,6.08,6.14,6.05,6.13,11000,0
20100920,6.1,6.24,6.01,6.2,37171,0
20100921,6.16,6.27,6.08,6.19,11400,0
20100922,6.25,6.3,6.05,6.15,25931,0
20100923,6.1,6.38,6.08,6.11,42349,0
20100924,6.11,6.31,6.02,6.02,34762,0
20100927,6.1,6.2,6.05,6.1,20845,0
20100928,6.15,6.2,6.07,6.12,30528,0
20100929,6.07,6.12,6.02,6.02,21559,0
20100930,6.07,6.2,6.06,6.14,35832,0
20101001,6.08,6.2,6.05,6.1,42809,0
20101004,6.03,6.14,6.02,6.1,10000,0
20101005,6.16,6.16,6.06,6.11,9850,0
20101006,6.12,6.18,5.95,5.95,23955,0
20101007,6.01,6.12,6,6.05,13810,0
20101008,6,6.21,6,6.21,28263,0
20101011,6.21,6.52,6.21,6.42,14450,0
20101012,6.54,6.54,6.36,6.4,26410,0
20101013,6.63,7,6.63,7,126831,0
20101014,6.99,7.18,6.95,7.02,74526,0
20101015,7.08,7.08,6.9,6.9,17358,0
20101018,6.88,7.02,6.86,7,30488,0
20101019,6.98,7.09,6.96,6.96,30443,0
20101020,7.14,7.14,6.9,7.02,51747,0
20101021,7,7,6.87,6.9,26096,0
20101022,6.92,6.92,6.81,6.83,104537,0
20101025,6.87,6.96,6.76,6.82,20881,0
20101026,6.76,6.78,6.62,6.62,56807,0
20101027,6.63,6.74,6.63,6.65,30705,0
20101028,6.75,6.83,6.62,6.62,37732,0
20101029,6.62,6.76,6.62,6.74,12012,0
20101101,6.79,7.03,6.71,6.92,10826,0
20101102,6.99,7.03,6.77,6.99,26695,0
20101103,6.93,7.05,6.81,6.82,24282,0
20101104,6.91,7.25,6.9,7.1,80731,0
20101105,7.16,7.22,6.95,7,55350,0
20101108,6.99,7.12,6.95,7.11,13188,0
20101109,7.06,7.06,6.86,7,33710,0
20101110,6.95,7,6.8,6.8,48006,0
20101111,6.8,7.15,6.8,7.11,96935,0
20101112,7.11,7.15,6.99,7.1,48500,0
20101115,7.04,7.77,7,7.66,166909,0
20101116,7.58,7.58,6.95,7.27,87433,0
20101117,7.21,7.21,6.8,7,41601,0
20101118,6.99,7.08,6.95,7.06,127640,0
20101119,6.97,7.09,6.95,7.09,41107,0
20101122,6.95,7.21,6.95,7.1,54686,0
20101123,7.07,7.2,7.07,7.2,50712,0
20101124,7.13,7.25,7.08,7.14,42372,0
20101126,7.04,7.21,6.94,7.02,54968,0
20101129,6.94,7.02,6.83,6.94,48025,0
20101130,6.79,6.91,6.49,6.54,400654,0
20101201,6.62,6.75,4.98,6.05,462038,0
20101202,6.1,6.5,6.1,6.4,402633,0
20101203,5.52,6.22,5.28,5.68,601111,0
20101206,5.82,5.82,5.35,5.53,214611,0
20101207,5.82,5.82,5.43,5.45,109866,0
20101208,5.38,5.58,5.26,5.53,83415,0
20101209,5.6,5.6,5.37,5.5,64462,0
20101210,5.44,5.5,5.4,5.49,43896,0
20101213,5.48,5.65,5.45,5.5,35832,0
20101214,5.46,5.59,5.41,5.54,47839,0
20101215,5.5,5.55,5.43,5.5,114246,0
20101216,5.49,5.52,5.4,5.48,31141,0
20101217,5.52,5.59,5.46,5.5,123562,0
20101220,5.46,5.53,5.4,5.42,42708,0
20101221,5.42,5.5,5.41,5.41,32765,0
20101222,5.39,5.44,5.27,5.37,55775,0
20101223,5.34,5.38,5.29,5.3,24434,0
20101227,5.33,5.4,5.28,5.39,65857,0
20101228,5.37,5.5,5.37,5.42,61291,0
20101229,5.46,5.51,5.41,5.42,67053,0
20101230,5.4,5.53,5.4,5.53,49836,0
20101231,5.45,5.52,5.45,5.52,14556,0
20110103,5.58,5.64,5.41,5.44,132754,0
20110104,5.48,5.51,5.42,5.44,55622,0
20110105,5.49,5.5,5.37,5.38,185270,0
20110106,5.36,5.47,5.29,5.37,44743,0
20110107,5.39,5.44,5.37,5.38,21403,0
20110110,5.38,5.46,5.34,5.44,31759,0
20110111,5.46,5.51,5.36,5.51,19638,0
20110112,5.49,5.49,5.37,5.38,17818,0
20110113,5.33,5.39,5.14,5.14,47882,0
20110114,5.29,5.34,5.15,5.33,58821,0
20110118,5.37,5.37,5.01,5.19,113111,0
20110119,5.18,5.28,5.12,5.2,16635,0
20110120,5.14,5.15,5.01,5.11,38451,0
20110121,5.15,5.18,5.09,5.14,45519,0
20110124,5.16,5.21,5.07,5.17,226893,0
20110125,5.2,5.2,5.11,5.19,10241,0
20110126,5.2,5.44,5.15,5.44,65997,0
20110127,5.38,5.65,5.27,5.65,51247,0
20110128,5.61,5.61,5.41,5.5,19899,0
20110131,5.48,5.9,5.48,5.89,51886,0
20110201,5.66,5.85,5.56,5.84,29777,0
20110202,5.86,5.86,5.4,5.46,102179,0
20110203,5.44,5.63,5.42,5.52,60492,0
20110204,5.69,5.73,5.55,5.66,31130,0
20110207,5.73,5.85,5.67,5.68,73211,0
20110208,5.71,5.93,5.68,5.93,33609,0
20110209,5.94,5.94,5.72,5.73,12651,0
20110210,5.74,5.75,5.6,5.75,30813,0
20110211,5.75,5.87,5.74,5.84,7638,0
20110214,5.85,5.9,5.79,5.9,18845,0
20110215,5.92,5.94,5.76,5.83,24587,0
20110216,5.78,5.92,5.78,5.88,11661,0
20110218,5.77,5.86,5.6,5.62,13218,0
20110222,5.67,5.89,5.42,5.69,58419,0
20110223,5.63,5.63,5.41,5.51,22824,0
20110224,5.36,5.42,5.3,5.4,24804,0
20110225,5.49,5.63,5.4,5.58,8126,0
20110228,5.51,5.7,5.3,5.7,24284,0
20110301,5.7,5.7,5.44,5.69,35186,0
20110302,5.52,5.87,5.51,5.78,47295,0
20110303,5.8,5.8,5.59,5.73,21462,0
20110304,5.62,5.62,5.4,5.47,12678,0
20110307,5.38,5.47,5.17,5.35,31800,0
20110308,5.33,5.46,5.28,5.33,36967,0
20110309,5.47,5.47,5.11,5.12,12531,0
20110310,5.04,5.2,5.02,5.2,9701,0
20110311,5.27,5.27,5.14,5.17,11117,0
20110314,5.04,5.1,4.7,4.8,412332,0
20110315,4.94,4.95,4.51,4.53,127766,0
20110316,4.51,4.62,4.35,4.56,38930,0
20110317,4.34,4.88,4.26,4.88,156971,0
20110318,4.65,5.16,4.65,4.94,106397,0
20110321,5.07,5.07,4.87,4.9,29303,0
20110322,5,5.03,4.87,4.91,9024,0
20110323,4.91,4.94,4.69,4.78,30653,0
20110324,4.8,4.8,4.71,4.76,21259,0
20110325,4.78,4.83,4.01,4.09,116301,0
20110328,4.14,4.43,4.14,4.3,127710,0
20110329,4.38,4.88,4.3,4.88,35771,0
20110330,4.84,4.89,4.67,4.74,35496,0
20110331,4.75,4.78,4.57,4.71,26582,0
20110401,4.76,4.79,4.68,4.69,80650,0
20110404,4.72,4.74,4.54,4.6,20926,0
20110405,4.63,4.7,4.63,4.69,12521,0
20110406,4.73,4.75,4.62,4.68,13601,0
20110407,4.75,4.84,4.58,4.59,76809,0
20110408,4.57,4.84,4.57,4.58,4429,0
20110411,4.73,4.83,4.62,4.76,38941,0
20110412,4.81,4.84,4.5,4.56,30941,0
20110413,4.64,4.69,4.51,4.59,18000,0
20110414,4.56,4.72,4.54,4.72,20981,0
20110415,4.63,4.84,4.6,4.81,20247,0
20110418,4.8,4.91,4.74,4.91,36396,0
20110419,4.79,4.91,4.77,4.89,44594,0
20110420,4.93,5.26,4.85,5.19,75555,0
20110421,5.27,5.27,5.02,5.25,58688,0
20110425,5.29,5.43,5.26,5.41,35037,0
20110426,5.43,5.44,5.29,5.43,16078,0
20110427,5.4,5.43,5.3,5.37,11135,0
20110428,5.38,5.38,5.17,5.27,28158,0
20110429,5.31,5.35,5.25,5.29,10233,0
20110502,5.31,5.38,5.25,5.34,31201,0
20110503,5.34,5.34,5.25,5.28,46149,0
20110504,5.25,5.25,5.01,5.05,38092,0
20110505,5.15,5.25,5.05,5.1,14432,0
20110506,5.08,5.74,5.01,5.65,127393,0
20110509,5.61,5.71,5.31,5.41,39634,0
20110510,5.47,5.47,5.23,5.29,44007,0
20110511,5.25,5.3,5.23,5.26,13085,0
20110512,5.24,5.27,5.14,5.22,3371,0
20110513,5.14,5.2,5.1,5.19,6140,0
20110516,5.2,5.2,5.13,5.14,7012,0
20110517,5.34,5.49,5.14,5.49,34813,0
20110518,5.46,5.61,5.27,5.49,40889,0
20110519,5.45,5.45,5.21,5.25,119308,0
20110520,5.25,5.44,5.16,5.37,16435,0
20110523,5.33,5.33,5.13,5.27,35889,0
20110524,5.29,5.38,5.16,5.31,19811,0
20110525,5.26,5.28,4.94,5.01,127291,0
20110526,5,5.09,4.85,5.04,40014,0
20110527,5.02,5.15,4.75,4.94,109455,0
20110531,4.95,5.22,4.75,4.76,140633,0
20110601,4.79,4.82,4.75,4.77,54165,0
20110602,4.75,5.05,4.75,5.01,49788,0
20110603,4.76,5.05,4.76,5.02,18508,0
20110606,4.93,5.06,4.79,4.94,32522,0
20110607,4.86,5.02,4.77,5,33230,0
20110608,4.93,4.96,4.83,4.88,23467,0
20110609,4.91,4.92,4.77,4.88,8663,0
20110610,4.86,4.86,4.65,4.81,25987,0
20110613,4.76,4.88,4.11,4.77,157054,0
20110614,4.83,4.83,4.55,4.7,16226,0
20110615,4.64,4.64,4.51,4.57,24771,0
20110616,4.52,4.59,4.47,4.53,34212,0
20110617,4.54,4.75,4.42,4.55,45903,0
20110620,4.65,4.69,4.5,4.69,30189,0
20110621,4.73,4.73,4.38,4.6,45453,0
20110622,4.59,4.75,4.5,4.55,42344,0
20110623,4.61,4.71,4.6,4.67,13261,0
20110624,4.52,4.64,4.47,4.52,10080,0
20110627,4.5,4.67,4.5,4.65,5334,0
20110628,4.6,4.6,4.5,4.5,18028,0
20110629,4.56,4.75,4.25,4.27,62171,0
20110630,4.3,4.48,4.26,4.38,48369,0
20110701,4.71,5.09,4.34,4.38,54206,0
20110705,4.36,4.38,4.13,4.14,164102,0
20110706,4.12,4.12,3.95,4.12,39250,0
20110707,4.07,4.15,3.86,4,232835,0
20110708,3.9,4.09,3.79,4.03,94827,0
20110711,3.95,4.13,3.83,4,26996,0
20110712,3.98,4.3,3.81,4.12,45699,0
20110713,4.12,4.21,4.03,4.07,27098,0
20110714,4.07,4.07,3.98,4.02,9243,0
20110715,4.06,4.14,3.97,4.05,31182,0
20110718,4.08,4.11,3.95,3.99,94865,0
20110719,4.05,4.05,3.86,3.9,37316,0
20110720,3.9,3.93,3.73,3.89,115015,0
20110721,3.86,4.06,3.86,4.02,31693,0
20110722,4.02,4.25,3.98,4.24,53518,0
20110725,4.16,4.34,4.06,4.06,31968,0
20110726,3.99,4.2,3.99,4.2,69887,0
20110727,4.23,4.31,4.12,4.15,40567,0
20110728,4.19,4.38,4.18,4.34,25541,0
20110729,4.42,4.49,4.32,4.45,66220,0
20110801,4.25,4.53,4.23,4.38,35466,0
20110802,4.41,4.86,4.41,4.75,132976,0
20110803,4.68,4.84,4.58,4.83,29786,0
20110804,4.9,4.9,4.6,4.7,57083,0
20110805,4.61,4.85,4.37,4.47,69059,0
20110808,4.26,4.34,3.69,3.71,30688,0
20110809,3.74,4.2,3.7,3.97,63622,0
20110810,4.02,4.08,3.69,3.69,66833,0
20110811,3.73,3.82,3.5,3.6,127641,0
20110812,3.7,3.71,3.52,3.52,49476,0
20110815,3.4,3.85,3.4,3.68,57463,0
20110816,3.69,3.75,3.47,3.47,31346,0
20110817,3.46,3.51,3.23,3.28,81699,0
20110818,3.14,3.22,3.05,3.06,68468,0
20110819,3.02,3.06,2.9,2.92,38965,0
20110822,2.98,3.09,2.85,2.85,47291,0
20110823,2.89,2.89,2.77,2.83,47180,0
20110824,2.85,2.99,2.8,2.9,186775,0
20110825,2.9,3,2.86,2.91,22983,0
20110826,2.99,3.16,2.86,3,38224,0
20110829,3.1,3.47,2.97,3.21,44767,0
20110830,3.22,3.39,3.19,3.28,23597,0
20110831,3.4,3.46,3.3,3.41,18022,0
20110901,3.44,3.59,3.28,3.49,37341,0
20110902,3.99,3.99,3.24,3.52,37274,0
20110906,3.47,3.47,3.28,3.36,41607,0
20110907,3.34,3.42,3.29,3.29,30718,0
20110908,3.29,3.3,3.11,3.14,37333,0
20110909,3.11,3.11,3,3.07,22954,0
20110912,3.07,3.4,3,3.21,8955,0
20110913,3.19,3.37,3.06,3.24,30824,0
20110914,3.23,3.41,3.1,3.28,35938,0
20110915,3.34,3.36,3.09,3.18,75608,0
20110916,3.21,3.21,3.13,3.15,7252,0
20110919,2.93,3.23,2.93,3.23,21856,0
20110920,3.2,3.2,2.87,2.93,128600,0
20110921,2.93,2.99,2.84,2.9,22114,0
20110922,2.84,2.86,2.55,2.67,68772,0
20110923,2.7,2.75,2.55,2.55,30083,0
20110926,2.59,2.68,2.59,2.61,17000,0
20110927,2.66,2.66,2.3,2.44,59363,0
20110928,2.48,2.49,2.45,2.47,7936,0
20110929,2.47,2.95,2.26,2.4,80066,0
20110930,2.22,2.31,2.1,2.12,109884,0
20111003,2.12,2.25,2.02,2.18,25275,0
20111004,2.13,2.28,1.92,2.24,23889,0
20111005,2.13,2.22,2.12,2.21,3819,0
20111006,2.2,2.3,2.16,2.2,21185,0
20111007,2.23,2.23,2.1,2.16,6757,0
20111010,2.11,2.27,2.03,2.21,39606,0
20111011,2.07,2.2,1.99,2.15,52384,0
20111012,2.18,2.25,2.09,2.22,48711,0
20111013,2.18,2.21,2.1,2.21,9567,0
20111014,2.18,2.24,2.14,2.22,32653,0
20111017,2.16,2.23,2.16,2.23,9651,0
20111018,2.2,2.32,2.19,2.29,5805,0
20111019,2.34,2.34,2.25,2.25,9487,0
20111020,2.29,2.39,2.29,2.35,69478,0
20111021,2.32,2.42,2.32,2.4,17373,0
20111024,2.5,2.71,2.48,2.57,26386,0
20111025,2.55,2.65,2.55,2.56,9752,0
20111026,2.57,2.73,2.54,2.66,12943,0
20111027,2.73,2.83,2.53,2.75,42568,0
20111028,2.75,2.85,2.68,2.75,14229,0
20111031,2.74,2.86,2.7,2.85,28117,0
20111101,2.71,2.83,2.7,2.73,9803,0
20111102,2.75,2.78,2.55,2.55,45860,0
20111103,2.54,2.57,2.36,2.43,86255,0
20111104,2.4,2.41,2.26,2.41,37019,0
20111107,2.36,2.39,2.3,2.37,15976,0
20111108,2.32,2.4,2.31,2.31,17752,0
20111109,2.29,2.48,2.29,2.42,17460,0
20111110,2.48,2.53,2.29,2.32,28354,0
20111111,2.36,2.42,2.32,2.38,7859,0
20111114,2.34,2.38,2.32,2.35,8475,0
20111115,2.35,2.4,2.31,2.34,23736,0
20111116,2.29,2.4,2.29,2.38,14461,0
20111117,2.37,2.45,2.35,2.37,15697,0
20111118,2.36,2.44,2.33,2.42,5484,0
20111121,2.39,2.58,2.31,2.44,26012,0
20111122,2.35,2.4,2.33,2.35,25040,0
20111123,2.31,2.47,2.3,2.34,11182,0
20111125,2.32,2.41,2.3,2.3,7453,0
20111128,2.31,2.45,2.3,2.41,17766,0
20111129,2.31,2.51,2.3,2.43,12984,0
20111130,2.41,2.72,2.41,2.56,89446,0
20111201,2.6,2.74,2.51,2.74,46188,0
20111202,3.5,3.88,3.35,3.53,1289229,0
20111205,3.29,3.51,3.24,3.43,104658,0
20111206,3.36,3.37,3.11,3.13,128530,0
20111207,3.1,3.15,2.97,2.99,25877,0
20111208,2.95,3.15,2.84,2.84,45537,0
20111209,2.89,2.94,2.71,2.75,73693,0
20111212,2.75,2.82,2.75,2.78,21605,0
20111213,2.79,2.89,2.79,2.82,20223,0
20111214,2.84,2.87,2.82,2.83,25939,0
20111215,2.85,2.86,2.8,2.8,19685,0
20111216,2.77,2.8,2.77,2.78,96107,0
20111219,2.77,2.78,2.76,2.77,24812,0
20111220,2.8,3.01,2.8,2.96,49045,0
20111221,2.95,2.98,2.93,2.98,32382,0
20111222,2.98,3.03,2.98,3,37341,0
20111223,3.04,3.14,3,3.05,51841,0
20111227,3.05,3.11,2.94,2.94,48692,0
20111228,2.93,3.05,2.93,3,221703,0
20111229,3.02,3.24,2.92,3.21,275757,0
20111230,3.09,3.26,3.08,3.18,47976,0
20120103,3.26,3.26,3.01,3.01,22108,0
20120104,3.03,3.22,3.03,3.19,55953,0
20120105,3.1,3.25,3.1,3.16,36226,0
20120106,3.25,3.26,3.17,3.17,16178,0
20120109,3.21,3.25,3.08,3.18,11824,0
20120110,3.2,3.24,3.14,3.17,13487,0
20120111,3.24,3.24,3.12,3.2,31892,0
20120112,2.96,3.2,2.96,3.2,30954,0
20120113,3.19,3.19,2.95,2.99,19890,0
20120117,3,3.2,2.78,2.84,65396,0
20120118,2.84,2.9,2.77,2.86,21564,0
20120119,2.83,3.15,2.83,3.05,11633,0
20120120,3.09,3.24,3.04,3.17,81045,0
20120123,3.18,3.18,3.11,3.18,8683,0
20120124,3.17,3.18,3.08,3.13,63475,0
20120125,3.17,3.17,3.06,3.14,6442,0
20120126,3.14,3.15,3.08,3.11,3742,0
20120127,3.03,3.13,3.03,3.07,3150,0
20120130,3.07,3.17,3,3.1,18620,0
20120131,3.09,3.22,3.09,3.16,74102,0
20120201,3.16,3.16,2.95,3,45004,0
20120202,3.05,3.23,3.02,3.13,84425,0
20120203,3.16,3.18,3.1,3.16,14983,0
20120206,3.17,3.19,2.89,2.91,33978,0
20120207,2.9,3.04,2.9,2.99,21202,0
20120208,2.96,3.01,2.71,2.79,56169,0
20120209,2.79,2.83,2.72,2.75,46855,0
20120210,2.85,3.16,2.75,3.03,49214,0
20120213,3.1,3.11,2.95,3.1,9693,0
20120214,3.05,3.14,3.05,3.14,10398,0
20120215,3.14,3.14,2.95,3.04,44506,0
20120216,3.04,3.11,2.95,2.95,82405,0
20120217,3.03,3.56,2.97,3.44,193206,0
20120221,3.37,4.09,3.37,4,166344,0
20120222,3.99,4.19,3.81,4.08,101210,0
20120223,4.16,4.29,4.06,4.09,271999,0
20120224,3.95,4.09,3.95,4.09,11673,0
20120227,4.07,4.09,4.01,4.04,7999,0
20120228,4.05,4.09,4.01,4.02,19066,0
20120229,4.01,4.01,3.83,3.9,95691,0
20120301,3.9,4.04,3.7,3.7,76414,0
20120302,3.57,3.63,3.39,3.46,329332,0
20120305,3.46,3.52,3.38,3.42,67127,0
20120306,3.41,3.48,3.35,3.46,13994,0
20120307,3.46,3.49,3.35,3.4,25104,0
20120308,3.4,3.42,3.28,3.32,79795,0
20120309,3.32,3.42,3.32,3.41,32450,0
20120312,3.44,3.52,3.4,3.49,15048,0
20120313,3.53,3.54,3.4,3.41,52890,0
20120314,3.41,3.46,3.35,3.4,30535,0
20120315,3.43,3.45,3.35,3.41,19293,0
20120316,3.39,3.45,3.31,3.36,44421,0
20120319,3.4,3.43,3.36,3.4,21099,0
20120320,3.42,3.45,3.39,3.39,12149,0
20120321,3.45,3.79,3.45,3.73,69588,0
20120322,3.8,3.95,3.7,3.83,22910,0
20120323,3.88,3.95,3.83,3.89,27011,0
20120326,3.89,3.99,3.86,3.9,28452,0
20120327,3.84,3.95,3.7,3.9,121354,0
20120328,3.95,4.05,3.88,4.05,68036,0
20120329,4.04,4.22,4.03,4.13,138497,0
20120330,4.18,4.35,4.04,4.29,109639,0
20120402,4.28,4.39,4.19,4.2,48707,0
20120403,4.4,4.46,4.32,4.42,40097,0
20120404,4.38,4.43,4.11,4.19,89906,0
20120405,4.15,4.25,4.08,4.14,52354,0
20120409,4.14,4.47,3.95,4.42,88544,0
20120410,4.36,4.49,4.24,4.28,48663,0
20120411,4.34,4.4,4.06,4.27,53779,0
20120412,4.22,4.34,4.08,4.26,147973,0
20120413,4.23,4.31,4.22,4.31,20006,0
20120416,4.3,4.31,4.12,4.3,42386,0
20120417,4.29,4.44,4.29,4.43,39181,0
20120418,4.26,4.46,4.26,4.32,37785,0
20120419,4.34,4.53,4.29,4.36,66741,0
20120420,4.42,4.44,4.3,4.43,26407,0
20120423,4.44,4.59,4.34,4.57,144399,0
20120424,4.6,5.08,4.51,4.75,114915,0
20120425,4.8,4.82,4.65,4.71,120509,0
20120426,4.67,4.78,4.66,4.73,118427,0
20120427,4.75,4.77,4.71,4.75,202304,0
20120430,4.75,4.81,4.7,4.75,28889,0
20120501,4.76,4.84,4.71,4.71,104166,0
20120502,4.71,4.75,4.7,4.74,233327,0
20120503,4.74,4.8,4.7,4.73,164479,0
20120504,4.72,4.74,4.64,4.66,105636,0
20120507,4.69,4.69,4.35,4.38,205686,0
20120508,4.4,4.64,4.11,4.56,171343,0
20120509,4.53,4.53,4.27,4.39,30091,0
20120510,4.45,4.45,4.28,4.37,19327,0
20120511,4.29,4.59,4.27,4.43,138224,0
20120514,4.38,4.38,4.2,4.2,67635,0
20120515,4.35,4.36,4.03,4.12,40267,0
20120516,4.13,4.18,3.87,4.03,54110,0
20120517,3.99,3.99,3.81,3.87,27132,0
20120518,3.88,4,3.78,3.87,46881,0
20120521,3.9,4.08,3.79,3.94,20229,0
20120522,3.93,4.05,3.76,3.97,29716,0
20120523,3.96,3.96,3.76,3.86,110834,0
20120524,3.83,4,3.81,4,59776,0
20120525,3.96,3.96,3.88,3.9,25159,0
20120529,3.85,4.02,3.75,4.02,46683,0
20120530,4.01,4.04,3.83,3.91,42267,0
20120531,3.91,4.02,3.86,3.96,99900,0
20120601,3.96,4.05,3.8,3.86,20311,0
20120604,3.89,4.32,3.86,4.18,243609,0
20120605,4.18,4.32,4.18,4.22,107615,0
20120606,4.23,4.27,3.92,4.18,97959,0
20120607,4.23,4.24,4.08,4.13,15824,0
20120608,4.14,4.2,4.04,4.16,14461,0
20120611,4.15,4.17,3.86,3.99,48127,0
20120612,3.96,4,3.85,4,8930,0
20120613,4.06,4.11,3.97,4,12710,0
20120614,3.97,4.02,3.89,3.91,11143,0
20120615,4.16,4.21,3.93,4.2,42639,0
20120618,4.07,4.2,4.05,4.14,23925,0
20120619,4.16,4.24,4.06,4.08,78281,0
20120620,5.01,5.01,4.31,4.36,193251,0
20120621,4.4,4.66,4.33,4.38,227848,0
20120622,4.41,4.41,4.3,4.39,31609,0
20120625,4.34,4.45,4.26,4.33,33593,0
20120626,4.36,4.42,4.22,4.22,19582,0
20120627,4.3,4.44,4.07,4.32,44786,0
20120628,4.28,4.48,4.28,4.41,13346,0
20120629,4.45,4.48,4.33,4.42,40610,0
20120702,4.42,4.55,4.34,4.44,30286,0
20120703,4.55,4.55,4.44,4.5,17367,0
20120705,4.46,4.55,4.31,4.5,157682,0
20120706,4.47,4.54,4.43,4.44,14663,0
20120709,4.42,4.55,4.39,4.41,31881,0
20120710,4.55,4.55,4.35,4.39,26930,0
20120711,4.37,4.41,4.06,4.14,68626,0
20120712,4.22,4.22,3.81,4.1,201228,0
20120713,4.17,4.42,4.13,4.31,128611,0
20120716,4.31,4.45,4.31,4.45,32400,0
20120717,4.44,4.45,4.15,4.23,42712,0
20120718,4.26,4.43,4.24,4.39,35710,0
20120719,4.41,4.45,4.34,4.4,24848,0
20120720,4.35,4.44,4.3,4.38,5034,0
20120723,4.28,4.39,4.2,4.33,38761,0
20120724,4.33,4.4,4.15,4.17,14223,0
20120725,4.17,4.32,4.16,4.17,8001,0
20120726,4.19,4.35,4.19,4.3,38489,0
20120727,4.39,4.39,4.24,4.32,21208,0
20120730,4.36,4.45,4.3,4.41,12203,0
20120731,4.37,4.45,4.2201,4.39,16075,0
20120801,4.31,4.42,4.2,4.38,6000,0
20120802,4.25,4.37,4.24,4.3,11588,0
20120803,4.19,4.45,4.19,4.41,27958,0
20120806,4.38,4.46,4.18,4.45,37432,0
20120807,4.26,4.45,4.25,4.32,45572,0
20120808,4.24,4.37,4.2,4.34,22776,0
20120809,3.66,3.66,2.98,3.45,505996,0
20120810,3.46,3.46,3.24,3.36,86246,0
20120813,3.3,3.42,3.3,3.4,48686,0
20120814,3.4,3.59,3.3,3.3,55882,0
20120815,3.3,3.31,3.01,3.16,63488,0
20120816,3.1,3.19,3,3.14,157074,0
20120817,3.01,3.1,2.7,2.9,119427,0
20120820,2.92,2.96,2.8,2.93,78801,0
20120821,2.93,2.9965,2.76,2.88,182633,0
20120822,2.87,2.9399,2.73,2.8,23423,0
20120823,2.78,2.91,2.71,2.72,22347,0
20120824,2.75,2.79,2.72,2.74,5744,0
20120827,2.86,2.86,2.63,2.65,238056,0
20120828,2.66,2.82,2.65,2.78,55710,0
20120829,2.83,2.88,2.75,2.85,28486,0
20120830,2.85,2.96,2.85,2.9,47891,0
20120831,2.9,3,2.75,2.78,57738,0
20120904,2.74,2.77,2.61,2.63,43504,0
20120905,2.63,2.64,2.5,2.5,178710,0
20120906,2.51,2.63,2.51,2.61,28395,0
20120907,2.66,2.69,2.63,2.69,24225,0
20120910,2.7,2.7,2.55,2.59,26092,0
20120911,2.62,2.63,2.61,2.61,7412,0
20120912,2.68,2.68,2.56,2.66,27168,0
20120913,2.7,2.79,2.6701,2.72,10106,0
20120914,2.77,2.77,2.6501,2.71,21935,0
20120917,2.74,2.74,2.63,2.68,5400,0
20120918,2.63,2.74,2.6,2.71,25052,0
20120919,2.7299,2.78,2.6301,2.69,11895,0
20120920,2.69,2.69,2.58,2.61,51519,0
20120921,2.57,2.61,2.55,2.59,10815,0
20120924,2.53,2.56,2.44,2.55,40001,0
20120925,2.55,2.57,2.55,2.57,11202,0
20120926,2.55,2.55,2.5,2.5,8594,0
20120927,2.5,2.63,2.5,2.6,21522,0
20120928,2.63,2.7,2.63,2.7,20788,0
20121001,2.66,2.71,2.595,2.66,38973,0
20121002,2.61,2.71,2.6,2.71,29582,0
20121003,2.68,2.88,2.62,2.7,27170,0
20121004,2.68,2.97,2.68,2.86,22954,0
20121005,2.83,2.95,2.68,2.82,145760,0
20121008,2.8,2.8,2.6403,2.67,6390,0
20121009,2.71,2.82,2.6675,2.79,21343,0
20121010,2.74,2.75,2.68,2.73,6410,0
20121011,2.71,2.71,2.6,2.64,13356,0
20121012,2.65,2.81,2.61,2.66,20640,0
20121015,2.68,2.68,2.5635,2.58,17300,0
20121016,2.58,2.5999,2.52,2.56,11116,0
20121017,2.62,2.62,2.53,2.58,5307,0
20121018,2.53,2.58,2.4916,2.53,20190,0
20121019,2.48,2.54,2.48,2.49,2329,0
20121022,2.49,2.6,2.49,2.58,4700,0
20121023,2.57,2.72,2.49,2.68,12363,0
20121024,2.69,2.7,2.57,2.65,12169,0
20121025,2.63,2.69,2.63,2.68,3929,0
20121026,2.67,2.69,2.62,2.65,7399,0
20121031,2.65,2.69,2.47,2.55,28171,0
20121101,2.54,2.56,2.48,2.5,106192,0
20121102,2.53,2.62,2.43,2.53,123097,0
20121105,2.57,2.61,2.41,2.6,10345,0
20121106,2.59,2.62,2.59,2.62,5453,0
20121107,2.5,2.6,2.5,2.6,2041,0
20121108,2.52,2.55,2.51,2.54,8042,0
20121109,2.53,2.55,2.52,2.52,8370,0
20121112,2.53,2.65,2.53,2.56,14116,0
20121113,2.59,2.76,2.5101,2.72,44832,0
20121114,2.76,2.79,2.72,2.79,7869,0
20121115,2.78,2.79,2.5101,2.55,92094,0
20121116,2.7,2.73,2.64,2.73,16200,0
20121119,2.74,2.84,2.72,2.79,8136,0
20121120,2.76,2.8,2.75,2.78,4790,0
20121121,2.71,2.84,2.71,2.77,4737,0
20121123,2.77,2.84,2.77,2.8,9961,0
20121126,2.8,2.8385,2.72,2.73,62050,0
20121127,2.74,2.76,2.71,2.74,18458,0
20121128,2.7399,2.74,2.6401,2.68,12900,0
20121129,2.7,2.75,2.56,2.56,54169,0
20121130,3.2,3.39,3,3.31,425425,0
20121203,3.3,3.31,3.12,3.16,228713,0
20121204,3.12,3.23,3.01,3.23,46670,0
20121205,3.22,3.3899,3.11,3.19,48706,0
20121206,3.25,3.38,3.06,3.06,34708,0
20121207,3.15,3.33,3.11,3.14,34447,0
20121210,3.33,3.6099,3.1801,3.4,100017,0
20121211,3.56,3.59,3.36,3.37,22153,0
20121212,3.39,3.39,3.2501,3.29,17802,0
20121213,3.26,3.34,3.2,3.25,9926,0
20121214,3.2,3.23,3.13,3.18,14801,0
20121217,3.16,3.2,3.15,3.19,20087,0
20121218,3.23,3.25,2.8,3.06,99886,0
20121219,3.02,3.19,3.02,3.19,34990,0
20121220,3.28,3.3499,3.23,3.29,29476,0
20121221,3.18,3.33,3.16,3.29,44942,0
20121224,3.22,3.26,2.9,3.02,199736,0
20121226,3.02,3.09,2.94,3.09,47234,0
20121227,3.0401,3.2,3.0401,3.19,7674,0
20121228,3.22,3.22,3.0401,3.06,23288,0
20121231,2.95,3.28,2.95,3.14,52192,0
20130102,3.2799,3.2799,3.12,3.19,23778,0
20130103,3.22,3.27,3.18,3.25,72070,0
20130104,3.26,3.29,3.2,3.26,41508,0
20130107,3.28,3.37,3.2,3.3,296877,0
20130108,3.34,3.39,3.3,3.36,6329,0
20130109,3.3,3.48,3.3,3.47,20789,0
20130110,3.44,3.48,3.3721,3.41,5250,0
20130111,3.59,3.79,3.45,3.64,189409,0
20130114,3.616,3.91,3.5601,3.91,200153,0
20130115,3.75,3.88,3.7,3.8,75025,0
20130116,3.88,3.98,3.75,3.79,25469,0
20130117,3.75,3.8,3.63,3.69,49526,0
20130118,3.66,3.7062,3.51,3.51,64372,0
20130122,3.64,3.64,3.3,3.56,99103,0
20130123,3.5,3.6,3.48,3.57,54658,0
20130124,3.57,3.63,3.42,3.49,26235,0
20130125,3.5,3.6,3.5,3.56,11495,0
20130128,3.52,3.58,3.49,3.52,19802,0
20130129,3.52,3.6699,3.52,3.62,16839,0
20130130,3.48,3.61,3.4,3.45,43040,0
20130131,3.49,3.63,3.49,3.63,45308,0
20130201,3.66,3.7,3.6,3.62,86328,0
20130204,3.6,3.75,3.59,3.71,50637,0
20130205,3.7,3.79,3.52,3.59,65493,0
20130206,3.6,3.62,3.4498,3.55,15412,0
20130207,3.44,3.56,3.39,3.45,61409,0
20130208,3.41,3.49,3.27,3.49,19334,0
20130211,3.42,3.76,3.42,3.69,17826,0
20130212,3.74,3.9,3.61,3.88,155994,0
20130213,3.82,4.03,3.79,3.96,77773,0
20130214,3.9,3.99,3.72,3.8,12470,0
20130215,3.98,4.05,3.82,3.97,54200,0
20130219,3.96,4.09,3.91,3.98,30104,0
20130220,3.98,4.08,3.98,4.04,3668,0
20130221,4.02,4.02,3.7,3.79,41913,0
20130222,3.75,3.81,3.65,3.7,34832,0
20130225,3.82,3.8799,3.78,3.87,14481,0
20130226,3.87,3.88,3.78,3.78,9928,0
20130227,3.82,4,3.8,4,38504,0
20130228,4,4,3.72,3.78,19471,0
20130301,3.98,4.02,3.81,4.01,39746,0
20130304,3.8,4.09,3.8,4.03,20230,0
20130305,4.09,4.09,3.79,3.88,25076,0
20130306,3.9,3.955,3.77,3.81,11402,0
20130307,3.89,3.97,3.85,3.94,8470,0
20130308,3.89,4,3.8101,3.97,7256,0
20130311,4.01,4.01,3.861,3.95,18402,0
20130312,3.8,4.01,3.7624,4.01,27436,0
20130313,3.95,3.95,3.9,3.91,3800,0
20130314,3.91,3.98,3.91,3.98,5372,0
20130315,3.988,3.988,3.61,3.66,62828,0
20130318,3.7,3.74,3.57,3.65,36968,0
20130319,3.61,3.75,3.6,3.7,22619,0
20130320,3.7,3.8,3.66,3.77,20572,0
20130321,3.79,3.82,3.6812,3.81,16514,0
20130322,3.87,3.87,3.66,3.76,25990,0
20130325,3.7197,3.761,3.7,3.76,11884,0
20130326,3.81,3.81,3.69,3.76,32922,0
20130327,3.79,3.8,3.71,3.73,4713,0
20130328,3.7,4,3.7,3.9,30855,0
20130401,3.89,3.95,3.85,3.86,5021,0
20130402,3.9,3.96,3.85,3.85,5058,0
20130403,3.79,3.9499,3.52,3.58,34364,0
20130404,3.59,3.795,3.52,3.59,10278,0
20130405,3.5417,3.77,3.5417,3.6,30958,0
20130408,3.55,3.78,3.46,3.7,22781,0
20130409,3.65,3.65,3.46,3.51,40227,0
20130410,3.55,3.75,3.43,3.75,27343,0
20130411,3.66,3.77,3.55,3.63,39588,0
20130412,3.67,3.76,3.57,3.71,12798,0
20130415,3.75,3.75,3.5,3.58,14492,0
20130416,3.53,3.69,3.51,3.55,34600,0
20130417,3.6,3.79,3.58,3.73,15463,0
20130418,3.72,3.79,3.7,3.77,17453,0
20130419,3.76,3.76,3.48,3.69,43679,0
20130422,3.7,3.7,3.54,3.6,20566,0
20130423,3.6,3.65,3.58,3.65,5078,0
20130424,3.65,3.69,3.5601,3.63,26251,0
20130425,3.7,3.7325,3.57,3.57,35145,0
20130426,3.601,3.662,3.59,3.64,12170,0
20130429,3.5994,3.67,3.5994,3.65,5032,0
20130430,3.54,3.64,3.5,3.5,36331,0
20130501,3.44,3.5,3.43,3.5,18808,0
20130502,3.62,3.67,3.45,3.5,6680,0
20130503,3.45,3.53,3.41,3.44,55393,0
20130506,3.44,3.5,3.4,3.5,38907,0
20130507,3.46,3.5,3.38,3.41,17205,0
20130508,3.41,3.46,3.25,3.34,42089,0
20130509,3.39,3.42,3.34,3.42,9518,0
20130510,3.46,3.5,3.34,3.39,11779,0
20130513,3.3852,3.59,3.3591,3.5,13265,0
20130514,3.47,3.64,3.37,3.63,109875,0
20130515,3.58,3.67,3.45,3.45,22283,0
20130516,3.48,3.65,3.47,3.5,5799,0
20130517,3.51,3.59,3.5,3.55,12727,0
20130520,3.57,3.65,3.41,3.44,22196,0
20130521,3.43,3.6599,3.27,3.31,39833,0
20130522,3.35,3.55,3.32,3.32,42954,0
20130523,3.4,3.41,3.27,3.34,17341,0
20130524,3.28,3.44,3.25,3.4,37433,0
20130528,3.42,3.45,3.38,3.4,22636,0
20130529,3.38,3.44,3.35,3.44,16528,0
20130530,3.4,3.55,3.37,3.55,52880,0
20130531,3.55,3.59,3.42,3.59,28359,0
20130603,3.64,3.64,3.5,3.55,5432,0
20130604,3.55,3.6,3.55,3.56,4634,0
20130605,3.6,3.75,3.54,3.61,13610,0
20130606,3.6,3.72,3.55,3.56,5407,0
20130607,3.56,3.71,3.56,3.67,24919,0
20130610,3.67,3.95,3.67,3.89,123025,0
20130611,3.9,3.95,3.69,3.76,23363,0
20130612,3.84,3.95,3.72,3.83,6912,0
20130613,3.9,3.99,3.8645,3.91,16344,0
20130614,3.87,4.02,3.87,3.94,11556,0
20130617,3.97,4.02,3.71,3.89,49534,0
20130618,3.96,3.99,3.72,3.84,16657,0
20130619,3.81,3.87,3.73,3.82,20023,0
20130620,3.73,3.82,3.65,3.78,16660,0
20130621,3.8,3.8,3.71,3.71,10188,0
20130624,3.94,3.98,3.63,3.91,48135,0
20130625,4,4,3.51,3.66,175679,0
20130626,3.74,3.7425,3.52,3.7,9171,0
20130627,3.63,3.85,3.6,3.73,42287,0
20130628,3.735,3.87,3.714,3.84,24574,0
20130701,3.8,3.875,3.66,3.8,37005,0
20130702,3.71,3.8799,3.71,3.85,103950,0
20130703,3.76,3.88,3.76,3.88,5446,0
20130705,3.88,3.9299,3.85,3.88,62915,0
20130708,3.88,3.93,3.72,3.8,46884,0
20130709,3.89,3.89,3.72,3.88,43538,0
20130710,3.84,3.89,3.7101,3.85,32666,0
20130711,3.76,3.84,3.73,3.81,22829,0
20130712,3.82,3.97,3.72,3.81,18537,0
20130715,3.84,4.55,3.76,4.48,150343,0
20130716,4.44,4.79,4.4,4.5,64101,0
20130717,4.36,4.8,4.36,4.66,32454,0
20130718,4.71,4.78,4.58,4.66,50975,0
20130719,4.69,4.72,4.49,4.55,61393,0
20130722,4.48,4.69,4.48,4.55,37853,0
20130723,4.5,4.69,4.5,4.65,48602,0
20130724,4.66,4.7,4.55,4.66,26214,0
20130725,4.61,4.79,4.61,4.67,48505,0
20130726,4.55,4.78,4.55,4.64,12388,0
20130729,4.65,4.77,4.45,4.76,53729,0
20130730,4.65,4.85,4.56,4.79,21723,0
20130731,4.84,5.08,4.65,4.85,56498,0
20130801,4.98,5,4.79,4.85,57950,0
20130802,4.86,4.96,4.75,4.84,101625,0
20130805,4.84,4.9199,4.82,4.86,35665,0
20130806,4.84,4.86,4.7303,4.78,78313,0
20130807,4.72,4.77,4.5,4.62,140524,0
20130808,4.58,4.75,4.51,4.65,43408,0
20130809,4.65,4.7099,4.55,4.68,18681,0
20130812,4.68,4.7,4.57,4.68,19494,0
20130813,4.68,4.7,4.59,4.62,7679,0
20130814,4.62,4.68,4.5,4.51,17061,0
20130815,4.77,4.775,4.5,4.61,19635,0
20130816,4.669,4.669,4.36,4.53,102181,0
20130819,4.6,4.65,4.43,4.54,37007,0
20130820,4.53,4.58,4.4,4.58,55730,0
20130821,4.59,4.6,4.4423,4.48,44089,0
20130822,4.49,4.595,4.4801,4.52,9006,0
20130823,4.48,4.57,4.28,4.4099,167149,0
20130826,4.38,4.64,4.36,4.64,28912,0
20130827,4.64,4.64,4.4,4.44,120788,0
20130828,4.49,4.6,4.48,4.5,37555,0
20130829,4.57,4.57,4.48,4.52,190302,0
20130830,4.83,4.83,4.26,4.51,248335,0
20130903,4.48,4.61,4.44,4.6,146961,0
20130904,4.58,4.65,4.54,4.62,214594,0
20130905,4.63,4.66,4.58,4.64,78058,0
20130906,4.64,4.82,4.57,4.79,549055,0
20130909,4.89,5.22,4.8,5.02,275074,0
20130910,5.04,5.29,5,5.17,202893,0
20130911,5.25,5.2899,5.13,5.18,75134,0
20130912,5.19,5.28,5.16,5.18,37453,0
20130913,5.22,5.22,5.17,5.18,34586,0
20130916,5.28,5.28,5.1,5.2,229639,0
20130917,5.17,5.37,5.17,5.33,135006,0
20130918,5.33,5.79,5.2,5.52,225974,0
20130919,5.54,5.61,5.355,5.59,672497,0
20130920,5.67,5.83,5.67,5.76,138690,0
20130923,5.76,6,5.71,5.77,112174,0
20130924,5.75,6.08,5.75,5.91,159095,0
20130925,5.92,6.08,5.91,5.99,114600,0
20130926,6.01,6.25,5.92,5.97,98730,0
20130927,5.97,6.09,5.85,5.91,98700,0
20130930,5.92,6.1,5.77,5.97,113400,0
20131001,5.93,6.07,5.93,5.98,93900,0
20131002,5.91,6,5.81,5.9,152000,0
20131003,5.8,5.98,5.8,5.92,94090,0
20131004,5.92,6.38,5.9,6,143613,0
20131007,6.1,6.21,5.91,6.1,103400,0
20131008,6.12,6.12,5.91,5.96,83400,0
20131009,5.93,6.01,5.51,5.73,147000,0
20131010,5.75,6,5.67,5.88,119300,0
20131011,5.82,6,5.82,5.96,36800,0
20131014,5.84,6,5.78,5.89,57300,0
20131015,5.88,5.96,5.77,5.79,40500,0
20131016,6,6,5.73,5.84,26300,0
20131017,5.91,5.92,5.78,5.84,32000,0
20131018,5.91,5.91,5.68,5.75,86800,0
20131021,5.8,5.86,5.7,5.75,103300,0
20131022,5.81,5.98,5.65,5.72,53375,0
20131023,5.65,5.82,5.57,5.74,54000,0
20131024,5.73,5.76,5.6607,5.7,59037,0
20131025,5.58,5.78,5.56,5.62,64200,0
20131028,5.65,5.75,5.36,5.58,110000,0
20131029,5.62,5.71,5.61,5.62,113600,0
20131030,5.62,5.62,5.57,5.57,47900,0
20131031,5.6,6.2,5.6,5.96,134400,0
20131101,6.11,6.19,5.84,5.93,112300,0
20131104,5.93,6.1,5.8,5.95,154100,0
20131105,5.91,6,5.8,5.89,51900,0
20131106,5.9,6.09,5.84,5.89,91902,0
20131107,5.9,7.04,5.6411,6.69,464263,0
20131108,6.68,7.0001,6.5501,6.65,261597,0
20131111,6.96,7.05,6.5,6.79,1086300,0
20131112,7.48,7.59,7.23,7.36,1860300,0
20131113,7.51,7.66,7.27,7.54,2239500,0
20131114,7.64,8.06,7.56,7.94,1000000,0
20131115,7.95,8.45,7.93,8.05,1416155,0
20131118,8.02,8.55,7.99,8.37,1115000,0
20131119,8.37,8.45,8.14,8.17,264300,0
20131120,8.21,8.49,8.17,8.44,546500,0
20131121,8.44,8.55,8.41,8.52,407700,0
20131122,8.51,8.56,8.34,8.35,335100,0
20131125,8.38,8.46,8.25,8.46,480800,0
20131126,8.43,8.6,8.3,8.56,405700,0
20131127,8.56,8.75,8.5,8.62,783445,0
20131129,8.62,8.74,8.505,8.6,239361,0
20131202,8.73,8.73,8.54,8.58,185312,0
20131203,8.56,8.67,8.46,8.54,102400,0
20131204,8.56,8.67,8.43,8.6,630600,0
20131205,8.57,9.12,8.57,9.02,1138200,0
20131206,8.55,9.58,8.55,9.54,1438000,0
20131209,9.62,9.76,9.5,9.71,967300,0
20131210,9.59,9.85,9.59,9.83,950000,0
20131211,9.6,9.85,9.6,9.7,840276,0
20131212,9.61,9.75,9.57,9.58,818300,0
20131213,9.45,9.66,9.35,9.39,820700,0
20131216,9.43,9.55,9.24,9.4,900800,0
20131217,9.48,9.56,9.33,9.49,571100,0
20131218,9.5,9.52,9.36,9.4,569743,0
20131219,9.31,9.51,9.3,9.49,657400,0
20131220,9.5,9.56,9.45,9.55,685900,0
20131223,9.55,9.67,9.46,9.57,583100,0
20131224,9.61,9.64,9.54,9.63,323929,0
20131226,9.59,9.7,9.51,9.59,345000,0
20131227,9.55,9.77,9.47,9.73,645985,0
20131230,9.78,10.26,9.68,9.82,600864,0
20131231,9.82,10.13,9.73,10.09,365900,0
20140102,10.06,10.15,9.48,9.66,361124,0
20140103,9.61,9.81,9.35,9.46,400523,0
20140106,9.38,9.41,9.09,9.25,408131,0
20140107,9.26,9.32,8.95,9.05,296700,0
20140108,9.08,9.08,8.62,8.87,754700,0
20140109,8.85,9.08,8.76,8.92,279600,0
20140110,8.84,8.92,8.69,8.82,254700,0
20140113,8.71,8.85,8.66,8.79,342500,0
20140114,8.8,9.18,8.74,9.08,216282,0
20140115,9.34,10.05,9.2,10.03,883000,0
20140116,10,10.28,9.93,10.24,415600,0
20140117,10.24,10.25,10.03,10.04,146300,0
20140121,10.1,10.26,9.6,9.75,445100,0
20140122,9.7,9.83,9.22,9.47,816380,0
20140123,9.44,9.6,9.34,9.44,209964,0
20140124,9.41,9.44,9.04,9.04,224700,0
20140127,9.1,9.1,8.6,8.74,258767,0
20140128,8.75,9.56,8.73,9.32,331600,0
20140129,9.24,9.31,8.45,8.49,650400,0
20140130,8.56,8.94,8.35,8.8,407477,0
20140131,8.66,9.01,8.5,8.84,371200,0
20140203,8.77,8.88,8.5,8.51,394955,0
20140204,8.5,8.96,8.49,8.93,284807,0
20140205,8.88,9.01,8.56,8.79,219821,0
20140206,8.85,9.23,8.78,8.99,223755,0
20140207,9.02,9.06,8.62,8.83,233840,0
20140210,8.79,8.95,8.75,8.83,285998,0
20140211,8.82,9.19,8.77,9.19,298224,0
20140212,9.19,9.19,8.91,9.04,186771,0
20140213,8.99,9.01,8.8201,8.98,224000,0
20140214,8.96,8.975,8.72,8.76,225816,0
20140218,8.75,8.9,8.74,8.83,91035,0
20140219,8.74,8.81,8.45,8.55,335934,0
20140220,8.54,8.78,8.46,8.75,293955,0
20140221,8.71,8.94,8.64,8.9,238529,0
20140224,8.85,9,8.8207,8.91,124594,0
20140225,8.8675,8.965,8.75,8.86,158739,0
20140226,8.86,8.97,8.81,8.88,230462,0
20140227,8.92,9.19,8.84,9.19,328762,0
20140228,9.32,9.63,9.15,9.5,631183,0
20140303,9.38,9.5,9.2,9.48,212652,0
20140304,9.54,9.77,9.348,9.75,398820,0
20140305,9.75,9.85,9.66,9.84,334157,0
20140306,9.83,10.12,9.83,10.1,647074,0
20140307,10.1,10.48,10.06,10.32,974606,0
20140310,10.34,10.5,10.25,10.35,355090,0
20140311,10.32,10.394,9.97,10.19,510258,0
20140312,10.17,10.49,10.08,10.34,421594,0
20140313,10.38,10.48,10.12,10.18,352528,0
20140314,10.11,10.21,9.81,9.94,257691,0
20140317,9.97,10.17,9.9,9.99,200274,0
20140318,10.03,10.33,10,10.12,338915,0
20140319,10.09,10.32,9.93,10.19,243332,0
20140320,10.19,10.43,10.11,10.19,285328,0
20140321,10.21,10.31,9.85,10.18,903499,0
20140324,10.15,10.25,9.98,10.17,394622,0
20140325,10.2,10.38,10.181,10.31,225754,0
20140326,10.34,10.75,10.32,10.74,659700,0
20140327,10.71,10.86,10.64,10.77,564632,0
20140328,10.73,10.85,10.46,10.49,278331,0
20140331,10.48,10.79,10.4,10.59,378930,0
20140401,10.41,10.5,10.241,10.27,269857,0
20140402,10.25,10.4,10.08,10.13,195820,0
20140403,10.15,10.315,10.07,10.11,380063,0
20140404,10.16,10.23,9.57,9.6,493018,0
20140407,9.55,9.55,9.02,9.11,479972,0
20140408,9.14,9.32,8.86,9.19,491222,0
20140409,9.14,9.39,9.14,9.28,182602,0
20140410,9.285,9.285,9.03,9.12,291003,0
20140411,9.03,9.11,8.9,8.91,388645,0
20140414,8.92,8.93,8.55,8.71,307576,0
20140415,8.62,8.84,8.6,8.67,476073,0
20140416,8.69,8.85,8.46,8.77,336595,0
20140417,8.89,9,8.72,8.99,270767,0
20140421,8.97,9.15,8.88,9.09,208759,0
20140422,9.14,9.499,9.12,9.47,263925,0
20140423,9.36,9.47,9.25,9.27,211150,0
20140424,9.36,9.5,9.23,9.45,410573,0
20140425,9.38,9.52,9.16,9.25,348582,0
20140428,9.23,9.23,8.85,9.1,448308,0
20140429,9.11,9.24,9.01,9.07,177776,0
20140430,9.04,9.2,9,9.15,244989,0
20140501,9.1,9.1995,9.08,9.12,199409,0
20140502,9.09,9.22,9.0601,9.12,253362,0
20140505,9.07,9.4,9.05,9.37,297528,0
20140506,9.39,9.75,9.35,9.7,413547,0
20140507,9.75,9.86,9.492,9.69,752548,0
20140508,10.03,11.34,10.03,10.96,1358452,0
20140509,10.96,11.06,10.646,10.83,607397,0
20140512,11.13,11.94,10.98,11.7,765219,0
20140513,11.79,11.81,11.37,11.67,373977,0
20140514,11.09,11.33,10.75,11.07,464600,0
20140515,11.07,11.17,10.87,10.89,571252,0
20140516,10.81,10.94,10.8,10.86,479247,0
20140519,10.76,10.999,10.56,10.89,202452,0
20140520,10.89,10.97,10.81,10.83,228854,0
20140521,10.81,11,10.79,10.89,232030,0
20140522,10.85,10.9,10.74,10.8,201218,0
20140523,10.77,11.05,10.77,11.04,180938,0
20140527,11.05,11.23,10.95,11.1,250645,0
20140528,11.17,11.24,11.01,11.1,144277,0
20140529,11.09,11.3,11.01,11.17,143194,0
20140530,11.09,11.15,11.01,11.06,62903,0
20140602,11.06,11.11,10.82,10.82,86517,0
20140603,10.9,10.94,10.77,10.8,130872,0
20140604,10.75,11.01,10.75,10.91,116268,0
20140605,10.81,10.92,10.78,10.89,160797,0
20140606,10.96,11.13,10.9,11.1,210415,0
20140609,11.09,11.379,11.09,11.28,171605,0
20140610,11.22,11.31,11.15,11.27,184800,0
20140611,11.17,11.33,11.045,11.31,165188,0
20140612,11.31,11.35,10.97,11.18,250488,0
20140613,11.14,11.15,10.77,10.9,318458,0
20140616,10.85,10.878,10.52,10.55,393017,0
20140617,10.44,10.73,10.41,10.62,309510,0
20140618,10.69,10.74,10.53,10.71,446953,0
20140619,10.7,10.75,10.61,10.7,237813,0
20140620,10.72,10.9,10.64,10.87,411733,0
20140623,10.89,10.89,10.63,10.74,193159,0
20140624,10.63,10.95,10.63,10.73,210084,0
20140625,10.65,10.66,10.28,10.3,286861,0
20140626,10.27,10.6,10.265,10.41,349528,0
20140627,10.34,10.59,10.34,10.47,227830,0
20140630,10.43,10.62,10.25,10.54,127190,0
20140701,10.55,10.68,10.54,10.55,60594,0
20140702,10.55,10.59,10.46,10.5,228000,0
20140703,10.52,10.56,10.45,10.54,77001,0
20140707,10.37,10.37,9.98,10.15,274352,0
20140708,10.11,10.16,9.95,10.09,165798,0
20140709,10.08,10.17,9.97,10.03,1265169,0
20140710,9.9,10.07,9.9,10.01,156033,0
20140711,10.01,10.064,9.868,10.01,160717,0
20140714,10.1,10.24,10.04,10.22,127941,0
20140715,10.22,10.28,10.16,10.25,112822,0
20140716,10.28,10.55,10.23,10.5,177119,0
20140717,10.46,10.75,10.46,10.63,164094,0
20140718,10.64,10.92,10.51,10.84,685945,0
20140721,10.76,10.85,10.555,10.58,92899,0
20140722,10.61,10.87,10.59,10.83,182548,0
20140723,10.85,10.85,10.56,10.68,139398,0
20140724,10.73,10.81,10.61,10.65,128801,0
20140725,10.6,10.68,10.6,10.67,421898,0
20140728,10.71,10.8,10.514,10.68,117778,0
20140729,10.67,10.79,10.602,10.71,278730,0
20140730,10.76,11.29,10.75,11.27,221199,0
20140731,11.15,11.2,10.93,11.07,219263,0
20140801,11.05,11.11,10.83,10.87,190982,0
20140804,10.88,11.08,10.54,10.72,132412,0
20140805,10.62,10.71,10.5,10.6,170548,0
20140806,10.43,10.58,10.34,10.44,200869,0
20140807,9.85,10.22,9.63,9.84,893775,0
20140808,9.89,10.12,9.83,10.08,195986,0
20140811,10.15,10.5,10.15,10.45,141606,0
20140812,10.35,10.46,10.13,10.33,123625,0
20140813,10.37,10.44,9.99,10.06,154145,0
20140814,10.09,10.1,9.9,9.96,117112,0
20140815,10.03,10.03,9.84,9.94,90765,0
20140818,9.98,10.02,9.91,9.96,64776,0
20140819,9.98,9.98,9.88,9.93,143503,0
20140820,9.92,9.94,9.86,9.87,98743,0
20140821,9.84,9.97,9.8,9.86,106347,0
20140822,9.81,10.09,9.81,10.03,288211,0
20140825,10.12,10.25,9.92,9.94,307041,0
20140826,10,10.05,9.86,9.98,160902,0
20140827,9.96,10.26,9.86,10.19,287803,0
20140828,10.13,10.28,10.02,10.04,216290,0
20140829,9.99,10.27,9.99,10.02,115958,0
20140902,9.96,10.08,9.92,10,211237,0
20140903,10.05,10.13,9.87,9.96,619727,0
20140904,9.99,10.08,9.88,9.95,264792,0
20140905,9.93,9.96,9.81,9.92,275763,0
20140908,9.87,9.99,9.75,9.96,276097,0
20140909,9.9,9.98,9.77,9.84,142821,0
20140910,9.82,9.99,9.753,9.94,160486,0
20140911,9.91,10.1,9.75,10.05,153630,0
20140912,9.91,10.12,9.91,10.1,125079,0
20140915,10.14,10.14,9.77,9.8,315008,0
20140916,9.77,9.8,9.69,9.75,185360,0
20140917,9.73,9.9,9.59,9.85,147119,0
20140918,9.87,10.06,9.75,10.03,243868,0
20140919,10.05,10.08,9.91,9.97,482704,0
20140922,9.9,9.9,9.63,9.71,356493,0
20140923,9.58,9.71,9.57,9.62,372993,0
20140924,9.67,9.67,9.47,9.58,285611,0
20140925,9.52,9.6,9.29,9.31,319921,0
20140926,9.34,9.36,9.2,9.34,219629,0
20140929,9.22,9.31,9.133,9.23,279192,0
20140930,9.24,9.26,9.13,9.15,168065,0
20141001,9.15,9.15,8.71,8.84,132723,0
20141002,8.86,8.92,8.61,8.88,140915,0
20141003,8.88,8.99,8.8,8.82,120804,0
20141006,8.8,8.93,8.72,8.75,99058,0
20141007,8.68,8.68,8.41,8.41,233429,0
20141008,8.41,8.49,8.18,8.43,261214,0
20141009,8.42,8.42,8.14,8.16,182275,0
20141010,8.05,8.21,7.97,8.01,303372,0
20141013,7.95,8.17,7.75,7.92,241983,0
20141014,7.95,8.08,7.94,8.05,150899,0
20141015,8,8.45,7.852,8.41,304058,0
20141016,8.3,8.54,8.18,8.52,264440,0
20141017,8.61,8.64,8.23,8.42,134601,0
20141020,8.5,8.672,8.1,8.16,147256,0
20141021,8.24,8.5,8.21,8.42,171150,0
20141022,8.33,8.5097,8.33,8.35,91247,0
20141023,8.42,8.524,8.26,8.34,148835,0
20141024,8.35,8.47,8.285,8.46,58984,0
20141027,8.4,8.56,8.31,8.52,103135,0
20141028,8.52,9.05,8.44,9.02,143466,0
20141029,9.05,9.21,8.97,9.05,98139,0
20141030,8.98,9.39,8.96,9.27,198143,0
20141031,9.19,9.57,9.19,9.34,113218,0
20141103,9.32,9.32,8.97,9.04,62845,0
20141104,9,9.13,8.8,9.09,103711,0
20141105,9.1,9.31,8.97,9.26,113755,0
20141106,9.44,9.91,9.34,9.88,289845,0
20141107,9.98,9.99,9.55,9.93,192898,0
20141110,9.96,10,9.77,9.81,102267,0
20141111,9.84,9.88,9.73,9.76,47922,0
20141112,9.74,10.1,9.74,10.07,93286,0
20141113,10.12,10.12,9.95,9.96,60823,0
20141114,10,10.14,9.85,10.12,159474,0
20141117,10.02,10.4,9.932,10.2,112745,0
20141118,10.18,10.29,9.93,9.96,79533,0
20141119,9.95,10.01,9.792,10,56626,0
20141120,10.04,10.12,9.9,9.96,37999,0
20141121,10.11,10.11,9.88,9.96,104589,0
20141124,9.97,10.37,9.9,10.36,56648,0
20141125,10.33,10.4,10.22,10.3,69560,0
20141126,10.26,10.33,10.1,10.33,69599,0
20141128,10.48,10.88,10.26,10.62,71988,0
20141201,10.6,10.8,10.427,10.77,96185,0
20141202,10.75,10.81,10.46,10.49,101985,0
20141203,10.46,10.46,10.21,10.27,132516,0
20141204,10.25,10.5,10.19,10.39,147262,0
20141205,10.37,10.5,10.19,10.34,243127,0
20141208,10.29,10.32,9.96,10.06,143996,0
20141209,10,10.335,9.81,10.28,65956,0
20141210,10.29,10.29,10,10.09,124694,0
20141211,10.11,10.26,10.08,10.26,138437,0
20141212,10.2,10.2,10,10.05,121166,0
20141215,10.11,10.129,9.93,10.01,74086,0
20141216,9.95,10.11,9.88,10.02,106749,0
20141217,10.06,10.09,9.88,10.05,107550,0
20141218,10.12,10.2,9.97,10.2,95640,0
20141219,10.25,10.25,10.08,10.17,244959,0
20141222,10.15,10.3,10.14,10.21,146438,0
20141223,10.19,10.29,10.19,10.26,56341,0
20141224,10.31,10.51,10.28,10.37,34248,0
20141226,10.43,10.6,10.39,10.56,24513,0
20141229,10.52,10.9,10.401,10.71,67330,0
20141230,10.64,10.89,10.6,10.64,57842,0
20141231,10.72,10.85,10.58,10.69,157984,0
20150102,10.71,10.785,10.5,10.72,77823,0
20150105,10.64,10.65,10.45,10.55,123003,0
20150106,10.48,10.57,10.3,10.4,129403,0
20150107,10.43,10.47,10.363,10.47,53540,0
20150108,10.5,10.77,10.5,10.67,111027,0
20150109,10.64,10.79,10.42,10.49,78630,0
20150112,10.52,10.56,10.38,10.47,154469,0
20150113,10.51,10.65,10.33,10.39,69797,0
20150114,10.28,10.46,10.06,10.18,166583,0
20150115,10.29,10.37,10.12,10.18,119823,0
20150116,10.16,10.25,10.1,10.24,141995,0
20150120,10.35,10.47,10.3,10.31,82484,0
20150121,10.32,10.46,10.05,10.05,65247,0
20150122,10.07,10.07,9.76,9.83,137090,0
20150123,9.78,9.93,9.74,9.8,61086,0
20150126,9.77,9.84,9.665,9.79,68492,0
20150127,9.5,9.99,9.5,9.92,97024,0
20150128,9.99,9.99,9.72,9.77,44926,0
20150129,9.82,9.82,8.97,9.16,144687,0
20150130,9.01,9.09,8.81,8.93,117263,0
20150202,8.88,9.17,8.56,9.15,98057,0
20150203,9.29,9.42,9.124,9.33,166357,0
20150204,9.3,9.4175,9.07,9.14,138761,0
20150205,9.18,9.85,9.1,9.85,191584,0
20150206,9.85,9.92,9.57,9.76,88724,0
20150209,9.74,10,9.73,9.89,104417,0
20150210,9.9,9.91,9.74,9.8,113570,0
20150211,9.7,10,9.68,9.86,117762,0
20150212,9.92,10.22,9.73,10.21,114135,0
20150213,10.18,10.36,10.15,10.33,53308,0
20150217,10.36,10.434,10.23,10.32,31647,0
20150218,10.3,10.3,9.97,10.23,73415,0
20150219,10.11,10.17,9.96,10.15,70392,0
20150220,10.13,10.15,9.97,10.07,50065,0
20150223,10.02,10.09,9.86,9.94,69990,0
20150224,9.93,10.38,9.89,10.34,72915,0
20150225,10.39,10.69,10.33,10.4,136749,0
20150226,10.36,10.87,9.18,9.59,418722,0
20150227,9.92,10.21,9.64,10.16,306838,0
20150302,10.18,10.45,8.52,8.91,3899700,0
20150303,8.99,9.37,8.98,9.36,2389600,0
20150304,9.42,9.63,9.09,9.56,575500,0
20150305,9.59,9.73,9.42,9.7,760400,0
20150306,9.66,9.75,9.41,9.71,1476700,0
20150309,9.72,9.84,9.42,9.72,1529200,0
20150310,9.7,9.77,9.43,9.74,1198800,0
20150311,9.75,10.16,9.61,10.11,1011300,0
20150312,10.17,10.2,9.97,10.06,1122100,0
20150313,9.95,10.02,9.72,9.95,1358900,0
20150316,9.97,10.07,9.77,9.89,854400,0
20150317,9.82,10.11,9.81,10.02,1328100,0
20150318,9.94,10.35,9.92,10.22,986100,0
20150319,10.17,10.51,10,10.45,800500,0
20150320,10.52,10.81,10.39,10.74,1997900,0
20150323,10.74,10.81,10.4,10.44,402300,0
20150324,10.44,10.68,10.36,10.52,326200,0
20150325,10.52,10.64,10.23,10.3,647500,0
20150326,10.36,10.36,10.08,10.19,836900,0
20150327,10.15,10.39,9.96,10.19,576600,0
20150330,10.18,10.36,10.09,10.19,658000,0
20150331,10.18,10.29,10,10.17,589966,0
20150401,10.15,10.15,9.79,10,1111900,0
20150402,10,10.18,9.96,10.13,502000,0
20150406,10.09,10.45,10.09,10.39,472800,0
20150407,10.45,10.576,10.38,10.43,451958,0
20150408,10.48,10.65,10.4,10.63,375200,0
20150409,10.57,10.69,10.17,10.59,366441,0
20150410,10.44,10.57,9.64,9.99,2921000,0
20150413,9.93,10.08,9.79,9.83,641700,0
20150414,9.94,9.95,9.72,9.86,418500,0
20150415,9.87,9.87,9.6,9.67,715858,0
20150416,9.71,9.8,9.63,9.64,263612,0
20150417,9.64,9.64,9.31,9.39,632700,0
20150420,9.43,9.46,9.32,9.44,333938,0
20150421,9.39,9.55,9.25,9.32,341469,0
20150422,9.36,9.62,9.3,9.56,285461,0
20150423,9.52,9.71,9.45,9.59,280400,0
20150424,9.58,9.7,9.33,9.51,310693,0
20150427,9.64,9.66,9.46,9.57,210500,0
20150428,9.53,9.65,9.46,9.59,509131,0
20150429,9.56,9.56,9.19,9.3,969200,0
20150430,9.22,9.35,9.18,9.29,1018600,0
20150501,9.28,9.44,9.01,9.13,547100,0
20150504,9.09,9.24,9.09,9.11,430700,0
20150505,9.15,9.17,8.94,8.97,1018400,0
20150506,8.93,9.06,8.59,8.63,598925,0
20150507,8.55,9.0225,8.55,8.89,859635,0
20150508,8.93,8.97,8.61,8.7,691500,0
20150511,8.73,8.87,8.64,8.86,910900,0
20150512,8.79,8.92,8.59,8.87,785977,0
20150513,8.85,8.9,8.69,8.82,518600,0
20150514,8.81,8.99,8.74,8.94,386300,0
20150515,8.97,9.06,8.88,9,439292,0
20150518,9.05,9.328,9.01,9.08,218979,0
20150519,9.08,9.13,8.86,9.04,242837,0
20150520,9.07,9.18,8.96,9.16,377100,0
20150521,9.15,9.42,9.15,9.39,548500,0
20150522,9.43,9.58,9.34,9.44,569200,0
20150526,9.44,9.475,9.18,9.31,439990,0
20150527,9.3,9.37,9.16,9.27,425600,0
20150528,9.25,9.49,9.25,9.32,267727,0
20150529,9.3,9.42,9.17,9.3,656800,0
20150601,9.3,9.42,9,9.01,716559,0
20150602,8.99,9.37,8.93,9.31,1557667,0
20150603,9.28,9.42,9.16,9.27,475800,0
20150604,9.26,9.33,9.15,9.28,590500,0
20150605,9.29,9.33,9.05,9.26,984400,0
20150608,9.21,9.29,9.06,9.14,632900,0
20150609,9.17,9.2,9.04,9.1,372933,0
20150610,9.19,9.19,9.02,9.09,383742,0
20150611,9.07,9.13,8.88,8.96,404767,0
20150612,8.92,9.18,8.86,9.14,313500,0
20150615,9.13,9.3,9.11,9.21,568800,0
20150616,9.19,9.26,9.1,9.19,312400,0
20150617,9.21,9.25,9.07,9.21,384300,0
20150618,9.31,9.4,9.22,9.33,424100,0
20150619,9.32,9.6,9.13,9.16,506200,0
20150622,9.13,9.13,8.61,8.72,559700,0
20150623,8.74,8.99,8.66,8.97,413209,0
20150624,8.93,9.05,8.81,9.01,544700,0
20150625,9,9.18,8.81,8.89,714400,0
20150626,8.86,9.08,8.8,9.02,995300,0
20150629,8.97,8.99,8.76,8.85,556400,0
20150630,8.86,8.982,8.73,8.83,456361,0
20150701,8.85,9,8.7,8.79,200100,0
20150702,8.77,8.9,8.7,8.85,309100,0
20150706,8.69,8.82,8.62,8.78,325800,0
20150707,8.78,8.82,8.62,8.82,435100,0
20150708,8.78,8.78,8.53,8.62,910600,0
20150709,8.65,8.74,8.6,8.68,284100,0
20150710,8.71,8.87,8.64,8.87,236900,0
20150713,8.86,8.98,8.83,8.95,154100,0
20150714,8.91,9.03,8.88,9.01,212886,0
20150715,8.98,9.12,8.89,9.04,383678,0
20150716,9,9.18,9,9.11,279800,0
20150717,9.1,9.2,9.1,9.18,177300,0
20150720,9.18,9.28,9.12,9.26,337500,0
20150721,9.26,9.37,9.2,9.25,239400,0
20150722,9.24,9.27,9.13,9.2,226800,0
20150723,9.2,9.25,8.99,9.06,215300,0
20150724,9.04,9.18,9.04,9.15,247700,0
20150727,9.15,9.15,8.81,8.92,343800,0
20150728,8.94,9.04,8.82,9,466000,0
20150729,8.96,9.29,8.96,9.27,299700,0
20150730,9.28,9.38,9.23,9.34,295200,0
20150731,9.35,9.55,9.32,9.45,363400,0
20150803,9.44,9.54,9.31,9.46,333166,0
20150804,9.45,9.58,9.43,9.55,344400,0
20150805,9.57,9.61,9.4,9.56,376500,0
20150806,9.09,9.42,8.25,8.61,892162,0
20150807,8.62,8.79,8.48,8.77,751200,0
20150810,8.78,8.96,8.68,8.93,475000,0
20150811,8.9,8.96,8.51,8.57,716922,0
20150812,8.53,8.53,8.14,8.3,913800,0
20150813,8.29,8.3,7.97,8.13,1336600,0
20150814,8.09,8.13,7.88,7.96,874500,0
20150817,7.97,8.29,7.82,8.26,511200,0
20150818,8.28,8.33,8.06,8.11,251900,0
20150819,8.11,8.11,7.9,7.93,211700,0
20150820,7.9,8.29,7.82,7.99,2938100,0
20150821,7.95,7.98,7.62,7.7,808800,0
20150824,7.37,7.66,7.26,7.28,830646,0
20150825,7.63,7.7,7,7.04,479700,0
20150826,7.16,7.32,7.04,7.29,545100,0
20150827,7.35,7.53,7.27,7.4,414200,0
20150828,7.35,7.47,7.27,7.41,269200,0
20150831,7.33,7.52,7.28,7.37,341100,0
20150901,7.28,7.32,7.16,7.17,277300,0
20150902,7.22,7.27,7.09,7.2,310800,0
20150903,7.11,7.35,7.09,7.24,223800,0
20150904,7.13,7.23,6.84,6.87,404500,0
20150908,6.96,7.05,6.85,6.97,245000,0
20150909,6.99,7.19,6.96,7.15,495600,0
20150910,7.16,7.31,7.09,7.14,404092,0
20150911,7.07,7.17,6.96,7.04,558400,0
20150914,7.04,7.09,6.85,6.95,173800,0
20150915,6.94,7.04,6.85,7.01,260033,0
20150916,7.04,7.21,7.04,7.19,267100,0
20150917,7.16,7.3,7.13,7.15,195741,0
20150918,7.08,7.22,7.01,7.03,331900,0
20150921,7.03,7.24,7.03,7.19,204500,0
20150922,7.12,7.13,6.93,7,218000,0
20150923,7.03,7.03,6.76,6.87,173315,0
20150924,6.84,6.84,6.66,6.69,173936,0
20150925,6.75,6.85,6.69,6.81,264400,0
20150928,6.78,6.84,6.71,6.77,216414,0
20150929,6.78,6.86,6.51,6.63,273300,0
20150930,6.7,6.76,6.43,6.45,637000,0
20151001,6.44,6.53,6.36,6.5,264800,0
20151002,6.43,6.73,6.41,6.7,340600,0
20151005,6.73,6.89,6.73,6.83,332664,0
20151006,6.81,6.89,6.71,6.88,284900,0
20151007,6.89,7.1,6.89,7.02,421400,0
20151008,7.5,8.37,7.5,8.18,1367000,0
20151009,8.15,8.37,8.03,8.17,572400,0
20151012,8.14,8.14,7.83,7.89,153602,0
20151013,7.93,7.95,7.59,7.63,207300,0
20151014,7.64,7.73,7.48,7.59,339800,0
20151015,7.62,8.05,7.62,8.02,224300,0
20151016,8.06,8.11,7.86,8.04,171900,0
20151019,7.98,8.08,7.87,8.04,122373,0
20151020,7.98,8.2,7.96,8.07,364100,0
20151021,8.04,8.06,7.87,8.03,331700,0
20151022,8.06,8.1,7.85,7.96,324100,0
20151023,7.94,8.21,7.87,8.13,393700,0
20151026,8.11,8.22,8.03,8.11,313400,0
20151027,8.08,8.08,7.83,8.01,531100,0
20151028,8.03,8.09,7.89,8.01,470300,0
20151029,7.97,8.06,7.9,7.94,106200,0
20151030,7.9,8,7.77,7.83,318700,0
20151102,7.82,7.98,7.74,7.86,489843,0
20151103,7.81,7.9,7.7,7.72,462700,0
20151104,7.78,7.858,7.48,7.65,679508,0
20151105,8.49,8.9,8.1,8.8,1784600,0
20151106,8.8,8.85,8.69,8.8,621200,0
20151109,8.82,8.885,8.68,8.74,312155,0
20151110,8.72,8.84,8.54,8.75,688200,0
20151111,8.75,8.84,8.56,8.75,378300,0
20151112,8.72,8.83,8.65,8.72,358100,0
20151113,8.7,8.82,8.59,8.77,444700,0
20151116,8.75,8.82,8.61,8.69,342000,0
20151117,8.7,8.76,8.51,8.67,428800,0
20151118,8.56,8.66,8.44,8.57,532100,0
20151119,8.57,8.64,8.51,8.55,197300,0
20151120,8.58,8.64,8.51,8.54,269000,0
20151123,8.55,8.59,8.48,8.57,289200,0
20151124,8.55,8.6,8.49,8.57,196500,0
20151125,8.55,8.62,8.49,8.51,529000,0
20151127,8.52,8.58,8.46,8.53,170700,0
20151130,8.53,8.82,8.53,8.69,996300,0
20151201,8.72,8.775,8.54,8.56,219034,0
20151202,8.54,8.6,8.28,8.37,242728,0
20151203,8.4,8.45,8.05,8.21,328106,0
20151204,8.16,8.31,8.05,8.09,626600,0
20151207,8.08,8.08,7.84,7.86,243100,0
20151208,7.81,7.93,7.69,7.9,308163,0
20151209,7.88,8.12,7.72,7.98,324600,0
20151210,7.94,8.04,7.85,7.9,238900,0
20151211,7.82,7.86,7.54,7.65,267000,0
20151214,7.64,7.7,7.5,7.69,246327,0
20151215,7.7,7.79,7.64,7.68,132600,0
20151216,7.71,7.76,7.55,7.7,264800,0
20151217,7.67,7.74,7.51,7.57,165900,0
20151218,7.56,7.6,7.43,7.47,151600,0
20151221,7.5,7.53,7.16,7.53,655200,0
20151222,7.59,7.7,7.49,7.69,314682,0
20151223,7.73,7.77,7.59,7.75,354800,0
20151224,7.73,7.92,7.68,7.88,93306,0
20151228,7.85,7.86,7.665,7.79,185353,0
20151229,7.82,7.96,7.72,7.86,189389,0
20151230,7.82,7.92,7.575,7.76,219170,0
20151231,7.74,7.88,7.65,7.69,186551,0
20160104,7.6,7.61,7.39,7.51,215331,0
20160105,7.55,7.58,7.41,7.5,206705,0
20160106,7.42,7.425,7.26,7.32,262308,0
20160107,7.2,7.31,7.03,7.12,379445,0
20160108,7.14,7.26,7.12,7.15,254286,0
20160111,7.18,7.22,6.8,6.85,209835,0
20160112,6.88,6.945,6.55,6.65,123936,0
20160113,6.65,6.76,6.54,6.57,157035,0
20160114,6.59,6.8,6.43,6.75,167802,0
20160115,6.61,6.79,6.33,6.52,154808,0
20160119,6.45,6.52,6.14,6.24,170200,0
20160120,6.18,6.26,5.91,6.05,376834,0
20160121,6.07,6.34,6.02,6.05,288552,0
20160122,6.54,7.57,6.53,7.28,999123,0
20160125,7.3,7.43,7.11,7.31,339766,0
20160126,7.35,7.57,7.29,7.55,255813,0
20160127,7.5,7.625,7.34,7.36,356699,0
20160128,7.43,7.43,7.13,7.24,179741,0
20160129,7.24,7.39,7.15,7.29,231462,0
20160201,7.21,7.22,6.96,7.09,262062,0
20160202,7,7.12,6.91,6.91,225553,0
20160203,6.98,7.1,6.67,7.07,209291,0
20160204,7.03,7.36,7.02,7.18,207420,0
20160205,7.12,7.26,7.01,7.04,126122,0
20160208,6.95,7.01,6.3,6.57,293928,0
20160209,6.51,6.59,6.38,6.45,128379,0
20160210,6.45,6.56,6.22,6.26,213298,0
20160211,6.17,6.49,6.17,6.45,169208,0
20160212,6.47,6.72,6.405,6.56,77980,0
20160216,6.6,6.86,6.6,6.83,82009,0
20160217,6.77,7.3,6.77,7.05,272896,0
20160218,7.06,7.28,6.96,7.05,226981,0
20160219,7.01,7.14,6.82,6.92,289455,0
20160222,6.97,7.08,6.87,6.95,162736,0
20160223,6.9,7.09,6.88,6.97,115796,0
20160224,6.92,7.17,6.81,7.1,181849,0
20160225,7.02,7.06,6.3401,6.91,282882,0
20160226,6.91,7.34,6.91,7.17,190811,0
20160229,7.2,7.4,7.15,7.23,163811,0
20160301,7.26,7.29,7.01,7.09,122233,0
20160302,7.07,7.27,7.07,7.26,158967,0
20160303,7.23,7.285,7.115,7.18,235115,0
20160304,7.18,7.39,7.14,7.17,212890,0
20160307,7.15,7.44,7.15,7.42,148560,0
20160308,7.34,7.44,7.15,7.25,480690,0
20160309,7.22,7.33,7.03,7.25,255280,0
20160310,7.18,7.3,6.89,6.92,201215,0
20160311,6.94,7.2,6.9,7.05,187417,0
20160314,7.01,7.2,6.99,7.15,191178,0
20160315,7.07,7.13,6.78,6.85,230648,0
20160316,7.1,7.35,6.9,7.28,953180,0
20160317,7.29,7.49,7.18,7.42,395860,0
20160318,7.41,7.54,7.35,7.42,235941,0
20160321,7.44,7.63,7.44,7.49,912410,0
20160322,7.46,7.47,7.28,7.34,182219,0
20160323,7.29,7.3773,7.094,7.27,227660,0
20160324,7.25,7.36,7.06,7.33,205662,0
20160328,7.32,7.52,7.29,7.45,141956,0
20160329,7.4,7.655,7.35,7.56,523697,0
20160330,7.59,8.19,7.56,8.18,446998,0
20160331,8.23,8.335,8.1,8.18,235132,0
20160401,8.08,8.17,7.8,7.88,204942,0
20160404,7.87,7.98,7.68,7.71,166795,0
20160405,7.65,7.76,7.58,7.7,159242,0
20160406,7.73,8.25,7.66,8.22,401582,0
20160407,8.15,8.21,7.8,7.95,256244,0
20160408,8.01,8.31,8,8.21,667871,0
20160411,8.21,8.3477,8.03,8.08,275439,0
20160412,8.05,8.07,7.81,7.96,369141,0
20160413,7.99,8.18,7.96,8.06,187427,0
20160414,8.13,8.14,7.67,7.88,285542,0
20160415,7.34,7.37,7.005,7.12,11914387,0
20160418,7.1,7.15,6.92,7.07,2017079,0
20160419,7.06,7.2,6.91,6.96,1523860,0
20160420,6.96,7.04,6.81,6.92,2040129,0
20160421,6.89,7.15,6.89,7.04,2473854,0
20160422,7.04,7.16,7.01,7.08,1622938,0
20160425,7.08,7.14,6.99,7.04,889841,0
20160426,7.11,7.31,7.03,7.31,1275502,0
20160427,7.27,7.37,7.16,7.28,950142,0
20160428,7.26,7.35,7.14,7.16,666638,0
20160429,7.11,7.16,6.97,6.98,1016862,0
20160502,6.98,7.1,6.93,7.05,1003506,0
20160503,7,7.01,6.725,6.82,1162300,0
20160504,6.75,6.85,6.61,6.67,681936,0
20160505,6.24,6.75,6.24,6.51,1298043,0
20160506,6.44,6.6,6.39,6.58,698393,0
20160509,6.6,6.61,6.45,6.54,1061899,0
20160510,6.55,6.77,6.48,6.73,853514,0
20160511,6.74,6.92,6.6905,6.81,861978,0
20160512,6.82,6.89,6.44,6.44,1180529,0
20160513,6.19,6.51,6.14,6.2,1145820,0
20160516,6.25,6.44,6.2,6.32,2012718,0
20160517,6.3,6.4,6.08,6.12,1379592,0
20160518,6.12,6.46,6.12,6.3,986216,0
20160519,6.26,6.31,6.07,6.1,549384,0
20160520,6.12,6.24,6.09,6.1,823566,0
20160523,6.11,6.34,6.11,6.23,815667,0
20160524,6.25,6.78,6.25,6.71,2954059,0
20160525,6.7,6.8,6.6,6.65,1014532,0
20160526,6.7,6.82,6.69,6.74,1092318,0
20160527,6.72,6.76,6.65,6.69,754825,0
20160531,6.71,6.94,6.71,6.84,1234514,0
20160601,6.78,6.83,6.58,6.6,871490,0
20160602,6.58,6.7,6.57,6.67,815198,0
20160603,6.69,6.74,6.61,6.69,1339710,0
20160606,6.68,6.72,6.64,6.69,499895,0
20160607,6.68,6.88,6.66,6.78,772996,0
20160608,6.81,6.91,6.68,6.75,1764844,0
20160609,6.72,6.72,6.55,6.6,904671,0
20160610,6.51,6.63,6.35,6.38,562082,0
20160613,6.2,6.45,6.2,6.29,486426,0
20160614,6.28,6.43,6.27,6.41,541472,0
20160615,6.37,6.5,6.345,6.39,519704,0
20160616,6.34,6.4,6.24,6.38,351508,0
20160617,6.39,6.51,6.34,6.48,819366,0
20160620,6.56,6.72,6.56,6.59,678287,0
20160621,6.6,6.61,6.48,6.54,480725,0
20160622,6.56,6.64,6.46,6.51,471053,0
20160623,6.59,6.68,6.55,6.6,378381,0
20160624,6.39,6.6,6.11,6.47,1155586,0
20160627,6.39,6.5,5.94,6.01,1367241,0
20160628,6.08,6.2,5.98,6.08,823944,0
20160629,6.19,6.19,6.03,6.155,1219139,0
20160630,6.15,6.32,6.1,6.29,1664511,0
20160701,6.27,6.44,6.22,6.23,516508,0
20160705,6.16,6.16,5.93,6.03,639923,0
20160706,5.98,6.095,5.935,6.02,426516,0
20160707,6.03,6.11,5.81,6.02,1537004,0
20160708,7.17,7.25,6.96,7.21,13437664,0
20160711,7.1,7.28,7.04,7.055,2891863,0
20160712,7.11,7.14,6.98,7.06,1405034,0
20160713,7.09,7.1,6.92,6.97,959300,0
20160714,7,7.05,6.93,7.03,1770301,0
20160715,7.05,7.09,6.96,7.01,543416,0
20160718,6.98,7.11,6.97,7.01,374986,0
20160719,7.02,7.095,6.93,6.96,819195,0
20160720,7,7.145,6.94,7.06,783368,0
20160721,7.56,7.56,7.04,7.06,589410,0
20160722,7.22,7.25,7.005,7.16,615668,0
20160725,7.13,7.32,7.13,7.22,694029,0
20160726,7.23,7.335,7.14,7.28,536722,0
20160727,7.3,7.47,7.3,7.34,704480,0
20160728,7.36,7.37,7.215,7.24,527776,0
20160729,7.27,7.375,7.2,7.33,402337,0
20160801,7.57,7.64,7.05,7.31,621275,0
20160802,7.34,7.43,7.2,7.29,983111,0
20160803,7.26,7.44,7.22,7.4,848637,0
20160804,7.58,8.52,7.44,8.16,2776919,0
20160805,8.17,8.23,7.98,8.17,914768,0
20160808,8.14,8.24,8.115,8.15,586898,0
20160809,8.1,8.2,8.02,8.14,462065,0
20160810,8.28,8.28,7.9,8.12,500389,0
20160811,8.18,8.19,7.96,8.05,436516,0
20160812,8.07,8.1,7.96,8.01,396194,0
20160815,8,8.07,7.975,8.03,629546,0
20160816,8.01,8.07,7.92,7.93,751093,0
20160817,7.9,7.9,7.67,7.69,627008,0
20160818,7.66,7.77,7.65,7.705,381053,0
20160819,7.9,7.9,7.54,7.69,462377,0
20160822,7.71,7.78,7.58,7.73,456160,0
20160823,7.76,7.79,7.61,7.69,310187,0
20160824,7.57,7.88,7.52,7.53,441908,0
20160825,7.83,7.83,7.47,7.58,380111,0
20160826,7.61,7.61,7.48,7.525,401842,0
20160829,7.52,7.56,7.395,7.48,530993,0
20160830,7.44,7.6,7.43,7.46,384485,0
20160831,7.47,7.485,7.29,7.3,396332,0
20160901,7.33,7.44,7.32,7.37,426003,0
20160902,7.4,7.62,7.341,7.57,533469,0
20160906,7.57,7.61,7.4,7.51,335580,0
20160907,7.52,7.55,7.38,7.4201,417793,0
20160908,7.43,7.51,7.31,7.34,264037,0
20160909,7.28,7.3185,7.2,7.22,541352,0
20160912,7.17,7.31,7.0701,7.3,374632,0
20160913,7.22,7.305,7.15,7.25,402489,0
20160914,7.26,7.32,7.17,7.31,331706,0
20160915,7.28,7.35,7.26,7.3,205076,0
20160916,7.24,7.36,7.18,7.33,391650,0
20160919,7.34,7.48,7.275,7.32,322022,0
20160920,7.32,7.35,7.18,7.2,275650,0
20160921,7.21,7.39,7.21,7.34,279230,0
20160922,7.39,7.46,7.38,7.4,189583,0
20160923,7.37,7.44,7.35,7.35,191628,0
20160926,7.29,7.3,7.14,7.2,245878,0
20160927,7.25,7.545,7.205,7.4,685796,0
20160928,7.47,7.51,7.41,7.5,413880,0
20160929,7.46,7.54,7.34,7.37,343518,0
20160930,7.42,7.42,7.27,7.36,656877,0
20161003,7.33,7.36,7.295,7.34,410876,0
20161004,7.34,7.43,7.25,7.33,560010,0
20161005,7.37,7.49,7.34,7.41,214450,0
20161006,7.42,7.43,7.35,7.4,169590,0
20161007,7.4,7.41,7.32,7.37,291237,0
20161010,7.38,7.47,7.31,7.32,107016,0
20161011,7.28,7.36,7.19,7.21,375239,0
20161012,7.19,7.19,6.97,7.05,358927,0
20161013,7.03,7.03,6.78,6.79,294896,0
20161014,6.81,6.94,6.78,6.8,214267,0
20161017,6.84,6.88,6.8,6.8,172710,0
20161018,6.88,6.89,6.79,6.84,165493,0
20161019,6.82,6.99,6.8,6.96,302690,0
20161020,6.92,6.97,6.87,6.92,202770,0
20161021,6.88,6.88,6.64,6.64,261570,0
20161024,6.71,6.83,6.71,6.81,160784,0
20161025,6.81,6.9,6.76,6.84,158685,0
20161026,6.84,6.93,6.81,6.84,109448,0
20161027,6.89,6.89,6.79,6.85,362615,0
20161028,6.83,6.94,6.66,6.66,391055,0
20161031,6.69,6.8,6.65,6.69,216961,0
20161101,6.72,6.75,6.43,6.55,268346,0
20161102,6.53,6.59,6.34,6.35,203733,0
20161103,6.54,6.79,6.36,6.66,452798,0
20161104,6.57,6.64,6.38,6.51,294652,0
20161107,6.64,6.64,6.505,6.52,246906,0
20161108,6.53,6.63,6.47,6.62,303145,0
20161109,6.61,6.64,6.44,6.62,268718,0
20161110,6.66,6.72,6.48,6.6,309525,0
20161111,6.57,6.76,6.51,6.7,235299,0
20161114,6.68,6.86,6.68,6.85,456568,0
20161115,6.85,7.04,6.77,6.99,436922,0
20161116,7.02,7.1,6.95,7.07,591940,0
20161117,7.12,7.12,6.94,6.95,169914,0
20161118,6.98,6.98,6.88,6.9,155437,0
20161121,6.95,6.98,6.825,6.97,363392,0
20161122,6.96,6.99,6.89,6.98,124803,0
20161123,6.95,7.005,6.84,6.9,205732,0
20161125,6.93,7.04,6.83,7.03,81829,0
20161128,7.05,7.23,7.02,7.21,335342,0
20161129,7.2,7.285,7.2,7.25,221500,0
20161130,7.25,7.34,7.2,7.21,195131,0
20161201,7.25,7.25,6.95,6.95,312775,0
20161202,6.97,7.16,6.885,7.1,383367,0
20161205,7.12,7.29,7.08,7.12,221499,0
20161206,7.16,7.31,7.08,7.29,233907,0
20161207,7.31,7.37,7.225,7.3,173804,0
20161208,7.3,7.535,7.28,7.385,212069,0
20161209,7.44,7.44,7.22,7.25,155462,0
20161212,7.25,7.25,7.01,7.08,253648,0
20161213,7.13,7.13,6.995,7.02,277979,0
20161214,7,7.15,6.95,7.05,291340,0
20161215,7.05,7.235,6.98,7.21,277462,0
20161216,7.22,7.48,7.155,7.41,305687,0
20161219,7.5,7.91,6.98,7.01,776836,0
20161220,6.44,6.77,6.42,6.72,1237424,0
20161221,6.73,6.73,6.59,6.6,537708,0
20161222,6.61,6.63,6.47,6.49,545500,0
20161223,6.41,6.77,6.41,6.69,182843,0
20161227,6.67,6.87,6.63,6.79,145288,0
20161228,6.8,6.82,6.7,6.77,301850,0
20161229,6.78,6.86,6.76,6.82,268437,0
20161230,6.86,6.88,6.74,6.8,180759,0
20170103,6.85,6.97,6.8,6.91,384023,0
20170104,6.88,7.23,6.88,7.16,711907,0
20170105,7.12,7.21,7.02,7.12,270885,0
20170106,7.14,7.17,7.01,7.06,212618,0
20170109,7.06,7.14,6.97,7.05,133856,0
20170110,7.02,7.21,6.91,7.15,421772,0
20170111,7.18,7.25,7.12,7.2,153556,0
20170112,7.19,7.23,7.11,7.22,201925,0
20170113,7.25,7.27,7.17,7.21,250373,0
20170117,7.15,7.25,7.1,7.21,332024,0
20170118,7.23,7.23,7.08,7.11,283957,0
20170119,7.14,7.16,7.06,7.09,384605,0
20170120,7.08,7.2,7,7.19,498664,0
20170123,7.15,7.26,7.05,7.245,876855,0
20170124,7.25,7.32,7.22,7.3,590917,0
20170125,7.34,7.39,7.11,7.15,190092,0
20170126,7.17,7.18,7.04,7.05,313219,0
20170127,7.07,7.08,6.95,7.01,220135,0
20170130,7.01,7.01,6.76,6.88,303169,0
20170131,6.89,6.94,6.79,6.94,274471,0
20170201,6.92,7.06,6.91,7.04,267492,0
20170202,7.07,7.085,7,7.07,500168,0
20170203,7.09,7.12,7.01,7.07,441215,0
20170206,7.07,7.07,7,7.03,336366,0
20170207,7.02,7.02,6.95,6.95,291011,0
20170208,7,7.02,6.9,7.01,309410,0
20170209,7.02,7.09,6.98,7.08,351475,0
20170210,7.12,7.13,7.04,7.12,362252,0
20170213,7.13,7.14,6.98,7.05,870457,0
20170214,7.07,7.08,6.99,7.08,342953,0
20170215,7.08,7.155,7.02,7.08,640047,0
20170216,7.11,7.14,6.995,7.04,799282,0
20170217,7.05,7.19,6.97,7.14,684887,0
20170221,7.19,7.31,7.19,7.24,656628,0
20170222,7.24,7.285,7.08,7.24,733468,0
20170223,7.28,7.28,6.63,6.92,1619030,0
20170224,6.81,6.88,6.68,6.83,755364,0
20170227,6.82,6.84,6.7,6.75,680212,0
20170228,6.78,6.78,6.55,6.62,485280,0
20170301,6.65,6.69,6.54,6.59,545935,0
20170302,6.55,6.635,6.46,6.49,411597,0
20170303,6.49,6.64,6.44,6.49,931586,0
20170306,6.55,6.55,6.4,6.48,525355,0
20170307,6.57,6.635,6.4,6.57,511253,0
20170308,6.55,6.92,6.54,6.9,848906,0
20170309,6.89,7.07,6.76,6.87,447868,0
20170310,6.88,7.02,6.88,7,1082448,0
20170313,7.02,7.12,6.87,6.9,581757,0
20170314,6.87,6.99,6.79,6.94,327857,0
20170315,6.98,7.06,6.92,7.03,300953,0
20170316,7.05,7.19,7.04,7.18,357895,0
20170317,7.18,7.18,7,7.01,307692,0
20170320,7.01,7.05,6.93,7.01,227035,0
20170321,7.04,7.07,6.79,6.82,534276,0
20170322,6.84,6.9,6.63,6.72,544010,0
20170323,6.72,6.92,6.72,6.85,428781,0
20170324,6.89,7.02,6.82,6.89,395729,0
20170327,6.84,7.05,6.75,7.02,290893,0
20170328,7.03,7.03,6.94,6.99,313897,0
20170329,7.02,7.02,6.89,6.98,438251,0
20170330,7.02,7.05,6.87,6.89,431231,0
20170331,6.9,7.02,6.9,6.93,498915,0
20170403,6.9,6.95,6.705,6.72,367692,0
20170404,6.72,6.81,6.67,6.7,218280,0
20170405,6.74,6.77,6.61,6.67,391528,0
20170406,6.71,6.82,6.64,6.75,376356,0
20170407,6.74,6.92,6.74,6.84,353000,0
20170410,6.83,6.9,6.75,6.8,202935,0
20170411,6.81,6.89,6.76,6.84,252538,0
20170412,6.82,6.86,6.77,6.82,318846,0
20170413,6.82,6.86,6.77,6.8,254826,0
20170417,6.81,6.89,6.79,6.87,266067,0
20170418,6.8,6.88,6.8,6.8,189066,0
20170419,6.78,6.85,6.76,6.84,154306,0
20170420,6.82,6.91,6.77,6.8,221369,0
20170421,6.76,6.86,6.72,6.83,312859,0
20170424,6.93,6.96,6.82,6.9,247956,0
20170425,6.9,6.97,6.88,6.92,252618,0
20170426,6.94,7.04,6.91,6.97,243579,0
20170427,7.01,7.09,6.97,7.07,219456,0
20170428,7.06,7.11,7.03,7.06,269327,0
20170501,7.05,7.1,6.98,7.05,217478,0
20170502,7.02,7.09,6.95,6.97,240579,0
20170503,6.97,6.99,6.86,6.88,276579,0
20170504,6.33,6.94,6.32,6.37,848222,0
20170505,6.37,6.41,6.23,6.33,764705,0
20170508,6.29,6.4,6.21,6.32,531721,0
20170509,6.34,6.43,6.27,6.36,402560,0
20170510,6.35,6.52,6.33,6.47,404359,0
20170511,6.46,6.48,6.36,6.37,314957,0
20170512,6.37,6.58,6.36,6.53,499128,0
20170515,6.54,6.785,6.48,6.77,625014,0
20170516,6.75,6.995,6.75,6.94,606426,0
20170517,6.88,6.91,6.53,6.55,438724,0
20170518,6.53,6.62,6.48,6.56,634487,0
20170519,6.59,6.78,6.561,6.72,477713,0
20170522,6.72,6.97,6.72,6.89,473841,0
20170523,6.94,6.94,6.78,6.83,454008,0
20170524,6.85,7.02,6.84,6.89,678982,0
20170525,6.89,6.945,6.8,6.89,455294,0
20170526,6.86,6.95,6.84,6.91,307925,0
20170530,6.89,7.1,6.88,6.97,538693,0
20170531,6.99,7.12,6.95,7.09,565339,0
20170601,7.11,7.26,7.11,7.18,646361,0
20170602,7.19,7.24,7.12,7.15,597418,0
20170605,7.14,7.24,7.13,7.15,537399,0
20170606,7.15,7.27,7.06,7.2,2137511,0
20170607,7.21,7.46,7.21,7.34,1125707,0
20170608,7.38,7.53,7.3,7.49,1370170,0
20170609,7.53,7.63,7.41,7.47,1226141,0
20170612,7.45,7.755,7.43,7.5,1814450,0
20170613,7.51,7.64,7.49,7.5,1344324,0
20170614,7.52,7.55,7.41,7.47,1051994,0
20170615,7.38,7.54,7.38,7.48,1017585,0
20170616,7.5,7.6,7.37,7.38,765715,0
20170619,7.4,7.49,7.34,7.47,353641,0
20170620,7.45,7.47,7.17,7.18,451203,0
20170621,7.18,7.29,7.13,7.24,889890,0
20170622,7.24,7.4,7.24,7.32,285369,0
20170623,7.32,7.345,7.22,7.33,252302,0
20170626,7.34,7.39,7.2,7.27,249232,0
20170627,7.27,7.36,7.17,7.19,236752,0
20170628,7.22,7.385,7.22,7.31,416334,0
20170629,7.31,7.32,7.05,7.22,897874,0
20170630,7.25,7.49,7.25,7.35,848739,0
20170703,7.36,7.37,7.155,7.19,144901,0
20170705,7.2,7.28,7.05,7.17,573324,0
20170706,7.09,7.16,7,7.09,263751,0
20170707,7.12,7.14,7.04,7.12,160148,0
20170710,7.13,7.14,7.01,7.01,451056,0
20170711,7,7.11,6.99,7.03,420545,0
20170712,7.08,7.11,7.015,7.07,689616,0
20170713,7.05,7.12,7.05,7.08,459746,0
20170714,7.07,7.1,7,7.08,450312,0
20170717,7.06,7.14,7,7.11,342491,0
20170718,7.14,7.16,7.07,7.15,441775,0
20170719,7.14,7.21,7.14,7.16,233945,0
20170720,7.13,7.18,7.13,7.15,287718,0
20170721,7.16,7.255,7.12,7.25,413821,0
20170724,7.2,7.38,7.18,7.37,462909,0
20170725,7.36,7.5,7.21,7.49,537999,0
20170726,7.49,7.5,7.37,7.5,398077,0
20170727,7.85,8.09,7.72,7.94,5124703,0
20170728,7.96,8.495,7.89,8.47,2055309,0
20170731,8.42,8.535,8.27,8.52,2010275,0
20170801,8.56,8.765,8.48,8.7,1368608,0
