Date,Open,High,Low,Close,Volume,OpenInt
20150702,22.1,24.36,21.55,22.74,13667900,0
20150706,22,23.24,21.65,22,776000,0
20150707,21.79,22.51,21.58,22,583000,0
20150708,22.65,22.65,21,21.47,295300,0
20150709,21.58,22.08,21.04,21.25,255000,0
20150710,21.78,21.9,21.17,21.75,193600,0
20150713,21.94,21.95,21.06,21.09,413100,0
20150714,20.95,21.14,20.01,20.68,605864,0
20150715,20.5,20.678,20.04,20.53,348893,0
20150716,20.53,22.1,20.11,21.88,713400,0
20150717,22.1,22.14,20.6,20.88,280900,0
20150720,21.08,22.4,20.86,21.43,338900,0
20150721,21.2,21.37,20.31,20.6,254100,0
20150722,20.18,20.98,20.14,20.77,187500,0
20150723,20.74,21.21,20.29,20.42,98200,0
20150724,20.66,20.75,19,19.22,514200,0
20150727,18.77,18.88,17.61,18,933000,0
20150728,18,18.14,17.8,18.04,430500,0
20150729,18,18.64,18,18.21,567700,0
20150730,18,18.79,18,18.13,247700,0
20150731,18.08,18.48,18,18.09,250800,0
20150803,17.91,17.92,15.83,16.86,491128,0
20150804,17.06,17.58,16.6,17.2,154900,0
20150805,17.25,17.65,16.47,17.49,119300,0
20150806,17.5,18.54,17.5,17.83,258615,0
20150807,17.94,18.15,16.78,17.06,112200,0
20150810,17.18,17.38,16.31,17.16,134100,0
20150811,17.03,17.03,16.45,16.67,58796,0
20150812,16.52,16.55,15.8,16.35,171800,0
20150813,15.99,15.99,14.17,15.56,912600,0
20150814,16.06,17.77,15.63,15.76,678500,0
20150817,15.58,17.44,15,15.23,156500,0
20150818,15.19,15.86,14.66,15.58,150400,0
20150819,15.45,15.45,14.36,14.72,123700,0
20150820,14.63,14.89,14.13,14.34,220900,0
20150821,14.02,14.48,13.49,14.22,383900,0
20150824,13.484,14.785,13.47,14.27,173943,0
20150825,14.68,14.8,13.93,14.35,106100,0
20150826,14.8,15.17,14.35,15.16,151700,0
20150827,15.33,15.89,14.69,15.34,223300,0
20150828,15.33,16.25,15.33,15.99,166300,0
20150831,15.98,16.29,15.51,15.82,74500,0
20150901,15.59,15.98,15.46,15.76,148400,0
20150902,15.85,16.13,15,15.31,214900,0
20150903,15.4,15.76,15.28,15.3,93000,0
20150904,15.14,15.62,15.05,15.26,98700,0
20150908,15.44,16.08,15.39,15.85,169000,0
20150909,15.98,16.21,15.59,15.72,54900,0
20150910,15.69,16.09,15.47,15.95,66000,0
20150911,15.87,16.27,15.82,16.26,185100,0
20150914,16.23,16.44,15.84,16.01,103600,0
20150915,16.01,16.61,15.77,16.52,98400,0
20150916,16.58,16.79,15.4,15.77,212000,0
20150917,15.95,16.14,15.59,15.8,157900,0
20150918,15.66,16.21,15.03,15.13,847700,0
20150921,15.31,15.47,14.09,14.44,239900,0
20150922,14.37,14.59,13.09,13.15,342400,0
20150923,13.21,13.86,12.77,12.94,299900,0
20150924,12.93,13.95,12.79,13.82,182486,0
20150925,13.9,14,12.61,12.94,164800,0
20150928,13.19,13.35,11.73,12.21,406909,0
20150929,12.21,13.24,10.9,11.1,382400,0
20150930,11.26,12.64,10.25,10.85,1694100,0
20151001,10.9,11.22,9.96,10.36,293800,0
20151002,10.26,10.26,9.62,9.74,481100,0
20151005,9.87,9.87,9.17,9.44,627768,0
20151006,9.4,10.16,9.16,9.33,243800,0
20151007,9.44,9.6,9.07,9.24,538500,0
20151008,9.25,9.43,8.97,9.4,324500,0
20151009,9.4,9.93,9.27,9.48,322000,0
20151012,9.47,10.55,8.93,9.2,466115,0
20151013,9.24,9.37,9,9.14,220600,0
20151014,9.15,9.38,8.92,8.92,209200,0
20151015,8.95,9.29,8.81,9.18,124000,0
20151016,9.21,9.32,8.53,8.6,214100,0
20151019,8.62,8.88,8.26,8.54,76000,0
20151020,8.49,8.49,8.01,8.25,69314,0
20151021,8.26,8.29,7.83,8.06,115100,0
20151022,8.08,8.21,7.9,8.05,138300,0
20151023,8.25,9,7.74,8.55,312900,0
20151026,8.5,8.75,8.27,8.5,110200,0
20151027,8.49,8.66,8.3,8.63,123500,0
20151028,8.63,8.99,8.46,8.99,118300,0
20151029,8.96,9.15,8.66,8.76,130900,0
20151030,8.8,8.8,8.03,8.25,164400,0
20151102,8.3,8.71,8,8.5,102999,0
20151103,8.51,8.96,8.42,8.72,84600,0
20151104,8.72,8.82,8.395,8.7,111608,0
20151105,8.74,8.76,8.41,8.66,100100,0
20151106,8.66,9.17,8.36,9.02,131800,0
20151109,9.13,9.4914,9,9.16,145759,0
20151110,9.18,9.85,8.96,9.76,250200,0
20151111,9.84,9.99,9.3,9.32,123800,0
20151112,9.23,9.61,8.88,9.01,132700,0
20151113,9.15,10.94,8.3,9.97,462500,0
20151116,9.86,10.8,8.88,9.25,122000,0
20151117,9.35,9.44,8.82,9.28,43700,0
20151118,9.35,9.99,9.06,9.74,85700,0
20151119,9.77,9.9,9,9.02,120700,0
20151120,9.05,9.21,8.63,8.78,141100,0
20151123,8.78,9.45,8.65,8.89,83400,0
20151124,8.89,8.96,8.52,8.73,79900,0
20151125,8.77,9.01,8.55,8.9,95300,0
20151127,8.93,9.26,8.58,8.62,52800,0
20151130,8.68,9.21,8.24,8.89,103000,0
20151201,9.01,9.02,8.72,8.97,215791,0
20151202,9.04,10.11,8.77,9.64,134236,0
20151203,9.66,9.7,9.03,9.14,81502,0
20151204,9.15,9.48,8.78,9.3,178200,0
20151207,9.32,9.76,9.13,9.7,135500,0
20151208,9.57,10.17,9.52,9.92,76337,0
20151209,9.93,10.2,9.35,10,74500,0
20151210,10.04,10.75,9.96,10.68,245900,0
20151211,10.52,10.79,10.28,10.39,195000,0
20151214,10.44,10.56,10.11,10.29,129554,0
20151215,10.36,10.7,10.3,10.66,94000,0
20151216,10.73,11,10.52,10.75,132700,0
20151217,10.85,11.27,10.52,10.91,160700,0
20151218,10.88,12.14,10.77,11.64,347000,0
20151221,11.68,11.83,11.4,11.57,173200,0
20151222,11.52,11.95,10.83,11.21,296613,0
20151223,11.34,11.44,10.8,11.2,152500,0
20151224,11.28,11.37,11.02,11.27,37331,0
20151228,11.21,11.99,11,11.34,109656,0
20151229,11.19,11.27,10.06,10.8,896595,0
20151230,10.81,11.15,10.38,11.1,354692,0
20151231,10.89,11.02,10.22,10.8,419495,0
20160104,10.06,10.7899,10.06,10.34,757173,0
20160105,10.13,10.5,9.72,10.37,548029,0
20160106,9.98,10.6,9.94,10.46,514452,0
20160107,10.2,10.25,9.75,9.89,161774,0
20160108,9.86,10.15,9.75,9.78,542748,0
20160111,9.75,9.76,7.95,8.74,544573,0
20160112,8.61,9.25,7.9,9.05,284662,0
20160113,9.02,10.1899,8.1,8.93,353603,0
20160114,8.84,8.86,8.2,8.76,247460,0
20160115,8.56,8.92,7.96,8.82,575670,0
20160119,8.88,9,8.25,8.63,329200,0
20160120,8.58,8.99,7.82,8.76,489002,0
20160121,8.7,8.8599,8.41,8.58,150670,0
20160122,8.67,9.1647,8.555,9.06,181899,0
20160125,8.99,9.42,8.95,9.18,215491,0
20160126,9.16,9.35,8.64,9.14,306381,0
20160127,9.08,9.2,8.81,8.85,215017,0
20160128,8.85,9.19,8.66,8.94,265361,0
20160129,8.86,9.08,8.19,8.54,221741,0
20160201,8.46,8.46,7.81,8.04,138957,0
20160202,7.95,8.11,7.61,7.73,98888,0
20160203,7.76,7.76,7.2,7.52,155179,0
20160204,7.52,8.08,7.2001,7.52,88779,0
20160205,7.45,7.825,7.04,7.18,121600,0
20160208,7.1,7.1,6.52,6.61,121318,0
20160209,6.58,7.22,6.58,6.66,127927,0
20160210,6.67,7.09,6.67,6.85,370322,0
20160211,6.72,7.11,6.7,6.98,199123,0
20160212,7.06,7.07,6.58,7,141485,0
20160216,7.08,7.45,6.9,7.08,107943,0
20160217,7.1,7.374,7.05,7.21,174490,0
20160218,7.2,7.395,7.05,7.1,184839,0
20160219,7.07,7.13,6.94,6.99,567751,0
20160222,6.9,7.66,6.74,7.48,279093,0
20160223,7.43,7.8,7.3,7.72,85237,0
20160224,7.64,8.07,7.35,7.86,79145,0
20160225,7.86,8.07,7.2,7.76,219727,0
20160226,7.74,7.95,7.52,7.52,136718,0
20160229,7.41,8.04,6.73,6.75,205412,0
20160301,6.78,7.43,6.77,7.3,174134,0
20160302,7.33,8.27,7.3,8.18,157379,0
20160303,8.11,8.73,8.1,8.7,104366,0
20160304,8.6,8.99,8.4,8.91,149252,0
20160307,8.91,9.97,8.835,9.77,471896,0
20160308,9.67,9.91,9.32,9.5,406042,0
20160309,9.5,9.5,7.58,8.42,640991,0
20160310,8.44,8.94,8.28,8.42,338036,0
20160311,8.47,9.06,8.4,8.97,279516,0
20160314,8.99,9.805,8.99,9.61,271213,0
20160315,9.56,9.56,8.51,8.71,141882,0
20160316,8.65,8.95,8.51,8.89,128083,0
20160317,8.92,9.03,8.28,8.72,118132,0
20160318,8.78,8.93,8.35,8.81,664559,0
20160321,8.81,9.375,8.81,9.24,148650,0
20160322,9.23,9.49,9.19,9.24,118563,0
20160323,9.26,9.3601,8.72,8.77,162599,0
20160324,8.75,9.01,8.59,8.85,90960,0
20160328,8.93,9.19,8.575,8.78,60532,0
20160329,8.8,9.2,8.71,9.08,124768,0
20160330,9.1,9.46,9.1,9.4,84124,0
20160331,9.43,9.71,9.33,9.52,147460,0
20160401,9.46,9.7,9.44,9.58,66425,0
20160404,9.56,9.85,9.45,9.63,118254,0
20160405,9.53,9.74,9.2,9.45,68922,0
20160406,9.38,9.75,9.38,9.6,92998,0
20160407,9.48,9.8,9.4784,9.65,104310,0
20160408,9.74,9.745,9.5,9.59,85884,0
20160411,9.58,9.8,9.555,9.63,49040,0
20160412,9.7,9.9,9.55,9.74,88122,0
20160413,9.74,10.12,9.72,9.99,193293,0
20160414,9.99,10.15,9.71,10.13,80915,0
20160415,10.05,10.41,9.98,10.16,78331,0
20160418,10.17,10.31,9.98,10.3,67556,0
20160419,10.49,10.49,10.19,10.33,72235,0
20160420,10.35,10.5,10.21,10.33,49841,0
20160421,10.35,10.77,10.275,10.47,71515,0
20160422,10.51,10.68,10.27,10.49,78485,0
20160425,10.44,10.716,10.35,10.59,82422,0
20160426,10.59,10.67,10.32,10.35,60593,0
20160427,10.32,10.39,9.95,10.06,77613,0
20160428,10.08,10.36,9.88,10.06,71198,0
20160429,10.05,10.22,9.7287,9.82,81944,0
20160502,9.69,9.87,9.54,9.71,127874,0
20160503,9.59,9.9,9.36,9.65,65024,0
20160504,9.525,9.82,9.41,9.595,69491,0
20160505,9.56,9.65,9.29,9.37,68608,0
20160506,9.27,9.6,9.26,9.58,73733,0
20160509,9.5,10.33,9.47,10.04,81321,0
20160510,10.01,10.01,9.56,9.68,179187,0
20160511,10.87,12.07,10.87,11.59,675014,0
20160512,11.54,11.85,10.89,11.29,290243,0
20160513,11.19,11.67,10.96,11.34,101260,0
20160516,11.44,11.5,11.105,11.24,129120,0
20160517,11.24,11.38,11.07,11.2,245598,0
20160518,11.12,11.41,11.09,11.13,207727,0
20160519,11.07,11.26,10.86,11.12,171715,0
20160520,11.24,11.29,10.95,11,348951,0
20160523,11.06,12.22,11.06,12.12,601733,0
20160524,12.07,12.45,11.9,12.4,535531,0
20160525,12.5,13.52,12.3301,13.13,355730,0
20160526,13.09,13.42,12.56,13.18,185161,0
20160527,13.08,13.69,12.81,13.45,133986,0
20160531,13.35,13.8,13.35,13.79,350230,0
20160601,13.2,13.25,11.84,12.12,680282,0
20160602,12.04,12.57,12.04,12.34,231720,0
20160603,12.3,12.35,11.82,12.11,244757,0
20160606,12.23,12.39,11.89,12.27,140961,0
20160607,12.35,12.74,12.14,12.48,261085,0
20160608,12.44,12.44,11.96,12.17,162283,0
20160609,12.21,12.21,11.56,11.76,165324,0
20160610,11.68,11.85,11.41,11.8,229047,0
20160613,11.69,11.81,11.37,11.59,178882,0
20160614,11.54,11.835,11.5,11.78,271205,0
20160615,11.79,11.93,11.59,11.64,169716,0
20160616,11.63,11.94,11.5,11.87,226148,0
20160617,11.94,12.16,11.45,11.46,148286,0
20160620,11.65,11.8605,11.52,11.6,163304,0
20160621,11.55,11.55,11.18,11.46,129678,0
20160622,11.62,12.04,11.49,11.97,435933,0
20160623,12.14,13.74,12.12,13.62,1475231,0
20160624,12.87,13.72,12.87,13.49,443928,0
20160627,13.32,13.56,12.55,12.82,333239,0
20160628,12.75,12.75,11.02,11.8,946602,0
20160629,11.79,12.54,11.79,12.35,328109,0
20160630,12.47,12.47,11.83,12.065,275470,0
20160701,12.1,12.33,11.75,12.28,263256,0
20160705,12.11,12.28,11.94,12.14,125538,0
20160706,12.1,12.36,12.04,12.26,146905,0
20160707,12.2,12.33,11.98,12.18,168185,0
20160708,12.15,12.63,12.12,12.52,258768,0
20160711,12.52,12.6,12.43,12.5,236491,0
20160712,12.53,12.81,12.32,12.7,252720,0
20160713,12.67,12.68,11.95,12.15,208529,0
20160714,12.24,12.43,12.015,12.05,119063,0
20160715,12.1,12.54,12.1,12.47,146414,0
20160718,12.29,12.7,12.19,12.65,176885,0
20160719,12.72,12.94,12.59,12.84,188608,0
20160720,12.94,13.105,12.711,13,122963,0
20160721,13.03,13.21,12.82,12.88,93038,0
20160722,12.86,13,12.73,12.82,71554,0
20160725,12.81,13.24,12.28,12.78,94064,0
20160726,12.78,12.89,12.58,12.84,46883,0
20160727,12.88,13.26,12.88,13.25,226249,0
20160728,13.18,13.36,12.95,13.28,188826,0
20160729,13.15,13.34,12.9041,13.1,166701,0
20160801,13.19,13.4,12.91,13.04,144468,0
20160802,12.98,13.36,12.9,13.05,106317,0
20160803,12.96,13.24,12.9157,12.97,107490,0
20160804,12.95,13.39,12.95,13.1,145725,0
20160805,13.08,13.08,11.03,12.22,351454,0
20160808,12.18,12.37,11.3,11.44,309513,0
20160809,11.37,11.53,10.69,10.74,266810,0
20160810,10.81,10.81,10.41,10.42,183251,0
20160811,10.46,11.08,10.43,10.97,188519,0
20160812,10.87,11.14,10.78,11,96054,0
20160815,10.99,11.24,10.91,11.05,108082,0
20160816,10.79,11.22,10.6,10.7,168327,0
20160817,11.18,11.18,10.18,10.44,378353,0
20160818,10.46,10.515,10.155,10.24,157977,0
20160819,10.25,10.6,9.41,9.71,338463,0
20160822,9.76,9.9,9.51,9.53,351155,0
20160823,9.61,10.15,9.61,10.04,265938,0
20160824,10.01,10.12,9.66,9.7,221408,0
20160825,9.72,9.855,9.42,9.64,271551,0
20160826,9.62,10.02,9.62,9.84,163068,0
20160829,9.91,10.11,9.66,10.06,136338,0
20160830,10.02,10.41,9.9,10.11,149711,0
20160831,10.12,10.22,9.74,9.95,168534,0
20160901,9.88,10.22,9.6,10.06,192221,0
20160902,10.06,10.21,9.86,10.21,82003,0
20160906,10.21,10.64,10.21,10.53,176535,0
20160907,10.58,10.78,10.38,10.67,104558,0
20160908,10.69,10.71,10.482,10.5999,118690,0
20160909,10.67,10.67,9.97,10,136763,0
20160912,9.97,10.445,9.97,10.41,121096,0
20160913,10.31,10.375,9.91,10.07,94977,0
20160914,10.12,10.41,10.02,10.24,93479,0
20160915,10.29,10.37,10.07,10.15,101673,0
20160916,10.21,10.38,10.09,10.22,461222,0
20160919,10.31,10.41,10.02,10.23,98877,0
20160920,10.34,10.35,10.14,10.24,92040,0
20160921,10.28,10.3,9.8097,10.27,146395,0
20160922,10.31,10.75,10.21,10.72,137373,0
20160923,10.72,10.83,10.5,10.59,93998,0
20160926,10.54,10.965,10.54,10.75,69125,0
20160927,10.71,10.92,10.67,10.73,109091,0
20160928,10.79,10.9399,10.26,10.42,149235,0
20160929,10.4,10.92,10.4,10.64,368158,0
20160930,10.65,11.16,10.33,11.11,167147,0
20161003,11.1,11.41,11.03,11.35,145057,0
20161004,11.36,11.9,10.94,11,98174,0
20161005,11.42,12,11.05,11.695,336979,0
20161006,11.53,11.64,11.19,11.45,269320,0
20161007,11.51,11.66,11.05,11.46,95034,0
20161010,11.5,11.74,11.498,11.66,118201,0
20161011,11.59,11.71,11.23,11.54,260647,0
20161012,11.52,11.52,11,11.13,255841,0
20161013,11.06,11.49,10.501,10.99,328432,0
20161014,11.01,11.01,10.73,10.83,139262,0
20161017,10.8,10.8,10.22,10.36,172592,0
20161018,10.46,10.74,10.17,10.235,149461,0
20161019,10.3,10.47,10,10.1,121656,0
20161020,10.1,10.53,10.03,10.3,178858,0
20161021,10.23,10.28,9.99,9.99,144222,0
20161024,10.09,10.24,9.81,9.95,148994,0
20161025,9.97,9.97,9.4,9.42,152899,0
20161026,9.38,9.626,9.13,9.195,204310,0
20161027,9.24,9.28,8.99,9,115534,0
20161028,9,9.07,8.485,8.51,312301,0
20161031,8.56,8.59,8.26,8.48,298628,0
20161101,8.47,8.75,8.25,8.35,199164,0
20161102,8.27,8.48,7.99,8.02,127275,0
20161103,7.98,8.35,7.88,8.13,207998,0
20161104,8.17,8.66,8.09,8.45,170126,0
20161107,8.71,9.04,8.6,9,194171,0
20161108,8.97,9.27,8.77,9.24,110107,0
20161109,9.18,9.62,9.18,9.55,176265,0
20161110,10,11.3383,9.53,10.35,643684,0
20161111,10.41,11.27,10.1,11.15,500461,0
20161114,11.15,11.6,10.86,11.6,348536,0
20161115,11.51,11.78,11.43,11.7,209711,0
20161116,11.57,11.81,11.1477,11.72,173072,0
20161117,11.63,12,11.63,11.91,203899,0
20161118,11.9,11.99,11.707,11.98,236338,0
20161121,11.95,12.02,11.7117,12,270400,0
20161122,12.03,12.85,11.945,12.8,527779,0
20161123,12.59,12.95,12.38,12.86,332285,0
20161125,12.86,12.89,11.95,12.17,253757,0
20161128,12.11,12.21,11.8,12,220562,0
20161129,12,12.07,11.77,11.94,140871,0
20161130,11.95,12.16,11.88,12,200916,0
20161201,12,12.13,11.65,11.74,100092,0
20161202,11.71,11.96,11.63,11.86,88099,0
20161205,11.91,12.12,11.81,11.87,209616,0
20161206,11.83,11.95,11.63,11.84,90172,0
20161207,11.73,11.73,11.38,11.49,131256,0
20161208,11.45,11.74,11.265,11.6,276353,0
20161209,11.51,11.92,11.51,11.72,156024,0
20161212,11.78,11.86,11.32,11.74,101376,0
20161213,11.74,12.06,11.74,11.89,82566,0
20161214,11.9,11.97,11.68,11.71,83601,0
20161215,11.74,11.9,11.65,11.84,74379,0
20161216,11.85,11.97,11.73,11.76,161208,0
20161219,11.78,11.92,11.61,11.76,125014,0
20161220,11.76,12,11.75,11.97,120810,0
20161221,11.94,11.98,11.71,11.82,111641,0
20161222,11.81,12.06,11.7,12.03,427384,0
20161223,12.02,12.37,11.97,12.06,285732,0
20161227,12,12.23,11.8,11.83,466857,0
20161228,11.89,12.06,11.72,11.99,252792,0
20161229,12,12.09,11.26,11.51,241269,0
20161230,11.48,12,11.47,11.71,162955,0
20170103,11.8,11.91,11.55,11.89,146576,0
20170104,11.87,12.005,11.81,11.92,233534,0
20170105,11.8,12.0299,11.61,11.62,102349,0
20170106,11.95,12.13,11.46,11.51,187792,0
20170109,11.42,11.9,11.29,11.67,182147,0
20170110,11.6,11.86,11.53,11.84,99253,0
20170111,11.83,11.83,10.77,11.03,224960,0
20170112,10.96,10.9899,10.5,10.71,162505,0
20170113,10.73,10.89,10.65,10.7,81761,0
20170117,10.6,10.81,9.8,9.85,140032,0
20170118,9.95,10.67,9.67,9.82,183204,0
20170119,9.85,9.91,9.69,9.71,107267,0
20170120,9.68,9.81,9.49,9.5,229503,0
20170123,9.41,9.59,8.92,9.02,499729,0
20170124,9,9.17,8.47,9.15,446636,0
20170125,9.28,9.65,9.25,9.47,154492,0
20170126,9.5,9.65,8.97,9.05,239291,0
20170127,9.08,9.14,8.9,8.9,133331,0
20170130,8.86,8.86,8.595,8.68,144026,0
20170131,8.66,9.02,8.6,8.95,165667,0
20170201,9.03,9.14,8.82,8.98,182299,0
20170202,8.95,9.31,8.86,9.29,111581,0
20170203,9.42,9.55,9.21,9.39,144083,0
20170206,9.39,9.43,9.02,9.15,107360,0
20170207,9.19,9.37,8.97,9.19,108187,0
20170208,9.12,9.36,8.86,9.24,96249,0
20170209,9.29,9.55,9.21,9.35,89932,0
20170210,9.43,9.52,9.27,9.37,79915,0
20170213,9.5,9.52,9.34,9.505,206544,0
20170214,9.48,9.91,9.48,9.87,162713,0
20170215,9.65,9.94,9.5143,9.91,91531,0
20170216,9.95,9.99,9.6001,9.83,119756,0
20170217,9.82,10.02,9.81,9.95,159197,0
20170221,9.91,10,9.75,9.78,107899,0
20170222,9.79,9.85,9.58,9.76,106146,0
20170223,9.78,9.84,9.6507,9.74,65822,0
20170224,9.67,9.78,9.57,9.69,251264,0
20170227,9.75,10.15,9.51,9.9,192655,0
20170228,9.95,10.02,9.51,9.56,216694,0
20170301,9.68,10.11,9.51,9.85,320071,0
20170302,9.78,9.935,9.64,9.76,111561,0
20170303,9.73,9.9,9.58,9.73,146246,0
20170306,9.7,9.7247,9.45,9.51,205484,0
20170307,9.46,9.91,9.23,9.87,196918,0
20170308,8.6,8.99,8.085,8.1,1796481,0
20170309,8.13,8.17,7.555,7.86,413559,0
20170310,8,8.07,7.89,8,363191,0
20170313,8.04,8.59,8,8.41,252544,0
20170314,8.31,8.84,8.27,8.47,158860,0
20170315,8.47,8.84,8.39,8.8,194140,0
20170316,8.86,8.86,8.69,8.75,135524,0
20170317,8.76,8.87,8.645,8.76,616692,0
20170320,8.75,8.95,8.715,8.76,123258,0
20170321,8.8,8.86,8.44,8.64,224416,0
20170322,8.67,8.75,8.38,8.59,249239,0
20170323,8.64,8.9,8.5,8.78,82210,0
20170324,8.76,8.96,8.62,8.7,263058,0
20170327,8.58,9.13,8.58,8.96,146389,0
20170328,8.9,9.09,8.75,8.83,176720,0
20170329,8.8,8.9825,8.78,8.81,107710,0
20170330,8.8,9.08,8.76,8.93,236651,0
20170331,8.93,8.94,8.75,8.87,136427,0
20170403,8.9,8.94,8.55,8.63,127874,0
20170404,8.64,8.64,8.32,8.61,131346,0
20170405,8.55,8.8612,8.44,8.52,346972,0
20170406,8.54,8.54,8.37,8.48,274066,0
20170407,8.45,8.52,8.39,8.44,224232,0
20170410,8.48,8.55,8.23,8.24,262161,0
20170411,8.23,8.23,7.6247,7.68,394127,0
20170412,7.66,7.72,7.465,7.51,184090,0
20170413,7.43,7.5499,7.35,7.5,141716,0
20170417,7.5,7.87,7.49,7.86,119725,0
20170418,7.9,8.24,7.8,8.15,165463,0
20170419,8.15,8.36,8.14,8.22,148887,0
20170420,8.24,8.47,8.15,8.31,96816,0
20170421,8.31,8.41,8.03,8.39,209171,0
20170424,8.5,8.5,8.31,8.36,129733,0
20170425,8.42,8.65,8.41,8.62,146001,0
20170426,8.61,9.34,8.56,9.23,241952,0
20170427,9.24,9.24,8.93,9,116339,0
20170428,9.01,9.14,8.92,9.05,94882,0
20170501,9.09,9.36,9.05,9.24,133584,0
20170502,9.21,9.75,9.21,9.49,182037,0
20170503,9.42,9.4735,9.12,9.2,132188,0
20170504,9.26,9.53,9,9.18,86777,0
20170505,9.19,9.35,9.05,9.27,86945,0
20170508,9.25,9.49,9.25,9.38,155254,0
20170509,9.36,9.64,9.06,9.16,189042,0
20170510,9.23,11.2356,9.2,10.67,1023040,0
20170511,10.6,10.662,10.19,10.43,350584,0
20170512,10.39,10.68,10.13,10.46,247620,0
20170515,10.48,10.65,10.4721,10.56,175277,0
20170516,10.5,10.6,10.36,10.53,153745,0
20170517,10.5,10.74,10.3,10.41,152538,0
20170518,10.36,10.49,10.26,10.35,140152,0
20170519,10.33,10.63,10.15,10.18,124808,0
20170522,10.16,10.42,10.12,10.35,113909,0
20170523,10.4,10.4,10.15,10.22,71604,0
20170524,10.21,10.37,10.11,10.31,77363,0
20170525,10.38,10.4,10.18,10.32,65744,0
20170526,10.33,10.44,10.26,10.43,90562,0
20170530,10.45,10.48,10.28,10.32,87593,0
20170531,10.35,10.54,10.1563,10.24,99123,0
20170601,10.16,10.69,10.16,10.57,153033,0
20170602,10.55,10.9525,10.55,10.91,263490,0
20170605,10.94,10.98,10.47,10.47,104066,0
20170606,10.35,10.5,10.2,10.25,141801,0
20170607,10.21,10.31,9.87,9.91,150530,0
20170608,9.88,10.3,9.86,10.05,98826,0
20170609,10.05,10.43,9.95,10.41,167469,0
20170612,10.37,10.6,10.3428,10.55,183810,0
20170613,10.59,10.91,10.5,10.71,110306,0
20170614,10.71,10.785,10.44,10.68,152239,0
20170615,10.55,10.68,10.45,10.52,114558,0
20170616,10.5,10.6805,10.42,10.45,411891,0
20170619,10.46,10.85,10.4555,10.77,129618,0
20170620,10.68,10.89,10.6,10.66,119464,0
20170621,10.72,10.89,10.7,10.78,183659,0
20170622,10.8,10.91,10.65,10.76,172010,0
20170623,10.75,10.88,10.66,10.87,740688,0
20170626,10.88,12.07,10.75,11.94,542015,0
20170627,12,12,11.01,11.04,173926,0
20170628,11.12,11.4,11.04,11.32,177563,0
20170629,11.4,11.4,10.77,11.09,130096,0
20170630,11.08,11.2,10.771,10.86,88630,0
20170703,10.94,11.13,10.76,11.1,71189,0
20170705,11.1,11.16,10.78,10.88,126338,0
20170706,10.8,10.81,10.61,10.74,103118,0
20170707,10.74,10.99,10.705,10.95,76038,0
20170710,10.87,10.95,10.54,10.71,106726,0
20170711,10.78,11.18,10.725,10.97,109979,0
20170712,11,11.18,10.76,11.01,91981,0
20170713,10.99,11.06,10.7428,11,96578,0
20170714,10.96,11.17,10.5,10.73,164519,0
20170717,10.72,10.91,10.63,10.85,78112,0
20170718,10.81,11.19,10.79,11.13,230525,0
20170719,11.15,11.25,10.47,10.71,306790,0
20170720,10.77,10.9,9.705,9.74,274983,0
20170721,9.89,10.01,9.57,9.69,199838,0
20170724,9.73,9.73,9.16,9.23,182482,0
20170725,9.16,9.42,8.93,8.93,169513,0
20170726,8.93,9,8.745,8.75,179582,0
20170727,8.76,8.88,8.36,8.52,166945,0
20170728,8.48,8.66,8.1,8.18,202653,0
20170731,8.22,8.222,8,8.07,258345,0
20170801,8.12,8.28,8,8.22,216199,0
