Date,Open,High,Low,Close,Volume,OpenInt
20110323,27.26,27.59,27.147,27.59,2796,0
20110324,28.238,28.238,27.442,27.763,3609,0
20110325,28.056,28.275,28.028,28.152,3043,0
20110328,28.085,28.085,27.886,27.886,315,0
20110329,28.066,28.283,28.066,28.283,207,0
20110330,28.511,28.511,28.425,28.425,1579,0
20110331,28.758,28.758,28.748,28.748,528,0
20110401,28.919,29.223,28.832,29.223,2372,0
20110404,29.145,29.155,29.117,29.155,1005,0
20110405,29.591,29.591,29.392,29.392,632,0
20110406,29.527,29.527,29.469,29.469,1055,0
20110407,29.489,29.489,29.278,29.278,1290,0
20110408,29.07,29.099,28.625,28.663,4183,0
20110411,28.596,28.596,28.104,28.104,1268,0
20110412,27.686,27.991,27.686,27.724,2741,0
20110413,27.552,27.552,27.552,27.552,1055,0
20110414,27.346,27.346,27.327,27.346,424,0
20110415,27.638,27.819,27.638,27.819,1180,0
20110418,27.215,27.432,27.215,27.432,2112,0
20110419,27.29,27.525,27.29,27.49,1085,0
20110420,28.198,28.198,28.019,28.019,528,0
20110427,28.645,28.823,28.332,28.823,2923,0
20110428,28.842,28.861,28.842,28.861,5066,0
20110502,29.052,29.052,28.683,28.683,3905,0
20110503,28.425,28.425,28.152,28.352,495,0
20110504,27.848,27.981,27.828,27.838,2454,0
20110505,27.562,27.61,27.562,27.61,528,0
20110506,28.171,28.171,28.152,28.152,739,0
20110509,27.886,28.152,27.886,28.152,1712,0
20110510,28.454,28.549,28.425,28.492,1816,0
20110516,27.542,27.724,27.542,27.724,793,0
20110517,27.525,27.562,27.404,27.562,922,0
20110523,27.07,27.147,27.07,27.147,1162,0
20110524,26.882,26.938,26.882,26.938,2372,0
20110525,26.938,27.337,26.938,27.337,373,0
20110527,27.738,27.738,27.728,27.728,633,0
20110531,28.315,28.372,28.105,28.363,1953,0
20110601,27.868,27.868,27.648,27.648,1381,0
20110602,27.619,27.619,27.6,27.6,262,0
20110603,27.355,27.355,26.948,27.022,581,0
20110606,26.672,26.672,26.672,26.672,424,0
20110608,26.495,26.495,26.495,26.495,373,0
20110609,26.885,26.885,26.885,26.885,528,0
20110610,26.645,26.645,26.478,26.478,1066,0
20110613,26.152,26.152,26.152,26.152,528,0
20110614,26.524,26.524,26.524,26.524,207,0
20110615,26.524,26.636,26.333,26.333,2086,0
20110617,26.448,26.618,26.448,26.448,423,0
20110620,26.534,26.534,26.534,26.534,289,0
20110621,27.245,27.254,27.227,27.254,921,0
20110623,26.683,26.683,26.683,26.683,103,0
20110624,27.236,27.236,27.236,27.236,103,0
20110628,27.623,27.623,27.623,27.623,372,0
20110629,28.099,28.099,28.089,28.089,535,0
20110701,28.688,28.876,28.688,28.866,3974,0
20110706,28.772,28.943,28.754,28.943,690,0
20110707,29.476,29.476,29.448,29.467,2211,0
20110708,28.934,28.934,28.934,28.934,172,0
20110711,28.659,28.659,28.591,28.591,207,0
20110713,28.707,28.707,28.707,28.707,2635,0
20110715,28.649,28.649,28.649,28.649,207,0
20110718,28.022,28.022,28.022,28.022,372,0
20110720,28.488,28.488,28.488,28.488,103,0
20110722,28.792,28.792,28.792,28.792,103,0
20110725,28.545,28.545,28.44,28.44,427,0
20110726,28.164,28.25,28.164,28.25,372,0
20110727,27.503,27.556,27.503,27.556,396,0
20110729,26.946,27.184,26.946,27.126,947,0
20110801,27.623,27.738,27.388,27.388,1446,0
20110802,26.917,27.658,26.577,26.577,3833,0
20110803,25.679,26.097,25.621,26.097,2109,0
20110804,25.631,25.631,24.807,24.834,1899,0
20110805,24.398,24.9,23.943,24.853,4000,0
20110808,23.904,24.047,22.663,22.663,9220,0
20110809,22.681,23.591,22.403,23.591,1725,0
20110810,23.299,23.347,22.916,23.318,3833,0
20110811,22.585,24.131,22.585,23.781,3938,0
20110816,24.18,24.275,24.104,24.104,947,0
20110817,24.427,24.607,24.039,24.151,71130,0
20110818,24.141,24.141,22.813,23.05,87732,0
20110819,22.168,22.795,22.103,22.367,22607,0
20110822,22.471,22.471,22.216,22.216,625,0
20110825,23.022,23.29,23.022,23.116,6174,0
20110826,22.983,23.609,22.538,23.561,11073,0
20110829,24.057,24.742,24.019,24.742,1053,0
20110830,24.985,24.985,24.918,24.918,725,0
20110831,25.227,25.295,24.843,24.843,7554,0
20110901,24.77,24.928,24.388,24.388,3031,0
20110902,23.574,23.574,23.574,23.574,1577,0
20110906,22.543,22.543,22.525,22.543,668,0
20110907,23.315,24.084,23.315,24.056,1178,0
20110908,24.283,24.283,23.722,23.722,1053,0
20110909,23.057,23.057,22.772,22.772,1792,0
20110913,23.287,23.287,23.219,23.219,235,0
20110914,23.21,23.229,23.19,23.229,738,0
20110916,24.065,24.13,24.065,24.103,640,0
20110919,23.627,23.627,23.627,23.627,207,0
20110920,23.76,23.809,23.123,23.123,422,0
20110921,22.867,22.923,22.145,22.211,2290,0
20110922,20.926,21.621,20.926,21.215,24020,0
20110923,21.318,21.318,21.318,21.318,320,0
20110926,21.467,22.059,21.439,22.059,1507,0
20110928,22.687,22.801,21.821,21.821,2831,0
20110929,21.851,22.136,21.725,22.136,62628,0
20111003,21.137,21.137,20.442,20.461,734,0
20111007,22.447,22.447,22.249,22.249,841,0
20111010,22.438,22.772,22.438,22.772,1470,0
20111011,23.009,23.009,23.009,23.009,304,0
20111013,23.391,23.391,22.923,23.21,6376,0
20111014,23.598,23.702,23.249,23.702,21060,0
20111017,23.171,23.171,22.913,22.98,3256,0
20111018,22.534,23.132,22.534,23.132,4000,0
20111019,22.829,22.829,22.697,22.697,1051,0
20111021,23.249,23.287,23.249,23.287,630,0
20111024,23.981,24.018,23.981,24.018,732,0
20111025,24.322,24.322,23.913,24.009,1263,0
20111026,24.028,24.028,23.114,23.51,29210,0
20111027,24.919,25.843,24.76,25.843,1999,0
20111028,25.748,25.938,25.748,25.833,841,0
20111031,25.312,25.312,24.964,24.964,3368,0
20111101,24.009,24.009,23.732,23.875,6941,0
20111102,24.265,24.265,24.037,24.037,4944,0
20111103,24.435,25.49,24.342,25.49,2526,0
20111104,25.083,25.285,25.034,25.285,2630,0
20111107,25.216,25.312,24.825,25.293,9573,0
20111109,24.704,24.723,24.313,24.313,841,0
20111110,24.255,24.255,24.255,24.255,526,0
20111114,24.674,24.674,24.674,24.674,526,0
20111115,24.491,24.966,24.435,24.966,1682,0
20111116,25.014,25.063,24.36,24.36,506,0
20111117,24.379,24.379,23.856,23.856,401,0
20111121,23.569,23.608,23.142,23.454,3575,0
20111125,21.841,22.059,21.841,21.897,1606,0
20111128,22.553,22.913,22.553,22.913,945,0
20111129,22.838,22.838,22.697,22.819,1999,0
20111130,24.355,24.355,24.355,24.355,207,0
20111201,24.52,24.713,24.52,24.52,538,0
20111205,25.043,25.16,24.862,24.862,630,0
20111206,24.751,24.853,24.751,24.853,207,0
20111208,24.214,24.262,24.214,24.262,474,0
20111209,24.471,24.471,24.471,24.471,123,0
20111214,23.348,23.487,23.348,23.487,868,0
20111216,23.66,23.765,23.66,23.765,485,0
20111219,23.717,23.737,23.441,23.441,490,0
20111220,23.918,24.624,23.918,24.489,1389,0
20111228,24.807,24.807,24.807,24.807,103,0
20111229,24.712,24.712,24.712,24.712,355,0
20120103,25.275,25.398,25.275,25.398,628,0
20120104,25.295,25.295,25.295,25.295,524,0
20120105,25.024,25.483,25.024,25.024,206,0
20120109,25.427,25.427,25.427,25.427,420,0
20120120,27.155,27.155,27.155,27.155,313,0
20120124,27.249,27.288,27.249,27.288,916,0
20120125,27.5,27.726,27.5,27.726,491,0
20120126,27.775,27.889,27.509,27.563,37054,0
20120127,27.384,27.611,27.384,27.611,1888,0
20120130,27.726,27.726,27.213,27.423,6199,0
20120131,27.777,27.806,27.517,27.517,10584,0
20120201,28.003,28.003,28.003,28.003,524,0
20120202,28.662,28.662,28.394,28.394,313,0
20120203,28.967,29.024,28.967,29.024,313,0
20120206,28.832,28.842,28.776,28.776,1636,0
20120207,28.758,28.758,28.634,28.758,2514,0
20120208,28.957,28.957,28.634,28.634,1024,0
20120209,28.682,28.682,28.682,28.682,337,0
20120210,27.955,27.955,27.908,27.908,452,0
20120213,28.263,28.319,28.263,28.28,2722,0
20120214,28.538,28.538,27.927,27.927,9213,0
20120216,28.47,28.47,28.348,28.412,966,0
20120217,28.452,28.452,28.452,28.452,1675,0
20120221,28.576,28.71,28.157,28.339,12116,0
20120222,28.319,28.319,28.167,28.167,476,0
20120223,28.299,28.432,27.688,28.403,8171,0
20120224,28.28,28.28,28.157,28.157,947,0
20120228,28.099,28.243,27.879,27.879,924,0
20120229,27.425,27.603,27.204,27.204,21043,0
20120302,26.84,26.84,26.83,26.83,8893,0
20120305,27.01,27.01,26.341,26.592,38868,0
20120306,26.066,26.191,25.99,25.999,1258,0
20120308,26.449,26.86,26.381,26.802,8206,0
20120309,26.869,27.376,26.869,27.376,28940,0
20120312,27.163,27.163,27.163,27.163,103,0
20120314,27.482,27.527,27.482,27.527,420,0
20120316,27.987,27.987,27.987,27.987,103,0
20120319,28.053,28.656,27.996,28.362,25553,0
20120320,27.91,27.968,27.748,27.958,1159,0
20120321,27.919,28.102,27.834,27.977,12139,0
20120323,27.718,27.806,27.718,27.777,1387,0
20120326,28.256,28.256,28.256,28.256,103,0
20120328,27.834,27.834,27.786,27.824,798,0
20120404,27.405,27.405,27.405,27.405,206,0
20120405,27.204,27.51,27.097,27.175,18239,0
20120409,26.926,26.926,26.898,26.898,627,0
20120413,26.954,26.983,26.954,26.983,313,0
20120416,26.954,26.954,26.811,26.811,898,0
20120424,26.811,26.811,26.811,26.811,110,0
20120426,27.67,27.67,27.194,27.194,213,0
20120427,27.502,27.502,27.502,27.502,149,0
20120430,27.415,27.575,27.415,27.453,13576,0
20120501,27.71,27.71,27.71,27.71,202,0
20120502,27.527,27.527,27.527,27.527,103,0
20120507,26.685,26.705,26.583,26.705,23253,0
20120510,26.61,26.61,26.61,26.61,9548,0
20120511,26.754,26.754,26.754,26.754,205,0
20120514,26.047,26.047,26.047,26.047,9010,0
20120515,26.171,26.219,26.171,26.219,2302,0
20120516,26.142,26.142,26.142,26.142,3635,0
20120521,25.167,25.196,25.167,25.196,1273,0
20120522,24.869,24.869,24.767,24.805,798,0
20120523,24.374,24.681,24.374,24.496,53249,0
20120524,24.908,24.908,24.908,24.908,103,0
20120525,25.196,25.196,25.196,25.196,206,0
20120531,24.777,24.777,24.749,24.758,2302,0
20120601,24.337,24.337,24.337,24.337,313,0
20120604,23.84,23.868,23.84,23.868,1673,0
20120605,24.345,24.403,24.337,24.403,1256,0
20120608,24.861,25.341,24.861,25.312,1361,0
20120611,25.865,25.865,25.042,25.042,1660,0
20120612,24.813,24.832,24.74,24.832,419,0
20120615,24.72,24.72,24.72,24.72,155,0
20120619,25.359,25.481,25.359,25.481,222,0
20120621,25.196,25.196,25.196,25.196,206,0
20120622,24.832,24.917,24.832,24.917,837,0
20120627,25.196,25.196,25.196,25.196,313,0
20120628,25.196,25.264,25.196,25.264,206,0
20120703,26.935,26.935,26.935,26.935,137,0
20120727,26.231,26.231,26.231,26.231,206,0
20120802,26.038,26.038,25.951,25.951,23649,0
20120806,27.087,27.194,27.087,27.194,533,0
20120810,26.938,26.938,26.938,26.938,482,0
20120817,27.506,27.641,27.506,27.641,543,0
20120822,27.873,27.939,27.613,27.882,47018,0
20120823,27.786,27.786,27.584,27.7,15484,0
20120824,27.447,27.454,27.447,27.454,523,0
20120828,27.622,27.622,27.395,27.395,1304,0
20120829,27.642,27.642,27.463,27.463,3137,0
20120831,27.136,27.136,27.032,27.136,419,0
20120906,27.853,28.532,27.748,28.406,47394,0
20120907,28.827,28.866,28.77,28.79,6278,0
20120910,28.971,29.058,28.971,29,4815,0
20120912,29.133,29.133,29.105,29.133,10775,0
20120913,29.24,29.24,29.24,29.24,2664,0
20120914,30.605,30.605,30.129,30.214,4461,0
20120917,29.47,29.612,29.363,29.538,56183,0
20120918,29.574,29.726,29.574,29.726,737,0
20120919,29.687,29.753,29.67,29.753,26154,0
20120920,29.277,29.441,29.277,29.441,837,0
20120921,29.688,29.688,29.622,29.622,313,0
20120925,29.887,29.897,29.143,29.211,40115,0
20120926,29.028,29.077,29.028,29.077,2253,0
20120927,29.048,29.202,28.827,29.202,1751,0
20121001,29.344,29.373,29.344,29.373,841,0
20121002,29.23,29.23,29.23,29.23,419,0
20121003,28.704,28.794,28.704,28.794,319,0
20121004,28.846,29.077,28.637,29.028,26365,0
20121010,27.156,28.676,27.156,28.502,27004,0
20121012,28.416,28.494,28.342,28.342,52520,0
20121016,29.028,29.028,29.028,29.028,103,0
20121017,29.441,29.441,29.441,29.441,104,0
20121023,28.474,28.474,28.474,28.474,419,0
20121024,28.474,28.761,28.369,28.735,1587,0
20121025,29.036,29.036,29.036,29.036,174,0
20121026,28.512,28.512,28.512,28.512,206,0
20121102,29.267,29.267,29.267,29.267,313,0
20121107,28.646,28.646,28.646,28.646,216,0
20121108,28.522,28.522,28.522,28.522,313,0
20121113,28.13,28.217,28.13,28.217,523,0
20121114,27.385,27.385,27.327,27.327,313,0
20121116,26.83,27.058,26.793,27.058,313,0
20121126,26.266,26.266,26.266,26.266,233,0
20121127,29.058,29.058,29.058,29.058,352,0
20121128,28.724,28.734,28.724,28.734,337,0
20121129,29.211,29.211,29.211,29.211,244,0
20121203,29.058,29.058,29.058,29.058,103,0
20121206,29.138,29.138,29.115,29.115,206,0
20121217,29.673,29.673,29.673,29.673,369,0
20121221,30.262,30.262,30.262,30.262,250,0
20121224,30.149,30.412,30.149,30.412,359,0
20121226,30.457,30.457,30.418,30.418,10978,0
20121228,30.339,30.339,30.339,30.339,311,0
20130102,31.958,31.958,31.958,31.958,155,0
20130103,31.957,31.957,31.957,31.957,368,0
20130104,32.267,32.4,32.267,32.39,1379,0
20130107,32.556,32.556,32.267,32.267,686,0
20130111,32.334,32.381,32.316,32.381,831,0
20130114,32.489,32.489,32.489,32.489,416,0
20130115,32.606,32.655,32.606,32.655,1245,0
20130116,32.702,32.702,32.324,32.324,416,0
20130122,33.433,33.55,33.433,33.55,243,0
20130123,33.54,33.54,33.367,33.367,311,0
20130124,33.52,33.52,33.52,33.52,416,0
20130125,33.472,33.599,33.303,33.599,1894,0
20130128,33.482,33.482,33.325,33.353,939,0
20130130,33.096,33.096,33.092,33.092,204,0
20130201,33.172,33.56,33.172,33.511,934,0
20130204,33.143,33.143,33.096,33.096,204,0
20130205,33.307,33.307,33.307,33.307,1554,0
20130211,33.357,33.357,33.287,33.357,204,0
20130212,33.633,33.633,33.633,33.633,370,0
20130213,33.675,33.675,33.671,33.671,662,0
20130215,33.944,33.944,33.944,33.944,155,0
20130219,34.212,34.212,33.984,33.984,475,0
20130220,33.317,33.317,32.616,32.616,2429,0
20130221,32.606,32.606,32.606,32.606,311,0
20130222,32.97,32.97,32.958,32.958,1682,0
20130225,33.472,33.472,32.874,32.874,204,0
20130227,32.855,32.855,32.816,32.816,2732,0
20130228,32.891,32.903,32.891,32.903,3376,0
20130301,32.97,32.97,32.97,32.97,204,0
20130306,33.749,33.749,33.749,33.749,204,0
20130307,34.281,34.281,33.875,33.875,2158,0
20130311,34.522,34.522,34.098,34.281,157231,0
20130312,34.463,34.522,34.263,34.328,2133,0
20130313,34.503,34.503,34.503,34.503,622,0
20130314,34.608,34.738,34.608,34.738,995,0
20130315,35.056,35.075,34.832,35.075,1685,0
20130318,34.938,34.938,34.794,34.832,2342,0
20130319,35.208,35.208,34.407,34.746,13457,0
20130320,34.928,34.928,34.928,34.928,311,0
20130321,34.784,34.852,34.736,34.736,17291,0
20130322,34.862,34.862,34.475,34.475,12736,0
20130326,34.379,34.563,34.379,34.563,548,0
20130327,34.1,34.127,34.1,34.127,958,0
20130328,31.734,34.301,31.734,34.301,621,0
20130401,33.423,35.314,33.423,33.676,2415,0
20130402,33.6,33.6,33.6,33.6,122,0
20130403,32.615,32.692,32.488,32.555,1741,0
20130404,32.728,32.728,32.585,32.728,754,0
20130405,32.805,32.805,32.787,32.787,311,0
20130408,32.97,32.97,32.97,32.97,139,0
20130409,32.97,33.213,32.97,33.213,1099,0
20130411,33.347,33.453,33.347,33.453,985,0
20130412,32.798,32.833,32.798,32.833,943,0
20130415,32.014,32.014,31.36,31.36,1141,0
20130416,32.034,32.034,32.024,32.034,518,0
20130422,31.601,31.984,31.601,31.984,204,0
20130424,33.287,33.357,33.287,33.357,204,0
20130426,32.971,32.971,32.971,32.971,365,0
20130429,32.99,32.99,32.99,32.99,621,0
20130502,33.04,33.04,33.04,33.04,326,0
20130503,33.939,33.939,33.939,33.939,301,0
20130506,33.644,33.644,33.554,33.554,291,0
20130508,34.223,34.223,34.223,34.223,291,0
20130509,34.252,34.349,34.139,34.349,1422,0
20130510,34.525,34.534,34.169,34.397,6122,0
20130513,34.301,34.301,34.119,34.119,591,0
20130514,33.77,34.451,33.77,34.277,2992,0
20130515,34.61,34.61,34.351,34.351,466,0
20130516,34.736,34.736,34.736,34.736,204,0
20130517,37.862,37.862,35.026,35.026,412,0
20130520,40.285,40.285,34.813,34.813,2048,0
20130521,35.328,35.333,35.328,35.333,830,0
20130522,35.237,35.711,34.678,34.803,1913,0
20130523,34.081,34.812,34.081,34.812,1977,0
20130524,34.832,34.832,34.832,34.832,311,0
20130528,35.596,35.606,35.47,35.47,933,0
20130529,35.373,35.373,35.093,35.093,418,0
20130530,35.451,35.451,35.451,35.451,127,0
20130531,35.452,35.452,35.036,35.036,1399,0
20130603,35.286,35.286,34.88,35.178,2064,0
20130604,35.827,35.827,34.784,34.784,1451,0
20130605,34.746,34.802,34.485,34.485,2148,0
20130606,34.764,34.764,34.764,34.764,102,0
20130607,35.026,35.036,34.89,34.9,840,0
20130610,36.155,36.155,34.852,35.392,4610,0
20130611,35.701,35.701,34.771,34.771,1192,0
20130612,34.832,34.832,34.829,34.829,726,0
20130613,34.822,34.907,34.822,34.852,1399,0
20130614,36.324,36.324,34.736,35.036,14393,0
20130617,36.241,36.241,35.084,35.112,2693,0
20130618,35.556,35.556,35.556,35.556,543,0
20130619,35.233,35.233,35.233,35.233,548,0
20130620,34.3,34.3,33.846,33.966,1431,0
20130621,34.023,34.173,34.023,34.117,1427,0
20130624,34.005,34.005,33.221,33.6,3204,0
20130625,33.173,33.628,33.173,33.628,424,0
20130626,33.59,33.76,33.483,33.76,1883,0
20130628,34.014,34.014,33.918,33.918,2588,0
20130701,34.692,34.692,34.275,34.488,705,0
20130702,34.343,34.343,34.132,34.132,673,0
20130703,34.345,34.345,34.345,34.345,112,0
20130705,34.4,36.577,34.4,34.583,1209,0
20130708,34.951,35.055,34.951,35.055,814,0
20130709,35.039,35.521,35.039,35.521,1600,0
20130710,35.668,35.772,35.619,35.772,673,0
20130711,36.71,36.71,35.947,35.975,3076,0
20130712,36.448,36.448,35.666,35.887,1404,0
20130715,36.352,36.448,35.966,35.968,8560,0
20130716,36.411,36.411,35.782,35.831,4846,0
20130717,35.744,36.189,35.744,36.006,2618,0
20130718,35.996,36.343,35.996,36.285,2874,0
20130719,36.7,36.7,36.121,36.265,3521,0
20130722,36.67,36.67,36.392,36.439,10758,0
20130723,36.914,36.914,36.517,36.596,3808,0
20130724,37.484,37.484,36.123,36.237,7877,0
20130725,36.914,36.914,36.247,36.468,2346,0
20130726,36.508,36.508,35.812,36.188,4876,0
20130729,36.914,36.914,35.754,35.927,2409,0
20130730,36.43,36.43,35.851,36.061,751,0
20130731,36.025,36.507,36.025,36.448,1646,0
20130801,36.61,36.61,36.43,36.583,2780,0
20130802,37.058,37.058,36.16,36.478,2830,0
20130805,36.807,36.807,36.377,36.547,5430,0
20130806,36.68,36.68,36.188,36.237,2620,0
20130807,35.928,36.036,35.927,35.996,1409,0
20130808,36.285,36.498,36.285,36.42,10966,0
20130809,36.372,36.7,36.303,36.334,4134,0
20130812,36.605,36.605,36.237,36.567,5817,0
20130813,36.67,36.67,36.402,36.48,1368,0
20130814,36.885,36.885,36.411,36.528,4863,0
20130815,38.064,38.064,35.831,35.966,3871,0
20130816,35.754,35.762,35.58,35.677,4080,0
20130819,36.577,36.577,35.512,35.55,2230,0
20130820,34.836,35.62,34.836,35.62,927,0
20130821,36.131,36.131,35.446,35.504,1942,0
20130822,35.802,37.688,35.802,36.043,3104,0
20130823,36.044,36.141,35.966,36.141,3183,0
20130826,36.67,36.67,36.16,36.401,2237,0
20130827,35.877,35.937,35.126,35.126,4015,0
20130828,35.029,35.049,35.029,35.049,219,0
20130829,35.175,35.579,35.175,35.436,937,0
20130830,35.396,35.396,34.922,34.922,1296,0
20130903,36.448,36.448,34.943,34.943,4309,0
20130904,35.284,35.45,35.284,35.44,2359,0
20130905,35.931,35.931,34.801,35.564,3106,0
20130906,35.56,35.791,35.56,35.736,3952,0
20130909,36.044,36.199,36.044,36.199,5030,0
20130910,36.614,36.67,36.538,36.538,4179,0
20130911,36.74,36.74,36.725,36.725,311,0
20130912,38.198,38.198,36.229,36.229,8596,0
20130913,36.528,36.528,36.528,36.528,102,0
20130916,37.484,37.484,36.847,36.962,1519,0
20130917,37.299,37.299,36.77,36.77,1550,0
20130918,36.77,37.299,36.719,37.298,4284,0
20130919,37.465,37.465,37.299,37.445,1733,0
20130920,37.199,37.49,37.199,37.291,3051,0
20130923,37.295,37.343,37.2,37.276,4306,0
20130924,37.199,37.199,37.073,37.073,931,0
20130925,37.5,37.694,37.441,37.461,84780,0
20130926,37.77,37.837,37.663,37.837,619,0
20130927,37.596,37.77,37.596,37.713,1240,0
20130930,37.684,38.1,36.725,37.867,4964,0
20131001,38.476,38.476,38.011,38.225,4755,0
20131002,38.234,38.234,38.07,38.1,1862,0
20131003,38.1,38.108,37.49,37.556,5583,0
20131004,37.723,37.971,37.645,37.857,2087,0
20131007,40.621,40.621,37.343,37.381,1447,0
20131008,38.001,38.001,36.774,36.929,2792,0
20131009,36.591,37.043,36.562,37.034,3930,0
20131010,37.276,37.723,37.276,37.713,3205,0
20131011,38.116,38.274,37.635,38.156,2687,0
20131014,40.08,40.08,37.723,38.34,5168,0
20131015,39.009,40.08,38.234,38.331,4237,0
20131016,38.331,38.563,38.331,38.35,2998,0
20131017,38.407,38.931,38.407,38.921,8843,0
20131018,40.525,40.525,39.257,39.326,15198,0
20131021,40.003,40.003,39.152,39.219,14890,0
20131022,39.655,39.655,39.375,39.561,4755,0
20131023,39.782,39.782,39.171,39.365,6617,0
20131024,39.83,40.206,39.571,39.917,13958,0
20131025,40.09,40.09,39.414,39.754,6203,0
20131028,39.983,39.983,39.695,39.8,5376,0
20131029,39.8,39.8,39.171,39.571,43115,0
20131030,39.365,39.849,39.009,39.009,5894,0
20131031,39.764,39.764,39.103,39.123,7541,0
20131101,39.345,39.345,38.621,38.98,11268,0
20131104,39.306,39.561,38.941,39.531,10547,0
20131105,39.056,39.277,38.931,39.113,4549,0
20131106,39.065,39.065,38.747,39.046,2252,0
20131107,38.775,40.641,37.971,38.108,5894,0
20131108,38.377,38.824,38.166,38.804,7961,0
20131111,39.152,39.152,38.602,38.766,5685,0
20131112,38.805,38.805,38.417,38.572,6617,0
20131113,38.186,38.688,38.186,38.688,3205,0
20131114,38.284,38.951,38.284,38.951,4343,0
20131115,39.238,39.238,38.768,38.951,4169,0
20131118,39.531,39.531,38.805,38.892,4033,0
20131119,39.094,39.094,38.688,38.727,5583,0
20131120,38.99,38.99,38.678,38.717,29880,0
20131121,38.736,39.267,38.736,39.267,1836,0
20131122,39.056,39.531,39.056,39.414,1654,0
20131125,39.462,39.645,39.375,39.385,10055,0
20131126,39.414,39.735,39.414,39.655,3516,0
20131127,39.975,40.042,39.735,40.041,5251,0
20131129,40.304,40.381,40.216,40.216,2620,0
20131202,40.216,40.216,39.452,39.452,8881,0
20131203,39.267,39.414,39.181,39.345,2068,0
20131204,39.512,39.705,39.038,39.433,2586,0
20131205,39.531,39.551,39.143,39.541,5168,0
20131206,39.571,40.079,39.571,39.887,8864,0
20131209,40.052,40.052,39.773,39.887,4033,0
20131210,39.849,39.849,39.472,39.581,2377,0
20131211,39.462,39.462,38.798,38.892,6642,0
20131212,38.795,39.171,38.795,39.123,9201,0
20131213,39.414,39.636,39.228,39.636,6514,0
20131216,40.003,40.013,39.395,39.946,3516,0
20131217,39.955,39.955,39.626,39.897,2274,0
20131218,41.104,41.104,39.665,40.305,7132,0
20131219,40.305,40.382,40.225,40.334,2349,0
20131220,40.144,40.948,40.144,40.948,3455,0
20131223,41.326,41.326,41.131,41.21,4025,0
20131224,41.326,41.714,41.211,41.637,7253,0
20131226,41.937,41.937,41.598,41.734,17230,0
20131227,41.656,41.917,41.543,41.917,4651,0
20131230,42.403,42.403,41.579,41.664,5766,0
20131231,41.975,41.975,41.674,41.82,7739,0
20140102,41.802,41.802,41.064,41.307,4648,0
20140103,41.325,41.471,41.292,41.471,5016,0
20140106,41.694,41.694,40.9,41.013,8712,0
20140107,41.278,41.278,41.111,41.131,4334,0
20140108,40.854,40.919,40.511,40.706,6501,0
20140109,40.617,40.677,40.341,40.676,9935,0
20140110,40.677,40.677,40.548,40.662,4531,0
20140113,40.844,40.844,40.22,40.22,3199,0
20140114,40.609,40.801,40.548,40.801,1167,0
20140115,41.027,41.092,41.018,41.018,1754,0
20140116,40.804,41.111,40.804,41.111,11246,0
20140117,40.938,41.171,40.657,40.667,21463,0
20140121,41.047,41.191,41.036,41.036,1180,0
20140122,41.287,41.441,41.071,41.297,7386,0
20140123,41.307,41.316,40.696,40.919,7841,0
20140124,40.706,41.027,39.738,39.901,9389,0
20140127,39.96,39.978,39.358,39.62,9803,0
20140128,39.515,40.163,39.515,40.163,3817,0
20140129,40.28,40.483,39.97,39.97,6037,0
20140130,40.329,40.755,40.22,40.755,3817,0
20140131,40.617,40.844,40.21,40.558,24247,0
20140203,40.784,40.784,39.388,39.398,10923,0
20140204,39.738,39.823,39.564,39.738,3019,0
20140205,39.495,39.62,39.011,39.59,7858,0
20140206,39.804,40.219,39.719,39.776,695,0
20140207,40.406,40.406,40.047,40.368,4305,0
20140210,40.368,40.609,40.254,40.597,3094,0
20140211,40.597,41.018,40.464,40.89,6966,0
20140212,40.882,41.027,40.882,41.027,881,0
20140213,40.882,41.792,40.882,41.498,9894,0
20140214,41.684,41.869,41.646,41.869,4320,0
20140218,42.004,42.219,41.82,42.024,201141,0
20140219,42.276,42.276,41.422,41.627,168793,0
20140220,41.297,41.945,41.131,41.945,91934,0
20140221,42.062,42.256,41.82,42.256,42669,0
20140224,42.141,42.266,41.927,41.994,63894,0
20140225,42.246,42.256,41.618,41.84,40659,0
20140226,42.062,42.644,41.927,42.364,14248,0
20140227,42.209,42.721,42.209,42.711,28963,0
20140228,42.878,43.593,42.634,42.789,19518,0
20140303,42.984,42.984,42.101,42.567,30490,0
20140304,42.654,43.613,42.654,43.499,23981,0
20140305,43.508,43.508,43.254,43.391,19357,0
20140306,43.553,44.058,43.553,43.944,11151,0
20140307,43.837,44.038,43.573,43.767,11496,0
20140310,43.798,43.798,43.324,43.401,10854,0
20140311,43.535,43.653,42.888,43.164,35827,0
20140312,43.136,43.138,42.665,43.138,11311,0
20140313,43.175,43.264,42.285,42.721,6962,0
20140314,42.51,42.838,42.51,42.77,4486,0
20140317,42.955,43.333,42.748,42.802,6289,0
20140318,43.102,43.663,43.102,43.643,33450,0
20140319,43.643,43.676,43.245,43.391,23508,0
20140320,43.354,43.623,43.354,43.458,7926,0
20140321,43.688,44.171,43.65,43.804,7951,0
20140324,43.912,44.035,42.885,43.191,11906,0
20140325,43.532,43.805,43.191,43.475,8264,0
20140326,43.436,43.814,42.515,42.658,32784,0
20140327,42.378,42.687,42.096,42.534,32421,0
20140328,42.6,43.124,42.515,42.707,6877,0
20140331,43.029,43.658,43.029,43.658,13118,0
20140401,44.133,44.454,43.873,44.436,17552,0
20140402,44.378,44.684,44.09,44.627,43194,0
20140403,44.785,44.785,44.24,44.519,9084,0
20140404,44.52,45.004,43.446,43.639,12540,0
20140407,43.725,43.725,42.515,42.864,21264,0
20140408,43.29,43.446,43.235,43.235,5842,0
20140409,43.416,44.016,43.161,43.961,38454,0
20140410,43.678,43.688,42.971,42.98,30123,0
20140411,42.401,42.898,42.354,42.493,37230,0
20140414,42.261,43.251,42.251,42.687,7697,0
20140415,42.677,43.114,42.156,43.048,56949,0
20140416,43.29,43.387,43.219,43.309,8921,0
20140417,43.106,43.755,43.098,43.649,26552,0
20140421,44.103,44.706,43.399,43.484,23877,0
20140422,43.698,43.873,43.495,43.769,5298,0
20140423,43.932,43.932,43.475,43.475,11680,0
20140424,42.884,43.903,42.884,43.27,8033,0
20140425,43.416,43.416,42.61,42.766,5972,0
20140428,42.942,42.942,41.759,42.214,69483,0
20140429,42.339,42.815,42.339,42.486,10438,0
20140430,42.554,42.944,42.456,42.824,2586,0
20140501,42.776,43.114,42.465,42.539,7906,0
20140502,42.834,43.114,42.552,42.928,14017,0
20140505,42.571,42.821,42.485,42.795,5332,0
20140506,42.63,42.932,42.081,42.222,7180,0
20140507,42.009,42.135,41.545,42.092,10234,0
20140508,42.205,42.641,41.779,41.845,18224,0
20140509,41.456,42.083,41.437,41.99,11960,0
20140512,42.388,43.435,42.388,43.221,11502,0
20140513,43.268,43.268,42.746,42.781,6968,0
20140514,42.6,42.65,42.232,42.232,4341,0
20140515,42.019,42.019,41.087,41.515,86961,0
20140516,41.709,41.922,41.466,41.922,10852,0
20140519,41.699,42.6,41.699,42.407,7447,0
20140520,42.591,42.591,41.436,41.66,8687,0
20140521,42.185,42.185,41.726,41.864,3397,0
20140522,42.106,42.271,42.1,42.224,17484,0
20140523,42.019,42.65,42.019,42.65,5416,0
20140527,42.776,43.29,42.776,43.068,2551,0
20140528,43.068,43.068,42.707,42.707,17295,0
20140529,42.95,43.047,42.687,43.019,18523,0
20140530,42.746,43,42.571,42.805,19604,0
20140602,42.972,42.98,42.453,42.824,5915,0
20140603,42.768,42.834,42.515,42.805,4284,0
20140604,42.591,42.992,42.543,42.98,70994,0
20140605,42.951,44.035,42.874,44.035,8469,0
20140606,44.133,44.608,44.133,44.583,22680,0
20140609,44.756,45.035,44.617,44.813,8940,0
20140610,44.794,44.794,44.298,44.676,9794,0
20140611,44.443,44.561,44.399,44.52,3164,0
20140612,44.617,44.617,43.498,43.639,9580,0
20140613,43.717,44.084,43.559,44.084,8846,0
20140616,43.97,44.52,43.951,43.951,7448,0
20140617,44.27,44.56,43.873,44.56,8907,0
20140618,44.557,44.762,44.162,44.726,34031,0
20140619,44.878,44.949,44.753,44.855,4472,0
20140620,44.984,45.051,44.757,44.941,3412,0
20140623,45.159,45.159,44.934,45.012,3748,0
20140624,44.886,45.022,44.379,44.379,2462,0
20140625,44.012,44.838,44.012,44.831,6913,0
20140626,44.405,44.524,44.293,44.486,2679,0
20140627,44.45,45.014,44.45,45.014,3903,0
20140630,45.022,45.255,44.809,45.21,9016,0
20140701,45.45,46.031,45.45,45.742,6627,0
20140702,45.654,45.829,45.516,45.535,4427,0
20140703,45.839,46.1,45.839,46.005,2046,0
20140707,45.22,45.331,45.071,45.071,2097,0
20140708,44.886,44.935,44.566,44.717,8514,0
20140709,45.051,45.051,44.752,44.945,2806,0
20140710,43.632,44.449,43.517,44.275,6576,0
20140711,44.053,44.117,43.864,44.117,3316,0
20140714,44.235,44.279,44.133,44.202,3479,0
20140715,44.425,44.425,43.789,44.077,4847,0
20140716,44.353,44.363,44.04,44.108,8563,0
20140717,43.888,44.118,43.669,43.809,5962,0
20140718,43.849,44.225,43.653,44.225,5062,0
20140721,43.898,44.157,43.535,43.918,4929,0
20140722,44.323,44.584,44.169,44.255,7860,0
20140723,44.313,44.847,44.313,44.516,6112,0
20140724,44.702,45.081,44.702,44.819,9304,0
20140725,44.692,44.81,44.637,44.648,2691,0
20140728,44.682,44.692,44.196,44.524,3235,0
20140729,44.594,44.825,44.594,44.781,2554,0
20140730,44.538,44.72,44.459,44.459,3934,0
20140731,43.711,43.711,43.287,43.387,6324,0
20140801,42.925,43.41,42.749,43.41,23077,0
20140804,43.702,44.373,43.352,44.284,20326,0
20140805,44.284,44.478,43.769,44.002,33138,0
20140806,44.449,44.653,44.308,44.484,4323,0
20140807,44.772,44.772,43.898,43.994,10349,0
20140808,44.04,44.487,43.984,44.392,9238,0
20140811,44.643,45.041,44.556,44.762,4169,0
20140812,44.546,44.612,44.216,44.261,3436,0
20140813,44.323,44.867,44.323,44.789,18930,0
20140814,44.732,44.925,44.633,44.78,4018,0
20140815,44.945,45.051,44.393,44.604,15206,0
20140818,45.157,45.266,45.008,45.182,6831,0
20140819,45.159,45.634,45.159,45.256,9735,0
20140820,45.217,45.217,44.762,45.121,3716,0
20140821,44.809,45.159,44.732,45.071,3256,0
20140822,45.071,45.304,44.847,45.304,3542,0
20140825,45.545,45.545,45.219,45.314,2609,0
20140826,45.707,46.052,45.707,45.957,8720,0
20140827,45.904,46.139,45.904,46.11,5517,0
20140828,45.937,46.11,45.712,46.042,5116,0
20140829,46.168,46.178,45.888,46.024,7151,0
20140902,46.568,46.568,46.188,46.53,3519,0
20140903,46.626,46.701,46.294,46.294,6552,0
20140904,46.654,46.78,46.13,46.13,2894,0
20140905,46.024,46.1,45.803,46.09,4580,0
20140908,46.004,46.004,45.614,45.764,5394,0
20140909,45.947,45.947,45.107,45.244,3507,0
20140910,45.256,45.314,45.063,45.314,6197,0
20140911,45.101,45.694,45.101,45.694,3623,0
20140912,45.585,45.585,45.061,45.266,1398,0
20140915,45.352,45.352,44.682,44.955,5503,0
20140916,44.838,45.382,44.838,45.314,2598,0
20140917,45.382,45.594,45.266,45.342,3468,0
20140918,45.839,45.839,45.304,45.304,4250,0
20140919,45.587,45.587,44.616,44.725,2115,0
20140922,44.452,44.452,44.055,44.09,4964,0
20140923,43.85,44.194,43.461,43.704,8304,0
20140924,43.546,44.002,43.531,43.929,6466,0
20140925,42.984,43.052,42.52,42.691,16741,0
20140926,42.254,43.032,42.208,42.828,6995,0
20140929,42.293,42.878,42.293,42.799,20317,0
20140930,42.624,42.878,42.159,42.179,30476,0
20141001,41.7,41.7,40.959,41.001,59666,0
20141002,41.126,41.126,40.212,41.03,12555,0
20141003,41.331,41.331,40.777,40.872,11677,0
20141006,40.709,40.932,40.326,40.457,5248,0
20141007,40.282,40.379,39.708,39.824,12126,0
20141008,39.553,40.277,38.793,40.202,34973,0
20141009,39.921,40.126,38.813,38.892,42721,0
20141010,38.89,38.89,37.996,38.006,82157,0
20141013,37.676,38.531,37.588,37.598,41530,0
20141014,37.706,38.734,37.635,37.946,89021,0
20141015,37.472,38.905,36.752,38.629,21297,0
20141016,37.726,39.303,37.726,39.204,15667,0
20141017,39.629,39.99,39.182,39.308,14069,0
20141020,39.648,40.042,39.521,40.042,14499,0
20141021,40.719,41.03,40.476,41.03,12134,0
20141022,41.141,41.331,40.385,40.418,8907,0
20141023,40.847,41.584,40.847,41.399,18089,0
20141024,41.112,41.584,41.112,41.526,7755,0
20141027,41.215,41.516,40.532,40.767,12038,0
20141028,41.059,42.079,41.059,42.059,14299,0
20141029,42.362,42.362,41.42,41.876,54506,0
20141030,41.886,42.012,41.506,41.967,3325,0
20141031,42.089,42.77,42.089,42.681,5304,0
20141103,42.681,42.965,42.369,42.505,5361,0
20141104,42.089,42.089,41.799,42.042,4768,0
20141105,42.006,42.244,41.847,41.931,2890,0
20141106,42.169,42.31,42.129,42.169,1817,0
20141107,42.119,42.614,40.998,42.566,1259,0
20141110,42.274,42.654,41.982,42.332,160162,0
20141111,40.941,42.499,40.941,42.449,352044,0
20141112,41.817,42.78,41.817,42.76,35329,0
20141113,42.711,42.711,42.021,42.142,16032,0
20141114,41.67,42.411,41.67,42.264,20536,0
20141117,41.952,42.332,41.934,41.972,8143,0
20141118,42.293,42.449,41.546,42.188,9355,0
20141119,41.72,41.769,41.176,41.447,5797,0
20141120,41.37,42.169,41.37,42.169,11041,0
20141121,42.76,42.955,41.942,42.139,7318,0
20141124,41.924,42.293,41.924,42.198,6438,0
20141125,42.293,42.459,42.149,42.208,4425,0
20141126,41.76,42.079,41.76,42.079,21875,0
20141128,41.126,41.952,40.932,40.932,1950,0
20141201,40.496,40.496,39.872,39.872,8307,0
20141202,39.911,40.62,39.911,40.145,8873,0
20141203,41.076,41.096,40.767,41.096,3421,0
20141204,40.66,41.087,40.523,41.087,4462,0
20141205,41.225,41.336,40.999,41.021,4488,0
20141208,41.001,41.03,40.331,40.331,4810,0
20141209,39.862,41.176,39.658,41.146,14267,0
20141210,41.156,41.156,40.097,40.097,3011,0
20141211,40.36,40.61,39.804,39.804,2762,0
20141212,38.9,39.396,38.9,39.239,10365,0
20141215,39.124,39.144,38.638,38.666,6048,0
20141216,38.181,39.298,38.181,38.91,6983,0
20141217,39.114,40.192,39.114,40.008,11769,0
20141218,40.399,40.699,40.222,40.699,2897,0
20141219,40.94,41.309,40.687,41.283,4354,0
20141222,40.937,41.39,40.891,40.984,3140,0
20141223,40.931,41.644,40.931,41.611,6011,0
20141224,41.528,41.631,41.528,41.577,827,0
20141226,40.96,41.88,40.96,41.83,7604,0
20141229,41.419,42.079,41.419,41.966,28232,0
20141230,42.084,42.212,41.946,41.946,2450,0
20141231,41.81,42.134,41.753,41.753,4106,0
20150102,41.723,41.763,41.049,41.616,3897,0
20150105,40.795,40.852,40.385,40.577,10087,0
20150106,40.657,40.657,39.669,39.847,3123,0
20150107,40.042,40.042,39.544,39.64,6647,0
20150108,39.934,40.492,39.934,40.482,5656,0
20150109,40.187,40.197,39.934,40.14,34622,0
20150112,39.574,39.833,39.456,39.827,6064,0
20150113,40.414,40.414,39.515,39.515,398,0
20150114,39.183,39.183,38.79,38.79,2074,0
20150115,39.103,39.564,38.566,38.566,1935,0
20150116,38.635,38.839,38.635,38.839,8538,0
20150120,38.611,38.636,38.526,38.635,4711,0
20150121,38.673,38.878,38.673,38.878,4111,0
20150122,38.8,39.279,38.8,39.279,2920,0
20150123,38.944,38.944,38.749,38.749,1303,0
20150126,38.566,39.181,38.546,39.181,4539,0
20150127,38.888,39.281,38.868,39.085,5687,0
20150128,39.308,39.308,38.415,38.415,2124,0
20150129,38.234,38.615,37.823,38.615,5499,0
20150130,38.39,38.478,37.939,37.939,6434,0
20150202,38.048,38.439,38.048,38.439,1680,0
20150203,39.65,39.65,39.65,39.65,241,0
20150204,39.308,39.308,39.308,39.308,351,0
20150205,39.77,39.894,39.77,39.894,750,0
20150206,39.963,40.129,39.914,40.052,3105,0
20150209,39.817,39.817,39.817,39.817,326,0
20150210,39.924,39.924,39.143,39.231,6108,0
20150211,39.279,39.495,39.279,39.495,1037,0
20150212,40.285,40.458,40.285,40.458,1657,0
20150213,40.667,41,40.297,40.929,3394,0
20150217,40.375,40.921,40.375,40.921,2332,0
20150218,40.627,40.765,40.568,40.726,2328,0
20150219,40.267,40.891,40.267,40.716,6371,0
20150220,40.336,40.667,40.336,40.667,1174,0
20150223,40.597,40.597,40.453,40.538,1005,0
20150224,40.716,40.756,40.716,40.756,698,0
20150225,40.657,40.765,40.617,40.627,5064,0
20150226,40.855,40.972,40.716,40.972,1745,0
20150227,40.743,40.743,40.538,40.538,1030,0
20150302,40.375,40.911,40.307,40.911,3581,0
20150303,40.548,40.647,40.548,40.558,819,0
20150304,40.197,40.277,40.197,40.277,2047,0
20150305,39.944,40.187,39.944,40.002,819,0
20150306,39.7,39.7,39.269,39.387,5628,0
20150309,39.71,39.807,39.631,39.72,1740,0
20150310,39.076,39.076,38.968,38.968,410,0
20150311,39.162,39.162,38.958,39.103,2660,0
20150312,39.554,39.827,39.554,39.827,4604,0
20150313,39.601,39.788,39.601,39.788,613,0
20150316,39.856,39.856,39.465,39.601,1022,0
20150317,39.485,39.611,39.377,39.611,819,0
20150318,39.387,40.002,39.387,39.954,3173,0
20150319,39.914,40.149,39.914,40.149,410,0
20150320,40.071,40.379,40.071,40.311,2008,0
20150323,40.497,40.662,40.448,40.448,1635,0
20150324,40.321,40.458,40.172,40.458,1431,0
20150325,40.36,40.36,40.084,40.181,1329,0
20150326,40.056,40.056,39.976,39.986,1225,0
20150327,40.134,40.134,39.859,39.859,715,0
20150330,40.379,40.642,40.379,40.642,10013,0
20150331,40.191,40.191,40.191,40.191,436,0
20150401,40.241,40.241,40.241,40.241,308,0
20150402,40.662,40.721,40.652,40.652,715,0
20150406,40.221,40.916,40.221,40.81,2044,0
20150407,40.83,40.84,40.712,40.712,2076,0
20150408,40.878,40.887,40.78,40.887,2554,0
20150410,40.87,40.995,40.87,40.995,2554,0
20150413,40.79,40.79,40.79,40.79,203,0
20150415,41.025,41.554,40.87,41.554,1488,0
20150416,41.573,41.573,41.348,41.348,1681,0
20150417,40.83,40.83,40.711,40.79,1635,0
20150420,41.015,41.072,41.015,41.072,715,0
20150421,41.221,41.221,40.514,40.514,893,0
20150422,40.487,40.533,40.487,40.533,1078,0
20150423,40.261,40.711,40.134,40.632,3473,0
20150424,40.477,40.83,40.477,40.731,2554,0
20150427,40.711,41.259,40.701,40.81,2145,0
20150428,40.887,41.152,40.887,41.055,1431,0
20150429,41.015,41.015,41.015,41.015,101,0
20150430,40.467,40.563,40.34,40.34,1020,0
20150501,40.553,40.711,40.553,40.711,5518,0
20150504,40.83,40.83,40.83,40.83,409,0
20150505,40.592,40.592,40.438,40.438,818,0
20150506,40.602,40.622,40.572,40.622,1620,0
20150507,40.514,40.77,40.506,40.77,824,0
20150508,41.102,41.112,40.887,40.887,1941,0
20150511,41.112,41.112,41.112,41.112,203,0
20150513,40.77,40.77,40.77,40.77,203,0
20150515,41.015,41.015,41.015,41.015,419,0
20150518,41.24,41.269,41.23,41.23,628,0
20150519,40.878,40.878,40.84,40.84,818,0
20150521,40.86,40.87,40.86,40.87,409,0
20150526,40.143,40.143,39.772,39.883,1818,0
20150527,39.918,39.918,39.85,39.859,919,0
20150528,40.075,40.075,40.075,40.075,371,0
20150529,40.114,40.114,39.918,39.918,308,0
20150601,39.859,40.261,39.859,40.261,721,0
20150602,39.733,40.824,39.733,40.824,819,0
20150604,40.612,40.642,40.311,40.321,715,0
20150605,40.016,40.084,40.016,40.084,308,0
20150608,40.321,40.321,40.124,40.124,203,0
20150610,40.592,40.652,39.703,40.515,1845,0
20150611,40.404,40.447,40.404,40.447,821,0
20150612,40.399,40.399,40.399,40.399,101,0
20150615,39.643,39.703,39.643,39.693,1635,0
20150616,40.172,40.251,40.172,40.221,818,0
20150617,40.075,40.181,40.075,40.181,1124,0
20150618,40.477,40.477,40.419,40.419,818,0
20150619,40.663,40.663,40.663,40.663,307,0
20150622,40.162,40.261,40.162,40.261,611,0
20150623,40.211,40.211,40.066,40.066,1301,0
20150626,40.124,40.124,40.124,40.124,307,0
20150629,39.82,39.82,38.887,38.887,1528,0
20150630,38.857,38.857,38.672,38.773,3438,0
20150701,38.819,38.819,38.701,38.701,611,0
20150706,37.808,37.808,37.808,37.808,408,0
20150707,37.122,37.593,37.122,37.593,611,0
20150708,37.298,37.298,36.669,36.669,510,0
20150709,36.907,36.907,36.729,36.739,510,0
20150710,37.151,37.151,37.151,37.151,307,0
20150713,37.603,37.74,37.603,37.701,611,0
20150714,37.925,37.985,37.925,37.985,569,0
20150715,37.524,37.524,37.524,37.524,1291,0
20150716,37.681,37.681,37.681,37.681,203,0
20150717,36.994,36.994,36.994,36.994,101,0
20150720,37.2,37.2,36.827,36.936,2242,0
20150721,37.151,37.259,36.798,36.798,2750,0
20150722,36.749,36.749,36.749,36.749,510,0
20150723,36.297,36.297,36.277,36.277,307,0
20150724,35.691,35.691,35.691,35.691,101,0
20150727,35.612,35.612,35.415,35.415,1631,0
20150728,35.884,35.884,35.884,35.884,510,0
20150730,35.856,35.894,35.856,35.894,611,0
20150731,35.884,36.239,35.884,36.239,203,0
20150803,36.19,36.19,35.75,35.894,1956,0
20150804,36.297,36.297,36.297,36.297,101,0
20150805,36.142,36.2,36.024,36.024,1222,0
20150807,35.513,35.513,35.188,35.188,611,0
20150810,35.866,36.034,35.866,36.024,1836,0
20150811,35.542,35.542,35.542,35.542,182,0
20150812,35.345,35.632,35.345,35.445,9378,0
20150813,35.345,35.345,35.169,35.169,917,0
20150814,35.455,35.484,35.395,35.484,713,0
20150817,35.257,35.642,35.257,35.642,408,0
20150818,35.395,35.395,35.188,35.297,1631,0
20150819,34.777,34.787,34.777,34.787,510,0
20150820,34.452,34.452,34.199,34.199,203,0
20150821,33.735,34.003,33.512,33.707,4384,0
20150824,31.531,33.344,31.431,32.698,1748,0
20150825,32.59,32.59,31.961,31.99,2344,0
20150826,31.932,32,31.814,31.981,1018,0
20150827,32.58,33.355,32.58,33.355,1733,0
20150828,33.443,33.726,33.443,33.726,3161,0
20150831,33.512,34.13,33.433,34.13,1427,0
20150901,33.345,33.384,32.874,33.041,11009,0
20150902,33.022,33.022,33.022,33.022,101,0
20150903,33.621,33.621,33.621,33.621,408,0
20150904,33.139,33.226,33.139,33.226,510,0
20150908,33.403,33.463,33.403,33.463,510,0
20150909,33.305,33.305,32.933,32.943,1836,0
20150910,32.928,32.928,32.928,32.928,172,0
20150911,32.285,32.285,32.285,32.285,203,0
20150914,32.295,32.295,32.07,32.07,2344,0
20150916,32.844,32.844,32.844,32.844,203,0
20150917,32.983,32.983,32.983,32.983,290,0
20150918,32.645,32.645,32.645,32.645,101,0
20150921,32.463,32.463,32.463,32.463,609,0
20150922,32.198,32.198,31.609,31.609,16265,0
20150923,31.589,31.589,31.589,31.589,202,0
20150924,30.82,31.41,30.82,31.41,1504,0
20150925,31.439,31.439,31.439,31.439,202,0
20150928,30.531,30.531,30.531,30.531,282,0
20150929,30.564,30.574,30.564,30.574,509,0
20150930,30.564,30.564,30.564,30.564,202,0
20151001,30.939,30.939,30.939,30.939,306,0
20151002,30.722,31.342,30.722,31.332,2542,0
20151005,32.14,32.69,32.14,32.69,1777,0
20151006,32.631,33.447,32.631,33.171,3457,0
20151007,33.74,33.74,33.645,33.645,202,0
20151008,34.233,34.42,34.233,34.42,407,0
20151009,34.764,35.168,34.764,35.11,1219,0
20151012,34.961,34.961,34.156,34.28,5303,0
20151016,34.312,34.312,33.989,33.989,609,0
20151019,34.026,34.036,33.79,33.79,5184,0
20151020,33.81,33.81,33.81,33.81,202,0
20151023,33.889,33.889,33.889,33.889,509,0
20151026,33.998,34.007,33.701,33.72,5287,0
20151027,33.19,33.19,32.787,32.816,814,0
20151028,33.72,33.998,33.328,33.328,1322,0
20151029,33.82,33.82,33.77,33.77,1015,0
20151030,33.74,34.036,33.74,33.929,7320,0
20151102,33.75,34.631,33.75,34.514,6284,0
20151103,34.392,34.392,34.392,34.392,2847,0
20151105,33.486,33.82,33.338,33.82,814,0
20151106,33.585,33.585,33.585,33.585,101,0
20151109,32.925,32.983,32.906,32.983,1033,0
20151110,32.708,32.708,32.522,32.522,711,0
20151111,32.522,32.522,32.522,32.522,101,0
20151113,31.429,32.08,31.429,31.656,509,0
20151116,31.882,31.882,31.637,31.852,1015,0
20151117,31.902,31.902,31.715,31.734,407,0
20151118,32.433,32.433,32.433,32.433,101,0
20151119,32.591,32.591,32.551,32.561,1015,0
20151120,32.67,32.67,32.473,32.473,509,0
20151123,32.483,32.551,32.483,32.551,509,0
20151124,32.513,32.945,32.513,32.945,609,0
20151125,33.005,33.279,33.005,33.279,509,0
20151127,33.199,33.199,33.199,33.199,306,0
20151130,33.437,33.447,33.437,33.447,407,0
20151201,33.516,33.516,33.279,33.338,1893,0
20151202,33.388,33.447,32.988,32.988,514,0
20151204,32.66,32.69,32.66,32.69,306,0
20151207,31.922,32.06,31.922,32.06,915,0
20151208,31.551,31.551,31.551,31.551,1015,0
20151210,31.214,31.214,31.214,31.214,509,0
20151211,30.633,30.741,30.633,30.741,711,0
20151214,30.34,30.34,30.249,30.255,14843,0
20151216,30.81,31.41,30.81,31.332,3152,0
20151218,30.54,30.602,30.521,30.602,1567,0
20151221,30.589,30.658,30.351,30.49,1617,0
20151222,30.846,30.993,30.846,30.993,566,0
20151223,31.331,31.716,31.331,31.716,707,0
20151224,31.943,32.113,31.943,32.113,546,0
20151228,30.411,31.489,30.411,31.489,3993,0
20151229,31.686,31.686,31.686,31.686,1126,0
20151230,31.676,31.676,31.343,31.38,1123,0
20151231,31.073,31.103,30.956,30.975,1568,0
20160104,30.608,30.608,29.767,30.243,12789,0
20160105,30.193,30.193,30.193,30.193,137,0
20160106,29.708,29.708,29.422,29.422,521,0
20160108,28.358,28.358,28.186,28.186,566,0
20160111,27.495,27.495,26.989,26.989,721,0
20160113,26.336,27.097,26.287,26.307,1147,0
20160114,26.247,27.132,26.247,27.018,3924,0
20160115,26.109,26.475,26.048,26.475,631,0
20160119,26.307,26.307,25.753,25.753,1113,0
20160120,25.179,25.98,25.179,25.971,1103,0
20160121,26.044,26.109,25.84,26.057,1552,0
20160122,26.564,26.564,26.14,26.171,890,0
20160125,26.199,26.199,25.135,25.14,1315,0
20160126,25.963,25.963,25.792,25.861,606,0
20160127,25.832,25.884,25.832,25.884,503,0
20160128,25.831,26.119,25.831,26.119,4149,0
20160129,26.772,27.295,26.772,27.295,473,0
20160201,27.167,27.207,27.106,27.207,707,0
20160202,26.92,26.92,26.92,26.92,100,0
20160203,26.465,26.465,26.465,26.465,264,0
20160204,27.217,27.904,27.217,27.495,13065,0
20160205,27.367,27.367,27.335,27.335,222,0
20160208,27.087,27.087,26.821,26.821,314,0
20160209,26.702,26.949,26.702,26.949,201,0
20160210,26.92,27.048,26.92,27.048,367,0
20160211,26.209,26.209,25.901,25.901,2057,0
20160212,26.553,26.802,26.553,26.802,242,0
20160217,27.485,27.485,27.485,27.485,304,0
20160222,27.409,27.409,27.409,27.409,707,0
20160223,26.722,26.949,26.722,26.949,1031,0
20160224,26.465,27.207,26.465,27.207,674,0
20160226,27.691,27.691,27.671,27.671,451,0
20160302,28.146,29.093,28.146,29.093,1952,0
20160303,29.599,29.599,29.599,29.599,235,0
20160304,29.956,30.441,29.947,30.441,1476,0
20160307,30.036,30.036,30.036,30.036,176,0
20160308,30.203,30.203,30.203,30.203,100,0
20160310,29.595,29.595,29.595,29.595,100,0
20160311,29.936,30.224,29.936,30.224,1144,0
20160314,30.599,30.599,30.138,30.138,2239,0
20160316,30.006,30.056,30.006,30.056,350,0
20160317,30.446,30.446,30.446,30.446,485,0
20160318,31.215,31.558,31.215,31.543,2512,0
20160321,31.471,31.471,31.348,31.446,3955,0
20160322,31.315,31.346,31.315,31.346,304,0
20160324,30.915,30.915,30.915,30.915,313,0
20160328,30.562,31.04,30.562,31.04,3604,0
20160331,31.879,31.879,31.879,31.879,105,0
20160404,32.246,32.246,31.74,31.74,3407,0
20160406,31.505,31.505,31.505,31.505,100,0
20160408,31.583,31.613,31.342,31.342,2013,0
20160411,31.901,31.901,31.901,31.901,137,0
20160412,32.305,32.305,32.274,32.274,1475,0
20160413,33.038,33.038,33.038,33.038,236,0
20160414,33.063,33.063,32.742,32.742,706,0
20160418,33.731,34.049,33.731,33.841,1211,0
20160419,34.584,34.684,34.297,34.684,2851,0
20160420,34.614,34.833,34.614,34.833,1076,0
20160421,34.911,35.169,34.664,34.664,4015,0
20160422,35.085,35.085,34.763,34.763,5744,0
20160425,34.733,34.733,34.137,34.287,9352,0
20160426,34.594,34.594,34.594,34.594,343,0
20160427,35.238,35.238,35.094,35.094,429,0
20160428,35.626,37.001,35.626,35.792,785,0
20160429,34.912,35.16,34.911,35.001,13045,0
20160502,34.865,35.099,34.865,35.099,724,0
20160503,35.437,35.437,34.287,34.584,8171,0
20160504,34.743,34.743,34.387,34.495,626,0
20160505,34.684,34.684,34.159,34.159,15261,0
20160506,34.518,34.662,34.438,34.614,2425,0
20160509,34.307,34.337,33.415,33.415,5112,0
20160510,33.741,34.139,33.741,34.139,2302,0
20160511,33.102,34.535,33.102,34.357,1496,0
20160512,34.276,34.276,33.789,33.789,1469,0
20160516,33.386,34.287,33.386,34.069,783,0
20160517,33.841,34.139,33.841,34.09,1018,0
20160518,33.515,33.781,32.069,33.294,2092,0
20160523,33.346,33.346,33.293,33.293,323,0
20160525,34.258,34.287,34.019,34.278,2537,0
20160526,34.021,34.021,34.021,34.021,162,0
20160527,34.278,34.278,33.905,33.981,944,0
20160531,33.991,34.169,33.882,33.882,751,0
20160601,33.841,34.222,33.841,34.222,201,0
20160602,34.119,34.348,34.119,34.348,318,0
20160603,34.427,34.684,34.427,34.684,234,0
20160606,34.931,35.457,34.931,35.457,3079,0
20160607,35.424,35.779,35.424,35.779,2316,0
20160608,36.24,36.24,36.235,36.235,346,0
20160610,35.51,35.802,35.37,35.37,15688,0
20160613,35.426,35.426,35.063,35.063,217,0
20160614,34.397,34.397,34.397,34.397,185,0
20160615,35.032,35.14,35.032,35.14,972,0
20160616,34.372,34.372,34.218,34.218,361,0
20160620,35.608,35.717,35.608,35.717,407,0
20160621,35.319,35.319,35.064,35.064,403,0
20160622,35.139,35.139,34.993,34.993,433,0
20160623,35.313,35.313,35.313,35.313,574,0
20160624,34.853,34.853,34.143,34.143,522,0
20160627,32.717,32.717,32.618,32.618,204,0
20160628,33.053,33.053,32.912,32.912,283,0
20160629,33.642,33.917,33.641,33.641,538,0
20160630,34.264,34.584,34.264,34.584,1442,0
20160701,36.283,36.283,34.942,34.942,1385,0
20160705,34.962,34.962,34.13,34.324,6065,0
20160707,34.763,34.763,34.068,34.247,834,0
20160708,35.606,35.606,35.548,35.548,480,0
20160711,36.134,36.263,36.134,36.263,702,0
20160712,36.809,37.415,36.809,37.282,8892,0
20160713,36.819,37.445,36.819,37.246,1220,0
20160714,37.679,37.871,37.64,37.754,5410,0
20160715,38.16,38.16,37.803,37.951,677,0
20160718,37.714,38.319,37.714,38.319,302,0
20160719,37.335,37.781,37.335,37.659,1867,0
20160720,37.534,37.624,37.404,37.404,41494,0
20160721,37.753,37.753,37.419,37.419,630,0
20160722,37.515,37.515,37.088,37.463,5816,0
20160725,37.217,37.217,36.946,36.988,825,0
20160726,36.879,37.465,36.879,37.434,11339,0
20160727,37.841,38.359,37.841,38.111,1892,0
20160728,37.951,37.951,37.951,37.951,201,0
20160729,37.901,37.995,37.899,37.971,3614,0
20160801,38.071,38.071,37.631,37.84,1260,0
20160803,36.929,37.654,36.929,37.654,678,0
20160804,38.001,38.296,38.001,38.296,262,0
20160805,38.29,38.537,38.26,38.26,2504,0
20160808,38.369,38.374,38.196,38.374,714,0
20160809,38.339,38.567,38.199,38.199,2613,0
20160810,38.605,38.605,38.605,38.605,159,0
20160811,38.577,38.577,38.577,38.577,100,0
20160812,39.173,39.173,37.822,37.951,4069,0
20160815,38.537,38.736,38.537,38.736,809,0
20160816,38.687,38.697,38.544,38.547,2114,0
20160817,38.319,38.408,38.31,38.31,1435,0
20160818,38.449,38.497,38.449,38.497,494,0
20160819,38.27,38.27,38.215,38.225,353,0
20160822,37.921,38.417,37.921,38.417,8746,0
20160823,38.786,38.811,38.736,38.736,433,0
20160824,38.865,38.865,38.244,38.244,655,0
20160825,38.687,38.825,38.637,38.637,647,0
20160826,39.128,39.128,38.726,38.766,1184,0
20160829,39.164,39.299,39.114,39.299,844,0
20160830,39.67,39.67,39.371,39.371,1180,0
20160831,38.683,38.786,38.661,38.776,1047,0
20160901,38.633,38.905,38.633,38.905,751,0
20160902,39.276,39.421,39.233,39.421,1529,0
20160906,39.59,39.59,39.286,39.452,4242,0
20160907,39.233,39.603,39.233,39.603,1476,0
20160908,39.461,39.581,39.243,39.441,780,0
20160909,38.517,38.517,37.937,37.937,952,0
20160913,37.157,37.157,37.098,37.103,504,0
20160914,37.512,37.512,37.512,37.512,372,0
20160915,37.734,37.905,37.734,37.803,613,0
20160916,38.325,38.325,37.917,37.937,3455,0
20160919,38.644,38.644,38.644,38.644,100,0
20160920,38.484,38.484,38.484,38.484,287,0
20160921,39.071,39.071,39.071,39.071,302,0
20160922,39.369,39.416,39.29,39.29,691,0
20160923,39.588,39.598,39.399,39.441,2740,0
20160926,39.738,39.738,39.051,39.051,4805,0
20160927,38.801,38.801,38.801,38.801,158,0
20160928,39.946,39.956,39.896,39.896,883,0
20160929,39.921,40.027,39.579,39.838,5857,0
20160930,40.345,40.345,39.808,40.195,2282,0
20161003,40.036,40.195,39.748,39.788,3264,0
20161004,39.788,39.788,39.281,39.281,1539,0
20161005,39.688,39.688,39.688,39.688,201,0
20161006,39.638,39.986,39.496,39.956,8390,0
20161007,39.714,39.714,39.714,39.714,159,0
20161010,39.688,39.814,39.688,39.738,1695,0
20161011,39.996,39.996,39.071,39.071,4902,0
20161012,39.361,39.361,39.361,39.361,177,0
20161013,38.694,38.752,38.684,38.743,1461,0
20161017,39.152,39.152,39.152,39.152,319,0
20161018,39.131,39.459,39.131,39.459,999,0
20161020,39.848,39.848,39.848,39.848,100,0
20161021,39.211,39.678,39.211,39.606,1266,0
20161024,39.401,39.401,39.401,39.401,490,0
20161025,40.325,40.325,39.246,39.246,3361,0
20161026,39.091,39.091,38.818,38.818,602,0
20161027,38.58,38.58,38.483,38.529,945,0
20161028,38.355,39.001,37.639,38.484,12548,0
20161031,38.454,38.684,38.315,38.57,17656,0
20161101,38.366,38.444,37.789,38.032,18114,0
20161102,38.149,38.216,37.671,37.739,35885,0
20161103,37.649,38.246,37.649,37.98,10332,0
20161104,38.077,38.922,38.077,38.464,7908,0
20161107,39.251,39.581,39.061,39.221,7220,0
20161108,39.191,39.867,39.131,39.688,12182,0
20161109,39.748,41.628,39.748,41.598,31010,0
20161110,42.602,45.636,42.025,42.891,34822,0
20161111,44.761,44.761,42.384,43.975,29712,0
20161114,44.214,44.851,44.054,44.851,267232,0
20161115,45.716,45.716,44.009,45.029,130292,0
20161116,45.079,45.079,44.522,44.91,41266,0
20161117,45.191,45.417,44.93,45.019,21490,0
20161118,45.059,45.258,44.91,45.248,21159,0
20161121,45.736,45.736,45.344,45.716,164992,0
20161122,46.213,46.887,46.165,46.74,196068,0
20161123,47.297,47.297,46.422,47.108,14626,0
20161125,47.218,47.32,46.92,47.078,9044,0
20161128,47.049,47.049,46.293,46.293,79865,0
20161129,46.472,46.919,45.885,46.591,22071,0
20161130,47.735,47.735,46.641,46.969,19382,0
20161201,47.705,47.705,46.775,46.9,102931,0
20161202,48.232,48.232,46.91,47.218,68949,0
20161205,48.392,48.406,47.951,48.406,82272,0
20161206,49.376,49.376,47.755,48.849,78816,0
20161207,49.694,49.694,48.709,49.287,78697,0
20161208,49.734,50.063,49.416,50.037,32827,0
20161209,50.898,50.898,49.554,49.824,29181,0
20161212,51.038,51.048,49.038,49.041,26519,0
20161213,49.834,49.834,48.591,49.068,34755,0
20161214,49.486,49.486,48.61,48.719,41922,0
20161215,48.421,49.536,48.282,49.336,30603,0
20161216,50.013,50.013,48.735,48.779,19653,0
20161219,48.665,49.017,48.589,48.825,17968,0
20161220,50.152,50.169,49.085,49.404,162766,0
20161221,49.504,49.564,48.94,48.94,13636,0
20161222,48.745,48.762,48.071,48.176,8973,0
20161223,48.114,48.614,48.097,48.533,11753,0
20161227,51.011,51.011,48.655,48.835,21887,0
20161228,48.905,49.06,48.037,48.087,15574,0
20161229,48.526,48.526,47.737,47.934,10214,0
20161230,47.777,48.017,47.637,47.637,9199,0
20170103,49.633,49.633,47.428,47.877,70934,0
20170104,48.356,49.184,48.029,49.115,87338,0
20170105,49.554,49.554,48.276,48.466,67078,0
20170106,48.116,48.306,47.787,47.787,11384,0
20170109,47.757,47.757,47.235,47.273,13135,0
20170110,47.238,48.027,47.238,48.027,21600,0
20170111,48.216,48.271,47.931,48.246,13993,0
20170112,48.256,49.327,46.755,47.308,19216,0
20170113,47.548,47.787,47.193,47.627,15061,0
20170117,47.767,47.767,46.789,46.899,30625,0
20170118,46.892,47.418,46.848,47.418,17555,0
20170119,47.429,47.448,46.482,46.575,21348,0
20170120,47.098,47.118,46.769,47.009,9313,0
20170123,46.599,47.318,46.599,47.318,13752,0
20170124,47.228,48.336,47.228,48.116,54010,0
20170125,49.105,49.494,48.096,48.576,76287,0
20170126,49.324,49.324,47.944,48.126,40755,0
20170127,48.286,48.286,47.907,48.166,25889,0
20170130,47.907,47.937,46.909,47.428,29012,0
20170131,47.029,47.398,46.729,47.368,97206,0
20170201,47.198,47.697,47.198,47.498,20679,0
20170202,47.168,47.647,46.99,47.128,10528,0
20170203,47.058,47.637,46.98,47.637,9435,0
20170206,47.607,47.607,46.979,47.368,7247,0
20170207,47.078,47.57,46.859,47.058,17525,0
20170208,47.058,47.058,46.413,46.879,34959,0
20170209,46.669,47.434,46.669,47.418,32131,0
20170210,47.418,47.832,47.29,47.737,7541,0
20170213,47.867,48.187,47.857,48.106,30534,0
20170214,48.146,48.146,47.158,47.827,304833,0
20170215,47.438,48.226,47.438,48.136,26072,0
20170216,48.116,48.116,47.508,47.927,10890,0
20170217,47.637,47.85,47.478,47.637,8057,0
20170221,47.498,48.305,47.498,48.216,328606,0
20170222,48.276,48.345,47.637,47.757,213606,0
20170223,47.877,47.877,46.575,46.679,13414,0
20170224,46.31,47.184,46.3,46.46,7990,0
20170227,47.071,47.198,46.819,46.819,6032,0
20170228,46.959,47.18,46.58,46.843,8431,0
20170301,47.398,48.566,47.388,48.406,20761,0
20170302,48.099,48.145,47.607,47.607,6289,0
20170303,47.488,47.827,47.378,47.737,57416,0
20170306,47.348,47.348,46.88,46.909,6264,0
20170307,46.74,46.909,46.33,46.34,16978,0
20170308,46.969,46.969,45.978,46.001,32967,0
20170309,46.06,46.24,45.382,45.492,10955,0
20170310,45.867,45.867,45.611,45.801,3500,0
20170313,45.911,46.31,45.911,46.13,18836,0
20170314,45.861,46.08,45.616,46.001,13145,0
20170315,46.12,47.11,46.12,47.058,25265,0
20170316,47.228,47.228,46.899,46.999,4644,0
20170317,47.188,47.46,47.188,47.316,5201,0
20170320,47.149,47.366,47.14,47.28,6787,0
20170321,47.568,47.568,45.901,45.901,8569,0
20170322,46.11,46.11,45.641,45.921,10874,0
20170323,45.961,46.518,45.961,46.36,3637,0
20170324,46.323,46.323,45.497,45.621,2187,0
20170327,45.292,45.772,44.703,45.71,6649,0
20170328,45.81,46.2,45.81,46.11,7810,0
20170329,46.178,46.24,46.03,46.03,977,0
20170330,46.49,46.614,46.39,46.614,2955,0
20170331,46.37,46.895,46.37,46.864,2932,0
20170403,46.759,46.759,45.683,45.841,5653,0
20170404,45.521,46.011,45.521,46.011,3030,0
20170405,46.37,47.028,45.56,45.56,9182,0
20170406,45.7,46.172,45.45,46.172,7052,0
20170407,45.841,46.465,45.841,46.31,3733,0
20170410,46.09,46.461,45.943,46.281,10356,0
20170411,46.31,46.839,46.21,46.749,3125,0
20170412,46.549,46.549,45.531,45.551,5686,0
20170413,45.666,45.666,44.753,44.753,10062,0
20170417,45.142,45.142,44.653,45.032,42787,0
20170418,45.112,45.358,44.918,45.172,4775,0
20170419,45.571,45.571,45.143,45.172,3679,0
20170420,45.721,46.35,45.721,46.34,3256,0
20170421,46.044,46.353,45.835,46.1,3462,0
20170424,46.789,47.009,46.75,46.929,5937,0
20170425,47.388,47.783,47.388,47.498,16192,0
20170426,47.525,48.256,47.455,48.256,3880,0
20170427,47.827,47.827,47.38,47.38,2328,0
20170428,47.584,47.584,47.029,47.138,4061,0
20170501,47.188,47.225,46.877,46.954,3279,0
20170502,46.726,46.726,46.33,46.45,3001,0
20170503,46.24,46.263,45.661,45.761,11255,0
20170504,45.961,45.961,45.102,45.272,7441,0
20170505,45.703,45.731,45.497,45.691,4872,0
20170508,45.781,45.781,45.34,45.362,3243,0
20170509,45.598,45.598,45.152,45.262,4906,0
20170510,45.527,45.627,45.372,45.627,3385,0
20170511,45.194,45.512,45.108,45.42,2811,0
20170512,45.142,45.214,45.002,45.022,21791,0
20170515,45.332,45.711,45.332,45.5,3043,0
20170516,45.416,45.462,45.272,45.396,3568,0
20170517,44.763,44.763,44.34,44.344,13731,0
20170518,43.915,44.264,43.853,44.014,3666,0
20170519,44.014,44.873,44.014,44.593,6692,0
20170522,44.683,45.182,44.513,44.683,13474,0
20170523,44.663,45.502,44.594,45.322,4405,0
20170524,45.571,45.609,45.027,45.242,7678,0
20170525,45.693,45.693,45.112,45.29,4130,0
20170526,45.079,45.37,45.042,45.352,1622,0
20170530,45.233,45.516,45.233,45.402,4305,0
20170531,44.477,45.162,44.477,45.162,6072,0
20170601,45.172,45.591,45.009,45.591,2499,0
20170602,45.761,46.435,45.761,46.011,2433,0
20170605,45.871,46.12,45.651,45.651,3265,0
20170606,45.352,45.832,45.316,45.751,5500,0
20170607,45.681,45.89,45.418,45.666,13861,0
20170608,45.781,46.614,45.588,46.511,2858,0
20170609,47.118,47.527,47.118,47.298,16960,0
20170612,47.657,48.017,46.889,46.909,19325,0
20170613,46.84,47.393,46.84,47.198,16766,0
20170614,46.999,47.096,46.375,46.54,4761,0
20170615,46.08,46.467,45.997,46.06,2357,0
20170616,46.21,46.21,45.69,46.04,9036,0
20170619,46.3547,46.3547,46.1137,46.1903,1236,0
20170620,45.6657,45.83,45.61,45.821,7624,0
20170621,45.8523,46.08,45.19,45.19,4913,0
20170622,45.32,45.57,45.25,45.45,3534,0
20170623,45.56,46.21,45.56,46.11,5138,0
20170626,46.1,46.27,45.65,45.98,4918,0
20170627,45.92,46.0112,45.77,45.876,4103,0
20170628,46.32,46.92,46.253,46.815,4052,0
20170629,47.02,47.02,46.211,46.55,2168,0
20170630,46.44,46.6783,46.44,46.6236,5686,0
20170703,47.145,47.145,47.09,47.11,873,0
20170705,46.93,46.93,46.64,46.73,2460,0
20170706,46.31,46.6999,46.09,46.19,5500,0
20170707,46,46.53,46,46.53,4554,0
20170710,46.3,46.9089,46.3,46.69,4217,0
20170711,46.36,46.7,46.26,46.68,2185,0
20170712,46.6,47.32,46.6,47.04,3334,0
20170713,46.77,47.33,46.77,47.33,16061,0
20170714,47.1,47.5537,47.1,47.45,5127,0
20170717,47.17,47.8452,47.17,47.64,10286,0
20170718,47.35,47.509,47.19,47.39,7320,0
20170719,47.62,47.98,47.555,47.94,29713,0
20170720,47.4801,47.7486,47.4801,47.611,1393,0
20170721,47.5463,47.5463,47.21,47.32,1918,0
20170724,47.146,47.153,47,47.1386,3080,0
20170725,47.64,47.9244,47.64,47.9244,1820,0
20170726,47.5362,47.5362,47.06,47.1089,1870,0
20170727,47.2,47.2,46.8995,46.917,1064,0
20170728,46.7544,46.7544,46.31,46.3862,4559,0
20170731,46.42,46.4984,46.42,46.4688,1844,0
20170801,46.3343,46.4846,46.3343,46.46,7031,0
