Date,Open,High,Low,Close,Volume,OpenInt
20071218,13,13,13,13,0,0
20071219,17.25,22.18,16.86,21.41,5378630,0
20071220,21,22.14,19.81,19.85,322576,0
20071221,20,20,18.41,19,223536,0
20071224,19.1,20.85,18.55,19.34,72490,0
20071226,22.46,22.46,20.01,20.48,383922,0
20071227,20.99,20.99,19.9,20,74387,0
20071228,20.17,20.17,19.29,19.65,158317,0
20071231,19.72,19.99,18.48,18.82,90910,0
20080102,18.62,20,18.51,20,91554,0
20080103,20,20.51,19.5,19.9,257644,0
20080104,19.9,19.9,18.63,19.5,252022,0
20080107,19.17,19.5,17.02,17.27,389868,0
20080108,17.3,18.94,17,17.17,213419,0
20080109,17.35,20.34,17.25,20.25,264330,0
20080110,20.22,20.22,19.03,20,89472,0
20080111,19.98,19.98,18.5,18.5,22863,0
20080114,20.35,20.35,18.72,18.72,78180,0
20080115,18.89,18.89,17.22,17.88,169077,0
20080116,17.5,18.37,17.12,17.53,104821,0
20080117,17.83,17.94,17.5,17.62,140629,0
20080118,17.95,18,16.38,16.41,211592,0
20080122,15.51,16,15.25,16,195544,0
20080123,16.22,16.25,15.51,15.9,244180,0
20080124,15.9,16,15,15.2,180967,0
20080125,15.35,16.21,13.75,14,310752,0
20080128,14.14,14.61,13.5,13.9,308524,0
20080129,14.11,14.25,13.97,14,379852,0
20080130,14.07,14.07,13.56,13.88,74539,0
20080131,13.7,14.25,12.57,13.07,376461,0
20080201,13.25,14.23,13.25,13.6,124637,0
20080204,13.78,14.88,13.75,14.4,361506,0
20080205,14.4,14.71,14.32,14.68,71725,0
20080206,14.92,15.36,14.42,14.9,187662,0
20080207,8.19,9.3,6.56,8.51,4709736,0
20080208,8.65,9.5,8.55,9.1,892663,0
20080211,9.26,9.44,8.9,9,274743,0
20080212,9.1,9.19,8.83,8.96,159453,0
20080213,9,9.13,8.9,9.05,152473,0
20080214,9.14,9.15,8.7,8.73,112167,0
20080215,8.69,8.97,8.32,8.51,173940,0
20080219,8.64,8.98,8.44,8.6,272637,0
20080220,8.61,8.61,8.13,8.13,106789,0
20080221,8.79,9,8.03,8.37,1432368,0
20080222,8.63,8.79,8.4,8.47,276672,0
20080225,8.5,8.52,8.24,8.36,111459,0
20080226,8.46,8.5,7.7,7.84,455119,0
20080227,8.03,8.18,7.95,8.14,393213,0
20080228,8.06,9.05,8.05,9.05,297068,0
20080229,9,9.16,8.74,9.02,203308,0
20080303,9.1,10.35,9.1,10.14,611820,0
20080304,10,10.05,9.63,9.75,259103,0
20080305,10,10.35,9.84,10.12,116349,0
20080306,10.18,10.2,9.53,9.8,270759,0
20080307,9.53,9.81,9.1,9.4,321958,0
20080310,9.5,9.54,9.3,9.5,204809,0
20080311,9.77,9.77,9.39,9.71,88105,0
20080312,9.7,9.76,9.55,9.61,37563,0
20080313,9.5,9.63,9.1,9.16,128159,0
20080314,9.1,9.39,8.84,9.15,195984,0
20080317,9,9.13,8.76,9,143650,0
20080318,9,9.89,9,9.16,74838,0
20080319,9.26,9.64,9.11,9.55,50748,0
20080320,9.3,9.66,9.3,9.65,121743,0
20080324,9.6,9.95,9.5,9.76,104268,0
20080325,9.9,9.96,9.71,9.93,51233,0
20080326,9.94,10.1,9.7,10,59714,0
20080327,10.1,10.1,9.68,9.85,66946,0
20080328,10,10,9.34,9.71,405164,0
20080331,9.75,9.93,9.46,9.54,760396,0
20080401,9.07,9.75,9.03,9.51,279291,0
20080402,9.36,9.96,9.01,9.62,77089,0
20080403,10.07,11.47,9.6,11.24,561490,0
20080404,11.36,11.5,10.94,10.99,175034,0
20080407,11.25,11.93,11.02,11.31,222398,0
20080408,11.37,11.37,10.19,10.48,218288,0
20080409,10.53,11,10.3,10.35,119924,0
20080410,10.39,10.92,10,10.66,119959,0
20080411,10.68,10.74,10.1,10.21,104785,0
20080414,10.42,11,9.83,10.02,87139,0
20080415,11.15,11.25,10.4,10.99,209262,0
20080416,11.27,11.35,11.03,11.3,272009,0
20080417,11.5,11.8,11.08,11.29,166478,0
20080418,11.5,12.69,11.01,11.9,693119,0
20080421,12.07,12.14,11.95,11.99,193166,0
20080422,12.97,12.97,12.01,12.24,344944,0
20080423,12.35,12.63,11.9,11.97,228008,0
20080424,12,12,11.4,11.56,238778,0
20080425,11.5,11.6,11.06,11.29,209208,0
20080428,11.4,11.59,11.21,11.26,120862,0
20080429,11.5,11.6,11.25,11.39,173128,0
20080430,11.48,11.62,11.18,11.18,146281,0
20080501,11.2,11.56,11,11.2,149740,0
20080502,11.2,11.29,10.8,10.87,140666,0
20080505,10.95,11,10.19,10.27,190732,0
20080506,10.23,10.59,10.18,10.37,148561,0
20080507,10.51,11,10.51,10.73,199281,0
20080508,10.89,10.98,10.45,10.57,83764,0
20080509,10.65,11,10.21,11,103537,0
20080512,11.01,11.61,10.81,11.35,216068,0
20080513,11.65,12.63,11.35,12.63,404261,0
20080514,12.86,13.35,12.35,12.62,487943,0
20080515,11.99,12.7,11,12.45,645552,0
20080516,12.62,12.7,11.83,11.87,267294,0
20080519,12.22,12.49,11.5,11.61,206150,0
20080520,11.75,12.38,11.06,11.38,276992,0
20080521,11.5,11.9,11.06,11.75,275145,0
20080522,12.48,12.48,11.94,12.41,126822,0
20080523,12.23,12.48,11.75,12.35,135520,0
20080527,12.35,12.5,12.07,12.3,129115,0
20080528,12.4,12.48,11.98,12.46,187182,0
20080529,12.5,12.75,11.91,12.64,231892,0
20080530,12.74,12.93,12.15,12.15,422087,0
20080602,12.21,12.33,12.01,12.15,135598,0
20080603,12.15,12.24,12.01,12.14,92365,0
20080604,12.06,12.14,11.75,11.87,163526,0
20080605,11.87,12.15,11.75,11.99,102313,0
20080606,12.14,12.14,11.53,11.81,214822,0
20080609,11.66,12,11.55,11.64,186775,0
20080610,11.56,11.89,11.4,11.45,135302,0
20080611,11.47,11.47,10.75,11.2,246316,0
20080612,11.06,11.63,11.03,11.31,145134,0
20080613,11.4,11.49,10.77,10.88,52571,0
20080616,10.06,10.64,9.75,10.6,595833,0
20080617,10.53,10.65,10.25,10.46,243555,0
20080618,10.45,10.48,10.19,10.24,188835,0
20080619,10.2,10.25,9.77,10.04,318656,0
20080620,10.04,10.5,9.85,9.92,325879,0
20080623,9.92,10.6,9.92,10.39,306337,0
20080624,10.45,10.5,9.98,9.98,223921,0
20080625,9.96,10.07,9.88,9.94,163881,0
20080626,9.76,9.86,9.1,9.3,370262,0
20080627,9.25,10.14,9.25,9.93,622512,0
20080630,9.9,10.07,9.54,10,234741,0
20080701,9.89,10.25,9.65,10.04,227338,0
20080702,9.98,10.02,9.28,9.52,262880,0
20080703,9.51,9.83,9.41,9.5,148843,0
20080707,9.52,9.78,9.5,9.57,100250,0
20080708,9.43,9.72,9.43,9.68,144789,0
20080709,9.49,9.7,9.47,9.5,83980,0
20080710,9.47,9.7,9.45,9.56,115341,0
20080711,9.45,9.6,9.25,9.44,164513,0
20080714,9.44,9.44,8.77,9.02,262409,0
20080715,9.15,9.15,8.5,8.6,381920,0
20080716,4.51,6,4.48,5.94,5438845,0
20080717,6.07,6.64,5.54,6.09,599270,0
20080718,6.45,6.45,5.77,5.79,462368,0
20080721,5.9,6.12,5.82,5.84,377274,0
20080722,5.85,6.1,5.76,6.01,242994,0
20080723,6.09,6.17,5.9,5.99,361649,0
20080724,6,6,5.87,5.87,252836,0
20080725,5.85,6,5.85,5.98,165174,0
20080728,5.92,5.97,5.65,5.65,109680,0
20080729,5.76,5.9,5.66,5.81,208399,0
20080730,5.9,5.93,5.6,5.76,143547,0
20080731,5.73,5.8,5.41,5.45,127144,0
20080801,5.45,5.51,5.15,5.23,128566,0
20080804,5.19,5.3,5,5,328950,0
20080805,5.05,5.3,4.86,5.2,147486,0
20080806,5.03,5.3,5.02,5.21,336146,0
20080807,5.21,5.56,5.18,5.33,226083,0
20080808,5.35,5.46,5.33,5.35,136035,0
20080811,5.31,5.92,5.28,5.83,312498,0
20080812,5.78,6.03,5.65,5.93,145365,0
20080813,5.98,6.43,5.92,6.39,274010,0
20080814,6.34,6.38,6.11,6.36,130970,0
20080815,6.42,6.45,5.94,6.12,276329,0
20080818,6.09,6.19,5.79,5.94,148775,0
20080819,6,6.09,5.75,6.09,180628,0
20080820,6.05,6.05,5.91,6,169689,0
20080821,5.93,6.24,5.57,6.13,118367,0
20080822,6.24,6.24,6.09,6.2,52495,0
20080825,6.14,6.19,5.91,6,42840,0
20080826,6,6.18,6,6.07,52728,0
20080827,6.1,6.15,6.01,6.14,36954,0
20080828,6.15,6.17,6.09,6.15,36083,0
20080829,6.15,6.15,5.99,6,53267,0
20080902,6,6.13,5.98,6.05,67604,0
20080903,6.14,6.15,6,6.14,90628,0
20080904,6.18,6.18,5.96,6.04,52785,0
20080905,6,6.04,5.88,5.9,92171,0
20080908,6.04,6.04,5.55,5.8,108662,0
20080909,5.75,5.75,5.42,5.42,114549,0
20080910,5.41,5.55,5.05,5.38,133139,0
20080911,5.21,5.32,5.07,5.26,95203,0
20080912,5.31,5.6,5.17,5.44,98278,0
20080915,5.32,5.7,5.18,5.54,97378,0
20080916,5.65,6.11,5.56,6.11,93608,0
20080917,6,6.24,5.62,5.97,180069,0
20080918,5.91,7.28,5.91,7.28,218210,0
20080919,7.15,7.3,6.59,6.86,186239,0
20080922,7.14,7.14,6.43,6.74,52074,0
20080923,6.57,6.57,6.34,6.36,35466,0
20080924,6.87,6.87,6.12,6.12,51189,0
20080925,6.15,6.34,5.94,6.14,302198,0
20080926,6.07,6.37,6,6.09,31759,0
20080929,5.98,5.98,5.59,5.75,48078,0
20080930,5.8,6.19,5.53,5.61,129558,0
20081001,5.68,5.71,5.31,5.34,32411,0
20081002,5.36,5.37,4.56,4.58,85577,0
20081003,4.45,5,4.4,4.42,58817,0
20081006,4.38,4.65,3.78,4.08,122444,0
20081007,4.01,4.27,3.9,4.06,93681,0
20081008,3.95,4.25,3.8,3.95,206091,0
20081009,3.95,4.32,3.9,4.01,153528,0
20081010,3.98,4.56,3.75,4.1,185067,0
20081013,4.35,4.49,4.1,4.45,80634,0
20081014,4.5,4.5,4.23,4.47,53263,0
20081015,4.37,4.5,4.32,4.35,58540,0
20081016,4.27,4.48,3.97,4.16,171871,0
20081017,4.05,4.47,3.93,4.06,83888,0
20081020,4.1,4.5,4.1,4.49,48931,0
20081021,4.42,4.5,4.11,4.25,33875,0
20081022,4.05,4.19,3.98,3.99,34204,0
20081023,3.9,4.18,3.9,4.12,49553,0
20081024,3.86,4.22,3.86,4.06,64073,0
20081027,4.01,4.25,3.85,3.99,162098,0
20081028,4.06,4.49,3.91,4.45,67294,0
20081029,4.55,4.55,4.05,4.23,31356,0
20081030,4.36,4.41,4.22,4.41,23943,0
20081031,4.4,4.69,4.26,4.44,46324,0
20081103,4.4,4.62,4.35,4.55,38708,0
20081104,4.63,4.7,3.81,3.86,76449,0
20081105,3.75,4.05,3.09,3.15,355585,0
20081106,3.22,3.24,3.01,3.07,85278,0
20081107,3.02,3.1,2.97,3,152914,0
20081110,3.08,3.23,2.76,3.05,319290,0
20081111,2.9,3,2.81,2.89,118551,0
20081112,2.8,2.9,2.77,2.85,101873,0
20081113,2.8,3.19,2.77,3.19,104766,0
20081114,3.19,3.5,3.03,3.03,104231,0
20081117,3.11,3.5,3.01,3.31,390603,0
20081118,3.01,3.49,2.94,3.21,167854,0
20081119,3.25,3.48,3.03,3.14,69841,0
20081120,3.18,3.38,2.94,3.09,149620,0
20081121,3.05,3.48,3.05,3.4,287093,0
20081124,3.52,3.95,3.31,3.75,790672,0
20081125,3.74,3.88,3.26,3.75,133408,0
20081126,3.66,3.83,3.47,3.81,121504,0
20081128,3.75,4.01,3.75,3.84,63307,0
20081201,3.7,3.99,3.54,3.65,1069754,0
20081202,3.64,3.99,3.61,3.79,106262,0
20081203,3.68,3.71,3.24,3.38,147523,0
20081204,3.31,3.77,3.3,3.32,104439,0
20081205,3.28,3.58,3.2,3.58,34355,0
20081208,3.6,3.97,3.6,3.9,654863,0
20081209,3.82,3.9,3.5,3.59,53072,0
20081210,3.62,3.74,3.4,3.62,49324,0
20081211,3.54,3.72,3.39,3.39,34918,0
20081212,3.41,3.6,3.38,3.51,48567,0
20081215,3.6,3.7,3.45,3.55,45292,0
20081216,3.59,4,3.46,3.95,645374,0
20081217,3.85,4.3,3.75,4.19,96356,0
20081218,4.21,4.44,4.19,4.35,46765,0
20081219,4.49,4.7,4.35,4.47,110070,0
20081222,4.44,4.63,4.3,4.47,95833,0
20081223,4.5,5.67,3.92,5.49,634141,0
20081224,5.75,5.94,5.35,5.72,124132,0
20081226,5.44,5.76,5.12,5.37,57426,0
20081229,5.3,5.35,4.9,5.11,81740,0
20081230,5.08,5.7,5.08,5.52,236846,0
20081231,5.5,5.78,5.41,5.41,60055,0
20090102,5.39,5.52,5.25,5.38,58513,0
20090105,5.31,5.67,5.12,5.31,78433,0
20090106,5.37,5.39,4.92,5.17,78255,0
20090107,5.14,5.17,4.9,4.92,73157,0
20090108,4.92,5.2,4.92,5.1,94044,0
20090109,5.05,5.08,4.58,4.59,54280,0
20090112,4.52,4.77,4.43,4.6,42502,0
20090113,4.59,4.95,4.5,4.81,50841,0
20090114,4.77,4.93,4.54,4.65,38370,0
20090115,4.71,4.71,4.15,4.55,39863,0
20090116,4.57,4.65,4.11,4.55,42746,0
20090120,4.29,4.63,4.14,4.14,32603,0
20090121,4.17,4.51,4.17,4.51,29217,0
20090122,4.63,4.9,4.31,4.31,20505,0
20090123,4.23,4.31,4.08,4.19,51319,0
20090126,4.13,4.31,3.98,4,53973,0
20090127,3.95,4.01,3.88,3.9,63360,0
20090128,4.09,4.23,3.82,4.23,78434,0
20090129,4.15,4.15,3.76,3.91,81062,0
20090130,3.95,4.58,3.82,4.45,165123,0
20090202,4.33,4.6,3.97,4.32,71462,0
20090203,4.36,4.47,4.27,4.44,65731,0
20090204,4.55,4.58,4.4,4.41,21691,0
20090205,4.45,4.63,4.45,4.58,53785,0
20090206,4.56,4.76,4.56,4.76,30259,0
20090209,4.76,4.76,4.56,4.72,42233,0
20090210,4.68,4.79,4.64,4.69,237883,0
20090211,4.64,4.79,4.25,4.31,33379,0
20090212,4.28,4.32,4.1,4.25,31925,0
20090213,4.23,4.3,4.12,4.29,19131,0
20090217,4.2,4.21,4.04,4.05,1196475,0
20090218,4.09,4.15,4.01,4.11,18973,0
20090219,4.09,4.25,3.84,3.85,47812,0
20090220,3.88,4.03,3.86,3.89,29231,0
20090223,3.86,4.01,3.85,3.9,39930,0
20090224,3.98,4.38,3.91,4.32,43838,0
20090225,4.25,4.25,3.99,4.02,31339,0
20090226,4.05,4.06,3.9,3.99,32201,0
20090227,3.86,4.24,3.81,4.11,44720,0
20090302,3.97,4.02,3.8,3.99,38705,0
20090303,4.01,4.05,3.62,3.62,69180,0
20090304,3.72,3.99,3.7,3.81,37861,0
20090305,3.76,3.76,3.44,3.44,25970,0
20090306,3.43,3.47,3.16,3.28,41488,0
20090309,3.26,3.38,2.94,2.97,77163,0
20090310,3.01,3.64,2.99,3.61,60262,0
20090311,3.64,3.82,3.57,3.65,41976,0
20090312,3.7,4.01,3.7,4.01,52626,0
20090313,4.01,4.11,3.75,3.96,33842,0
20090316,4,4.24,3.85,4.02,60035,0
20090317,4.18,4.2,4.05,4.19,20756,0
20090318,4.2,4.25,4,4.14,48174,0
20090319,4.19,4.25,4.06,4.16,31646,0
20090320,4.25,4.37,4.01,4.37,93876,0
20090323,4.42,4.9,4.19,4.89,54045,0
20090324,4.76,4.85,4.5,4.51,27957,0
20090325,4.52,4.84,4.38,4.6,36275,0
20090326,4.75,4.75,4.56,4.68,31385,0
20090327,4.7,4.7,4.49,4.5,31090,0
20090330,4.56,4.56,4.15,4.18,28979,0
20090331,4.35,4.56,4.3,4.41,28848,0
20090401,4.39,4.39,4.06,4.14,58133,0
20090402,4.17,4.48,4.17,4.45,52044,0
20090403,4.5,4.66,4.33,4.66,64016,0
20090406,4.61,4.61,4.32,4.48,31516,0
20090407,4.43,4.43,4.19,4.19,37001,0
20090408,4.34,4.34,4.02,4.08,47059,0
20090409,4.04,4.35,4.01,4.12,43990,0
20090413,4.11,4.15,4.02,4.07,42839,0
20090414,3.9,4.24,3.81,4.09,65825,0
20090415,4.02,4.1,3.92,4.08,13610,0
20090416,4.16,4.24,3.95,4.14,34327,0
20090417,4.16,4.21,4.04,4.16,24479,0
20090420,4.11,4.16,3.99,3.99,47414,0
20090421,4.06,4.3,4.04,4.27,34724,0
20090422,4.3,4.44,4.25,4.34,29331,0
20090423,4.35,4.44,4.25,4.27,26504,0
20090424,4.31,4.37,4.28,4.29,24957,0
20090427,4.4,4.4,4.26,4.28,24314,0
20090428,4.25,4.29,4.02,4.07,32423,0
20090429,4.11,4.22,4.01,4.17,21676,0
20090430,4.18,4.32,4.17,4.25,42923,0
20090501,4.23,4.23,3.99,4.06,58977,0
20090504,4.1,4.34,4.07,4.19,43805,0
20090505,4.32,4.37,4.13,4.34,36993,0
20090506,4.35,4.35,4.2,4.32,176548,0
20090507,4.31,4.44,4.3,4.42,74051,0
20090508,4.39,4.53,4.29,4.35,27239,0
20090511,4.31,4.37,4.25,4.31,17990,0
20090512,4.34,4.45,4.28,4.31,18445,0
20090513,4.28,4.31,4.09,4.09,40608,0
20090514,4.12,4.22,4.05,4.14,21084,0
20090515,4.02,4.12,3.92,4.01,57422,0
20090518,4.04,4.1,4,4.1,18445,0
20090519,4.02,4.06,3.78,3.78,74378,0
20090520,3.82,3.85,3.56,3.61,69161,0
20090521,3.55,3.79,3.55,3.58,34693,0
20090522,3.6,3.69,3.6,3.63,48208,0
20090526,3.67,3.73,3.52,3.61,74593,0
20090527,3.65,3.68,3.5,3.52,81584,0
20090528,3.6,3.6,3.43,3.44,63309,0
20090529,3.4,3.5,3.4,3.5,69720,0
20090601,3.47,3.5,3.45,3.49,81295,0
20090602,3.5,3.57,3.25,3.37,165830,0
20090603,3.36,3.5,3.29,3.49,71655,0
20090604,3.5,3.52,3.42,3.49,82045,0
20090605,3.45,3.5,3.42,3.49,43407,0
20090608,3.5,3.51,3.44,3.45,46839,0
20090609,3.45,3.51,3.42,3.48,40454,0
20090610,3.53,3.53,3.4,3.48,32080,0
20090611,3.49,3.54,3.46,3.48,43286,0
20090612,3.41,3.68,3.41,3.62,49031,0
20090615,3.66,3.73,3.65,3.66,42215,0
20090616,3.72,3.72,3.5,3.5,49024,0
20090617,3.51,3.55,3.39,3.48,29668,0
20090618,3.52,3.68,3.52,3.62,50844,0
20090619,3.65,3.72,3.62,3.62,61992,0
20090622,3.59,3.61,3.35,3.36,40851,0
20090623,3.39,3.49,3.36,3.41,25704,0
20090624,3.44,3.44,3.28,3.35,33100,0
20090625,3.34,3.49,3.34,3.4,51684,0
20090626,3.37,3.79,3.32,3.78,1420572,0
20090629,3.76,3.76,3.5,3.52,88287,0
20090630,3.54,3.82,3.52,3.75,77248,0
20090701,3.78,3.92,3.45,3.75,69280,0
20090702,3.72,3.72,3.45,3.48,43073,0
20090706,3.48,3.64,3.36,3.46,38518,0
20090707,3.45,3.5,3.4,3.43,28488,0
20090708,3.45,3.47,3.33,3.42,38750,0
20090709,3.43,3.56,3.37,3.37,15096,0
20090710,3.34,3.45,3.34,3.44,17878,0
20090713,3.44,3.55,3.35,3.55,21490,0
20090714,3.54,3.62,3.47,3.61,55216,0
20090715,3.64,3.75,3.58,3.75,39500,0
20090716,3.71,3.75,3.57,3.73,33313,0
20090717,3.75,3.75,3.4,3.41,56985,0
20090720,3.53,3.53,3.45,3.5,31406,0
20090721,3.5,3.5,3.44,3.5,50370,0
20090722,3.47,3.53,3.08,3.51,65553,0
20090723,3.5,3.52,3.48,3.5,55070,0
20090724,3.41,3.5,3.41,3.45,41503,0
20090727,3.52,3.55,3.34,3.48,50708,0
20090728,3.47,3.5,3.32,3.49,66961,0
20090729,3.48,3.49,3.4,3.4,41634,0
20090730,3.43,3.49,3.41,3.48,45772,0
20090731,3.46,3.49,3.42,3.47,27398,0
20090803,3.48,3.49,3.42,3.49,38088,0
20090804,3.5,3.5,3.37,3.44,71302,0
20090805,3.42,3.42,2.68,3.1,104017,0
20090806,3.12,3.38,3.12,3.21,56314,0
20090807,3.3,3.36,3.18,3.29,85125,0
20090810,3.48,3.49,3.35,3.38,61699,0
20090811,3.4,3.4,3.3,3.32,33577,0
20090812,3.33,3.4,3.32,3.36,48007,0
20090813,3.39,3.39,3.3,3.33,22520,0
20090814,3.32,3.34,3.25,3.26,42759,0
20090817,3.25,3.26,3.21,3.22,30834,0
20090818,3.2,3.23,3.15,3.15,46135,0
20090819,3.14,3.17,3.1,3.13,22604,0
20090820,3.13,3.19,3.04,3.16,67442,0
20090821,3.23,3.23,3.08,3.14,78384,0
20090824,3.15,3.15,3.1,3.15,43290,0
20090825,3.15,3.16,3.11,3.14,72666,0
20090826,3.14,3.15,3.11,3.15,45522,0
20090827,3.19,3.25,3.13,3.24,81321,0
20090828,3.25,3.29,3.21,3.22,24439,0
20090831,3.18,3.25,3.1,3.13,60845,0
20090901,3.12,3.21,3,3.01,61561,0
20090902,3,3.12,3,3.04,32377,0
20090903,3.12,3.12,2.97,3.03,121589,0
20090904,3.04,3.05,2.98,3.01,37823,0
20090908,3.04,3.11,2.99,3.02,15345,0
20090909,3.01,3.09,2.95,3.07,52226,0
20090910,3.14,3.2,2.97,3.11,101044,0
20090911,3.13,3.19,3.1,3.15,58314,0
20090914,3.2,3.23,3.13,3.15,32385,0
20090915,3.14,3.25,3.11,3.21,32330,0
20090916,3.23,3.25,2.89,2.95,583969,0
20090917,3,3.09,2.95,3.01,148347,0
20090918,3,3.05,2.99,2.99,181812,0
20090921,2.98,3.16,2.96,3.16,167048,0
20090922,3.16,3.16,3.04,3.09,90420,0
20090923,3.1,3.15,2.99,3.12,163002,0
20090924,3.15,3.2,2.95,3.15,223809,0
20090925,3.2,3.2,3.13,3.16,154200,0
20090928,3.2,3.2,3.09,3.14,64403,0
20090929,3.14,3.17,3.1,3.11,62149,0
20090930,3.12,3.15,3.1,3.13,161885,0
20091001,3.13,3.15,3.09,3.09,19828,0
20091002,3.13,3.13,3.05,3.07,39024,0
20091005,3.07,3.11,3.05,3.08,48976,0
20091006,3.11,3.15,3.1,3.15,23801,0
20091007,3.15,3.15,3.11,3.15,105841,0
20091008,3.15,3.16,3.1,3.1,121612,0
20091009,3.15,3.15,3.11,3.15,121638,0
20091012,3.15,3.19,3.13,3.13,52521,0
20091013,3.14,3.17,3.13,3.15,184257,0
20091014,3.19,3.24,3.15,3.18,773283,0
20091015,3.18,3.22,3.12,3.14,291052,0
20091016,3.11,3.23,3.05,3.14,141979,0
20091019,3.14,3.22,3.11,3.19,131314,0
20091020,3.19,3.21,3.11,3.11,73131,0
20091021,3.11,3.2,3.09,3.1,76204,0
20091022,3.09,3.18,3.09,3.17,50435,0
20091023,3.18,3.18,3.09,3.1,49806,0
20091026,3.18,3.2,3.11,3.11,90828,0
20091027,3.12,3.2,3.12,3.16,65454,0
20091028,3.2,3.65,3.2,3.54,332232,0
20091029,3.56,4.15,3.5,4.11,348303,0
20091030,4.1,4.11,3.69,3.81,212814,0
20091102,3.92,4.05,3.83,3.93,94930,0
20091103,3.91,3.95,3.75,3.76,57519,0
20091104,3.93,3.93,3.63,3.63,108449,0
20091105,3.65,3.92,3.65,3.85,55624,0
20091106,3.9,4.01,3.84,4.01,99412,0
20091109,4.05,4.05,3.92,3.99,102900,0
20091110,3.95,4.02,3.78,3.87,44412,0
20091111,3.91,4,3.84,3.97,42911,0
20091112,3.98,4,3.74,3.75,95837,0
20091113,3.77,3.8,3.74,3.8,79666,0
20091116,3.81,3.93,3.81,3.92,43472,0
20091117,3.89,4,3.79,3.99,46937,0
20091118,4,4.13,3.91,3.92,223834,0
20091119,3.97,3.97,3.74,3.75,121313,0
20091120,3.75,3.89,3.55,3.57,121921,0
20091123,3.6,3.82,3.6,3.66,263016,0
20091124,3.67,3.76,3.51,3.65,136629,0
20091125,3.66,3.76,3.47,3.47,68970,0
20091127,3.4,3.45,3.39,3.39,51681,0
20091130,3.37,4.02,3.26,4.02,336475,0
20091201,4.05,4.12,3.83,3.99,66429,0
20091202,3.98,4.06,3.77,4.06,91610,0
20091203,4.09,4.1,3.91,3.94,78617,0
20091204,3.99,4.02,3.75,3.95,118875,0
20091207,3.94,3.94,3.75,3.89,36901,0
20091208,3.86,3.91,3.75,3.84,36774,0
20091209,3.86,3.92,3.65,3.68,55645,0
20091210,3.69,3.8,3.56,3.56,33565,0
20091211,3.6,3.82,3.5,3.56,54691,0
20091214,3.65,3.93,3.65,3.91,64176,0
20091215,3.88,3.95,3.84,3.89,67588,0
20091216,3.9,3.92,3.85,3.92,104735,0
20091217,3.89,3.95,3.85,3.9,51361,0
20091218,3.93,4.08,3.87,4.08,257033,0
20091221,4.08,4.76,4.05,4.67,367925,0
20091222,4.76,4.76,4.5,4.5,94193,0
20091223,4.54,4.57,4.25,4.37,130252,0
20091224,4.45,4.72,4.45,4.63,59651,0
20091228,4.63,4.66,4.4,4.43,89453,0
20091229,4.45,4.55,4.38,4.45,61021,0
20091230,4.45,4.45,4.3,4.43,92673,0
20091231,4.44,4.49,4.29,4.39,49873,0
20100104,4.42,4.55,4.37,4.48,103218,0
20100105,4.46,4.73,4.45,4.65,112600,0
20100106,4.65,5.55,4.65,5.21,533708,0
20100107,5.41,6.25,5.25,6.24,752234,0
20100108,6.35,6.35,5.78,5.94,402138,0
20100111,5.94,6,5.4,5.44,270087,0
20100112,5.43,5.86,5.36,5.63,200894,0
20100113,5.63,5.73,5.42,5.46,138324,0
20100114,5.46,5.85,5.39,5.56,357588,0
20100115,5.64,5.69,5.39,5.49,168523,0
20100119,5.5,5.8,5.5,5.67,192113,0
20100120,5.64,5.74,5.58,5.58,100938,0
20100121,5.57,5.57,5.22,5.22,204118,0
20100122,5.23,5.38,5.08,5.16,115999,0
20100125,5.22,5.26,4.84,5.13,140580,0
20100126,5.12,5.13,4.96,4.99,105871,0
20100127,4.97,5,4.75,4.76,83734,0
20100128,4.79,4.97,4.65,4.68,72397,0
20100129,4.72,5.02,4.72,4.76,109562,0
20100201,4.87,4.87,4.6,4.7,96754,0
20100202,4.78,5.31,4.7,5.14,118344,0
20100203,5.14,5.35,4.46,5.05,355910,0
20100204,4.86,5.44,4.64,5.32,313123,0
20100205,5.32,5.57,5,5.44,109608,0
20100208,5.45,5.69,5.32,5.36,83381,0
20100209,5.44,5.45,5.14,5.17,68283,0
20100210,5.15,5.18,4.99,5.05,152962,0
20100211,5.03,5.25,5,5.25,75081,0
20100212,5.09,5.15,4.98,5.09,105618,0
20100216,5.14,5.5,5.12,5.36,226440,0
20100217,5.39,5.42,5.26,5.36,42751,0
20100218,5.33,5.45,5.21,5.45,140468,0
20100219,5.44,5.67,5.37,5.67,142204,0
20100222,5.67,5.68,5.45,5.53,36503,0
20100223,5.53,5.54,5.4,5.47,62080,0
20100224,5.51,5.52,5.25,5.49,41638,0
20100225,5.4,5.43,5.21,5.32,125712,0
20100226,5.4,5.4,5.14,5.16,107674,0
20100301,5.16,5.45,5,5.44,109948,0
20100302,5.46,5.6,5.27,5.44,102424,0
20100303,5.43,5.46,5.25,5.29,71475,0
20100304,5.27,5.3,5.06,5.22,162832,0
20100305,5.24,5.41,5.19,5.4,139859,0
20100308,5.43,5.45,5.34,5.37,63807,0
20100309,5.37,5.59,5.35,5.5,167821,0
20100310,5.5,5.6,5.5,5.56,173824,0
20100311,5.56,5.6,5.36,5.58,95864,0
20100312,5.59,5.59,5.46,5.5,37572,0
20100315,5.44,5.48,5.3,5.35,89210,0
20100316,5.36,5.4,5.23,5.38,60645,0
20100317,5.4,5.48,5.36,5.46,112523,0
20100318,5.47,6,5.46,5.8,424143,0
20100319,5.84,6,4.98,5.08,394560,0
20100322,5.09,5.25,4.92,5.03,155733,0
20100323,5.02,5.2,5.01,5.17,68972,0
20100324,5.15,5.23,5,5.01,49641,0
20100325,5.03,5.1,4.95,4.97,110731,0
20100326,4.99,5.1,4.89,4.91,157233,0
20100329,4.91,5,4.71,4.75,207487,0
20100330,4.66,4.86,4.52,4.85,144360,0
20100331,4.84,4.99,4.79,4.9,44524,0
20100401,4.93,4.93,4.69,4.75,95851,0
20100405,4.83,4.98,4.8,4.95,64452,0
20100406,4.88,5.15,4.88,5.09,54600,0
20100407,5.04,5.16,5.03,5.08,53194,0
20100408,5.08,5.08,4.95,4.99,30428,0
20100409,4.96,4.96,4.66,4.74,210765,0
20100412,4.73,4.75,4.55,4.62,120119,0
20100413,4.7,4.7,4.58,4.7,46674,0
20100414,4.7,4.95,4.7,4.82,70258,0
20100415,4.83,4.99,4.75,4.98,63226,0
20100416,4.96,4.96,4.76,4.76,83643,0
20100419,4.73,4.83,4.73,4.77,42619,0
20100420,4.8,4.93,4.73,4.93,62153,0
20100421,4.91,4.96,4.87,4.95,35423,0
20100422,4.94,5.02,4.86,4.99,83245,0
20100423,4.07,5.11,4.07,5.1,114604,0
20100426,5.06,5.27,5.06,5.25,95366,0
20100427,5.25,5.3,5.2,5.22,74420,0
20100428,5.26,5.29,5.21,5.26,28766,0
20100429,5.29,5.39,5.09,5.37,86999,0
20100430,5.43,5.43,5.27,5.33,51793,0
20100503,5.33,5.34,5.25,5.3,55704,0
20100504,5.03,5.25,5.01,5.1,70187,0
20100505,4.9,5.02,4.87,4.91,83957,0
20100506,4.92,4.92,3,4.5,238301,0
20100507,4.5,4.83,4.16,4.3,156599,0
20100510,4.6,4.71,4.36,4.52,106088,0
20100511,4.51,4.64,4.38,4.64,53249,0
20100512,4.7,4.84,4.67,4.84,66601,0
20100513,4.28,4.92,4.01,4.84,29997,0
20100514,4.02,4.5,3.75,3.87,739677,0
20100517,3.94,3.96,3.6,3.66,260064,0
20100518,3.76,3.8,3.45,3.46,181657,0
20100519,3.35,3.45,3.28,3.36,119055,0
20100520,3.3,3.45,3.18,3.18,169319,0
20100521,3.19,3.43,3.15,3.3,187622,0
20100524,3.33,3.33,3.21,3.22,82259,0
20100525,3.22,3.45,3.09,3.44,139143,0
20100526,3.58,3.58,3.4,3.41,138782,0
20100527,3.57,3.79,3.5,3.58,70846,0
20100528,3.64,3.74,3.55,3.71,58580,0
20100601,3.64,3.71,3.37,3.37,66711,0
20100602,3.31,3.46,3.27,3.46,40259,0
20100603,3.46,3.47,3.39,3.44,36880,0
20100604,3.4,3.44,3.1,3.15,85371,0
20100607,3.15,3.21,3.02,3.04,101169,0
20100608,3.1,3.11,2.84,2.9,203815,0
20100609,2.91,3.05,2.86,2.96,62697,0
20100610,3,3.06,2.94,3.06,62080,0
20100611,3.01,3.09,2.97,3.07,43867,0
20100614,3.03,3.1,3.02,3.08,43707,0
20100615,3.1,3.1,3.02,3.07,53127,0
20100616,3.05,3.09,3,3.05,62262,0
20100617,3.07,3.22,3.05,3.19,30647,0
20100618,3.25,3.43,3.14,3.38,141241,0
20100621,3.43,3.45,3.08,3.1,66631,0
20100622,3.12,3.25,3.07,3.11,61215,0
20100623,3.12,3.38,3.11,3.35,73197,0
20100624,3.45,3.45,3.12,3.14,86021,0
20100625,3.16,3.21,3,3,1545520,0
20100628,3,3.15,3,3.1,68748,0
20100629,3.08,3.18,3,3.1,72638,0
20100630,3.16,3.2,3.13,3.16,31579,0
20100701,3.16,3.21,3.03,3.05,72621,0
20100702,3.05,3.1,3.02,3.05,28501,0
20100706,3.2,3.25,2.94,2.94,109990,0
20100707,2.99,2.99,2.9,2.91,44602,0
20100708,2.91,2.94,2.83,2.83,41544,0
20100709,2.8,2.98,2.74,2.98,81429,0
20100712,2.94,3.02,2.93,3.02,29450,0
20100713,3.07,3.12,3,3.05,42154,0
20100714,3.08,3.11,3.01,3.01,77679,0
20100715,3.01,3.27,3.01,3.23,468922,0
20100716,3.3,3.3,3.03,3.05,48154,0
20100719,3.03,3.2,3.03,3.15,36787,0
20100720,3.15,3.16,3.06,3.07,18043,0
20100721,3.07,3.12,3.04,3.05,51400,0
20100722,3.43,3.43,3.07,3.14,24145,0
20100723,3.14,3.14,3.06,3.1,8766,0
20100726,3.08,3.11,3.01,3.08,21173,0
20100727,3.07,3.08,3.01,3.01,28626,0
20100728,3.01,3.18,3,3.18,31925,0
20100729,3.14,3.3,3.05,3.26,56356,0
20100730,3.25,3.29,3.21,3.22,31044,0
20100802,3.24,3.24,3.03,3.03,45075,0
20100803,3.03,3.11,3.03,3.1,15400,0
20100804,3.07,3.1,2.98,2.99,27651,0
20100805,2.94,3.05,2.94,2.99,104794,0
20100806,2.97,2.98,2.88,2.97,41250,0
20100809,2.96,2.96,2.9,2.93,40258,0
20100810,2.9,2.91,2.86,2.86,37154,0
20100811,2.83,2.85,2.75,2.78,28334,0
20100812,2.77,2.81,2.71,2.71,23413,0
20100813,2.72,2.78,2.68,2.7,26017,0
20100816,2.67,2.71,2.52,2.52,68655,0
20100817,2.53,2.57,2.46,2.46,90314,0
20100818,2.45,2.46,2.21,2.36,65405,0
20100819,2.32,2.48,2.32,2.39,36642,0
20100820,2.4,2.42,2.3,2.34,73894,0
20100823,2.38,2.4,2.15,2.24,60479,0
20100824,2.2,2.25,2.12,2.21,48668,0
20100825,2.19,2.2,2.1,2.2,80237,0
20100826,2.23,2.23,2.1,2.21,63146,0
20100827,2.21,2.26,2.2,2.24,75200,0
20100830,2.26,2.35,2.23,2.31,99696,0
20100831,2.32,2.5,2.3,2.44,119989,0
20100901,2.46,2.65,2.42,2.63,91221,0
20100902,2.7,2.73,2.61,2.62,49972,0
20100903,2.63,2.73,2.62,2.69,57038,0
20100907,2.7,3,2.7,2.85,84469,0
20100908,2.9,3,2.88,2.95,44149,0
20100909,3.02,3.05,3,3.02,31736,0
20100910,3.04,3.05,2.86,2.91,61220,0
20100913,2.96,2.97,2.76,2.81,49829,0
20100914,2.82,2.85,2.8,2.8,28253,0
20100915,2.79,2.83,2.77,2.79,17170,0
20100916,2.79,2.87,2.79,2.84,16032,0
20100917,2.84,2.98,2.81,2.98,403681,0
20100920,2.99,3,2.94,2.98,73076,0
20100921,2.96,3.1,2.95,3.05,119182,0
20100922,3.01,3.07,3.01,3.04,32400,0
20100923,3.1,3.1,2.98,3.05,72449,0
20100924,3.07,3.07,3,3.05,56859,0
20100927,3.04,3.13,3.04,3.1,39637,0
20100928,3.08,3.17,3.08,3.17,70081,0
20100929,3.16,3.2,3.13,3.16,35391,0
20100930,3.14,3.18,3.14,3.17,29477,0
20101001,3.14,3.17,3.12,3.16,9439,0
20101004,3.12,3.16,3.11,3.13,9303,0
20101005,3.17,3.22,3.12,3.18,85639,0
20101006,3.2,3.35,3.2,3.33,65081,0
20101007,3.33,3.64,3.33,3.48,115089,0
20101008,3.5,3.65,3.5,3.62,86332,0
20101011,3.58,3.68,3.56,3.62,58609,0
20101012,3.64,3.73,3.64,3.73,22409,0
20101013,3.76,4.14,3.76,3.97,209618,0
20101014,3.92,3.99,3.9,3.96,194293,0
20101015,4.01,4.08,3.98,3.98,96687,0
20101018,4,4,3.96,3.97,75549,0
20101019,3.95,3.99,3.9,3.92,71390,0
20101020,3.94,3.94,3.83,3.89,46438,0
20101021,3.84,3.84,3.64,3.71,49498,0
20101022,3.74,3.85,3.68,3.76,47273,0
20101025,3.82,3.92,3.71,3.71,50336,0
20101026,3.67,3.89,3.67,3.88,84531,0
20101027,3.92,3.92,3.42,3.43,154476,0
20101028,3.5,3.56,3.46,3.49,114493,0
20101029,3.49,3.52,3.31,3.35,74030,0
20101101,3.3,3.5,3.3,3.45,75699,0
20101102,3.42,3.52,3.41,3.44,47849,0
20101103,3.41,3.5,3.4,3.48,33520,0
20101104,3.47,3.53,3.43,3.45,134651,0
20101105,3.5,3.56,3.39,3.43,75662,0
20101108,3.41,3.45,3.36,3.37,54804,0
20101109,3.4,3.47,3.3,3.35,101834,0
20101110,3.38,3.42,3.3,3.41,48983,0
20101111,3.34,3.39,3.34,3.36,14634,0
20101112,3.3,3.37,3.3,3.35,29619,0
20101115,3.45,3.5,3.35,3.36,34748,0
20101116,3.4,3.4,3.2,3.22,35749,0
20101117,3.21,3.22,3.16,3.16,24402,0
20101118,3.18,3.24,3.15,3.17,38462,0
20101119,3.28,3.32,3.2,3.29,36024,0
20101122,3.3,3.3,3.24,3.24,21612,0
20101123,3.23,3.23,3.14,3.15,33615,0
20101124,3.15,3.24,3.15,3.17,90938,0
20101126,3.16,3.17,3.15,3.17,4800,0
20101129,3.14,3.22,3.14,3.18,28809,0
20101130,3.18,3.23,3.16,3.19,98739,0
20101201,3.25,3.25,3.19,3.19,52999,0
20101202,3.17,3.46,3.17,3.43,218860,0
20101203,3.42,3.42,3.31,3.32,100630,0
20101206,3.27,3.39,3.25,3.37,41810,0
20101207,3.36,3.41,3.29,3.35,49180,0
20101208,3.33,3.33,3.26,3.28,17043,0
20101209,3.28,3.28,3.16,3.18,69757,0
20101210,3.16,3.26,3.16,3.21,52777,0
20101213,3.24,3.28,3.21,3.27,71364,0
20101214,3.25,3.25,3.15,3.16,32575,0
20101215,3.14,3.3,3.14,3.3,67434,0
20101216,3.32,3.37,3.26,3.37,44942,0
20101217,3.29,3.33,3.2,3.22,42377,0
20101220,3.2,3.29,3.2,3.25,23358,0
20101221,3.25,3.29,3.2,3.26,18878,0
20101222,3.21,3.4,3.21,3.4,63984,0
20101223,3.38,3.45,3.27,3.27,33726,0
20101227,3.25,3.31,3.2,3.31,37316,0
20101228,3.3,3.3,3.21,3.26,45399,0
20101229,3.23,3.3,3.15,3.3,103279,0
20101230,3.28,3.35,3.25,3.34,23944,0
20101231,3.3,3.35,3.3,3.34,25543,0
20110103,3.32,3.34,3.21,3.28,54503,0
20110104,3.3,3.35,3.28,3.35,68981,0
20110105,3.31,3.37,3.28,3.31,21057,0
20110106,3.34,3.46,3.33,3.37,27272,0
20110107,3.36,3.37,3.32,3.35,33199,0
20110110,3.33,3.35,3.28,3.35,24594,0
20110111,3.33,3.35,3.32,3.35,28979,0
20110112,3.35,3.55,3.33,3.48,81562,0
20110113,3.46,3.55,3.45,3.52,61045,0
20110114,3.55,3.67,3.55,3.59,51594,0
20110118,3.56,3.59,3.42,3.56,57732,0
20110119,3.69,3.92,3.56,3.9,155859,0
20110120,4,4.07,3.88,4,158536,0
20110121,3.99,4.07,3.92,3.92,103452,0
20110124,4.18,4.2,3.95,4.06,135073,0
20110125,4.31,4.73,4.28,4.67,615662,0
20110126,4.75,4.76,4.42,4.5,395021,0
20110127,4.43,4.5,4.11,4.42,284594,0
20110128,4.42,4.59,4.2,4.24,140248,0
20110131,4.28,4.94,4.14,4.35,103576,0
20110201,4.37,4.42,4.25,4.28,104108,0
20110202,4.3,4.3,3.71,3.84,377055,0
20110203,3.85,4.06,3.79,4.02,115190,0
20110204,3.98,4.02,3.87,3.93,74520,0
20110207,3.88,4,3.79,3.87,105057,0
20110208,3.82,4,3.74,3.98,113613,0
20110209,4,4,3.93,3.97,61056,0
20110210,3.99,3.99,3.91,3.95,38125,0
20110211,3.95,4.11,3.93,4.01,188910,0
20110214,4.05,4.12,3.95,3.99,93712,0
20110215,3.91,4,3.88,3.9,49947,0
20110216,3.95,3.95,3.82,3.9,101528,0
20110218,3.82,3.93,3.81,3.92,72880,0
20110222,4.12,4.2,3.92,4.09,138431,0
20110223,4.02,4.1,3.87,3.92,68146,0
20110224,3.89,3.92,3.78,3.87,38464,0
20110225,3.85,3.93,3.81,3.81,35142,0
20110228,3.79,4.05,3.79,3.94,103193,0
20110301,4,4.01,3.92,4.01,207477,0
20110302,4.01,4.27,4.01,4.22,181462,0
20110303,4.26,4.31,4.15,4.27,169222,0
20110304,4.24,4.24,3.96,4.02,109590,0
20110307,4,4.25,4,4.22,125840,0
20110308,4.18,4.22,4.1,4.17,43211,0
20110309,4.19,4.19,4.11,4.15,29666,0
20110310,4.11,4.16,3.98,4.03,91793,0
20110311,3.94,4.11,3.9,4.07,63325,0
20110314,4.04,4.04,3.9,4.03,69790,0
20110315,3.96,4.03,3.84,4.01,39736,0
20110316,3.94,4.01,3.93,3.97,48754,0
20110317,4,4.25,3.69,3.98,71684,0
20110318,4,4.03,3.77,4,28980,0
20110321,4,4.07,3.86,4,112649,0
20110322,3.99,4.07,3.96,4.02,26475,0
20110323,4,4.02,3.92,4,96963,0
20110324,3.97,4.02,3.95,4.02,61328,0
20110325,3.98,4.05,3.96,4.05,31537,0
20110328,4.04,4.04,3.97,4,44542,0
20110329,3.95,4.05,3.95,4.04,29907,0
20110330,4.01,4.05,3.99,4.03,10363,0
20110331,4,4.04,3.97,4.04,27076,0
20110401,4.01,4.11,3.99,4.04,42238,0
20110404,4,4.04,3.95,4,67831,0
20110405,3.99,4.06,3.95,4,27741,0
20110406,3.99,4.04,3.97,4.02,30687,0
20110407,4.06,4.06,4.02,4.04,23054,0
20110408,4.03,4.03,3.98,3.98,35008,0
20110411,3.96,4.02,3.96,3.99,17260,0
20110412,3.97,4,3.89,3.9,54498,0
20110413,3.86,3.86,3.68,3.8,70377,0
20110414,3.7,3.87,3.7,3.86,47843,0
20110415,3.86,3.94,3.74,3.9,130183,0
20110418,3.84,3.84,3.67,3.72,77038,0
20110419,3.7,3.7,3.57,3.61,26120,0
20110420,3.56,3.62,3.55,3.62,33477,0
20110421,3.68,3.72,3.65,3.7,16714,0
20110425,3.63,3.69,3.61,3.64,24951,0
20110426,3.65,3.73,3.61,3.71,31894,0
20110427,3.71,3.72,3.67,3.7,19405,0
20110428,3.67,3.73,3.63,3.73,28530,0
20110429,3.73,3.73,3.67,3.67,27018,0
20110502,3.66,3.69,3.59,3.62,40559,0
20110503,3.55,3.63,3.4,3.41,73442,0
20110504,3.43,3.46,3.35,3.4,22982,0
20110505,3.32,3.47,3.28,3.38,30141,0
20110506,3.36,3.38,3.07,3.15,135477,0
20110509,3.09,3.31,3.04,3.29,46993,0
20110510,3.25,3.26,3.11,3.17,56184,0
20110511,3.13,3.18,3.1,3.16,55713,0
20110512,3.1,3.16,3.05,3.07,53468,0
20110513,3,3.2,2.99,3.1,58904,0
20110516,3.07,3.26,3.06,3.22,51467,0
20110517,3.2,3.4,3.2,3.3,113747,0
20110518,3.3,3.6,3.3,3.52,93438,0
20110519,4.05,4.29,3.67,3.92,586647,0
20110520,3.86,4.05,3.76,4.04,68765,0
20110523,4.07,4.25,4.07,4.19,153827,0
20110524,4.2,4.21,4.11,4.17,77327,0
20110525,4,4.11,3.79,3.97,90846,0
20110526,3.95,4,3.81,3.91,59788,0
20110527,3.98,4.15,3.91,4.06,81917,0
20110531,4.13,4.25,4.05,4.13,151198,0
20110601,4.19,4.19,4,4.1,59220,0
20110602,4.05,4.11,3.96,3.96,44103,0
20110603,3.96,4,3.92,3.95,52490,0
20110606,3.9,4,3.9,3.91,126468,0
20110607,3.9,4.06,3.9,3.99,50720,0
20110608,4.01,4.04,3.94,3.95,18575,0
20110609,3.98,4.09,3.9,4.01,49446,0
20110610,4.05,4.17,4.02,4.09,50102,0
20110613,4.1,4.1,3.95,4.02,36486,0
20110614,4.09,4.09,3.91,3.92,22500,0
20110615,3.96,4.03,3.81,4.03,209886,0
20110616,3.98,4,3.88,3.94,44977,0
20110617,3.94,3.99,3.85,3.97,67466,0
20110620,3.95,3.95,3.84,3.88,42710,0
20110621,3.88,3.97,3.85,3.93,21956,0
20110622,3.95,3.99,3.88,3.91,11052,0
20110623,3.93,4.1,3.87,4.06,58470,0
20110624,4.05,4.05,3.95,3.98,23392,0
20110627,3.96,3.96,3.75,3.83,43140,0
20110628,3.8,3.84,3.68,3.73,46316,0
20110629,3.75,3.85,3.65,3.74,32155,0
20110630,3.71,3.97,3.71,3.93,19951,0
20110701,3.9,4.05,3.87,4.01,49692,0
20110705,3.96,4,3.9,3.96,15725,0
20110706,4.01,4.1,4.01,4.05,53336,0
20110707,4.04,4.04,3.91,4,62954,0
20110708,3.98,3.99,3.92,3.93,22493,0
20110711,3.86,3.96,3.78,3.93,32514,0
20110712,3.91,3.97,3.91,3.95,13850,0
20110713,4,4.05,3.96,4.04,35844,0
20110714,4,4.03,3.98,3.98,22777,0
20110715,3.99,4.04,3.99,4.02,25284,0
20110718,4.01,4.02,3.98,3.98,8865,0
20110719,4,4,3.79,3.99,13174,0
20110720,3.99,3.99,3.84,3.91,29374,0
20110721,3.9,3.94,3.88,3.88,15300,0
20110722,3.86,3.9,3.85,3.85,22379,0
20110725,3.83,3.86,3.77,3.86,35924,0
20110726,3.83,4,3.78,3.88,42072,0
20110727,3.82,4.02,3.78,3.94,30846,0
20110728,3.91,3.91,3.77,3.77,16610,0
20110729,3.68,3.81,3.67,3.67,51515,0
20110801,3.69,3.79,3.65,3.68,23405,0
20110802,3.71,3.71,3.62,3.62,10682,0
20110803,3.63,3.64,3.5,3.59,33513,0
20110804,3.52,3.56,3.32,3.34,41245,0
20110805,3.04,3.3,3.04,3.14,60312,0
20110808,2.99,3.45,2.99,3.36,61804,0
20110809,3.22,3.37,3.01,3.12,39714,0
20110810,3.01,3.33,3,3.26,38687,0
20110811,3.53,3.55,3.31,3.36,23464,0
20110812,3.35,3.35,3.17,3.2,33473,0
20110815,3.22,3.22,3.04,3.12,21770,0
20110816,3.22,3.4,3.16,3.3,33598,0
20110817,3.25,3.35,3.25,3.28,25518,0
20110818,3.26,3.29,3.21,3.29,21683,0
20110819,3.25,3.26,3.21,3.25,32911,0
20110822,3.3,3.45,3.25,3.31,15044,0
20110823,3.3,3.45,3.25,3.35,18204,0
20110824,3.37,3.48,3.37,3.46,13218,0
20110825,3.4,3.46,3.4,3.46,10201,0
20110826,3.41,3.6,3.41,3.52,38773,0
20110829,3.54,3.72,3.51,3.71,38371,0
20110830,3.61,3.75,3.56,3.68,6679,0
20110831,3.66,3.86,3.52,3.78,44181,0
20110901,3.72,3.72,3.54,3.54,21437,0
20110902,3.54,3.54,3.3,3.38,11685,0
20110906,3.3,3.36,3.15,3.22,24131,0
20110907,3.26,3.5,3.26,3.43,21368,0
20110908,3.46,3.49,3.37,3.43,4183,0
20110909,3.38,3.38,3.2,3.25,14033,0
20110912,3.22,3.37,3.2,3.27,12970,0
20110913,3.27,3.3,3.23,3.3,3933,0
20110914,3.3,3.42,3.2,3.2,19724,0
20110915,3.2,3.23,3,3.15,31256,0
20110916,3.14,3.14,3,3,32631,0
20110919,3,3,2.84,2.9,15080,0
20110920,2.88,2.95,2.85,2.91,9538,0
20110921,2.94,2.94,2.81,2.85,14959,0
20110922,2.82,2.83,2.6,2.64,33053,0
20110923,2.67,2.77,2.67,2.73,19799,0
20110926,2.7,2.7,2.53,2.58,18159,0
20110927,2.48,2.68,2.31,2.51,52162,0
20110928,2.48,2.7,2.46,2.53,18309,0
20110929,2.47,2.68,2.47,2.61,19374,0
20110930,2.52,2.65,2.48,2.65,18892,0
20111003,2.6,2.64,2.53,2.54,35728,0
20111004,2.42,2.68,2.34,2.58,52613,0
20111005,2.63,2.76,2.63,2.72,19356,0
20111006,2.73,2.95,2.69,2.81,29021,0
20111007,2.8,2.8,2.63,2.7,6331,0
20111010,2.66,2.82,2.63,2.72,20309,0
20111011,2.72,2.82,2.72,2.81,2879,0
20111012,2.82,2.9,2.78,2.8,12821,0
20111013,2.8,2.83,2.75,2.79,5942,0
20111014,2.81,2.83,2.76,2.83,11060,0
20111017,2.76,2.82,2.75,2.82,13614,0
20111018,2.78,2.78,2.7,2.7,5085,0
20111019,2.73,2.77,2.63,2.63,4164,0
20111020,2.62,2.67,2.51,2.54,44690,0
20111021,2.52,2.65,2.52,2.65,21927,0
20111024,2.6,2.65,2.56,2.58,6928,0
20111025,2.56,2.62,2.53,2.62,18025,0
20111026,2.61,2.67,2.61,2.65,7100,0
20111027,2.67,2.96,2.66,2.8,32136,0
20111028,2.8,3.2,2.75,3.11,78841,0
20111031,2.95,3.13,2.95,3.08,5945,0
20111101,3.08,3.2,3.08,3.15,6713,0
20111102,3.16,3.16,2.92,2.92,12697,0
20111103,2.97,2.97,2.65,2.65,39911,0
20111104,2.62,2.88,2.62,2.8,37663,0
20111107,2.82,2.82,2.68,2.75,27731,0
20111108,2.72,2.75,2.65,2.67,19630,0
20111109,2.75,2.75,2.67,2.67,12716,0
20111110,2.6,2.63,2.55,2.55,23033,0
20111111,2.55,2.71,2.55,2.71,25985,0
20111114,2.72,2.78,2.7,2.78,11414,0
20111115,2.75,2.94,2.75,2.82,47490,0
20111116,2.7,2.79,2.63,2.77,39847,0
20111117,2.78,2.78,2.55,2.71,18927,0
20111118,2.69,2.69,2.55,2.6,29646,0
20111121,2.6,2.74,2.55,2.74,19123,0
20111122,2.7,2.78,2.67,2.67,42070,0
20111123,2.49,2.78,2.49,2.7,40246,0
20111125,2.73,2.89,2.73,2.82,18909,0
20111128,2.82,2.99,2.82,2.96,24951,0
20111129,2.96,2.96,2.81,2.81,4122,0
20111130,2.86,3,2.78,2.9,52182,0
20111201,2.89,2.89,2.61,2.7,12417,0
20111202,2.66,2.88,2.66,2.86,27887,0
20111205,2.85,2.85,2.75,2.83,31500,0
20111206,2.76,2.86,2.75,2.86,33606,0
20111207,2.88,2.9,2.83,2.9,23736,0
20111208,2.88,2.9,2.83,2.85,32468,0
20111209,2.85,2.95,2.83,2.95,71360,0
20111212,2.93,3,2.93,3,26066,0
20111213,2.98,3.03,2.93,3.03,50363,0
20111214,3,3,2.95,2.98,14371,0
20111215,3,3,2.82,2.88,11928,0
20111216,2.95,2.95,2.8,2.82,27837,0
20111219,2.77,2.81,2.6,2.61,43881,0
20111220,2.6,2.83,2.58,2.62,38354,0
20111221,2.55,2.88,2.55,2.88,32449,0
20111222,2.94,2.99,2.82,2.97,27989,0
20111223,2.98,2.98,2.81,2.98,29386,0
20111227,2.92,2.98,2.83,2.92,19895,0
20111228,2.92,2.96,2.82,2.9,15477,0
20111229,2.85,2.86,2.75,2.84,21507,0
20111230,2.75,2.95,2.75,2.95,37917,0
20120103,2.96,2.97,2.83,2.9,18372,0
20120104,2.93,2.95,2.7,2.75,18799,0
20120105,2.76,2.8,2.7,2.7,20516,0
20120106,2.72,2.72,2.62,2.68,41866,0
20120109,2.7,2.85,2.67,2.83,36567,0
20120110,2.89,2.95,2.85,2.95,18383,0
20120111,2.82,2.97,2.82,2.97,34239,0
20120112,2.93,3.25,2.9,3.16,169222,0
20120113,3.16,3.17,3.06,3.13,60861,0
20120117,3.1,3.17,3.05,3.16,52325,0
20120118,3.13,3.19,3.09,3.16,14864,0
20120119,3.16,3.2,3.12,3.12,52058,0
20120120,3.14,3.2,3.1,3.16,32754,0
20120123,3.2,3.24,3.11,3.14,32010,0
20120124,3.17,3.2,3.15,3.17,16299,0
20120125,3.15,3.21,3.15,3.21,10400,0
20120126,3.19,3.23,3.16,3.16,19109,0
20120127,3.11,3.28,3.03,3.13,72942,0
20120130,2.98,3.12,2.98,3.12,34728,0
20120131,3.14,3.14,3.06,3.14,10930,0
20120201,3.2,3.46,3.08,3.29,108175,0
20120202,3.21,3.21,2.95,3,172074,0
20120203,3,3.1,3,3.1,54161,0
20120206,3.09,3.09,3,3.02,30857,0
20120207,3,3.04,2.98,3.01,72160,0
20120208,2.99,3,2.97,3,12190,0
20120209,3,3,2.85,2.92,49016,0
20120210,2.85,2.92,2.74,2.75,251781,0
20120213,2.74,2.85,2.74,2.85,16060,0
20120214,2.86,2.89,2.72,2.77,32330,0
20120215,2.79,2.83,2.73,2.75,51344,0
20120216,2.73,2.74,2.7,2.71,44235,0
20120217,2.78,2.78,2.59,2.59,125052,0
20120221,2.56,2.66,2.56,2.64,37558,0
20120222,2.64,2.74,2.55,2.65,69505,0
20120223,2.6,2.62,2.5,2.58,77593,0
20120224,2.49,2.54,2.2,2.5,370479,0
20120227,2.45,2.51,2.4,2.48,53964,0
20120228,2.5,2.52,2.4,2.43,104498,0
20120229,2.5,2.5,2.4,2.4,118373,0
20120301,2.42,2.46,2.4,2.41,31254,0
20120302,2.42,2.5,2.42,2.45,37907,0
20120305,2.46,2.5,2.45,2.45,21164,0
20120306,2.42,2.48,2.4,2.46,80599,0
20120307,2.47,2.56,2.46,2.52,85381,0
20120308,2.35,2.6,2.35,2.55,106227,0
20120309,2.54,2.82,2.54,2.7,88259,0
20120312,2.71,2.76,2.6,2.63,122806,0
20120313,2.66,2.66,2.48,2.56,64426,0
20120314,2.54,2.6,2.47,2.57,43398,0
20120315,2.53,2.61,2.43,2.45,39192,0
20120316,2.49,2.62,2.38,2.62,339928,0
20120319,2.57,2.61,2.45,2.56,50027,0
20120320,2.54,2.58,2.43,2.47,28081,0
20120321,2.49,2.6,2.45,2.55,28381,0
20120322,2.5,2.59,2.45,2.5,25691,0
20120323,2.51,2.6,2.46,2.46,24158,0
20120326,2.46,2.57,2.46,2.46,24615,0
20120327,2.44,2.51,2.43,2.5,16083,0
20120328,2.47,2.53,2.47,2.5,12300,0
20120329,2.42,2.53,2.37,2.37,73815,0
20120330,2.44,2.45,2.35,2.38,62715,0
20120402,2.49,2.49,2.35,2.45,36222,0
20120403,2.5,2.51,2.4,2.49,24187,0
20120404,2.46,2.46,2.4,2.4,36210,0
20120405,2.4,2.41,2.35,2.36,51865,0
20120409,2.4,2.41,2.36,2.4,25692,0
20120410,2.46,2.46,2.25,2.29,111441,0
20120411,2.32,2.4,2.25,2.31,40045,0
20120412,2.36,2.39,2.09,2.25,62201,0
20120413,2.28,2.28,2.04,2.12,75207,0
20120416,2.1,2.21,2.1,2.15,21196,0
20120417,2.13,2.38,2.06,2.09,87377,0
20120418,2.06,2.09,2,2.03,45588,0
20120419,2.03,2.1,1.99,2.03,79262,0
20120420,2.05,2.05,1.95,1.98,42623,0
20120423,1.96,2.04,1.96,2,28021,0
20120424,2,2.02,1.98,2,22367,0
20120425,2.02,2.02,2,2,23389,0
20120426,1.97,2.01,1.96,1.99,21535,0
20120427,1.96,2.01,1.9,1.93,54381,0
20120430,2,2.2,2,2.1,80289,0
20120501,2.12,2.2,2.12,2.17,39021,0
20120502,2.19,2.25,2.15,2.23,30815,0
20120503,2.2,2.35,2.2,2.23,71810,0
20120504,2.27,2.29,2.23,2.25,29320,0
20120507,2.25,2.28,2.02,2.14,35868,0
20120508,2.14,2.21,2.06,2.13,16829,0
20120509,2.17,2.22,2.14,2.19,28330,0
20120510,2.18,2.25,2.11,2.19,24059,0
20120511,2.2,2.24,2.12,2.12,15404,0
20120514,2.1,2.24,2.1,2.12,35592,0
20120515,2.1,2.15,2.07,2.07,14943,0
20120516,2.05,2.14,2.05,2.09,10235,0
20120517,2.07,2.1,2.03,2.09,14730,0
20120518,2.1,2.14,1.96,2.13,55705,0
20120521,2.09,2.15,2.04,2.15,27768,0
20120522,2.15,2.16,1.96,1.98,43013,0
20120523,1.97,2.02,1.97,2.01,11433,0
20120524,2,2.02,1.99,2.01,53458,0
20120525,1.99,2.07,1.99,2.02,30290,0
20120529,1.99,2.14,1.99,2.07,17261,0
20120530,2.04,2.2,2.03,2.14,16529,0
20120531,2.2,2.34,2.15,2.15,24598,0
20120601,2.13,2.22,2.09,2.18,29811,0
20120604,2.14,2.2,2.14,2.19,19640,0
20120605,2.15,2.2,2.11,2.15,52794,0
20120606,2.16,2.28,2.15,2.26,16025,0
20120607,2.23,2.3,2.13,2.23,28992,0
20120608,2.13,2.19,2.06,2.16,73675,0
20120611,2.11,2.13,2,2.07,20300,0
20120612,2.1,2.14,2.01,2.03,31271,0
20120613,2.03,2.1,2.03,2.05,16800,0
20120614,2.01,2.1,2,2.02,23711,0
20120615,2.02,2.02,1.98,1.98,28634,0
20120618,2.01,2.05,1.98,2,26577,0
20120619,2.02,2.2,2.02,2.12,900086,0
20120620,2.12,2.12,2.04,2.1,47793,0
20120621,2.09,2.1,2.07,2.07,5298,0
20120622,2.08,2.14,2,2.14,31123,0
20120625,2,2.15,2,2.14,27268,0
20120626,2.1,2.15,2,2.13,35500,0
20120627,2.11,2.19,2.05,2.13,44837,0
20120628,2.11,2.2,2,2.15,43352,0
20120629,2.18,2.2,2.14,2.2,18183,0
20120702,2.15,2.26,2.05,2.05,40672,0
20120703,2.1,2.19,2.1,2.12,202170,0
20120705,2.15,2.2,2.06,2.09,53049,0
20120706,2.11,2.15,2.1,2.15,27595,0
20120709,2.1,2.23,2.05,2.18,34836,0
20120710,2.14,2.26,2.03,2.03,55321,0
20120711,2,2.1,1.96,2.07,46121,0
20120712,2.06,2.23,2.06,2.21,34697,0
20120713,2.2,2.37,2.2,2.37,43329,0
20120716,2.37,2.41,2.28,2.35,32200,0
20120717,2.29,2.35,2.2,2.26,38601,0
20120718,2.19,2.29,2.18,2.2,18390,0
20120719,2.22,2.27,2.22,2.22,24700,0
20120720,2.22,2.27,2.22,2.24,18342,0
20120723,2.17,2.27,2.17,2.27,14618,0
20120724,2.25,2.3,2.21,2.25,29785,0
20120725,2.25,2.29,2.23,2.25,15905,0
20120726,2.22,2.28,2.07,2.25,27800,0
20120727,2.24,2.27,2.21,2.22,20695,0
20120730,2.22,2.24,2.21,2.22,13500,0
20120731,2.22,2.24,2.21,2.23,19307,0
20120801,2.21,2.27,2.21,2.25,16461,0
20120802,2.21,2.26,2.2,2.2,15997,0
20120803,2.21,2.32,2.21,2.24,24930,0
20120806,2.22,2.32,2.21,2.25,11980,0
20120807,2.22,2.33,2.22,2.25,12158,0
20120808,2.31,2.31,2.18,2.3,47554,0
20120809,2.26,2.28,2.2,2.27,21946,0
20120810,2.24,2.24,2.14,2.14,430335,0
20120813,2.14,2.18,2.08,2.08,20703,0
20120814,2.15,2.2,2.06,2.06,22523,0
20120815,2.06,2.15,2.05,2.09,19019,0
20120816,2.05,2.16,2.05,2.16,14721,0
20120817,2.13,2.15,2.05,2.05,21027,0
20120820,2.04,2.13,2.04,2.12,16312,0
20120821,2.11,2.12,2.06,2.06,22945,0
20120822,2.05,2.12,2.01,2.07,58225,0
20120823,2.03,2.06,1.97,1.97,39204,0
20120824,2.01,2.01,1.98,1.99,3500,0
20120827,1.96,1.96,1.9,1.94,23983,0
20120828,1.91,1.91,1.77,1.8,61505,0
20120829,1.77,1.8,1.5,1.57,157756,0
20120830,1.48,1.59,1.48,1.53,53621,0
20120831,1.5,1.55,1.44,1.48,66647,0
20120904,1.52,1.63,1.52,1.59,34455,0
20120905,1.55,1.63,1.55,1.61,23266,0
20120906,1.61,1.65,1.55,1.56,13750,0
20120907,1.57,1.63,1.57,1.59,10178,0
20120910,1.61,1.63,1.4,1.62,23883,0
20120911,1.61,2.05,1.61,1.87,111388,0
20120912,1.89,1.94,1.83,1.9,17022,0
20120913,1.88,1.92,1.86,1.9,33263,0
20120914,1.9,1.98,1.87,1.98,34370,0
20120917,1.96,1.98,1.93,1.98,6800,0
20120918,1.95,1.98,1.93,1.98,21775,0
20120919,1.96,1.99,1.95,1.99,38842,0
20120920,1.97,1.98,1.8,1.91,34873,0
20120921,1.99,1.99,1.92,1.92,19646,0
20120924,1.92,1.95,1.91,1.95,6660,0
20120925,1.92,1.98,1.92,1.96,12746,0
20120926,1.96,1.96,1.91,1.93,10815,0
20120927,1.92,1.93,1.78,1.8,27633,0
20120928,1.86,1.98,1.79,1.98,41500,0
20121001,1.98,1.98,1.86,1.88,19010,0
20121002,1.88,1.94,1.88,1.88,13941,0
20121003,1.88,1.96,1.8,1.96,19364,0
20121004,1.94,1.96,1.84,1.84,4592,0
20121005,1.83,1.87,1.8,1.8,13679,0
20121008,1.8,1.8,1.68,1.73,27427,0
20121009,1.7,1.71,1.66,1.66,6120,0
20121010,1.64,1.64,1.62,1.63,300,0
20121011,1.65,1.67,1.61,1.61,9571,0
20121012,1.63,1.7,1.6,1.6,5100,0
20121015,1.6,1.6,1.45,1.5,30831,0
20121016,1.52,1.55,1.51,1.52,9191,0
20121017,1.51,1.66,1.51,1.63,34397,0
20121018,1.56,1.6,1.52,1.53,50898,0
20121019,1.51,1.58,1.49,1.51,15393,0
20121022,1.49,1.57,1.48,1.57,6026,0
20121023,1.58,1.59,1.57,1.58,10875,0
20121024,1.58,1.58,1.5,1.58,17096,0
20121025,1.62,1.63,1.51,1.62,6850,0
20121026,1.6,1.73,1.57,1.7,37931,0
20121031,1.65,1.8,1.62,1.64,36815,0
20121101,1.62,1.7,1.62,1.7,8509,0
20121102,1.7,1.77,1.63,1.77,17100,0
20121105,1.81,1.87,1.77,1.8,25239,0
20121106,1.76,1.78,1.66,1.78,25508,0
20121107,1.65,1.77,1.64,1.69,24250,0
20121108,1.65,1.8,1.63,1.7,18320,0
20121109,1.7,1.71,1.66,1.7,7700,0
20121112,1.68,1.68,1.62,1.62,12200,0
20121113,1.65,1.7,1.62,1.62,47000,0
20121114,1.65,1.69,1.55,1.55,21395,0
20121115,1.61,1.65,1.48,1.48,13830,0
20121116,1.47,1.47,1.15,1.37,57500,0
20121119,1.35,1.45,1.35,1.45,19458,0
20121120,1.41,1.49,1.36,1.48,21694,0
20121121,1.49,1.5,1.46,1.48,12437,0
20121123,1.46,1.5,1.44,1.5,9947,0
20121126,1.46,1.52,1.46,1.52,6672,0
20121127,1.49,1.55,1.45,1.5,20242,0
20121128,1.5,1.54,1.42,1.46,8791,0
20121129,1.47,1.49,1.37,1.43,17166,0
20121130,1.41,1.47,1.31,1.47,36603,0
20121203,1.45,1.51,1.33,1.47,48822,0
20121204,1.47,1.47,1.4,1.4,31700,0
20121205,1.37,1.41,1.32,1.32,31184,0
20121206,1.3,1.32,1.27,1.27,37788,0
20121207,1.27,1.31,1.27,1.27,19699,0
20121210,1.27,1.3,1.24,1.25,33417,0
20121211,1.22,1.24,1.15,1.19,88579,0
20121212,1.15,1.25,1.12,1.25,67187,0
20121213,1.27,1.4,1.26,1.4,37131,0
20121214,1.35,1.42,1.35,1.4,45253,0
20121217,1.38,1.53,1.32,1.52,38539,0
20121218,1.5,1.52,1.49,1.49,31010,0
20121219,1.48,1.5,1.37,1.44,31841,0
20121220,1.45,1.55,1.44,1.55,60464,0
20121221,1.54,1.6,1.46,1.6,28227,0
20121224,1.58,1.58,1.48,1.48,14500,0
20121226,1.46,1.52,1.4,1.5,39054,0
20121227,1.5,1.51,1.5,1.5,81542,0
20121228,1.5,1.5,1.45,1.49,31918,0
20121231,1.37,1.66,1.28,1.66,136879,0
20130102,1.7,1.72,1.6,1.7,27750,0
20130103,1.7,1.72,1.69,1.7,9967,0
20130104,1.75,1.9,1.75,1.79,79648,0
20130107,1.88,1.9,1.84,1.86,119642,0
20130108,1.86,1.88,1.86,1.88,32533,0
20130109,1.88,1.9,1.86,1.88,13904,0
20130110,1.86,1.9,1.85,1.9,59820,0
20130111,1.9,1.99,1.9,1.98,42206,0
20130114,2,2.04,1.93,2.04,43192,0
20130115,2.05,2.05,2,2.01,35696,0
20130116,1.97,1.97,1.79,1.82,23491,0
20130117,1.85,1.85,1.84,1.85,8742,0
20130118,1.86,1.86,1.64,1.71,56168,0
20130122,1.75,1.77,1.65,1.65,53056,0
20130123,1.67,2.28,1.67,2,482548,0
20130124,1.99,2.08,1.95,2.08,51748,0
20130125,2.02,2.1,1.99,2.01,37625,0
20130128,2,2.04,1.98,2.04,23606,0
20130129,2.06,2.07,1.97,2.03,216200,0
20130130,2.04,2.05,1.97,2.02,17751,0
20130131,2.05,2.05,1.95,2.04,15665,0
20130201,2,2.06,1.98,2.05,19436,0
20130204,2.06,2.1,1.98,2.06,120967,0
20130205,2.03,2.03,2,2.02,25417,0
20130206,1.98,2.12,1.98,2.11,162895,0
20130207,2.09,2.45,2.09,2.39,80694,0
20130208,2.4,2.6,2.4,2.57,127908,0
20130211,2.6,3.08,2.6,2.98,249292,0
20130212,3.09,3.09,2.7,2.86,127944,0
20130213,2.84,2.85,2.7,2.82,55513,0
20130214,2.75,2.75,2.5,2.62,43218,0
20130215,2.62,2.62,2.4,2.53,56270,0
20130219,2.53,2.73,2.5,2.73,60820,0
20130220,2.74,2.85,2.74,2.84,79357,0
20130221,2.84,2.9,2.76,2.9,24385,0
20130222,2.85,2.9,2.84,2.9,10681,0
20130225,2.84,2.9,2.6,2.64,36783,0
20130226,2.66,2.74,2.66,2.73,8431,0
20130227,2.77,2.79,2.75,2.76,39853,0
20130228,2.79,3,2.67,2.81,84689,0
20130301,2.76,2.8,2.75,2.75,19768,0
20130304,2.79,2.87,2.78,2.79,50287,0
20130305,2.77,2.81,2.75,2.75,29957,0
20130306,2.69,2.72,2.63,2.71,31849,0
20130307,2.67,2.69,2.64,2.65,34817,0
20130308,2.61,2.61,2.55,2.58,19210,0
20130311,2.6,2.6,2.47,2.56,20952,0
20130312,2.47,2.56,2.47,2.55,29165,0
20130313,2.54,2.54,2.39,2.42,25500,0
20130314,2.45,2.57,2.33,2.5,58336,0
20130315,2.48,2.55,2.44,2.44,181079,0
20130318,2.43,2.43,2.2,2.24,61785,0
20130319,2.2,2.27,2.17,2.18,24954,0
20130320,2.18,2.23,2.15,2.22,49030,0
20130321,2.21,2.23,2.2,2.23,7920,0
20130322,2.18,2.2,2.15,2.15,4279,0
20130325,2.22,2.22,2.11,2.11,22526,0
20130326,2.11,2.11,2.01,2.01,23091,0
20130327,2.08,2.21,2.07,2.15,62357,0
20130328,2.2,2.48,2.19,2.48,51965,0
20130401,2.4,2.42,2.28,2.36,109620,0
20130402,2.32,2.48,2.32,2.43,40753,0
20130403,2.44,2.44,2.38,2.42,7441,0
20130404,2.43,2.47,2.43,2.47,16245,0
20130405,2.42,2.48,2.37,2.48,20720,0
20130408,2.5,2.5,2.4,2.43,70431,0
20130409,2.43,2.5,2.43,2.44,97798,0
20130410,2.38,2.5,2.38,2.45,108555,0
20130411,2.42,2.43,2.4,2.41,7919,0
20130412,2.41,2.42,2.37,2.4,146586,0
20130415,2.44,2.46,2.39,2.42,30515,0
20130416,2.41,2.42,2.4,2.41,124450,0
20130417,2.4,2.41,2.4,2.41,855,0
20130418,2.42,2.44,2.25,2.28,37696,0
20130419,2.27,2.33,2.26,2.33,18138,0
20130422,2.36,2.36,2.25,2.27,27940,0
20130423,2.25,2.35,2.24,2.3,4921,0
20130424,2.28,2.33,2.28,2.32,6715,0
20130425,2.31,2.33,2.31,2.33,7900,0
20130426,2.34,2.42,2.32,2.35,22807,0
20130429,2.32,2.4,2.32,2.37,17326,0
20130430,2.36,2.42,2.36,2.41,28986,0
20130501,2.4,2.42,2.34,2.34,99742,0
20130502,2.32,2.4,2.31,2.39,4811,0
20130503,2.44,2.44,2.31,2.4,58263,0
20130506,2.4,2.4,2.36,2.37,3778,0
20130507,2.38,2.41,2.38,2.4,19967,0
20130508,2.4,2.42,2.4,2.4,42283,0
20130509,2.38,2.42,2.38,2.41,26619,0
20130510,2.39,2.43,2.39,2.39,12840,0
20130513,2.39,2.39,2.35,2.36,7875,0
20130514,2.36,2.38,2.28,2.31,11529,0
20130515,2.28,2.3,2.25,2.25,19970,0
20130516,2.27,2.31,2.23,2.27,28701,0
20130517,2.25,2.3,2.25,2.3,32656,0
20130520,2.3,2.38,2.3,2.37,23576,0
20130521,2.4,2.43,2.37,2.4,50517,0
20130522,2.42,2.45,2.4,2.41,77752,0
20130523,2.5,2.51,2.39,2.41,118874,0
20130524,2.44,2.45,2.33,2.38,55399,0
20130528,2.39,2.42,2.39,2.41,78703,0
20130529,2.43,2.44,2.36,2.41,23844,0
20130530,2.4,2.42,2.28,2.29,23665,0
20130531,2.3,2.36,2.3,2.32,37358,0
20130603,2.37,2.42,2.33,2.42,57946,0
20130604,2.47,2.47,2.41,2.41,207790,0
20130605,2.42,2.43,2.4,2.42,244919,0
20130606,2.44,2.45,2.25,2.25,200607,0
20130607,2.3,2.37,2.29,2.35,55824,0
20130610,2.37,2.41,2.37,2.41,10200,0
20130611,2.39,2.4,2.3,2.37,134704,0
20130612,2.4,2.4,2.37,2.37,257183,0
20130613,2.4,2.4,2.28,2.28,23119,0
20130614,2.28,2.35,2.26,2.35,18154,0
20130617,2.34,2.36,2.22,2.22,35733,0
20130618,2.25,2.29,2.23,2.29,21382,0
20130619,2.25,2.25,2.16,2.18,47470,0
20130620,2.2,2.2,2.1,2.1,20530,0
20130621,2.12,2.12,2,2.12,36383,0
20130624,2.1,2.35,2.1,2.2,94743,0
20130625,2.18,2.18,2,2.09,118402,0
20130626,2.14,2.38,2.1,2.35,49616,0
20130627,2.36,2.44,2.34,2.4,118440,0
20130628,2.4,2.48,2.4,2.48,77874,0
20130701,2.45,2.45,2.4,2.41,219611,0
20130702,2.45,2.47,2.44,2.44,181110,0
20130703,2.46,2.46,2.34,2.35,143531,0
20130705,2.31,2.4,2.3,2.37,40044,0
20130708,2.37,2.39,2.32,2.32,21654,0
20130709,2.36,2.38,2.3,2.31,10790,0
20130710,2.31,2.36,2.31,2.35,44394,0
20130711,2.38,2.38,2.33,2.35,203144,0
20130712,2.3,2.49,2.3,2.44,153016,0
20130715,2.48,2.54,2.43,2.5,306451,0
20130716,2.5,2.5,2.36,2.44,101403,0
20130717,2.35,2.5,2.3,2.44,48810,0
20130718,2.44,2.46,2.36,2.44,33514,0
20130719,2.43,2.45,2.43,2.44,16326,0
20130722,2.47,2.74,2.47,2.72,988794,0
20130723,2.75,3,2.7,2.99,280754,0
20130724,3,3,2.9,2.97,44561,0
20130725,3,3,2.86,2.91,56497,0
20130726,2.9,3.25,2.83,3.17,277236,0
20130729,3.25,3.69,3.25,3.62,394288,0
20130730,3.58,3.61,3.4,3.44,249786,0
20130731,3.32,3.46,3.11,3.44,193450,0
20130801,3.59,3.69,3.44,3.6,171650,0
20130802,3.44,3.9,3.44,3.88,293469,0
20130805,3.77,4.09,3.77,3.98,318199,0
20130806,4,4,3.8,3.88,234234,0
20130807,3.95,4.22,3.9,4.05,248328,0
20130808,4.1,4.22,3.92,4.15,199819,0
20130809,4.24,4.3,4.08,4.08,210883,0
20130812,4.03,4.03,3.56,3.88,361429,0
20130813,3.95,3.95,3.56,3.78,210687,0
20130814,3.8,3.89,3.43,3.52,161775,0
20130815,3.53,3.53,3.3,3.34,102134,0
20130816,3.33,3.48,3.08,3.16,123767,0
20130819,3.31,3.54,3.31,3.47,249706,0
20130820,3.53,3.8,3.5,3.74,165754,0
20130821,3.81,4,3.81,3.93,159885,0
20130822,3.93,4.09,3.85,3.9,116817,0
20130823,3.97,3.99,3.72,3.81,225774,0
20130826,3.8,3.89,3.61,3.73,81143,0
20130827,3.65,3.8,3.52,3.66,26919,0
20130828,3.55,3.65,3.43,3.65,91467,0
20130829,3.65,3.75,3.51,3.58,56770,0
20130830,3.64,3.75,3.46,3.46,44770,0
20130903,3.51,3.75,3.5,3.5,33705,0
20130904,3.6,3.65,3.51,3.54,37605,0
20130905,3.55,3.65,3.5,3.6,59529,0
20130906,3.6,3.6,3.5,3.5,22073,0
20130909,3.5,3.71,3.49,3.71,131391,0
20130910,3.86,3.9,3.76,3.81,54278,0
20130911,3.81,3.89,3.74,3.85,15489,0
20130912,3.86,3.9,3.69,3.83,51387,0
20130913,3.82,3.9,3.71,3.86,42288,0
20130916,4,4,3.8,3.8,43714,0
20130917,3.81,3.95,3.8,3.91,45945,0
20130918,3.89,3.9,3.79,3.81,63899,0
20130919,3.83,3.89,3.78,3.89,13131,0
20130920,3.93,4.44,3.9,4.12,1036343,0
20130923,4.14,4.44,4.02,4.3,303037,0
20130924,4.3,4.43,4.03,4.15,178161,0
20130925,4.25,4.25,3.92,4.05,73473,0
20130926,4.05,4.25,4,4.07,110093,0
20130927,4,4.02,3.39,3.86,297342,0
20130930,3.8,3.88,3.6,3.76,107637,0
20131001,3.75,4.05,3.64,3.88,103022,0
20131002,3.83,4,3.75,3.76,136224,0
20131003,3.7,3.7,3.5,3.69,105593,0
20131004,3.69,3.76,3.5,3.68,98830,0
20131007,3.64,3.72,3.5,3.71,49968,0
20131008,3.66,3.89,3.55,3.64,74474,0
20131009,3.64,3.73,3.51,3.61,84762,0
20131010,3.63,3.95,3.63,3.95,84510,0
20131011,3.88,4,3.77,3.9,107052,0
20131014,3.63,4.18,3.6,4.07,317217,0
20131015,4.07,4.08,3.76,3.77,70972,0
20131016,3.75,3.95,3.75,3.8,56654,0
20131017,3.92,3.96,3.72,3.8,73729,0
20131018,3.84,3.9,3.76,3.76,17247,0
20131021,3.77,3.94,3.65,3.87,53824,0
20131022,3.82,4.1,3.75,4.04,99673,0
20131023,4,4.05,3.95,4.04,371172,0
20131024,4.01,4.05,3.98,4.04,27034,0
20131025,4.04,4.35,3.98,4.13,189685,0
20131028,4.13,4.24,4.05,4.23,45306,0
20131029,4.19,4.3,4.15,4.3,55808,0
20131030,4.23,4.3,4.21,4.25,95817,0
20131031,4.25,4.3,4.25,4.25,39400,0
20131101,4.21,4.3,4.21,4.26,50565,0
20131104,4.29,4.69,4.25,4.6,390579,0
20131105,4.65,4.79,4.48,4.48,250921,0
20131106,4.48,4.56,4.25,4.28,153649,0
20131107,4.74,4.84,4.45,4.84,289128,0
20131108,4.95,5.48,4.95,5.4,534003,0
20131111,5.51,5.79,5.29,5.73,453094,0
20131112,5.79,6,5.41,5.97,320565,0
20131113,6,6.44,5.89,6.4,736848,0
20131114,6.5,6.71,6.22,6.31,311738,0
20131115,6.31,6.47,6.07,6.2,284315,0
20131118,6.27,6.47,6.2,6.23,173147,0
20131119,6.2,6.48,5.95,5.95,385048,0
20131120,6,6.13,5.71,5.95,231145,0
20131121,5.95,6.1,5.83,6.05,168156,0
20131122,6.1,6.64,6.1,6.52,578184,0
20131125,6.6,6.61,6.3,6.38,231664,0
20131126,6.45,6.5,6.28,6.37,96446,0
20131127,6.46,6.46,6.12,6.39,138962,0
20131129,6.39,6.39,6.07,6.21,85807,0
20131202,6.22,6.22,5.85,5.92,224584,0
20131203,6,6,5.65,5.78,172910,0
20131204,5.66,6.03,5.61,5.84,107731,0
20131205,5.83,6.2,5.77,6.15,88501,0
20131206,6.16,6.25,5.86,6.25,118490,0
20131209,6.09,6.13,5.91,6.04,140851,0
20131210,5.97,5.99,5.52,5.99,276450,0
20131211,5.93,5.97,5.72,5.79,128191,0
20131212,6,6,5.64,5.86,116489,0
20131213,5.81,6.17,5.75,6.17,83871,0
20131216,6.14,6.89,5.92,6.89,526904,0
20131217,6.9,6.98,6.67,6.96,380678,0
20131218,6.9,6.97,6.16,6.39,299191,0
20131219,6.38,6.67,6.24,6.6,102810,0
20131220,6.94,6.94,6.65,6.81,176689,0
20131223,7.08,7.22,6.71,6.95,368989,0
20131224,7,7.01,6.92,6.92,50585,0
20131226,7,7.06,6.84,6.93,105641,0
20131227,6.93,6.95,6.75,6.76,82424,0
20131230,6.59,6.83,6.5,6.74,146488,0
20131231,6.69,6.94,6.66,6.8,113728,0
20140102,6.72,7.13,6.51,6.97,528291,0
20140103,7.03,7.14,6.75,6.84,281946,0
20140106,6.75,6.88,6.31,6.43,226670,0
20140107,6.5,6.75,6.45,6.73,162450,0
20140108,6.74,7.05,6.61,7,150288,0
20140109,7,7.1,6.83,6.96,192763,0
20140110,7.02,7.07,6.96,7.07,79253,0
20140113,7.08,7.71,7.05,7.31,553333,0
20140114,7.25,8.05,7.25,7.6,534160,0
20140115,7.52,7.95,7.52,7.95,315409,0
20140116,8,8.11,7.25,7.74,371947,0
20140117,7.63,7.87,7.33,7.35,267885,0
20140121,7.35,7.39,6.46,6.86,637523,0
20140122,6.67,6.94,6.03,6.69,356484,0
20140123,6.56,6.81,6.46,6.56,194028,0
20140124,6.51,6.59,6.01,6.02,345280,0
20140127,6.08,6.84,6.01,6.17,265192,0
20140128,6.14,6.38,6.02,6.37,148369,0
20140129,6.21,6.5,6.1,6.24,180125,0
20140130,6.35,6.36,6.2,6.33,112443,0
20140131,6.18,6.7,6.18,6.59,160923,0
20140203,6.6,6.6,6.18,6.27,207177,0
20140204,6.18,6.2,5.87,6.18,370467,0
20140205,6.19,6.23,5.87,5.95,496844,0
20140206,4.85,5.43,4.71,4.85,1286954,0
20140207,5.08,5.2,4.91,5,599401,0
20140210,5,5.12,4.86,5,212646,0
20140211,5.04,5.11,4.96,5.11,412343,0
20140212,5.48,5.97,5.48,5.71,544796,0
20140213,5.64,5.85,5.57,5.63,333490,0
20140214,5.54,5.64,5.46,5.5,203227,0
20140218,5.5,5.64,5.38,5.57,78385,0
20140219,5.47,5.53,5.4,5.4,97089,0
20140220,5.25,5.6,5.25,5.43,93710,0
20140221,5.38,5.53,5.35,5.38,50104,0
20140224,5.34,5.36,4.86,5.02,313975,0
20140225,5.5,6.05,5.5,5.67,763517,0
20140226,5.6,5.8,5.51,5.69,348290,0
20140227,5.79,5.8,5.41,5.44,130551,0
20140228,5.44,5.72,5.44,5.53,187094,0
20140303,5.28,5.64,5.23,5.63,124859,0
20140304,5.74,5.92,5.48,5.83,216103,0
20140305,5.81,6.29,5.78,6.2,270516,0
20140306,6.27,6.49,6.27,6.44,288310,0
20140307,6.5,6.61,6.3,6.3,198391,0
20140310,6.25,6.46,6.2,6.3,91081,0
20140311,6.41,6.5,6.27,6.38,198294,0
20140312,6.4,6.43,6.3,6.33,217535,0
20140313,6.39,6.39,6.3,6.32,172725,0
20140314,6.3,6.4,6.22,6.33,120242,0
20140317,6.3,6.53,6.3,6.46,76352,0
20140318,6.46,6.55,6.46,6.54,91124,0
20140319,6.5,6.58,6.39,6.4,140134,0
20140320,6.39,6.55,6.37,6.55,77676,0
20140321,6.49,6.76,6.45,6.73,161158,0
20140324,6.81,6.81,6.39,6.54,214124,0
20140325,6.55,6.65,6.44,6.44,49875,0
20140326,6.56,7.11,6.56,6.7,326100,0
20140327,6.64,6.82,6.51,6.6,121209,0
20140328,6.67,7.12,6.67,7.02,729879,0
20140331,7.05,7.36,7.02,7.25,335057,0
20140401,7.25,7.29,7.06,7.23,205250,0
20140402,7.25,7.42,7.12,7.39,185637,0
20140403,6.83,7.09,6.36,7.09,179379,0
20140404,7.02,7.07,6.53,6.63,140077,0
20140407,6.51,6.58,6.07,6.11,112836,0
20140408,6.04,6.29,5.91,6.03,128761,0
20140409,5.96,6.07,5.91,6.07,137116,0
20140410,6.03,6.08,5.91,5.99,113651,0
20140411,5.91,6,5.71,5.82,212670,0
20140414,5.79,5.81,5.37,5.45,235316,0
20140415,5.53,5.57,5.24,5.42,92289,0
20140416,6.18,6.18,5.39,5.53,56778,0
20140417,5.59,5.59,5.35,5.56,59386,0
20140421,5.54,5.94,5.45,5.78,81181,0
20140422,5.69,5.83,5.37,5.47,139546,0
20140423,5.5,5.57,5.31,5.47,82225,0
20140424,5.48,5.72,5.3,5.57,64949,0
20140425,5.58,5.72,5.33,5.39,49521,0
20140428,5.38,5.4,5.2,5.21,59906,0
20140429,5.21,5.35,5.06,5.24,65274,0
20140430,5.19,5.37,5.15,5.3,79293,0
20140501,5.32,5.4,5.05,5.19,66577,0
20140502,5.26,5.51,5.21,5.39,86063,0
20140505,5.34,5.46,5.24,5.34,53182,0
20140506,5.34,5.4,5.24,5.25,77500,0
20140507,5.3,5.41,4.86,4.9,171735,0
20140508,4.95,5.09,4.39,4.64,273162,0
20140509,4.4,4.73,4.2,4.73,121317,0
20140512,4.6,4.74,4.43,4.66,290643,0
20140513,4.08,5,4,4.76,681274,0
20140514,4.67,4.84,4.51,4.52,133722,0
20140515,4.53,4.53,4.16,4.2,181789,0
20140516,4.26,4.31,4.15,4.18,181560,0
20140519,4.31,4.35,4.24,4.3,376472,0
20140520,4.33,4.59,4.18,4.2,352314,0
20140521,4.26,5.15,4.26,4.87,314480,0
20140522,4.92,5,4.67,4.7,147071,0
20140523,4.73,5.09,4.61,4.98,73171,0
20140527,5.05,5.05,4.73,4.73,153322,0
20140528,4.72,4.9,4.72,4.76,86357,0
20140529,4.84,4.85,4.68,4.7,76741,0
20140530,4.72,4.79,4.38,4.4,176851,0
20140602,4.34,4.34,4.14,4.26,184251,0
20140603,4.18,4.26,4.05,4.08,109248,0
20140604,4.02,4.1,4,4.06,133352,0
20140605,4.1,4.11,4.01,4.07,89620,0
20140606,4.03,4.28,4.02,4.2,136082,0
20140609,4.22,4.32,4.18,4.18,82106,0
20140610,4.2,4.2,4.09,4.14,49168,0
20140611,4.14,4.14,4.03,4.08,46178,0
20140612,4.1,4.15,3.85,3.94,133340,0
20140613,3.92,3.95,3.75,3.85,153642,0
20140616,3.86,4.03,3.83,3.9,74215,0
20140617,3.96,4.13,3.92,4.01,61849,0
20140618,4.07,4.12,4,4.05,16177,0
20140619,4.05,4.39,4.05,4.2,100392,0
20140620,4.27,4.27,4.14,4.14,38443,0
20140623,4.15,4.21,4.11,4.11,53178,0
20140624,4.11,4.19,4.11,4.16,68351,0
20140625,4.16,4.26,4.09,4.26,85871,0
20140626,4.4,4.44,4.2,4.2,96524,0
20140627,4.11,4.29,3.98,3.98,135995,0
20140630,4.04,4.21,4.01,4.07,76008,0
20140701,4.12,4.3,4.12,4.2,36911,0
20140702,4.16,4.45,4.16,4.35,93100,0
20140703,4.43,4.54,4.25,4.25,67209,0
20140707,4.43,4.49,4.26,4.33,71272,0
20140708,4.33,4.39,4.07,4.15,113090,0
20140709,4.13,4.25,4,4.25,106287,0
20140710,4.15,4.27,4.11,4.12,32835,0
20140711,4.16,4.27,4.15,4.2,38020,0
20140714,4.22,4.37,4.16,4.33,97084,0
20140715,4.36,4.43,4.3,4.35,65233,0
20140716,4.4,4.5,4.33,4.33,88709,0
20140717,4.35,4.39,4.3,4.3,47955,0
20140718,4.36,4.43,4.25,4.33,67424,0
20140721,4.35,4.38,4.26,4.3,30097,0
20140722,4.33,4.38,4.33,4.33,19819,0
20140723,4.35,4.47,4.33,4.36,50553,0
20140724,4.35,4.72,4.32,4.68,99191,0
20140725,4.66,4.7,4.5,4.5,106687,0
20140728,4.51,4.56,4.35,4.46,54275,0
20140729,4.42,4.54,4.42,4.47,26127,0
20140730,4.49,4.56,4.42,4.45,58491,0
20140731,4.36,4.4,4.17,4.21,75596,0
20140801,4.23,4.26,4.16,4.17,36459,0
20140804,4.17,4.51,4.17,4.33,179011,0
20140805,4.15,5,4.05,4.99,381045,0
20140806,4.82,5.18,4.8,5.05,235356,0
20140807,5.01,5.23,5,5.23,150496,0
20140808,5.25,5.29,5.11,5.24,92131,0
20140811,5.21,5.36,5.03,5.11,63192,0
20140812,5.1,5.19,4.8,4.94,106568,0
20140813,5,5,4.76,4.91,88428,0
20140814,4.9,4.95,4.84,4.95,52345,0
20140815,4.95,4.95,4.75,4.84,46252,0
20140818,4.83,4.92,4.77,4.87,40920,0
20140819,4.92,4.92,4.7,4.79,58109,0
20140820,4.72,4.81,4.68,4.78,41411,0
20140821,4.76,4.82,4.66,4.82,52808,0
20140822,4.79,4.79,4.68,4.78,44785,0
20140825,4.74,4.89,4.7,4.77,55186,0
20140826,4.83,4.83,4.72,4.79,24258,0
20140827,4.8,4.83,4.71,4.79,22410,0
20140828,4.8,4.84,4.71,4.76,25822,0
20140829,4.73,4.8,4.7,4.77,20170,0
20140902,4.75,4.92,4.75,4.92,34153,0
20140903,4.88,4.96,4.85,4.86,35352,0
20140904,4.95,6.32,4.88,6.04,962091,0
20140905,5.88,5.92,5.53,5.78,360527,0
20140908,5.78,5.95,5.54,5.6,218754,0
20140909,5.6,5.68,5.37,5.43,73073,0
20140910,5.4,5.57,5.37,5.45,73421,0
20140911,5.45,5.6,5.42,5.42,70799,0
20140912,5.4,5.6,5.4,5.54,35744,0
20140915,5.59,5.71,5.51,5.6,69944,0
20140916,5.64,5.64,5.51,5.53,38286,0
20140917,5.53,5.61,5.47,5.5,44744,0
20140918,5.37,5.6,5.16,5.6,76493,0
20140919,5.67,5.67,5.39,5.48,104095,0
20140922,5.49,5.55,5.41,5.55,36293,0
20140923,5.6,5.6,5.4,5.55,72805,0
20140924,5.53,5.53,5.38,5.51,98427,0
20140925,5.47,5.55,5.4,5.4,53291,0
20140926,5.41,5.41,5.29,5.35,37892,0
20140929,5.29,5.52,5.22,5.33,225487,0
20140930,5.31,5.38,5.28,5.35,31028,0
20141001,5.33,5.37,5.15,5.16,86950,0
20141002,5.12,5.31,5.01,5.26,56889,0
20141003,5.28,5.37,5.28,5.29,28071,0
20141006,5.34,5.34,5.1,5.15,55521,0
20141007,5.15,5.26,5.05,5.05,52089,0
20141008,5.08,5.12,4.91,5.09,136229,0
20141009,5.05,5.15,4.95,4.95,63299,0
20141010,4.95,4.95,4.75,4.85,101233,0
20141013,4.82,4.9,4.77,4.86,41945,0
20141014,4.86,4.89,4.76,4.8,28172,0
20141015,4.75,4.8,4.71,4.79,59106,0
20141016,4.71,5.13,4.71,5.08,66227,0
20141017,5.08,5.21,5.08,5.1,43413,0
20141020,5.04,5.5,4.96,5.41,129463,0
20141021,5.5,5.82,5.36,5.75,102392,0
20141022,5.7,5.85,5.65,5.7,59043,0
20141023,5.76,5.87,5.71,5.8,40880,0
20141024,5.76,5.88,5.6,5.75,37492,0
20141027,5.68,5.74,5.61,5.67,17891,0
20141028,5.66,5.84,5.6,5.77,33887,0
20141029,5.74,5.88,5.65,5.88,40762,0
20141030,5.8,5.85,5.72,5.76,34564,0
20141031,5.84,5.84,5.66,5.75,46378,0
20141103,5.79,5.8,5.62,5.72,36008,0
20141104,5.67,5.94,5.6,5.94,161474,0
20141105,5.38,5.5,4.48,5.4,157236,0
20141106,5.4,5.4,4.59,4.97,193239,0
20141107,4.89,4.89,4.46,4.55,188981,0
20141110,4.4,4.68,4.4,4.5,78992,0
20141111,4.44,4.67,4.37,4.42,73283,0
20141112,4.34,4.6,4.34,4.6,45329,0
20141113,4.51,4.68,4.46,4.53,70863,0
20141114,4.52,4.53,4.4,4.49,25034,0
20141117,4.58,4.58,4.4,4.4,41389,0
20141118,4.5,4.56,4.23,4.4,70154,0
20141119,4.31,4.48,4.3,4.35,28727,0
20141120,4.31,4.52,4.31,4.47,19423,0
20141121,4.46,4.62,4.44,4.5,35642,0
20141124,4.54,4.61,4.47,4.57,14777,0
20141125,4.6,4.61,4.5,4.51,11814,0
20141126,4.53,4.54,4.46,4.5,8795,0
20141128,4.43,4.51,4.41,4.48,14687,0
20141201,4.5,4.58,4.36,4.44,18841,0
20141202,4.41,4.52,4.36,4.47,11292,0
20141203,4.43,4.57,4.42,4.55,29063,0
20141204,4.56,4.73,4.54,4.71,30171,0
20141205,4.74,4.79,4.39,4.64,84880,0
20141208,4.69,4.69,4.59,4.63,11746,0
20141209,4.62,4.81,4.59,4.69,37023,0
20141210,4.7,4.72,4.59,4.59,34704,0
20141211,4.58,4.6,4.49,4.5,29319,0
20141212,4.49,4.56,4.45,4.47,15598,0
20141215,4.5,5.46,4.42,5.01,389137,0
20141216,5.11,5.4,5.1,5.35,232386,0
20141217,5.4,5.4,5.15,5.21,61449,0
20141218,5.24,5.64,5.24,5.52,112664,0
20141219,5.62,5.79,5.6,5.62,109218,0
20141222,5.65,5.69,5.32,5.32,110976,0
20141223,5.64,5.64,5.4,5.48,82476,0
20141224,5.51,5.7,5.51,5.56,12675,0
20141226,5.61,5.75,5.61,5.75,24331,0
20141229,5.73,5.73,5.25,5.25,89157,0
20141230,5.3,5.42,5.11,5.41,112171,0
20141231,5.49,5.5,5.2,5.5,49126,0
20150102,5.5,5.5,5.2,5.31,41086,0
20150105,5.27,5.33,4.96,4.96,89304,0
20150106,5.06,5.15,4.9,4.9,43094,0
20150107,4.93,5.05,4.9,5,30681,0
20150108,5.16,5.26,4.97,5.26,39734,0
20150109,5.25,5.25,5.01,5.01,19463,0
20150112,5.01,5.12,4.84,4.84,35263,0
20150113,4.91,5,4.81,4.99,119273,0
20150114,4.98,4.98,4.76,4.76,78517,0
20150115,4.76,4.84,4.7,4.77,68536,0
20150116,4.7,4.75,4.57,4.72,69857,0
20150120,4.8,4.95,4.8,4.83,31002,0
20150121,5.13,5.13,4.95,4.97,45903,0
20150122,4.98,4.99,4.83,4.97,56630,0
20150123,4.9,4.98,4.83,4.92,14258,0
20150126,4.9,4.99,4.8,4.85,41185,0
20150127,4.87,5.02,4.8,4.95,34111,0
20150128,4.94,4.94,4.82,4.87,19115,0
20150129,4.9,5.02,4.8,4.95,28099,0
20150130,5.01,5.01,4.48,4.53,177913,0
20150202,4.65,4.66,4.5,4.58,26605,0
20150203,4.69,4.8,4.65,4.73,29412,0
20150204,4.76,5.01,4.76,5,56408,0
20150205,4.98,5.01,4.84,4.9,25310,0
20150206,4.95,5.1,4.88,5.09,63685,0
20150209,5.02,5.13,4.69,5,60885,0
20150210,4.6,4.76,4.47,4.71,124800,0
20150211,4.7,4.71,4.47,4.71,74155,0
20150212,4.49,4.49,4.04,4.16,152700,0
20150213,4.15,4.32,4.1,4.15,96286,0
20150217,4.04,4.3,3.86,4.22,353496,0
20150218,4.34,4.42,4.22,4.34,123326,0
20150219,4.25,4.31,3.9,4.01,321593,0
20150220,3.8,3.83,3.6,3.61,3267341,0
20150223,3.69,3.75,3.52,3.59,246120,0
20150224,3.64,3.7,3.6,3.68,188324,0
20150225,3.7,3.92,3.66,3.78,169034,0
20150226,3.81,3.89,3.76,3.78,120764,0
20150227,3.85,3.85,3.58,3.58,206270,0
20150302,3.58,3.73,3.51,3.63,295800,0
20150303,3.61,3.62,3.49,3.53,188900,0
20150304,3.55,3.58,3.48,3.52,101000,0
20150305,3.54,3.58,3.48,3.52,77200,0
20150306,3.51,3.61,3.33,3.46,220600,0
20150309,3.4,3.45,3.26,3.34,122800,0
20150310,3.35,3.35,3.13,3.2,165600,0
20150311,3.15,3.2,3.03,3.04,117700,0
20150312,3.06,3.18,2.93,2.93,91400,0
20150313,3.08,3.1,2.75,2.97,238300,0
20150316,3.03,3.05,2.89,2.95,151300,0
20150317,2.96,3.04,2.86,3,69000,0
20150318,2.95,3,2.89,2.89,69500,0
20150319,2.9,2.99,2.72,2.83,203300,0
20150320,2.79,2.96,2.72,2.95,73900,0
20150323,2.95,3.28,2.94,3.16,274000,0
20150324,3.16,3.28,3.16,3.17,104900,0
20150325,3.2,3.23,3.02,3.06,117700,0
20150326,3.07,3.22,3.03,3.21,63500,0
20150327,3.26,3.48,3.26,3.35,169700,0
20150330,3.37,3.39,3.16,3.33,268200,0
20150331,3.33,3.35,3.08,3.14,149484,0
20150401,3.2,3.31,3.1,3.1,60400,0
20150402,3.14,3.35,3.12,3.23,104900,0
20150406,3.18,3.47,3.18,3.38,51200,0
20150407,3.42,3.47,3.37,3.38,27708,0
20150408,3.39,3.42,3.29,3.29,44300,0
20150409,3.33,3.4,3.33,3.37,34459,0
20150410,3.39,3.4,3.36,3.39,39100,0
20150413,3.42,3.48,3.26,3.28,108800,0
20150414,3.32,3.4,3.28,3.28,57100,0
20150415,3.31,3.41,3.29,3.29,44877,0
20150416,3.32,3.35,3.31,3.34,18983,0
20150417,3.35,3.35,3.1,3.14,80500,0
20150420,3.17,3.41,3.16,3.17,68399,0
20150421,3.25,3.32,3.19,3.22,29522,0
20150422,3.24,3.28,3.16,3.16,28713,0
20150423,3.22,3.23,3.18,3.22,44000,0
20150424,3.25,3.25,3.18,3.18,15487,0
20150427,3.16,3.29,3.11,3.13,23100,0
20150428,3.14,3.21,3.13,3.15,33726,0
20150429,3.1,3.21,3.1,3.12,15000,0
20150430,3.12,3.14,3.02,3.02,34600,0
20150501,3.08,3.14,2.99,2.99,94600,0
20150504,3.12,3.12,2.99,3.09,53200,0
20150505,3.09,3.09,2.97,2.98,59100,0
20150506,2.98,3.03,2.98,3.03,78971,0
20150507,3,3.07,3,3.07,26735,0
20150508,3.07,3.09,2.98,3,36700,0
20150511,2.97,3.01,2.89,2.95,45200,0
20150512,2.9,2.93,2.86,2.88,103682,0
20150513,2.83,2.87,2.75,2.75,103178,0
20150514,2.81,2.86,2.68,2.68,90100,0
20150515,2.69,2.84,2.69,2.84,101397,0
20150518,2.8,2.93,2.8,2.82,53799,0
20150519,2.84,2.84,2.82,2.82,28261,0
20150520,2.85,2.85,2.6,2.6,117206,0
20150521,2.66,2.69,2.56,2.56,191800,0
20150522,2.53,2.67,2.2,2.23,1167500,0
20150526,2.3,2.31,2.17,2.21,283676,0
20150527,2.38,2.63,2.24,2.62,837800,0
20150528,2.65,2.69,2.6,2.63,116915,0
20150529,2.71,2.74,2.62,2.68,88300,0
20150601,2.69,2.83,2.68,2.83,102470,0
20150602,2.84,3.1,2.83,3.04,214405,0
20150603,3.09,3.09,2.83,2.93,112400,0
20150604,2.9,2.92,2.75,2.81,106900,0
20150605,2.79,2.9,2.75,2.9,75500,0
20150608,2.9,2.97,2.73,2.74,105400,0
20150609,2.76,2.82,2.69,2.77,40887,0
20150610,2.76,2.95,2.76,2.92,49740,0
20150611,2.92,2.94,2.85,2.85,61946,0
20150612,2.91,3.08,2.86,2.89,91700,0
20150615,2.83,3.11,2.8,2.86,141100,0
20150616,2.88,2.88,2.58,2.69,85400,0
20150617,2.66,2.78,2.56,2.64,118200,0
20150618,2.64,2.84,2.64,2.77,83700,0
20150619,2.68,2.83,2.68,2.83,24600,0
20150622,2.85,2.85,2.76,2.78,34100,0
20150623,2.6768,2.89,2.6768,2.85,38199,0
20150624,2.86,2.86,2.73,2.77,41600,0
20150625,2.75,2.94,2.73,2.73,36100,0
20150626,2.74,2.77,2.68,2.68,43900,0
20150629,2.59,2.64,2.4,2.41,222300,0
20150630,2.5,2.55,2.3601,2.51,73431,0
20150701,2.49,2.59,2.49,2.51,74600,0
20150702,2.54,2.56,2.45,2.48,48900,0
20150706,2.38,2.56,2.38,2.46,20900,0
20150707,2.45,2.46,2.36,2.39,49000,0
20150708,2.37,2.44,2.15,2.16,170100,0
20150709,1.96,2.33,1.96,2.26,135300,0
20150710,2.33,2.43,2.15,2.26,42600,0
20150713,2.22,2.4,2.1,2.31,76900,0
20150714,2.35,2.49,2.34,2.36,57629,0
20150715,2.33,2.39,2.22,2.25,104796,0
20150716,2.29,2.33,2.24,2.25,44300,0
20150717,2.22,2.28,2.22,2.24,39500,0
20150720,2.26,2.29,2.2,2.2,37400,0
20150721,2.2,2.24,2.12,2.16,93900,0
20150722,2.19,2.24,2.08,2.12,63200,0
20150723,2.19,2.2,2.11,2.13,80600,0
20150724,2.12,2.19,2.04,2.07,58100,0
20150727,2,2.16,2,2.16,184600,0
20150728,2.16,2.2,2.1,2.18,113700,0
20150729,2.15,2.22,2.14,2.17,54800,0
20150730,2.2,2.2,2.12,2.16,18500,0
20150731,2.16,2.17,2.12,2.15,28100,0
20150803,2.16,2.1781,2.06,2.15,350269,0
20150804,2.23,2.25,2.01,2.16,279100,0
20150805,2.1,2.15,2.06,2.11,228600,0
20150806,2.1,2.12,2.07,2.1,126755,0
20150807,2.06,2.1,2.01,2.05,190500,0
20150810,2.03,2.1,2.03,2.06,42300,0
20150811,2.06,2.12,2.05,2.05,49599,0
20150812,2.02,2.05,1.99,2,129200,0
20150813,2,2.08,2,2.05,113600,0
20150814,2.08,2.1,2.02,2.06,27600,0
20150817,2.05,2.25,2.03,2.13,128600,0
20150818,2.14,2.22,2.07,2.09,48900,0
20150819,2.08,2.11,2.05,2.09,27500,0
20150820,2,2.1,1.98,2.07,53900,0
20150821,2.04,2.09,2.02,2.07,40700,0
20150824,1.96,2.1,1.92,2.08,123926,0
20150825,2.08,2.1,2.01,2.01,85000,0
20150826,2.05,2.05,1.98,2,75000,0
20150827,2.01,2.03,2.01,2.02,22800,0
20150828,2.02,2.02,1.97,1.99,64300,0
20150831,1.99,2.11,1.99,2.08,50600,0
20150901,2.06,2.09,2.01,2.05,48300,0
20150902,2.05,2.13,2.05,2.09,134400,0
20150903,2.1,2.13,2.08,2.1,79400,0
20150904,2.1,2.11,2.06,2.06,42600,0
20150908,2.07,2.1,2.06,2.09,28600,0
20150909,2.12,2.18,2.07,2.08,80300,0
20150910,2.05,2.08,2.03,2.05,206950,0
20150911,2.02,2.05,2,2.03,45800,0
20150914,2.03,2.09,2.01,2.08,20900,0
20150915,2.09,2.13,2.06,2.08,48900,0
20150916,2.07,2.1,2.06,2.09,34800,0
20150917,2.16,2.16,2.08,2.09,13816,0
20150918,2.05,2.15,2.04,2.09,33200,0
20150921,2.09,2.13,2.05,2.05,35800,0
20150922,2.05,2.12,2.03,2.07,44900,0
20150923,2,2.05,1.96,1.99,119076,0
20150924,1.98,2.0299,1.94,2,19870,0
20150925,1.99,2.02,1.95,1.95,78900,0
20150928,1.95,1.99,1.845,1.86,613878,0
20150929,1.86,1.91,1.82,1.86,67900,0
20150930,1.84,1.89,1.73,1.8,173700,0
20151001,1.76,1.84,1.76,1.82,199500,0
20151002,1.75,1.87,1.72,1.87,51900,0
20151005,1.87,2.04,1.8401,2.04,85962,0
20151006,2.09,2.17,2.05,2.12,172900,0
20151007,2.12,2.28,2.11,2.25,49812,0
20151008,2.26,2.28,2.21,2.23,36900,0
20151009,2.26,2.31,2.24,2.25,62100,0
20151012,2.27,2.27,2,2.02,59689,0
20151013,2,2.05,1.97,2,27100,0
20151014,2.01,2.03,1.96,1.99,36700,0
20151015,1.97,2,1.97,1.99,19200,0
20151016,2,2,1.94,1.96,25900,0
20151019,1.98,2.1,1.98,1.98,127769,0
20151020,2,2.03,1.97,2,57100,0
20151021,2.03,2.03,1.92,1.93,85000,0
20151022,1.97,1.98,1.92,1.95,31200,0
20151023,1.96,1.96,1.9,1.92,44000,0
20151026,1.9,1.92,1.85,1.87,89300,0
20151027,1.88,1.88,1.76,1.79,78500,0
20151028,1.81,1.85,1.77,1.82,38600,0
20151029,1.83,1.97,1.82,1.89,106000,0
20151030,1.91,1.91,1.79,1.81,47700,0
20151102,1.83,1.85,1.8075,1.8201,35833,0
20151103,1.85,2.02,1.85,1.97,52434,0
20151104,1.97,1.97,1.75,1.83,283018,0
20151105,1.84,1.84,1.58,1.68,278300,0
20151106,1.65,1.78,1.65,1.76,85600,0
20151109,1.78,1.78,1.69,1.69,68462,0
20151110,1.71,1.98,1.71,1.96,183600,0
20151111,1.98,1.98,1.85,1.96,310600,0
20151112,1.94,2.07,1.9,2.03,57900,0
20151113,2.03,2.17,1.93,1.96,118500,0
20151116,2.05,2.05,1.9,2,65700,0
20151117,2,2.03,1.88,1.96,162100,0
20151118,1.98,2.04,1.91,2,74600,0
20151119,1.97,2.05,1.96,2.05,93800,0
20151120,2.03,2.17,2,2.09,88600,0
20151123,2.05,2.15,2,2.15,238200,0
20151124,2.12,2.24,2.09,2.22,98100,0
20151125,2.17,2.26,2.17,2.25,30000,0
20151127,2.26,2.26,2.16,2.16,15300,0
20151130,2.15,2.26,2.15,2.26,90800,0
20151201,2.27,2.4,2.27,2.4,76213,0
20151202,2.5,2.5,2.27,2.31,71989,0
20151203,2.29,2.31,2.2262,2.28,87759,0
20151204,2.29,2.3,2.24,2.27,23400,0
20151207,2.25,2.25,2.16,2.21,56000,0
20151208,2.2,2.21,2.18,2.2,331564,0
20151209,2.23,2.23,2.13,2.14,26500,0
20151210,2.16,2.24,2.05,2.18,38900,0
20151211,2.16,2.2,2.11,2.11,27600,0
20151214,2.07,2.13,1.99,2.03,50577,0
20151215,1.98,2.05,1.92,1.92,107300,0
20151216,1.93,1.98,1.93,1.93,32900,0
20151217,1.96,1.96,1.86,1.89,33300,0
20151218,1.86,1.96,1.84,1.93,43100,0
20151221,1.9,1.98,1.9,1.92,51900,0
20151222,2,2.2,1.92,2.16,257684,0
20151223,2.19,2.28,2.19,2.28,66600,0
20151224,2.3,2.32,2.2,2.28,21668,0
20151228,2.26,2.26,2.1,2.16,128580,0
20151229,2.15,2.19,1.98,2.05,398348,0
20151230,2.03,2.14,1.9599,2,164408,0
20151231,2.01,2.18,1.98,2.17,120275,0
20160104,2.1832,2.23,2.02,2.19,46302,0
20160105,2.15,2.25,2.0901,2.12,33032,0
20160106,2.15,2.18,2.07,2.1,53492,0
20160107,2.1,2.1,1.97,2.01,63293,0
20160108,2.05,2.05,2,2.0005,26019,0
20160111,2.02,2.02,2,2,51664,0
20160112,1.99,2.02,1.99,2,32925,0
20160113,2.02,2.03,1.76,1.85,220231,0
20160114,1.87,2.09,1.86,1.94,15944,0
20160115,1.92,1.92,1.8,1.88,51527,0
20160119,1.93,1.93,1.85,1.89,97700,0
20160120,1.92,1.95,1.81,1.93,48470,0
20160121,1.97,1.98,1.8999,1.95,37584,0
20160122,2,2.07,1.89,2.06,128856,0
20160125,2,2,1.93,1.97,24163,0
20160126,1.95,1.98,1.88,1.92,52693,0
20160127,1.94,1.94,1.9,1.92,3839,0
20160128,1.92,1.95,1.8701,1.94,23621,0
20160129,1.94,2.05,1.94,2.0468,140403,0
20160201,1.99,2.06,1.99,2.06,55379,0
20160202,2.059,2.18,2.04,2.06,80388,0
20160203,2.2,2.2,2.09,2.15,39974,0
20160204,2.15,2.2,2.133,2.15,39424,0
20160205,2.11,2.2,2.11,2.18,17887,0
20160208,2.12,2.2,2.09,2.15,144880,0
20160209,2.09,2.13,1.95,2.1,84202,0
20160210,1.8,1.8,1.3399,1.37,636893,0
20160211,1.36,1.369,1.2,1.24,272329,0
20160212,1.32,1.36,1.1822,1.2,127598,0
20160216,1.26,1.35,1.21,1.33,120488,0
20160217,1.35,1.35,1.24,1.3,107516,0
20160218,1.32,1.33,1.24,1.24,61653,0
20160219,1.27,1.32,1.24,1.25,169214,0
20160222,1.32,1.33,1.22,1.22,104158,0
20160223,1.28,1.3,1.25,1.3,65415,0
20160224,1.3,1.34,1.241,1.33,50629,0
20160225,1.3499,1.43,1.3198,1.36,53260,0
20160226,1.37,1.3899,1.32,1.37,41433,0
20160229,1.4,1.46,1.3667,1.4068,151990,0
20160301,1.44,1.47,1.35,1.37,41794,0
20160302,1.38,1.38,1.35,1.37,50574,0
20160303,1.3799,1.38,1.34,1.36,40040,0
20160304,1.36,1.38,1.3201,1.34,58620,0
20160307,1.35,1.44,1.3401,1.42,78966,0
20160308,1.47,1.47,1.37,1.39,35118,0
20160309,1.38,1.39,1.3421,1.38,36740,0
20160310,1.37,1.4231,1.26,1.27,39341,0
20160311,1.31,1.37,1.3001,1.34,36688,0
20160314,1.39,1.39,1.3,1.33,71487,0
20160315,1.32,1.35,1.3,1.33,32868,0
20160316,1.34,1.37,1.3001,1.37,25384,0
20160317,1.4,1.46,1.33,1.46,252540,0
20160318,1.47,1.4899,1.43,1.45,60554,0
20160321,1.44,1.46,1.391,1.46,26129,0
20160322,1.46,1.47,1.433,1.46,20994,0
20160323,1.43,1.46,1.4,1.4,37082,0
20160324,1.41,1.46,1.41,1.46,31555,0
20160328,1.45,1.46,1.42,1.46,19081,0
20160329,1.43,1.43,1.4,1.4,26587,0
20160330,1.4,1.4425,1.38,1.4,68084,0
20160331,1.4,1.44,1.38,1.39,52291,0
20160401,1.39,1.43,1.38,1.38,49799,0
20160404,1.43,1.47,1.41,1.43,72674,0
20160405,1.5,1.5,1.41,1.46,20926,0
20160406,1.46,1.4886,1.41,1.42,33788,0
20160407,1.42,1.5,1.36,1.36,92249,0
20160408,1.39,1.43,1.33,1.36,99612,0
20160411,1.38,1.46,1.35,1.44,97650,0
20160412,1.46,1.46,1.4101,1.44,17299,0
20160413,1.43,1.4444,1.4,1.4,24187,0
20160414,1.41,1.47,1.41,1.47,39470,0
20160415,1.49,1.49,1.43,1.48,59247,0
20160418,1.48,1.655,1.4799,1.53,81601,0
20160419,1.55,1.55,1.52,1.55,20404,0
20160420,1.55,1.55,1.52,1.52,22437,0
20160421,1.55,1.55,1.45,1.46,53644,0
20160422,1.48,1.55,1.48,1.51,38269,0
20160425,1.51,1.54,1.49,1.5,22712,0
20160426,1.49,1.49,1.45,1.45,14897,0
20160427,1.46,1.53,1.431,1.45,39612,0
20160428,1.46,1.5,1.44,1.47,14620,0
20160429,1.49,1.5,1.44,1.48,11009,0
20160502,1.47,1.49,1.44,1.45,21339,0
20160503,1.43,1.43,1.335,1.34,94434,0
20160504,1.33,1.375,1.32,1.3496,33153,0
20160505,1.42,1.5,1.34,1.38,29366,0
20160506,1.38,1.45,1.38,1.38,30481,0
20160509,1.4,1.45,1.37,1.37,24651,0
20160510,1.37,1.42,1.37,1.38,42794,0
20160511,1.45,1.45,1.34,1.4,36006,0
20160512,1.39,1.4,1.33,1.37,27642,0
20160513,1.36,1.37,1.28,1.3099,25242,0
20160516,1.27,1.4,1.26,1.2801,55378,0
20160517,1.26,1.29,1.25,1.26,35647,0
20160518,1.27,1.3,1.25,1.3,23023,0
20160519,1.29,1.3,1.21,1.27,31223,0
20160520,1.29,1.62,1.27,1.3,140022,0
20160523,1.25,1.39,1.21,1.29,52138,0
20160524,1.31,1.5,1.31,1.39,63337,0
20160525,1.4,1.4,1.35,1.35,41915,0
20160526,1.35,1.47,1.31,1.33,41513,0
20160527,1.36,1.39,1.35,1.36,23223,0
20160531,1.38,1.4399,1.24,1.31,83658,0
20160601,1.32,1.33,1.2,1.24,103245,0
20160602,1.24,1.32,1.24,1.27,150167,0
20160603,1.3,1.3399,1.24,1.29,220012,0
20160606,1.31,1.5,1.31,1.32,152538,0
20160607,1.3499,1.42,1.348,1.38,128511,0
20160608,1.43,1.44,1.35,1.43,302370,0
20160609,1.41,1.42,1.33,1.35,65150,0
20160610,1.31,1.35,1.25,1.27,129467,0
20160613,1.28,1.35,1.27,1.27,161829,0
20160614,1.29,1.34,1.26,1.28,160228,0
20160615,1.3,1.36,1.28,1.29,187843,0
20160616,1.29,1.31,1.17,1.23,215775,0
20160617,1.24,1.32,1.17,1.22,394226,0
20160620,1.27,1.3,1.22,1.22,171960,0
20160621,1.23,1.25,1.13,1.15,277654,0
20160622,1.15,1.205,1.13,1.18,96071,0
20160623,1.18,1.23,1.16,1.2,107713,0
20160624,1.15,1.195,1.12,1.13,132985,0
20160627,1.15,1.2,1.04,1.13,116666,0
20160628,1.14,1.19,1.1101,1.14,48920,0
20160629,1.19,1.21,1.135,1.18,19622,0
20160630,1.19,1.2,1.12,1.16,45952,0
20160701,1.14,1.19,1.13,1.16,33414,0
20160705,1.15,1.38,1.11,1.28,2887278,0
20160706,1.38,1.38,1.16,1.22,1637863,0
20160707,1.23,1.29,1.16,1.19,362306,0
20160708,1.23,1.24,1.16,1.19,258755,0
20160711,1.19,1.25,1.19,1.22,133798,0
20160712,1.23,1.26,1.2,1.21,180426,0
20160713,1.22,1.25,1.16,1.18,125292,0
20160714,1.18,1.22,1.16,1.19,80111,0
20160715,1.18,1.21,1.16,1.2,86955,0
20160718,1.25,1.28,1.21,1.22,96994,0
20160719,1.25,1.36,1.25,1.33,171709,0
20160720,1.35,1.38,1.3,1.36,203616,0
20160721,1.36,1.46,1.36,1.44,152995,0
20160722,1.44,1.5,1.4,1.45,94595,0
20160725,1.46,1.46,1.4,1.43,115962,0
20160726,1.43,1.48,1.3701,1.4,155510,0
20160727,1.42,1.47,1.4,1.4,53586,0
20160728,1.49,1.51,1.4,1.42,123792,0
20160729,1.4,1.48,1.355,1.4,147696,0
20160801,1.39,1.47,1.39,1.45,77081,0
20160802,1.45,1.49,1.4,1.43,126868,0
20160803,1.26,1.44,1.22,1.41,214779,0
20160804,1.38,1.43,1.38,1.4,66567,0
20160805,1.4,1.43,1.38,1.42,148432,0
20160808,1.42,1.43,1.35,1.36,126407,0
20160809,1.36,1.41,1.27,1.34,194694,0
20160810,1.35,1.409,1.31,1.4,55258,0
20160811,1.39,1.43,1.33,1.41,38052,0
20160812,1.42,1.43,1.4,1.43,31534,0
20160815,1.43,1.44,1.4,1.42,28030,0
20160816,1.43,1.44,1.38,1.38,50525,0
20160817,1.38,1.4,1.3,1.33,103783,0
20160818,1.37,1.39,1.33,1.35,27088,0
20160819,1.35,1.4,1.335,1.35,47502,0
20160822,1.34,1.4,1.3,1.3,22798,0
20160823,1.32,1.34,1.29,1.33,85052,0
20160824,1.32,1.34,1.29,1.29,62857,0
20160825,1.33,1.33,1.29,1.315,12691,0
20160826,1.31,1.32,1.28,1.29,16252,0
20160829,1.28,1.32,1.275,1.31,28736,0
20160830,1.32,1.34,1.31,1.32,23970,0
20160831,1.3316,1.346,1.3001,1.31,22433,0
20160901,1.33,1.34,1.3,1.31,16800,0
20160902,1.35,1.35,1.3223,1.34,34777,0
20160906,1.36,1.39,1.31,1.39,61505,0
20160907,1.39,1.4,1.35,1.36,67417,0
20160908,1.37,1.43,1.36,1.36,58845,0
20160909,1.33,1.37,1.3,1.32,39502,0
20160912,1.3,1.37,1.3,1.32,44831,0
20160913,1.3,1.34,1.3,1.32,14289,0
20160914,1.3,1.35,1.3,1.32,14925,0
20160915,1.33,1.35,1.33,1.35,11659,0
20160916,1.35,1.38,1.32,1.38,44114,0
20160919,1.35,1.39,1.35,1.35,14540,0
20160920,1.37,1.39,1.34,1.37,20750,0
20160921,1.34,1.39,1.33,1.37,20160,0
20160922,1.38,1.4,1.36,1.37,65070,0
20160923,1.4,1.4,1.35,1.37,28501,0
20160926,1.36,1.4,1.36,1.36,26096,0
20160927,1.37,1.39,1.35,1.36,19765,0
20160928,1.35,1.38,1.33,1.35,70075,0
20160929,1.3427,1.38,1.33,1.34,19858,0
20160930,1.338,1.36,1.33,1.33,15780,0
20161003,1.33,1.38,1.32,1.33,37994,0
20161004,1.35,1.39,1.35,1.36,63691,0
20161005,1.38,1.49,1.34,1.48,142802,0
20161006,1.49,1.49,1.4,1.45,123716,0
20161007,1.47,1.49,1.4289,1.47,15226,0
20161010,1.45,1.49,1.37,1.4,27575,0
20161011,1.4215,1.4215,1.35,1.4,25824,0
20161012,1.39,1.41,1.36,1.36,43361,0
20161013,1.42,1.42,1.35,1.35,12504,0
20161014,1.46,1.46,1.35,1.36,28300,0
20161017,1.41,1.41,1.32,1.33,42139,0
20161018,1.36,1.38,1.3,1.37,42368,0
20161019,1.36,1.46,1.31,1.38,128502,0
20161020,1.39,1.43,1.39,1.4108,16230,0
20161021,1.4047,1.42,1.38,1.4,22353,0
20161024,1.38,1.42,1.3,1.33,109980,0
20161025,1.36,1.37,1.34,1.34,12629,0
20161026,1.32,1.345,1.27,1.28,86403,0
20161027,1.3,1.33,1.21,1.22,187771,0
20161028,1.22,1.28,1.18,1.18,86332,0
20161031,1.2,1.21,1.16,1.19,75746,0
20161101,1.2,1.3,1.16,1.205,65422,0
20161102,1.18,1.22,1.12,1.17,69064,0
20161103,1.39,1.41,1.254,1.36,296770,0
20161104,1.37,1.3973,1.3275,1.34,104200,0
20161107,1.37,1.52,1.36,1.42,300095,0
20161108,1.43,1.48,1.43,1.4786,80789,0
20161109,1.43,1.54,1.43,1.51,199329,0
20161110,1.49,1.53,1.411,1.5,156811,0
20161111,1.51,1.62,1.461,1.58,152502,0
20161114,1.64,1.81,1.64,1.8,172787,0
20161115,1.76,1.86,1.66,1.81,130514,0
20161116,1.84,1.84,1.76,1.81,108162,0
20161117,1.8,1.81,1.77,1.79,68676,0
20161118,1.83,1.83,1.77,1.81,67399,0
20161121,1.8,1.81,1.77,1.79,23740,0
20161122,1.75,1.81,1.75,1.8001,23250,0
20161123,1.78,1.7889,1.76,1.78,34373,0
20161125,1.79,1.79,1.77,1.79,13428,0
20161128,1.7823,1.8,1.76,1.78,34549,0
20161129,1.77,1.93,1.77,1.91,167502,0
20161130,1.95,2,1.91,1.95,287467,0
20161201,1.99,2.04,1.95,1.97,178148,0
20161202,2.05,2.19,2.0236,2.19,139882,0
20161205,2.25,2.25,2.1,2.1789,134263,0
20161206,2.15,2.25,2.1,2.18,57671,0
20161207,2.2,2.24,2.1701,2.22,137980,0
20161208,2.22,2.22,2.1,2.18,64897,0
20161209,2.2,2.22,2.11,2.13,50797,0
20161212,2.12,2.16,2.12,2.13,41343,0
20161213,2.13,2.15,2.1,2.14,59058,0
20161214,2.11,2.22,2.1,2.2,109269,0
20161215,2.22,2.44,2.22,2.35,254217,0
20161216,2.38,2.5,2.32,2.5,61427,0
20161219,2.51,2.57,2.42,2.45,123197,0
20161220,2.48,2.49,2.4,2.42,67720,0
20161221,2.43,2.47,2.22,2.33,82204,0
20161222,2.38,2.39,2.17,2.28,82774,0
20161223,2.26,2.29,2.21,2.24,39566,0
20161227,2.24,2.3093,2.12,2.23,35524,0
20161228,2.23,2.23,2.1,2.11,72354,0
20161229,2.08,2.1961,2.08,2.11,70303,0
20161230,2.1175,2.22,2.0869,2.17,69121,0
20170103,2.22,2.26,2.11,2.25,50269,0
20170104,2.23,2.39,2.22,2.34,43343,0
20170105,2.35,2.38,2.28,2.28,14971,0
20170106,2.18,2.33,2.15,2.27,62396,0
20170109,2.3,2.3,2.06,2.07,56324,0
20170110,2.09,2.21,2.09,2.11,41427,0
20170111,2.11,2.175,2.06,2.1,28301,0
20170112,2.1,2.16,2.06,2.08,30903,0
20170113,2.13,2.15,2.04,2.1,61260,0
20170117,2.13,2.13,2.063,2.1,39715,0
20170118,2.0801,2.19,2.04,2.18,38750,0
20170119,2.18,2.26,2.13,2.25,35608,0
20170120,2.25,2.26,2.1847,2.22,19899,0
20170123,2.24,2.24,2.16,2.19,15939,0
20170124,2.16,2.2,2.16,2.16,45139,0
20170125,2.16,2.2,2.16,2.18,18741,0
20170126,2.185,2.185,2.05,2.0913,70045,0
20170127,2.09,2.2,2.04,2.09,56285,0
20170130,2.12,2.12,2.04,2.051,25430,0
20170131,2.03,2.07,2.03,2.07,16484,0
20170201,2.059,2.07,1.95,2,52361,0
20170202,1.97,1.99,1.68,1.8005,597677,0
20170203,1.81,1.88,1.77,1.79,150498,0
20170206,1.8,2.04,1.8,1.9411,59652,0
20170207,1.98,1.99,1.92,1.97,42009,0
20170208,2.15,2.15,1.95,1.96,121609,0
20170209,1.95,1.95,1.7701,1.82,124776,0
20170210,1.8,1.86,1.78,1.84,49662,0
20170213,1.87,1.97,1.8,1.85,109592,0
20170214,1.9,1.93,1.85,1.89,167813,0
20170215,1.88,1.9,1.85,1.89,42730,0
20170216,1.88,1.9,1.83,1.83,148678,0
20170217,1.81,1.87,1.81,1.81,168046,0
20170221,1.83,1.85,1.73,1.76,181153,0
20170222,1.74,1.83,1.66,1.77,138858,0
20170223,1.82,1.9,1.75,1.78,224806,0
20170224,1.83,1.83,1.77,1.8,291036,0
20170227,1.8,1.9299,1.8,1.91,153483,0
20170228,1.94,2,1.88,1.94,82251,0
20170301,1.95,2,1.95,1.97,58154,0
20170302,1.93,2,1.88,1.9,114540,0
20170303,1.88,2,1.85,1.91,52436,0
20170306,1.91,1.98,1.87,1.98,29235,0
20170307,1.93,2.0779,1.8884,2,90675,0
20170308,2,2.04,1.94,2,55490,0
20170309,2,2.11,1.96,2.06,69773,0
20170310,2.06,2.1,1.98,2.08,109214,0
20170313,2.1,2.1,2.05,2.07,38704,0
20170314,2.05,2.1,2.05,2.06,39526,0
20170315,2.06,2.1,2.06,2.06,45787,0
20170316,2.1,2.1,1.94,1.99,35940,0
20170317,1.95,2.01,1.95,1.96,31401,0
20170320,1.94,1.96,1.94,1.94,35522,0
20170321,1.95,1.95,1.88,1.8801,54563,0
20170322,1.9,1.94,1.85,1.89,25185,0
20170323,1.93,1.93,1.888,1.89,12466,0
20170324,1.85,1.92,1.85,1.89,52011,0
20170327,1.86,1.92,1.8305,1.87,38686,0
20170328,1.85,1.95,1.85,1.9,28563,0
20170329,1.9048,1.94,1.88,1.94,19310,0
20170330,1.94,2,1.94,1.95,34896,0
20170331,1.96,2,1.91,1.98,51460,0
20170403,1.96,2.03,1.87,1.95,129820,0
20170404,1.94,2.05,1.895,1.94,41629,0
20170405,1.97,2.03,1.9,1.92,46648,0
20170406,1.9101,1.95,1.9,1.95,7768,0
20170407,1.92,1.99,1.86,1.87,30239,0
20170410,1.86,1.942,1.85,1.88,11122,0
20170411,1.88,1.92,1.84,1.84,100041,0
20170412,1.87,1.88,1.8,1.82,34820,0
20170413,1.82,1.84,1.81,1.83,11240,0
20170417,1.8,1.9,1.8,1.82,252487,0
20170418,1.825,1.85,1.79,1.8,53668,0
20170419,1.8,1.82,1.7,1.78,57353,0
20170420,1.79,1.85,1.76,1.76,55003,0
20170421,1.8,1.85,1.7,1.74,561621,0
20170424,1.72,1.9,1.72,1.83,92025,0
20170425,1.85,1.94,1.7815,1.7815,51040,0
20170426,1.69,1.7,1.5,1.62,158297,0
20170427,1.65,1.65,1.52,1.55,155459,0
20170428,1.55,1.55,1.45,1.49,45657,0
20170501,1.48,1.48,1.39,1.39,93020,0
20170502,1.39,1.43,1.36,1.37,67601,0
20170503,1.36,1.41,1.27,1.31,100841,0
20170504,1.3,1.385,1.21,1.29,214091,0
20170505,1.28,1.36,1.28,1.33,73836,0
20170508,1.332,1.36,1.3,1.33,33395,0
20170509,1.3514,1.4,1.34,1.38,24607,0
20170510,1.38,1.43,1.36,1.41,28835,0
20170511,1.45,1.66,1.44,1.5095,181527,0
20170512,1.5,1.6,1.46,1.47,73172,0
20170515,1.54,1.54,1.44,1.5,9388,0
20170516,1.5,1.5,1.35,1.36,139136,0
20170517,1.36,1.4,1.35,1.38,44759,0
20170518,1.37,1.38,1.3,1.35,63573,0
20170519,1.37,1.42,1.3,1.39,89526,0
20170522,1.38,1.39,1.28,1.3,102261,0
20170523,1.3494,1.39,1.29,1.3,44749,0
20170524,1.3,1.35,1.3,1.32,34657,0
20170525,1.34,1.36,1.28,1.33,81714,0
20170526,1.26,1.41,1.23,1.32,261220,0
20170530,1.309,1.45,1.309,1.36,69158,0
20170531,1.36,1.4,1.26,1.38,49407,0
20170601,1.38,1.43,1.36,1.39,14239,0
20170602,1.35,1.42,1.32,1.35,22005,0
20170605,1.42,1.42,1.3,1.35,15129,0
20170606,1.32,1.41,1.3,1.35,31286,0
20170607,1.34,1.37,1.31,1.32,52056,0
20170608,1.33,1.39,1.3,1.35,38430,0
20170609,1.31,1.38,1.3,1.3,27577,0
20170612,1.33,1.4,1.33,1.35,21432,0
20170613,1.3201,1.4,1.3,1.38,30269,0
20170614,1.3705,1.38,1.35,1.35,1482,0
20170615,1.32,1.35,1.3,1.34,18782,0
20170616,1.37,1.37,1.319,1.34,18334,0
20170619,1.325,1.36,1.31,1.34,20714,0
20170620,1.31,1.34,1.27,1.33,103663,0
20170621,1.33,1.33,1.284,1.3,18010,0
20170622,1.28,1.31,1.2681,1.29,14749,0
20170623,1.29,1.31,1.28,1.28,38621,0
20170626,1.28,1.3,1.2616,1.285,25247,0
20170627,1.28,1.3,1.26,1.27,46513,0
20170628,1.26,1.27,1.24,1.24,61395,0
20170629,1.24,1.32,1.22,1.29,261044,0
20170630,1.29,1.35,1.25,1.26,62302,0
20170703,1.27,1.28,1.27,1.28,8443,0
20170705,1.27,1.4,1.27,1.32,18275,0
20170706,1.31,1.33,1.28,1.28,10306,0
20170707,1.27,1.3,1.27,1.29,10012,0
20170710,1.29,1.3,1.2,1.2,43843,0
20170711,1.2,1.27,1.15,1.15,94600,0
20170712,1.16,1.2302,1.16,1.1899,31045,0
20170713,1.19,1.23,1.18,1.18,25167,0
20170714,1.189,1.19,1.15,1.16,31154,0
20170717,1.17,1.18,1.13,1.14,51253,0
20170718,1.15,1.15,1.0701,1.0997,33662,0
20170719,1.1,1.11,1.07,1.08,21576,0
20170720,1.08,1.1,1.02,1.0639,93341,0
20170721,1.07,1.11,1.061,1.1099,40590,0
20170724,1.11,1.1146,1.0523,1.06,21491,0
20170725,1.1,1.1,1.04,1.04,35634,0
20170726,1.02,1.1,1,1.03,67618,0
20170727,1.05,1.1,1.0289,1.03,22274,0
20170728,1.06,1.07,1.04,1.04,20935,0
20170731,1.08,1.17,1.055,1.12,98799,0
20170801,1.15,1.16,1.1,1.12,67677,0
