Date,Open,High,Low,Close,Volume,OpenInt
20130925,23.06,26.92,23,26.3,7522000,0
20130926,26.1,28.99,25.52,28.26,740738,0
20130927,29.54,31.99,26.61,29.18,486300,0
20130930,29,30.6,28.17,29.71,243300,0
20131001,29.74,30.94,29.08,29.81,321600,0
20131002,29.5,32.75,29.5,32.74,322300,0
20131003,33.65,34.75,32.75,33.24,392596,0
20131004,33.93,36,33.3,34.59,292956,0
20131007,34.97,35.63,30.75,30.98,305000,0
20131008,30.5,30.85,29.05,29.06,189500,0
20131009,28.98,28.98,25.76,28.22,422900,0
20131010,28.5,29.75,26,27.38,462000,0
20131011,26.8,27.97,26.53,27.63,300700,0
20131014,27.24,27.97,27.1,27.81,73300,0
20131015,28,28.23,27.25,27.59,68300,0
20131016,27.97,29.05,27.11,29,117300,0
20131017,29.25,29.25,28.08,28.75,156400,0
20131018,28.67,30.26,28.56,29.25,49500,0
20131021,31.32,32.95,30.28,32.67,784800,0
20131022,34.25,34.25,32,33.08,269400,0
20131023,33.62,34.35,32.16,33.27,138600,0
20131024,33.09,36.6,33.09,34.93,314300,0
20131025,34.91,34.93,33.08,34,288100,0
20131028,35.75,35.75,33.19,34.37,98000,0
20131029,34.23,36.36,33.55,34.01,98500,0
20131030,34.31,34.49,33.14,33.75,130700,0
20131031,33.999,33.999,31.52,33.52,163993,0
20131101,33.21,34,31.65,32.35,194000,0
20131104,32.13,32.74,29.75,31.34,339300,0
20131105,30.98,32.2,29.75,30.5,117600,0
20131106,31.94,31.94,28.02,28.72,252989,0
20131107,28.53,28.53,26.14,27,257600,0
20131108,27.35,28.54,26.8,27.5,91752,0
20131111,27.57,29.37,27,28.52,61400,0
20131112,28.62,31.2,26.02,26.49,178400,0
20131113,26.5,26.75,23.3,26,632300,0
20131114,26,27.22,23.6,24.64,310611,0
20131115,24.66,25.2,23.25,23.69,208299,0
20131118,23.84,24.61,22.61,24.49,189600,0
20131119,25.16,25.49,23.55,23.88,99400,0
20131120,23.9,25.8,23.44,24.62,451200,0
20131121,24.63,25.43,23.54,24.678,134843,0
20131122,24.65,26.27,23.66,25.47,70800,0
20131125,25.39,25.842,25.16,25.62,16053,0
20131126,25.7,27.36,25.7,27.09,100400,0
20131127,27.29,27.75,26.41,26.65,92011,0
20131129,26.8,28.58,26.8,28.25,86598,0
20131202,28.25,29.6,28.09,28.41,104631,0
20131203,28.14,28.42,26.05,26.97,74700,0
20131204,27,28.91,26.54,28.09,124300,0
20131205,28.32,29.87,28.23,28.91,125800,0
20131206,29.11,31.93,28.99,30,201300,0
20131209,30.8,31.36,29.59,29.81,151600,0
20131210,29.8,30.19,28.33,28.51,135300,0
20131211,28.4,29.61,27.77,28.78,87568,0
20131212,28.62,30.22,28.14,29.68,81600,0
20131213,29.89,31.11,29.74,30.89,128600,0
20131216,30.93,33.42,30.93,32.23,310100,0
20131217,32.24,32.58,31,32,225100,0
20131218,32.09,32.09,30.41,31.63,242725,0
20131219,31.69,32.49,31.155,32.11,152700,0
20131220,32.09,32.26,30,31.02,1598900,0
20131223,31.58,33.34,30.99,32.7,175500,0
20131224,32.66,32.99,31.24,32.37,45804,0
20131226,32.04,33,30.76,30.99,77600,0
20131227,31.11,32.86,31.11,32.3,86205,0
20131230,32.54,32.59,31.59,31.89,119900,0
20131231,31.95,32.65,31.3,32.35,156300,0
20140102,32.12,32.55,30.77,31.29,66985,0
20140103,31.49,32.46,31.12,32.32,68807,0
20140106,32.62,32.67,30.93,31.15,126722,0
20140107,31.25,31.4,30.28,31,152400,0
20140108,30.88,32.5,30.88,31.64,93400,0
20140109,31.67,32.44,30.92,31.14,128600,0
20140110,31,32.25,30.5,31.4,118269,0
20140113,31.42,32.13,30.55,30.68,85700,0
20140114,30.7,31.172,29.96,31.01,192426,0
20140115,31.02,31.24,30.5,30.98,62300,0
20140116,30.98,31.24,30.21,30.97,90600,0
20140117,31,31,29.45,29.87,337400,0
20140121,30.16,31.75,30.09,31.18,217220,0
20140122,31.2,31.32,29.67,30.73,105333,0
20140123,30.79,31.6,30.1,31.18,103700,0
20140124,31.03,31.84,29.97,30.8,187300,0
20140127,31,31.17,28.6,30.09,178000,0
20140128,30.17,31.25,29.12,31.05,148100,0
20140129,29.47,31.06,29.47,30.7,129579,0
20140130,30.86,31.28,30.796,31.16,65936,0
20140131,30.71,31.37,29.54,30.89,127400,0
20140203,32,32,29.32,30.51,163240,0
20140204,30.64,31,29.95,30.51,97988,0
20140205,30.07,30.63,29.01,30.39,133122,0
20140206,30.36,30.59,29.92,30.41,69533,0
20140207,30.51,31.95,30.26,31.86,133223,0
20140210,31,33.31,30.98,32.38,109809,0
20140211,32.36,33.33,31.2,32.65,176198,0
20140212,32.28,34.42,32.24,34.04,1570433,0
20140213,33.97,34.78,33.28,34.75,161507,0
20140214,35,35,33.66,34.43,345264,0
20140218,34.82,37.6,34.76,37.07,373669,0
20140219,37,37.81,35.11,36.05,239334,0
20140220,36,36.46,35.25,35.66,152063,0
20140221,35.96,36.37,35.5,35.64,127245,0
20140224,35.81,36.1,34.81,35.16,105667,0
20140225,35.31,37.63,34.75,37.48,236828,0
20140226,37.6,37.93,34.88,36.09,208642,0
20140227,35.75,36.99,34.36,34.98,364187,0
20140228,36.93,36.93,33.3,33.67,242862,0
20140303,33.47,34.8,32.73,33.79,166996,0
20140304,34.3,38.93,34.3,37.655,300717,0
20140305,37.76,40,37.76,38.94,304449,0
20140306,39.52,42.539,36.71,38.25,469807,0
20140307,38.25,40.05,35.58,36.96,399298,0
20140310,36.95,37.65,36.08,36.6,142534,0
20140311,36.85,37.079,35.37,36.51,170416,0
20140312,36.14,37.12,35.78,36.6,74520,0
20140313,36.89,37.148,34.161,35.78,152591,0
20140314,35.55,37.11,35.29,37.06,89837,0
20140317,37.85,38.86,37.26,37.34,134807,0
20140318,37.35,37.69,36.32,36.86,115152,0
20140319,36.81,38.015,36.81,37.82,188349,0
20140320,38.838,38.838,36.908,37.98,134341,0
20140321,37.868,38.39,35.56,35.96,288558,0
20140324,35.54,35.98,33.73,34.9,398165,0
20140325,35.5,36.13,33.81,34.02,165436,0
20140326,34.17,36.2,33,34.83,392400,0
20140327,34.63,36.69,33.86,36,154504,0
20140328,36.16,37.48,33,33.2,189742,0
20140331,33.54,36.22,33.27,35.675,228566,0
20140401,35.45,35.84,33.5,33.73,443659,0
20140402,34.16,34.16,32.752,33.02,133194,0
20140403,33.12,33.51,31,31.39,337817,0
20140404,31.38,32.98,30.56,32.14,476406,0
20140407,32.03,32.53,31.5,31.98,456596,0
20140408,32.14,32.327,30.5,31.31,353501,0
20140409,31.53,32.01,31.1,31.59,237688,0
20140410,31.24,31.73,30.37,31.37,311213,0
20140411,30.57,33.078,30.326,31.06,360635,0
20140414,31.26,32.945,30.434,31.84,372270,0
20140415,31.86,32.918,30.13,31.38,420286,0
20140416,31.71,31.97,30.923,31.83,199279,0
20140417,31.66,32.83,31.15,31.77,131542,0
20140421,31.57,32.54,31.37,32.5,235865,0
20140422,33.43,36.97,33.43,34.93,384932,0
20140423,35.89,35.98,34.15,35.11,367606,0
20140424,35.19,35.97,33.175,34.78,113134,0
20140425,34.54,34.54,32.19,32.55,157681,0
20140428,32.77,34.1,31,32.56,123785,0
20140429,32.86,33.66,32.14,33.45,76022,0
20140430,33.99,34.04,32.95,33.99,80143,0
20140501,33.77,33.77,31.48,32.89,147869,0
20140502,32.83,33.11,31.58,32.75,94149,0
20140505,32.36,32.72,31.25,32.59,140495,0
20140506,32.57,33,32.19,32.57,143646,0
20140507,32.52,32.59,30.97,31.16,228716,0
20140508,30.95,31.97,30.22,30.56,237350,0
20140509,30.3,31.49,30.17,30.79,166247,0
20140512,31,32.12,31,31.03,199566,0
20140513,31.03,31.91,30.3,30.45,920258,0
20140514,30.49,32.832,30.49,31.41,505650,0
20140515,31.16,31.85,30.55,31.03,168274,0
20140516,30.92,31.42,30.27,31.08,154131,0
20140519,30.85,32.02,30.85,31.46,414415,0
20140520,38.33,40.88,36.75,39.16,3456216,0
20140521,38.99,39.46,36.78,37,1085105,0
20140522,37.56,38.67,36.95,37.5,589115,0
20140523,37.63,38.75,37.3,38.03,336285,0
20140527,39.17,40.16,38.86,39.83,570744,0
20140528,40.88,40.9,39.01,40.49,526924,0
20140529,40.76,41.39,40.28,41,570782,0
20140530,41.367,41.462,40,40.7,409562,0
20140602,40.92,40.92,39.62,39.92,453840,0
20140603,39.92,42.62,39.3,41.75,896519,0
20140604,41.45,43.97,41.08,43.35,1027501,0
20140605,43.7,45.51,43.1,45.11,699578,0
20140606,45.25,45.95,44.527,45.14,270162,0
20140609,45.14,47.5,45.14,46.31,425099,0
20140610,47,47.99,44.03,44.44,421600,0
20140611,44.45,44.712,43.52,43.88,275920,0
20140612,44.03,45.125,43.53,44.51,250188,0
20140613,44.73,44.89,43.54,44,329650,0
20140616,43.58,44.39,43.271,43.9,189583,0
20140617,43.2,43.41,41.33,41.4,647337,0
20140618,41.05,42.98,41,42.84,242156,0
20140619,42.81,42.81,41.445,42.28,282492,0
20140620,42.4,44.87,41.651,43.91,1298854,0
20140623,44.27,44.376,42.14,42.62,303870,0
20140624,42.74,43.05,41,41.49,422704,0
20140625,41,43.14,40.76,42.83,185857,0
20140626,43.03,43.35,40.52,40.67,274645,0
20140627,40.25,41.21,39.76,41.2,916231,0
20140630,41.3,42.52,41.09,42.31,243039,0
20140701,42.04,42.88,40.35,41.75,435878,0
20140702,41.51,42.07,40.82,41.03,130500,0
20140703,41.04,41.474,40.65,40.925,55108,0
20140707,40.79,40.98,39.25,39.63,169386,0
20140708,41.87,41.98,39.22,41.92,530419,0
20140709,41.81,41.82,39.794,40.2,227933,0
20140710,39.85,40.2,39.02,39.44,213997,0
20140711,39.69,41.9,39.31,41.35,198841,0
20140714,41.52,41.82,40.49,40.6,101371,0
20140715,40.44,41.3,39.96,41.07,253298,0
20140716,41.1,41.58,39.7,40.2,239640,0
20140717,39.97,41.15,39.62,40.05,225260,0
20140718,40.03,41.72,39.542,41.31,205384,0
20140721,40.98,41.78,40.35,41.59,116776,0
20140722,41.76,42.63,41.17,41.24,102541,0
20140723,41.55,42.29,40.26,40.63,185539,0
20140724,40.55,40.95,39.85,40,146529,0
20140725,40,41.07,39.5,40.64,163657,0
20140728,40.73,41,38.99,39.28,160027,0
20140729,39.31,40.77,39.3,40.51,125738,0
20140730,40.92,41.04,40.26,40.84,116475,0
20140731,40.36,40.68,38.38,39.06,145462,0
20140801,38.55,39.38,37.52,38.25,300151,0
20140804,38.5,39.26,37.92,38.52,213511,0
20140805,37.55,38.83,37.55,37.9,204858,0
20140806,38.26,38.82,37.371,37.95,219077,0
20140807,37.95,38.663,37.3,37.59,187821,0
20140808,37.45,37.45,35.9,36.09,380906,0
20140811,37.3,38.04,35.38,37.91,257069,0
20140812,37.85,38.75,37.85,38.65,186090,0
20140813,38.61,40.35,38.375,39.6,259509,0
20140814,39.79,40.308,38.76,39,166653,0
20140815,39.47,39.92,38.839,39.22,122544,0
20140818,39.39,40.73,39.22,40.53,167475,0
20140819,40.37,40.39,38.68,39.59,160718,0
20140820,39.59,40.2,38.17,38.26,221784,0
20140821,38.17,38.17,36.26,36.51,216439,0
20140822,36.51,37.43,36.11,37.16,137822,0
20140825,38.06,38.79,37.195,37.66,81247,0
20140826,37.76,39.99,37.71,39.45,215426,0
20140827,39.65,39.91,38.44,39.055,99071,0
20140828,39.09,39.24,38.4,38.54,164172,0
20140829,38.95,39.36,38.58,38.96,91403,0
20140902,38.84,39.1,37.01,37.67,180923,0
20140903,37.79,38.9,37.79,38.2,111783,0
20140904,38.37,38.95,38.01,38.28,146198,0
20140905,38.07,38.19,36.89,37.56,162027,0
20140908,36.83,39.64,36.83,39.36,224577,0
20140909,39.52,39.93,38.62,39.36,277273,0
20140910,39.37,41.19,39.03,40.39,258082,0
20140911,40.34,40.68,39.64,40.47,200286,0
20140912,40.52,40.53,39.25,39.96,144411,0
20140915,40.17,40.17,37.73,38.7,114859,0
20140916,38.69,39.416,38.5,38.98,237445,0
20140917,40.17,40.17,38.52,38.92,195144,0
20140918,39.4,39.74,38.24,38.42,190117,0
20140919,38.51,40.37,38.09,39.06,482896,0
20140922,38.63,39.6,37.7,38,156921,0
20140923,37.75,39.38,37.02,37.09,203475,0
20140924,37.28,38.73,37.09,38.65,177361,0
20140925,38.52,38.52,37.51,38.25,151305,0
20140926,38.33,38.46,37.01,37.21,107627,0
20140929,37,38.99,37,38.73,207730,0
20140930,38.6,39.26,37.9,38.93,176784,0
20141001,38.62,38.86,36.455,37.83,240500,0
20141002,37.8,38.845,37.265,38.41,110324,0
20141003,38.86,39.4,38.1,38.41,105989,0
20141006,38.53,39.4,37.72,38.22,122777,0
20141007,38.045,38.38,37.455,37.62,207322,0
20141008,37.61,39.325,36.88,38.46,209010,0
20141009,38.5,38.58,37.35,38.03,164086,0
20141010,37.83,38.97,37.05,37.55,190346,0
20141013,37.55,38.65,36.88,37.78,172309,0
20141014,37.98,38.84,37.17,38.16,159122,0
20141015,37.3,40.96,37.25,40.75,315871,0
20141016,40,40.65,38.53,40.51,360929,0
20141017,40.52,40.9,39.4,39.88,263106,0
20141020,39.5,39.81,38.68,38.93,227327,0
20141021,39.15,40.79,38.75,39.88,199862,0
20141022,40.17,40.31,39.11,39.32,163915,0
20141023,39.63,40.13,39.15,39.81,156366,0
20141024,39.91,40.4,39.55,39.69,111448,0
20141027,39.53,40.03,39.14,39.5,240334,0
20141028,39.62,40.59,39.13,40.06,192061,0
20141029,40.19,40.49,39.56,40.32,79341,0
20141030,40.32,41.87,39.81,41.81,172296,0
20141031,42.44,43.75,41.37,41.72,225708,0
20141103,41.58,42.91,39.05,40.12,278719,0
20141104,39.91,40.81,39.8,40.5,131270,0
20141105,40.73,41.29,40.16,40.51,163271,0
20141106,40.49,41.38,40.17,41.12,181728,0
20141107,41.16,41.85,40.65,41.26,195470,0
20141110,40.94,41.63,40.69,41.13,223557,0
20141111,42.36,43.72,41.17,41.74,331874,0
20141112,42.12,44.16,41.97,43.89,452186,0
20141113,43.61,43.66,42.25,42.6,299953,0
20141114,40.89,41.69,39.8,40.05,489380,0
20141117,40.24,41.39,39.804,40.15,280790,0
20141118,39.794,41.61,39.5,41.18,425367,0
20141119,40.93,41.26,40,40.1,194508,0
20141120,40.29,41.13,40.03,40.58,226186,0
20141121,41.27,41.27,40.255,40.81,205403,0
20141124,41.26,42.49,41.06,42.39,191430,0
20141125,42.5,42.5,41.56,42.33,260713,0
20141126,42.47,43.15,42.44,42.93,162548,0
20141128,42.83,43.84,42.489,43.15,120471,0
20141201,42.88,43.34,40.559,40.77,193724,0
20141202,41,43.02,41,42.7,170638,0
20141203,42.91,43.5,42.17,43.29,286006,0
20141204,43.38,43.8,42.99,43.38,248775,0
20141205,43.46,45,43.41,44.91,231252,0
20141208,45.11,46.92,45,45.95,293957,0
20141209,45.33,47.07,44.5,46.17,391105,0
20141210,46.24,48.99,46.24,48.49,459791,0
20141211,48.48,48.61,47.13,47.64,265425,0
20141212,47.38,50,47.38,48.83,286907,0
20141215,48.43,49.78,45.375,45.58,408777,0
20141216,45.59,47.47,45.18,45.94,240583,0
20141217,45.94,47.53,45.815,47.39,255324,0
20141218,47.9,48.38,47,47.47,272349,0
20141219,47.11,47.47,45.119,47,1451487,0
20141222,47.17,47.79,46.02,46.16,267787,0
20141223,46.25,47.69,43.6,43.87,299493,0
20141224,44.15,45.65,44.15,44.93,98404,0
20141226,45.22,45.68,44.76,45.03,83225,0
20141229,45.24,45.24,43.42,44,245428,0
20141230,44.23,45.19,44,44.27,341573,0
20141231,44.6,45.46,44.355,44.87,231805,0
20150102,45.3,46.14,44.3,45.6,214443,0
20150105,45.55,47.51,44.79,46.57,247956,0
20150106,46.88,47.75,45.65,46.41,275368,0
20150107,47.6,48.9,46.87,48.58,277098,0
20150108,49.15,51.2,49.15,50.9,353283,0
20150109,51.09,51.879,49.07,50.93,199112,0
20150112,51.19,51.93,50,51.28,220011,0
20150113,51.02,52.8,50.03,50.32,305268,0
20150114,49.81,51.304,49.5,49.81,181014,0
20150115,49.74,50.07,48.49,49.13,168492,0
20150116,48.74,50.19,48.43,49.71,183321,0
20150120,49.96,54.16,49.28,53.99,414001,0
20150121,54.21,55.999,53.094,53.3,466014,0
20150122,53.75,54.45,51.6,53.48,453095,0
20150123,53.08,55.72,53.08,55.5,315188,0
20150126,56.01,56.75,54.97,55.4,248184,0
20150127,54.75,57.63,54.195,57.11,291284,0
20150128,57.97,57.97,54.125,55.045,318224,0
20150129,55,56.15,53.75,55.83,135780,0
20150130,55.52,57.89,55.01,56.25,226994,0
20150202,54.55,56.195,51.01,51.92,412893,0
20150203,52,52,48.9,50.07,430931,0
20150204,49.66,49.99,47.74,49.69,215111,0
20150205,51.15,51.69,50.03,50.66,219935,0
20150206,50.88,51.51,49.17,49.57,138454,0
20150209,49.19,50.56,49.05,49.42,186634,0
20150210,49.77,50.99,49.6,50.06,154727,0
20150211,50.31,50.99,49.22,50.11,178207,0
20150212,50.26,51.48,49.954,50.99,135969,0
20150213,51.5,51.69,50.31,51.11,127802,0
20150217,50.63,53.31,50.63,53.27,230979,0
20150218,54.12,55,53.19,54.95,188991,0
20150219,55.22,55.69,53.55,54.97,198663,0
20150220,55.18,56.01,54.31,55.82,207723,0
20150223,55.88,58.29,55.84,57.59,384090,0
20150224,57.78,57.78,51.51,52.78,617799,0
20150225,52.52,55.28,52.52,55.02,326260,0
20150226,54.86,55.35,53.27,54.8,211296,0
20150227,54.6,55.678,52.15,53.735,171961,0
20150302,53.48,54.23,52.51,53.95,197200,0
20150303,54.72,54.82,52.5,53.87,138900,0
20150304,53.52,54.5,52.94,53.91,344100,0
20150305,54.33,54.79,53.11,53.48,458300,0
20150306,53,53.84,52.54,53.19,271100,0
20150309,53.26,53.58,52.12,53,220800,0
20150310,52.79,53.69,52.29,53.18,223900,0
20150311,52.9,53.62,52.1,52.88,327500,0
20150312,53.23,53.4,52.69,53.15,182100,0
20150313,53.77,53.78,52.21,53,282800,0
20150316,52.78,53.49,52.5,53.32,398700,0
20150317,53,53.6,52.83,52.96,338200,0
20150318,53.05,53.35,51.9,52.11,211100,0
20150319,52.18,53.19,52.18,53,323900,0
20150320,53,53.84,50.85,51.4,386400,0
20150323,51.17,51.83,49.79,50.25,330200,0
20150324,50.44,52.23,50.17,50.61,164200,0
20150325,50.61,51.18,47.11,47.15,409900,0
20150326,46.59,47.76,46.01,47.03,350900,0
20150327,47.95,50,47.17,49.09,275800,0
20150330,49.37,50.12,47.75,48,355400,0
20150331,47.86,48.34,46.38,46.53,262500,0
20150401,46.33,46.59,44.55,46.48,285400,0
20150402,46.8,47.77,46.19,47.08,466600,0
20150406,46.65,47.9,45.79,46.15,224300,0
20150407,45.98,47.84,45.69,46.71,176071,0
20150408,46.53,48.43,46.53,48.09,146800,0
20150409,48.31,48.92,46.98,47.63,130013,0
20150410,48.29,50.16,47.57,49.99,263800,0
20150413,50.02,51.45,49.18,50.95,212200,0
20150414,51.16,51.69,50.42,51.26,160100,0
20150415,51.4,51.97,50.73,51.2,257095,0
20150416,51.49,51.88,50.73,51.8,145282,0
20150417,51.23,51.23,50,50.57,222000,0
20150420,50.37,50.94,49.36,50.29,208935,0
20150421,50.6,51.45,50.36,51.26,235208,0
20150422,51,52.708,51,52.35,212538,0
20150423,52.23,52.23,51.31,51.98,350900,0
20150424,52.15,52.87,51.51,52.15,123300,0
20150427,52.12,52.17,48.43,49.03,457200,0
20150428,48.6,50.13,46.89,49.22,309500,0
20150429,48.84,49.94,47.55,47.72,180800,0
20150430,47.76,48.41,44.95,45.28,327900,0
20150501,45.35,49.48,45.04,45.98,274000,0
20150504,45.9,47.79,45.72,47.63,197500,0
20150505,47.55,48.11,45.51,45.82,157500,0
20150506,46.6,47.07,45,45.64,155336,0
20150507,45.78,47.03,45.2,46.04,163134,0
20150508,46.6,48.99,46.6,48.56,231800,0
20150511,48.35,49.56,46.51,48.79,164700,0
20150512,49.99,52.5,49.04,52.04,351062,0
20150513,52.15,53.13,51.83,52.78,290300,0
20150514,52.97,53.17,51.42,52.58,214300,0
20150515,52.42,52.455,51.22,52.02,331452,0
20150518,51.67,52.79,50.69,52.05,240248,0
20150519,52.22,52.35,51.41,52.13,233700,0
20150520,52.05,53.03,51.36,52.36,232400,0
20150521,52.27,52.78,51.26,51.89,251500,0
20150522,51.88,52.78,51.88,52.39,173700,0
20150526,51.96,52.79,51.37,52.12,121243,0
20150527,51.5,51.74,48,48.25,605700,0
20150528,48.28,49.46,46.72,49.14,393252,0
20150529,48.96,50.27,48.55,50.02,314700,0
20150601,50.25,50.99,49.17,49.9,249300,0
20150602,49.73,49.73,48.72,48.88,169803,0
20150603,49.15,49.8,48.47,48.76,196100,0
20150604,48.56,49.07,47.66,48.3,247200,0
20150605,48.36,49.81,47.78,49.59,300900,0
20150608,49.91,50.33,49.04,49.41,201300,0
20150609,49.17,49.3,47.92,48.17,174701,0
20150610,47.95,49.53,47.82,48.93,194286,0
20150611,48.85,49.61,48.33,48.93,155991,0
20150612,48.53,49.06,47.73,48.76,216300,0
20150615,48.6,49,47.86,48.84,171900,0
20150616,48.64,49.32,48.33,48.84,126900,0
20150617,49.15,49.55,48.05,49.11,224800,0
20150618,49.11,50.58,48.9,50.58,446400,0
20150619,50.66,51.66,50.11,51.31,465300,0
20150622,51.6,52.17,50.87,52.08,305500,0
20150623,52.17,52.21,51.66,51.98,186433,0
20150624,51.67,52,50.38,50.5,214400,0
20150625,50.87,51.7,50.03,51.6,167200,0
20150626,51.9,52.09,51.08,51.96,1443000,0
20150629,51.82,52.02,50.06,50.14,313400,0
20150630,51.24,52.14,49.84,52.06,316077,0
20150701,52.25,52.48,51.59,51.94,162000,0
20150702,51.84,52.12,51.07,51.83,154700,0
20150706,51.2,52.4,51.07,52.39,241000,0
20150707,53,54.93,52.53,54.15,741800,0
20150708,54,54.24,52.81,53.32,340100,0
20150709,53.91,54.11,52.6,53.08,271300,0
20150710,53.68,54,52.34,53.92,223400,0
20150713,53.73,57.12,53.73,56.89,407100,0
20150714,57.59,58.57,56.4,58.23,635293,0
20150715,58.75,61.16,58.165,59,673768,0
20150716,59.31,62.12,59.06,61.79,673400,0
20150717,62.48,70.33,61.49,69.93,1454400,0
20150720,70,70.56,66.52,68.95,604700,0
20150721,68.89,69.49,67.6,68.96,388300,0
20150722,69.28,72.51,68.7,70.45,642900,0
20150723,70.29,71.14,69.04,69.97,306300,0
20150724,69.67,70.65,67.04,67.4,393100,0
20150727,66.37,66.94,64.03,66.42,487100,0
20150728,66.96,68.36,65.45,68.04,351500,0
20150729,68.84,69.59,65.72,66.96,404200,0
20150730,66.9,67.4,64.92,67.19,375400,0
20150731,67.34,69.29,66.82,67.69,219300,0
20150803,68.35,71.77,68.35,70.34,498944,0
20150804,70.86,70.86,68.65,69.62,348800,0
20150805,69.54,69.54,64.3,64.76,493200,0
20150806,65.41,66.57,61.115,62.13,739301,0
20150807,58.65,59.52,51.28,55.09,1621200,0
20150810,54.1,55.99,53.18,54.27,499000,0
20150811,53.56,54.7,51.02,51.76,619451,0
20150812,50.93,51.76,49.26,51.65,481400,0
20150813,52.07,52.98,50.69,50.81,211800,0
20150814,52.09,52.28,50.2,51.02,368700,0
20150817,50.77,52.09,50,51.83,245100,0
20150818,51.38,52.03,50.06,50.83,368400,0
20150819,50.4,51.63,50.15,50.54,201700,0
20150820,50.3,50.31,46.65,46.95,477500,0
20150821,45.63,47.47,44.72,45.27,620600,0
20150824,42.69,45.67,40.15,43.69,429214,0
20150825,45.21,45.5,42.18,42.36,417700,0
20150826,43.37,45.33,42.26,45.17,432600,0
20150827,45.68,46.65,44.62,45.32,479700,0
20150828,45.24,46.36,44.63,45.37,318600,0
20150831,45.34,46.51,43.96,44.03,415000,0
20150901,42.95,43.96,41.52,41.75,348700,0
20150902,42.65,45.77,41.82,45.18,506700,0
20150903,46.1,47,43.09,44.18,486900,0
20150904,43.54,45.43,43.01,43.75,333500,0
20150908,45.36,49.51,44.82,49.43,624400,0
20150909,50,50.3,47.52,47.67,385500,0
20150910,47.47,49.72,47.15,49.46,426641,0
20150911,49.54,49.72,48.29,49.47,254000,0
20150914,49.46,49.96,48.2,49.48,215000,0
20150915,49.41,49.7,47.72,48.61,306600,0
20150916,48.43,48.43,47.02,48.2,224900,0
20150917,47.96,49.5,47.35,49.05,384979,0
20150918,48.66,50,48.39,49.44,1056200,0
20150921,49.32,49.5,44.59,44.92,657500,0
20150922,44.49,45.12,41,42,705700,0
20150923,42.59,43.27,41.06,41.26,491200,0
20150924,41,42.06,39.55,42,630691,0
20150925,42.51,43.7,37.47,39.16,853300,0
20150928,39.16,40,36.37,37.31,538504,0
20150929,37.31,39.82,35.72,36.41,699000,0
20150930,37.67,40.7,36.82,40.52,705400,0
20151001,39.97,40.84,37.45,40.75,525100,0
20151002,39.98,42.29,39.59,42.23,342800,0
20151005,42.64,43.4,39.87,41.84,397177,0
20151006,41.29,42.58,38.06,39.89,370900,0
20151007,39.69,42.76,38.55,42.25,399300,0
20151008,42.21,43.4,40.51,42.53,468700,0
20151009,42.72,44.18,42.01,42.73,298700,0
20151012,42.86,43.27,41.7,42.49,308392,0
20151013,41.92,43.45,40.33,40.56,454000,0
20151014,40.7,42.64,39.62,40.37,313200,0
20151015,40.03,44.66,39.52,44.55,434800,0
20151016,44.93,45.6,44.23,45,499100,0
20151019,45.6,47.72,43.82,45.93,502700,0
20151020,45.28,45.94,43.81,44.68,189669,0
20151021,45.35,45.35,42,43.75,318700,0
20151022,43.87,44.98,42.5,44.38,291900,0
20151023,45.15,46.81,44.75,46.57,483600,0
20151026,46.27,47.74,44.86,46.82,278100,0
20151027,46.86,48.08,45.52,47.66,385000,0
20151028,47.35,49.39,46.05,49.31,461800,0
20151029,49.3,50.88,49.23,49.43,546200,0
20151030,49.03,50.88,49,49.93,360900,0
20151102,49.92,54.36,49.92,54.22,544262,0
20151103,53.68,56.08,52.88,54.79,435400,0
20151104,54.99,55.15,53.26,54.2,313447,0
20151105,53.36,55.81,50.52,53.75,531400,0
20151106,54.07,55.45,52.46,55.09,220100,0
20151109,55.74,60.195,55.55,58.74,739176,0
20151110,58.84,59.44,56.74,58.74,495400,0
20151111,58.73,59.87,57.36,57.42,296400,0
20151112,56.86,56.86,53.17,53.28,426500,0
20151113,53.77,55.69,52.57,54.38,317000,0
20151116,54.41,55.34,52.35,54.98,255900,0
20151117,56,59.99,56,57.99,619300,0
20151118,58.13,60.47,57.27,60.35,580300,0
20151119,60.33,60.75,57.73,58.12,444300,0
20151120,58.51,60.11,58,59.54,452800,0
20151123,59.2,60.77,59.2,60.27,468500,0
20151124,59.57,61.41,59.43,61.11,392800,0
20151125,61.37,64.09,61.35,63.22,363700,0
20151127,63.28,63.55,62.18,62.92,167900,0
20151130,62.98,64.21,60.31,63.57,494300,0
20151201,63.81,63.87,62.39,63.6,474386,0
20151202,63.68,64.42,62.89,63.27,277944,0
20151203,63.23,64.16,60.69,61.85,242318,0
20151204,61.85,66.69,61.12,66.02,474600,0
20151207,66.03,69.94,65.29,65.77,621400,0
20151208,65.19,69.25,64.44,68.48,390356,0
20151209,68.02,69.38,64.08,64.12,408400,0
20151210,64,68.02,63.16,65.89,558000,0
20151211,64.45,66.6,63.14,66.13,361900,0
20151214,69,69.95,65.34,66.56,402646,0
20151215,67.07,70.98,66.65,70.32,641600,0
20151216,70.59,74.86,70.18,74.74,837800,0
20151217,74.83,74.83,71.04,72.85,700800,0
20151218,72.18,77.55,71.56,76.74,1422000,0
20151221,78.28,79.63,76.62,77.72,527900,0
20151222,78.21,78.42,73.33,76.9,1085244,0
20151223,77.25,79.97,77.25,78.52,649900,0
20151224,78.94,79.74,76,77.69,244245,0
20151228,77.24,78.32,76.245,77.86,517461,0
20151229,78.23,79.8,76.46,78.64,364059,0
20151230,78.3,80,77.96,78.1,231341,0
20151231,77.64,79.67,76.96,78.53,214079,0
20160104,76.37,77,70.52,73.22,549992,0
20160105,73.22,75.63,72.05,74.07,338457,0
20160106,72.85,73.66,68.8175,70.1,505138,0
20160107,69.26,69.576,66.01,67.69,626252,0
20160108,67.63,69.61,65.15,65.34,437421,0
20160111,66.32,69.94,61.1,63.99,707191,0
20160112,64.96,69.99,64.96,68.76,450671,0
20160113,68.25,69.82,64.01,65.14,913043,0
20160114,66.42,66.97,62.18,64.34,649664,0
20160115,61.67,64.74,61.2001,63.86,478257,0
20160119,64.82,65.3,58,60.19,816100,0
20160120,59,61.91,57,60.42,743287,0
20160121,60.52,61.56,54.22,57.01,694853,0
20160122,58.13,60.0099,56.66,59.82,437074,0
20160125,59.81,60.32,56.95,57,722266,0
20160126,57.53,58.5199,55.3,56.17,506308,0
20160127,55.79,57.74,54.68,55.65,573144,0
20160128,56.03,56.38,52.51,53.39,774452,0
20160129,53.3,54.97,52.51,54.19,698304,0
20160201,53.82,58.13,52.43,57.56,442401,0
20160202,56.56,57.1,52.47,53.04,327296,0
20160203,53.4,54.8,48.67,50.99,550547,0
20160204,50.64,55,50,53.73,344159,0
20160205,53.45,54.9503,50.18,50.87,315195,0
20160208,48.44,50.84,46.29,47.23,457289,0
20160209,46,47.99,44.805,46.34,455213,0
20160210,46.94,50.66,46.42,47.03,487098,0
20160211,45.5,47.51,42.63,45.97,483216,0
20160212,46.87,47.68,45,47.47,386518,0
20160216,48.14,50.13,47.1818,47.88,371532,0
20160217,48.19,50.42,47.35,49.97,388196,0
20160218,50.06,50.3466,44.75,45.74,361536,0
20160219,45.17,48.92,44.51,47.47,390833,0
20160222,47.87,49.97,47.358,48.76,342132,0
20160223,48.19,49.16,45.06,45.37,455022,0
20160224,45.56,47.46,43.72,47.09,511651,0
20160225,47.48,49.39,45.43,46.36,384795,0
20160226,46.36,47.705,44.235,46.71,344287,0
20160229,46.59,47,44.61,45.04,497520,0
20160301,46.01,46.81,44.1,46.75,333817,0
20160302,46.64,49.47,45.72,49.24,1326942,0
20160303,49.21,49.7,44.7,45.32,641851,0
20160304,46.06,46.97,44.54,45.21,964236,0
20160307,44.97,47.85,44.97,47.41,821087,0
20160308,47.39,47.39,43.88,44.06,499740,0
20160309,44.19,44.7599,39.75,41.77,818848,0
20160310,42.12,42.6,40.0762,40.66,623788,0
20160311,41.13,43.54,40.84,43.17,363445,0
20160314,43.5,45.92,40.9425,45.21,549553,0
20160315,44.51,44.55,40.24,41.19,607491,0
20160316,41.2,43.11,40.92,42.2,477190,0
20160317,42.2,42.39,40,40.45,496640,0
20160318,40.4,41.57,38.7005,40.83,1190503,0
20160321,40.78,43.1099,40.51,41.39,568386,0
20160322,41.24,43.41,41.24,42.75,467843,0
20160323,43,43.905,40.28,40.4,500206,0
20160324,39.75,42.35,39.51,41.09,452180,0
20160328,41.43,41.7999,40.17,41.01,424142,0
20160329,40.76,43.75,40.3,43.65,486527,0
20160330,44.05,45.6,40.92,41,557378,0
20160331,41,43.045,40.62,42.27,401244,0
20160401,42.06,45.5,41.21,44.9,620938,0
20160404,45.17,45.8,44.27,44.63,343891,0
20160405,44.36,45.42,43.9,44.72,276132,0
20160406,44.88,48.62,44.88,48.62,533059,0
20160407,48.08,50.4,46.6,48.28,715179,0
20160408,49.49,49.885,48.3101,49.05,500580,0
20160411,49.33,49.9,46.03,46.06,348264,0
20160412,46.25,47.77,45.31,45.98,452583,0
20160413,46.69,47.67,45.56,47.33,210502,0
20160414,47.35,47.6,45.82,47.18,216300,0
20160415,47.15,47.6,46.33,46.9,203911,0
20160418,46.75,48.6,45.92,48.05,302105,0
20160419,47.87,48.67,45.35,45.43,338591,0
20160420,45.66,46.49,43.76,44.42,599589,0
20160421,44.45,49.167,44.155,49.01,324203,0
20160422,48.96,50.4399,47.04,50.01,352898,0
20160425,49.69,51.47,49.33,50.93,371525,0
20160426,50.45,50.45,48.035,48.15,346451,0
20160427,48.41,49.36,46.88,48.32,288596,0
20160428,48.03,49.71,47.225,47.88,294919,0
20160429,47.82,48.73,46.06,46.74,293322,0
20160502,47.23,47.41,45.48,47.3,360028,0
20160503,46.67,47.92,44.23,44.44,331269,0
20160504,45.58,46.44,41.74,41.84,508048,0
20160505,42.73,44.45,41,43.47,378267,0
20160506,42.89,43.46,41.92,42.64,321107,0
20160509,43.26,46.4,42.42,46.04,329814,0
20160510,46.02,47.47,45.05,46.4,339099,0
20160511,46.25,47.13,44.44,44.51,213463,0
20160512,44.94,44.94,43.2,44.29,273318,0
20160513,43.99,45.22,43.24,43.95,219173,0
20160516,44.29,46.76,43.37,46.48,330961,0
20160517,46.06,47.8,45.73,47.02,334201,0
20160518,46.79,48.5,45.74,47.58,210555,0
20160519,47.35,48.52,46.74,47.51,279811,0
20160520,47.78,48.725,47.07,48.32,246792,0
20160523,48.43,50.49,48,50.08,313450,0
20160524,50.99,52.75,50.3,51.62,594805,0
20160525,51.51,52.05,49.89,50.75,424674,0
20160526,50.92,51.48,49.89,50.89,279747,0
20160527,51.16,51.9,50.3,51.14,207858,0
20160531,51.66,54.36,51.37,53.7,588685,0
20160601,53.29,53.96,52.11,53.35,415745,0
20160602,56.37,58.86,56.11,58.29,1058683,0
20160603,57.77,58.4137,55.63,56.82,405530,0
20160606,57.3,58.54,56.1,58.45,524108,0
20160607,58.48,58.54,55.732,57.15,307272,0
20160608,57.73,58,56.551,57.52,251821,0
20160609,57.46,57.72,55.99,56.16,368972,0
20160610,55.16,56.75,54.37,56.33,345061,0
20160613,56.11,56.69,53.77,53.79,385052,0
20160614,53.79,54.42,51.63,52.55,314376,0
20160615,53.26,54.31,52.51,53.35,400645,0
20160616,53.02,55.05,52.51,54.93,355629,0
20160617,55.19,56.01,52.5255,52.79,885633,0
20160620,53.55,55.65,52.95,54.77,414698,0
20160621,55,55.09,53.05,54.5,347604,0
20160622,54.42,56.085,53,54.16,238698,0
20160623,54.71,56,54.04,55.88,376656,0
20160624,52.06,54.5,51,51.99,510285,0
20160627,51.61,52.4,49.26,49.97,576481,0
20160628,51.04,52.16,50.29,51.68,442907,0
20160629,52.41,53.6399,50.84,51.97,281999,0
20160630,51.86,52.2499,50.25,51.03,544584,0
20160701,51.2,52.84,50.69,52.71,496271,0
20160705,52.43,52.71,50.84,52.28,352140,0
20160706,51.78,53.71,51.54,53.43,390451,0
20160707,53.77,53.79,52.31,53.52,259533,0
20160708,53.53,55.43,52.93,55.07,318986,0
20160711,55.49,56.17,54.84,54.9,235911,0
20160712,55.31,55.8699,54.71,55.16,251692,0
20160713,55.76,55.8,53.53,53.67,429897,0
20160714,54.33,56.15,53.81,55.61,533636,0
20160715,55.87,58.56,55.71,58.4,475632,0
20160718,58.41,58.94,57.17,58.85,399956,0
20160719,58.36,59.4,58,58.32,354064,0
20160720,58.38,61.96,58.18,61.84,498296,0
20160721,62.27,63.5,62.27,63.07,471156,0
20160722,63.47,64.6,62.51,64.21,319317,0
20160725,64.45,64.86,62.83,63.24,323085,0
20160726,63,64.48,62.23,64.08,267245,0
20160727,64.43,65.26,63.55,64.98,264057,0
20160728,65,65.96,64.07,65.03,402967,0
20160729,64.94,65.02,63.36,64.24,500683,0
20160801,64.6,65.23,63.61,64.42,307678,0
20160802,64.25,64.25,60.66,62.63,504380,0
20160803,61.63,62.58,59.751,62.37,496133,0
20160804,62.95,62.95,60.881,61.13,320261,0
20160805,61.19,62.11,60.47,61.13,368941,0
20160808,61.11,61.131,58.17,58.28,356726,0
20160809,58.52,58.68,56.89,56.93,271963,0
20160810,56.81,56.89,53.76,54.38,547985,0
20160811,54.41,54.65,52.52,53.7,309910,0
20160812,53.51,53.96,53.01,53.44,242994,0
20160815,53.55,54.8,53.24,53.61,268952,0
20160816,53.53,54.15,51.8,51.88,242657,0
20160817,51.73,51.85,50.84,51.5,348114,0
20160818,51.36,51.875,51.05,51.32,270241,0
20160819,51.61,51.85,49.24,50.32,514138,0
20160822,50.65,53.86,50.29,53.73,851344,0
20160823,54.05,55.75,53.01,54.92,586963,0
20160824,54.92,56.79,52.1,52.4,740653,0
20160825,52.62,54.32,50.72,52.2,492233,0
20160826,52.1,54.15,51.9,53.22,617987,0
20160829,53.48,53.58,52.26,52.99,209812,0
20160830,53,53.86,52.68,53.37,340963,0
20160831,53.33,53.815,52.49,52.81,252265,0
20160901,52.75,53.04,52.3,52.97,204047,0
20160902,53.16,53.595,50.7311,51.32,365311,0
20160906,51.69,53.15,51.6,53.14,345759,0
20160907,53.1,55.5,52.74,54.19,452082,0
20160908,54.19,54.5,52.84,54.44,452108,0
20160909,54,54.69,52.4,52.65,448578,0
20160912,52.19,54.38,52.19,54.36,492850,0
20160913,53.47,54.2869,52.38,53.61,423442,0
20160914,54.06,55.07,53.53,54.52,287064,0
20160915,54.64,58.2,54.54,58.01,823472,0
20160916,58.51,59.7,57.49,59.39,909222,0
20160919,59.81,59.99,57.54,58.33,560973,0
20160920,59.17,59.74,57.01,57.85,480601,0
20160921,58.25,58.99,57.2,58.5,358158,0
20160922,58.83,59.46,57.79,58.98,257353,0
20160923,59.07,59.33,58.04,58.15,202481,0
20160926,57.76,57.95,57.19,57.56,304737,0
20160927,57.43,58.54,57.02,58.38,296703,0
20160928,58.25,58.9,56.86,57.3,410056,0
20160929,57.27,57.725,53.435,54.12,671817,0
20160930,46.53,47.81,45.4,46.12,5007563,0
20161003,45.77,46.27,43.3,43.57,2641002,0
20161004,45.13,46.36,43.655,43.95,1384820,0
20161005,44.11,45.536,44.1,45.3,973783,0
20161006,44.5,44.61,43,43.7,876403,0
20161007,43.65,45.23,43.01,43.35,876650,0
20161010,43.58,44.38,43.33,44.05,670213,0
20161011,43.5,44.55,42.29,42.39,638486,0
20161012,42.24,42.7325,40.83,40.94,623210,0
20161013,40.5,42.23,40.35,41.12,540553,0
20161014,41.38,41.4306,39.7,39.78,630468,0
20161017,39.96,40.26,37.8,38.15,794500,0
20161018,38.81,39.51,38.49,38.58,394573,0
20161019,38.83,39.31,36.72,36.91,652458,0
20161020,37,37.14,35.88,36.57,722847,0
20161021,36.36,37.1,35.8,36.12,695315,0
20161024,36.15,36.93,35.22,35.24,527324,0
20161025,35.05,35.57,34.33,34.7,600218,0
20161026,34.62,35.2999,33.41,33.51,742064,0
20161027,33.5,34.0815,32.52,32.61,578626,0
20161028,32.53,33,31.5,32.44,466962,0
20161031,32.43,36.38,31.7438,35.82,2149691,0
20161101,36.25,37.34,34.35,35.18,1291311,0
20161102,35.11,36.33,34.4,34.42,679726,0
20161103,34.45,34.575,30.85,30.85,936835,0
20161104,30.81,32.04,30.52,31.37,648741,0
20161107,32.71,32.92,31.5,32.33,988193,0
20161108,32.33,33.16,29.8461,32.6,1232324,0
20161109,35.25,35.9684,34.16,35.7,1341887,0
20161110,36.54,37.215,35.041,35.49,1137348,0
20161111,35.59,37.1196,35.45,36.41,850947,0
20161114,36.73,36.83,35.54,35.87,852108,0
20161115,36.37,36.73,34.88,35.39,875338,0
20161116,35.22,35.79,34.78,34.93,926241,0
20161117,34.62,35.39,34.53,35.25,568021,0
20161118,35.29,36.26,34.83,35.34,560523,0
20161121,35.5,36.3,35.15,36.11,665222,0
20161122,36.39,39.56,36,37.61,1453592,0
20161123,36.83,38.25,36.03,38.11,756549,0
20161125,38.61,39.02,37.3,38.94,460284,0
20161128,38.67,38.88,32.55,34.54,3092572,0
20161129,34.49,35.5,33.9901,34.03,990282,0
20161130,33.85,34.295,29.91,30.65,1618466,0
20161201,30.94,32.71,30.46,32.19,1552336,0
20161202,32.47,35.28,32.22,34.4,978176,0
20161205,34.99,38.38,34.91,38.1,1383235,0
20161206,38.21,38.8,34.55,36.7,1527953,0
20161207,36.08,36.451,34.33,34.6,729255,0
20161208,34.75,36.05,33.83,35.76,1007658,0
20161209,37.75,40.34,37.32,38.77,1659386,0
20161212,6.23,6.48,5.18,5.29,50692594,0
20161213,5.36,5.49,5,5.13,12648085,0
20161214,5.13,5.25,4.87,4.93,10622076,0
20161215,4.91,4.99,4.53,4.86,9413341,0
20161216,4.89,5.28,4.76,5.19,9664586,0
20161219,5.17,5.23,4.97,5.05,3543136,0
20161220,5.03,5.07,4.77,4.89,3243137,0
20161221,4.91,5.0001,4.75,4.82,2197888,0
20161222,4.9,4.93,4.76,4.82,1221388,0
20161223,4.81,5.1,4.78,5.09,2204437,0
20161227,5.06,5.1,4.91,4.92,1825808,0
20161228,4.9,4.95,4.8,4.86,1433778,0
20161229,4.89,4.94,4.75,4.93,2724642,0
20161230,4.92,5.04,4.81,4.83,2089992,0
20170103,4.85,4.99,4.66,4.78,2125128,0
20170104,4.81,5.14,4.78,5.05,2448666,0
20170105,5.04,5.06,4.85,4.98,1443837,0
20170106,4.97,5.13,4.89,4.96,1670264,0
20170109,5.01,5.05,4.83,4.85,1156091,0
20170110,4.88,5.23,4.8,5.13,3078474,0
20170111,5.18,5.25,4.84,4.88,1964294,0
20170112,4.86,5.03,4.78,4.92,1316622,0
20170113,4.93,5.05,4.81,4.86,983519,0
20170117,4.81,4.9689,4.7,4.72,1470972,0
20170118,4.76,4.789,4.58,4.72,1933422,0
20170119,4.71,4.76,4.58,4.62,1025190,0
20170120,4.62,4.68,4.55,4.61,800726,0
20170123,4.59,4.68,4.42,4.48,1267487,0
20170124,4.46,4.51,4.27,4.5,2201498,0
20170125,4.51,4.66,4.5,4.61,1572105,0
20170126,4.59,4.74,4.47,4.49,982828,0
20170127,4.5,4.74,4.5,4.72,1285429,0
20170130,4.71,4.74,4.51,4.52,850338,0
20170131,4.51,4.77,4.41,4.76,1756559,0
20170201,4.79,4.8598,4.64,4.7,1475236,0
20170202,4.65,4.75,4.5803,4.67,951385,0
20170203,4.66,4.74,4.56,4.59,1221172,0
20170206,4.56,4.7,4.53,4.57,1473065,0
20170207,4.57,4.7,4.43,4.43,1407385,0
20170208,4.42,4.545,4.31,4.39,1716382,0
20170209,4.37,4.46,4.3,4.32,1405433,0
20170210,4.32,4.54,4.32,4.48,1724817,0
20170213,4.5,4.61,4.45,4.46,1018435,0
20170214,4.45,4.61,4.41,4.6,746900,0
20170215,4.58,4.81,4.54,4.8,1580889,0
20170216,4.81,4.81,4.62,4.64,996004,0
20170217,4.6,4.66,4.45,4.5,853651,0
20170221,4.54,4.56,4.35,4.36,954281,0
20170222,4.35,4.48,4.25,4.25,1042652,0
20170223,4.25,4.325,4.19,4.26,630468,0
20170224,4.2,4.3,4.18,4.24,607978,0
20170227,4.23,4.6,4.23,4.57,1173560,0
20170228,4.08,4.3,3.56,3.57,5163003,0
20170301,3.6,3.87,3.6,3.76,2380303,0
20170302,3.73,3.95,3.62,3.67,2706841,0
20170303,3.65,3.73,3.585,3.64,1561074,0
20170306,3.65,3.74,3.54,3.65,1072562,0
20170307,3.66,3.7,3.57,3.64,826683,0
20170308,3.65,3.75,3.58,3.62,973134,0
20170309,3.62,3.72,3.57,3.63,908424,0
20170310,3.66,3.8,3.59,3.75,555758,0
20170313,3.7,3.75,3.45,3.53,1701776,0
20170314,3.49,3.6,3.43,3.57,1056484,0
20170315,3.58,3.58,3.45,3.49,1474050,0
20170316,3.49,3.685,3.455,3.66,1018881,0
20170317,3.65,3.8,3.54,3.61,2714567,0
20170320,3.61,3.645,3.5,3.53,577627,0
20170321,3.56,3.6,3.35,3.35,1092533,0
20170322,3.37,3.38,3.24,3.28,935599,0
20170323,3.29,3.48,3.2701,3.38,893619,0
20170324,3.38,3.57,3.37,3.53,1015830,0
20170327,3.51,3.66,3.49,3.65,817274,0
20170328,3.65,3.68,3.52,3.61,623765,0
20170329,3.62,3.725,3.62,3.65,603024,0
20170330,3.64,3.66,3.54,3.59,715568,0
20170331,3.56,3.69,3.56,3.66,669960,0
20170403,3.68,3.72,3.375,3.39,1541512,0
20170404,3.36,3.43,3.255,3.29,845728,0
20170405,3.3,3.3499,3.16,3.18,931714,0
20170406,3.18,3.22,3.05,3.18,920724,0
20170407,3.16,3.24,3.07,3.21,607389,0
20170410,3.2,3.26,3.15,3.18,452704,0
20170411,3.17,3.22,2.83,3,1948757,0
20170412,2.98,3.05,2.94,3.01,673569,0
20170413,2.97,3.0099,2.9,2.92,694538,0
20170417,2.91,2.93,2.8,2.92,911333,0
20170418,2.9,2.93,2.78,2.92,779321,0
20170419,2.93,2.95,2.81,2.84,879954,0
20170420,2.87,2.91,2.75,2.78,983918,0
20170421,2.79,2.82,2.71,2.74,489398,0
20170424,2.78,2.84,2.7,2.81,691426,0
20170425,2.81,2.94,2.77,2.88,630527,0
20170426,2.89,3.05,2.871,3.03,898872,0
20170427,3.02,3.03,2.87,2.9,597380,0
20170428,2.92,2.98,2.87,2.97,691676,0
20170501,2.97,3,2.93,2.98,426739,0
20170502,2.98,2.99,2.84,2.86,804026,0
20170503,2.8,3.12,2.74,2.75,1354502,0
20170504,2.74,2.82,2.65,2.78,953495,0
20170505,2.8,2.8,2.65,2.71,773743,0
20170508,2.7,2.75,2.6,2.62,593660,0
20170509,2.64,2.72,2.6,2.665,550617,0
20170510,2.66,2.68,2.57,2.66,624630,0
20170511,2.66,2.66,2.55,2.6,437934,0
20170512,2.61,2.62,2.54,2.54,436980,0
20170515,2.54,2.62,2.53,2.58,755789,0
20170516,2.58,2.71,2.5532,2.64,657635,0
20170517,2.59,2.64,2.49,2.5,755959,0
20170518,2.49,2.61,2.48,2.53,612894,0
20170519,2.55,2.58,2.435,2.46,790597,0
20170522,2.48,2.52,2.41,2.51,698149,0
20170523,2.53,2.54,2.45,2.48,315222,0
20170524,2.48,2.5,2.42,2.43,668985,0
20170525,2.44,2.44,2.3,2.34,1051925,0
20170526,2.32,2.3537,2.26,2.34,722045,0
20170530,2.34,2.35,2.27,2.33,493042,0
20170531,2.34,2.34,2.24,2.27,999524,0
20170601,2.27,2.4,2.26,2.4,431638,0
20170602,2.41,2.53,2.36,2.51,855367,0
20170605,2.52,2.525,2.37,2.48,402935,0
20170606,2.47,2.5,2.38,2.47,383602,0
20170607,2.48,2.555,2.4,2.49,793742,0
20170608,2.47,2.57,2.39,2.55,609460,0
20170609,2.55,2.615,2.48,2.58,703198,0
20170612,2.58,2.61,2.5,2.53,651955,0
20170613,2.55,2.57,2.47,2.55,509035,0
20170614,2.56,2.755,2.51,2.72,837883,0
20170615,2.68,2.785,2.56,2.64,788927,0
20170616,2.63,2.715,2.55,2.62,999051,0
20170619,2.64,2.88,2.61,2.83,1006513,0
20170620,2.84,2.89,2.7,2.7,664022,0
20170621,2.72,2.85,2.7,2.78,436652,0
20170622,2.79,2.96,2.79,2.87,773738,0
20170623,2.85,2.99,2.8,2.9,4205025,0
20170626,2.93,3.045,2.76,2.78,1038680,0
20170627,2.78,2.88,2.7,2.7,699760,0
20170628,2.74,2.78,2.6,2.63,619448,0
20170629,2.64,2.69,2.57,2.6,588656,0
20170630,2.62,2.65,2.46,2.56,764199,0
20170703,2.57,2.66,2.511,2.65,316895,0
20170705,2.64,2.7,2.54,2.675,598613,0
20170706,2.62,2.72,2.56,2.6,354932,0
20170707,2.61,2.76,2.6,2.76,511607,0
20170710,2.76,2.83,2.6601,2.7,429947,0
20170711,2.7,2.78,2.65,2.66,601075,0
20170712,2.69,2.73,2.58,2.69,490912,0
20170713,2.7,2.755,2.62,2.7,411820,0
20170714,2.7,2.74,2.685,2.69,266192,0
20170717,2.7,2.74,2.635,2.65,429738,0
20170718,2.62,2.67,2.595,2.61,295227,0
20170719,2.63,2.68,2.57,2.64,362391,0
20170720,2.65,2.72,2.59,2.69,231732,0
20170721,2.68,2.705,2.62,2.63,266996,0
20170724,2.62,2.6599,2.58,2.58,248425,0
20170725,2.56,2.68,2.55,2.64,327546,0
20170726,2.7,2.89,2.69,2.71,812496,0
20170727,2.77,2.81,2.5,2.53,829980,0
20170728,2.5,2.55,2.37,2.43,688722,0
20170731,2.45,2.46,2.31,2.4,487690,0
20170801,2.42,2.4709,2.37,2.43,531110,0
