Date,Open,High,Low,Close,Volume,OpenInt
20050225,13.223,13.538,13.223,13.538,1615,0
20050228,13.223,13.314,13.223,13.223,2114,0
20050303,13.102,13.38,13.102,13.38,1626,0
20050304,13.38,13.38,13.38,13.38,297,0
20050309,13.38,13.38,13.195,13.195,1055,0
20050310,12.919,13.223,12.919,13.223,2114,0
20050311,12.733,13.223,12.733,13.075,3234,0
20050314,12.762,13.075,12.762,12.919,2097,0
20050317,12.919,12.919,12.919,12.919,651,0
20050318,12.762,12.919,12.762,12.919,4065,0
20050321,12.855,12.855,12.855,12.855,2601,0
20050322,12.299,12.826,12.299,12.826,1725,0
20050324,12.889,12.919,12.889,12.919,326,0
20050328,12.889,12.889,12.889,12.889,501,0
20050329,12.614,12.762,12.614,12.762,1706,0
20050330,12.457,12.457,12.299,12.457,1301,0
20050404,12.299,12.299,12.299,12.299,1626,0
20050406,12.457,12.457,12.457,12.457,243,0
20050411,12.457,12.67,12.457,12.67,812,0
20050412,12.762,12.762,12.762,12.762,219,0
20050413,12.733,12.733,12.733,12.733,1139,0
20050414,12.641,12.641,12.394,12.394,3578,0
20050415,12.641,12.641,12.309,12.614,3706,0
20050418,12.614,12.614,12.614,12.614,812,0
20050419,12.299,12.614,12.299,12.457,3909,0
20050420,12.614,12.733,12.55,12.55,8128,0
20050421,12.457,12.614,12.299,12.614,2927,0
20050425,12.614,12.614,12.299,12.299,326,0
20050427,12.614,12.614,12.614,12.614,357,0
20050429,12.309,12.614,12.299,12.614,1673,0
20050503,12.614,12.614,12.614,12.614,1301,0
20050504,12.309,12.309,12.299,12.299,1658,0
20050505,12.299,12.299,12.299,12.299,228,0
20050506,12.309,12.604,12.309,12.604,1319,0
20050510,12.614,12.614,12.299,12.614,3088,0
20050511,12.614,12.614,12.614,12.614,326,0
20050513,12.299,12.614,12.299,12.457,1554,0
20050516,12.457,12.604,12.335,12.604,3252,0
20050519,12.614,12.614,12.335,12.614,9579,0
20050523,12.335,12.335,12.335,12.335,2303,0
20050524,12.335,12.335,12.335,12.335,326,0
20050525,12.335,12.335,12.335,12.335,812,0
20050526,12.335,12.55,12.335,12.55,1301,0
20050527,12.55,12.55,12.299,12.299,2275,0
20050531,12.299,12.457,12.299,12.427,2020,0
20050601,12.299,12.299,12.299,12.299,3252,0
20050602,12.299,12.299,12.299,12.299,3661,0
20050603,12.299,12.299,12.299,12.299,812,0
20050606,12.299,12.299,12.154,12.154,1301,0
20050607,12.154,12.299,12.154,12.299,11866,0
20050608,12.299,12.299,12.299,12.299,976,0
20050609,12.299,12.299,12.299,12.299,243,0
20050610,12.299,12.299,12.299,12.299,326,0
20050614,12.299,12.299,12.299,12.299,812,0
20050620,12.299,12.299,12.154,12.154,3999,0
20050621,12.299,12.299,12.299,12.299,979,0
20050627,11.692,11.717,11.692,11.692,1845,0
20050630,12.299,12.299,12.154,12.154,1177,0
20050705,12.154,12.154,12.154,12.154,326,0
20050708,12.154,12.154,12.154,12.154,426,0
20050711,11.414,11.692,10.769,11.534,6868,0
20050712,11.692,11.692,11.692,11.692,812,0
20050713,11.81,11.81,11.81,11.81,934,0
20050714,11.692,11.692,11.692,11.692,812,0
20050718,11.692,11.692,11.692,11.692,1951,0
20050719,11.23,11.534,11.23,11.534,1109,0
20050720,11.692,11.692,11.692,11.692,243,0
20050725,11.692,11.692,11.692,11.692,162,0
20050726,11.692,11.692,11.692,11.692,1626,0
20050727,12.154,12.154,12.154,12.154,4819,0
20050728,12.154,12.154,11.692,11.692,5120,0
20050729,12.154,12.154,12.154,12.154,3658,0
20050801,12.154,12.154,12.154,12.154,1951,0
20050804,12.154,12.154,12.154,12.154,326,0
20050805,11.875,11.875,11.84,11.84,853,0
20050809,12.154,12.154,12.154,12.154,1626,0
20050815,12.154,12.154,11.996,11.996,2117,0
20050816,11.996,11.996,11.84,11.996,1840,0
20050817,11.996,12.154,11.996,12.154,1680,0
20050819,12.144,12.154,12.144,12.154,812,0
20050822,12.061,12.061,12.061,12.061,1787,0
20050823,11.84,11.84,11.84,11.84,1237,0
20050824,11.84,11.84,11.692,11.692,568,0
20050826,11.692,11.692,11.692,11.692,326,0
20050831,11.543,11.81,11.285,11.534,4905,0
20050906,11.285,11.285,11.1,11.285,2143,0
20050907,11.285,11.285,11.285,11.285,326,0
20050908,11.164,11.285,11.164,11.285,657,0
20050909,11.285,11.285,11.285,11.285,812,0
20050912,11.285,11.285,11.285,11.285,487,0
20050915,11.378,11.378,11.378,11.378,423,0
20050919,11.378,11.378,11.378,11.378,273,0
20050920,11.692,11.692,11.692,11.692,162,0
20050921,11.692,11.692,11.692,11.692,651,0
20050922,11.534,11.534,11.534,11.534,326,0
20050926,11.378,11.378,11.378,11.378,162,0
20050928,11.442,11.442,11.442,11.442,430,0
20050930,11.692,11.692,11.692,11.692,162,0
20051003,11.996,11.996,11.996,11.996,487,0
20051004,11.996,11.996,11.996,11.996,651,0
20051006,11.692,11.692,11.692,11.692,390,0
20051007,11.996,12.154,11.996,12.154,2438,0
20051010,12.154,12.154,11.996,12.154,3414,0
20051011,12.154,12.154,12.154,12.154,2120,0
20051017,11.996,12.115,11.996,12.115,1098,0
20051019,11.996,11.996,11.996,11.996,326,0
20051020,11.996,11.996,11.996,11.996,2036,0
20051021,11.996,11.996,11.996,11.996,3578,0
20051024,11.996,11.996,11.996,11.996,208,0
20051031,11.968,11.968,11.968,11.968,4081,0
20051102,11.996,11.996,11.692,11.692,2364,0
20051104,11.692,11.692,11.692,11.692,2764,0
20051107,11.692,11.692,11.692,11.692,2032,0
20051109,11.692,11.692,11.692,11.692,326,0
20051115,11.692,11.692,11.692,11.692,487,0
20051117,11.996,12.273,11.996,12.154,5060,0
20051118,12.299,13.538,12.244,13.538,8441,0
20051121,14.146,14.485,14.072,14.459,35796,0
20051122,14.485,14.485,14.422,14.459,13512,0
20051123,14.485,14.485,14.485,14.485,511,0
20051129,14.237,14.237,13.934,13.934,9387,0
20051130,14.302,14.302,14.146,14.146,2292,0
20051201,14.146,14.302,14.146,14.302,2065,0
20051202,14.302,14.302,14.302,14.302,651,0
20051205,14.553,14.553,14.459,14.459,326,0
20051206,14.553,14.553,14.146,14.459,1269,0
20051208,14.302,14.302,13.538,13.538,8249,0
20051209,13.538,13.538,13.223,13.538,3578,0
20051213,13.684,13.684,13.684,13.684,812,0
20051215,13.841,13.841,13.538,13.538,1313,0
20051219,13.38,13.841,13.38,13.538,5794,0
20051220,13.538,13.813,13.538,13.813,812,0
20051221,13.538,14.459,13.538,14.459,882,0
20051223,14.302,14.422,14.302,14.422,3414,0
20051227,14.294,14.422,14.294,14.422,2916,0
20051229,14.579,14.579,14.459,14.515,2992,0
20051230,14.579,14.579,14.459,14.459,6340,0
20060103,14.515,14.515,14.459,14.459,976,0
20060105,14.515,14.515,14.515,14.515,676,0
20060106,14.459,14.459,14.459,14.459,192,0
20060109,14.302,14.302,13.841,13.841,1626,0
20060110,13.684,13.684,13.223,13.538,5892,0
20060112,13.499,13.538,13.499,13.538,1098,0
20060113,13.499,13.538,13.499,13.538,3500,0
20060117,19.839,19.839,14.763,14.763,2854,0
20060118,14.763,14.763,13.841,13.841,8873,0
20060119,14.072,14.072,13.841,13.841,741,0
20060120,15.686,15.686,14.302,14.302,1744,0
20060123,14.763,14.763,14.763,14.763,487,0
20060124,14.348,14.348,14.302,14.302,3189,0
20060125,14.302,14.302,14.072,14.072,989,0
20060126,14.072,14.072,14.072,14.072,4127,0
20060127,14.072,14.072,14.072,14.072,326,0
20060131,14.072,14.072,13.38,13.841,16368,0
20060201,13.195,13.38,13.157,13.157,4769,0
20060202,12.919,13.38,12.919,13.38,3685,0
20060203,13.149,13.149,12.467,12.919,4606,0
20060206,12.919,12.919,12.919,12.919,162,0
20060207,12.919,12.919,12.889,12.889,555,0
20060208,12.919,12.919,12.919,12.919,217,0
20060210,12.919,12.919,12.919,12.919,157,0
20060213,12.919,12.919,11.996,12.004,3279,0
20060214,11.996,12.919,11.996,12.919,661,0
20060215,12.919,12.919,12.826,12.826,3041,0
20060216,12.641,12.919,12.641,12.919,3708,0
20060217,12.919,12.919,12.919,12.919,596,0
20060221,12.946,12.946,12.946,12.946,326,0
20060222,13.241,13.241,13.241,13.241,108,0
20060223,13.241,13.241,13.241,13.241,299,0
20060227,12.919,13.102,12.919,13.102,1301,0
20060301,12.457,12.457,12.457,12.457,243,0
20060302,13.102,13.102,13.102,13.102,217,0
20060303,13.102,13.102,13.102,13.102,217,0
20060306,13.102,13.102,12.919,12.919,867,0
20060308,13.241,13.241,13.241,13.241,1084,0
20060309,12.919,12.919,12.919,12.919,217,0
20060310,13.149,13.149,12.688,12.688,286,0
20060313,13.149,13.149,12.919,12.919,514,0
20060315,13.149,13.149,13.149,13.149,1463,0
20060316,13.149,13.38,13.149,13.38,4700,0
20060317,13.794,13.794,13.38,13.794,1973,0
20060320,13.794,13.794,13.794,13.794,326,0
20060321,13.61,13.61,13.61,13.61,217,0
20060323,12.919,12.919,12.919,12.919,108,0
20060324,13.149,13.149,12.919,12.919,233,0
20060330,13.794,13.794,13.794,13.794,651,0
20060331,13.149,13.794,13.149,13.794,840,0
20060403,13.149,13.149,12.87,12.919,1315,0
20060404,12.87,12.919,12.87,12.919,965,0
20060405,13.61,13.61,13.61,13.61,542,0
20060406,13.841,13.841,13.794,13.841,5221,0
20060411,14.255,14.255,13.38,13.38,1350,0
20060412,13.38,13.38,13.38,13.38,1843,0
20060417,13.61,13.61,13.61,13.61,108,0
20060418,13.149,13.149,13.149,13.149,657,0
20060419,13.149,13.841,12.688,13.841,6550,0
20060420,13.61,13.61,13.38,13.38,3252,0
20060421,13.61,13.61,13.61,13.61,281,0
20060424,12.688,12.688,12.688,12.688,124,0
20060425,13.61,13.61,13.61,13.61,157,0
20060426,13.841,14.072,13.841,14.072,3947,0
20060427,13.841,13.841,13.841,13.841,270,0
20060501,14.072,14.348,14.072,14.348,758,0
20060502,14.072,14.072,14.072,14.072,198,0
20060503,14.072,14.072,14.072,14.072,119,0
20060504,14.533,14.716,14.533,14.716,390,0
20060505,14.716,14.716,14.716,14.716,992,0
20060508,14.533,14.763,14.533,14.763,2166,0
20060509,14.763,14.763,13.38,13.38,5190,0
20060510,13.38,13.38,13.38,13.38,556,0
20060511,14.302,15.179,14.302,15.179,3359,0
20060512,15.133,15.133,14.485,14.485,867,0
20060515,15.133,15.133,15.133,15.133,406,0
20060516,15.087,15.087,14.763,14.763,890,0
20060517,14.579,14.579,14.579,14.579,542,0
20060519,14.995,15.454,14.533,14.533,4903,0
20060522,14.485,14.716,14.485,14.716,867,0
20060523,14.716,14.716,14.672,14.672,651,0
20060525,14.716,14.716,14.672,14.716,937,0
20060531,14.579,14.625,14.579,14.625,890,0
20060602,14.579,14.672,14.302,14.625,1006,0
20060605,14.302,14.533,14.302,14.533,1191,0
20060606,14.533,14.533,14.302,14.302,2601,0
20060608,13.841,13.841,13.841,13.841,433,0
20060609,14.072,14.533,14.072,14.302,1332,0
20060612,13.702,13.702,13.702,13.702,341,0
20060614,14.072,14.072,14.072,14.072,206,0
20060615,14.072,14.072,14.072,14.072,433,0
20060619,13.702,13.841,13.702,13.841,270,0
20060620,14.072,14.072,14.072,14.072,217,0
20060623,13.702,13.702,13.48,13.61,2113,0
20060626,13.38,14.072,12.457,12.457,7069,0
20060627,12.457,12.457,12.318,12.457,2709,0
20060628,12.585,12.585,12.585,12.585,867,0
20060629,12.688,12.688,12.503,12.595,3920,0
20060630,12.457,12.457,12.457,12.457,1499,0
20060703,12.227,12.457,12.227,12.457,542,0
20060705,12.457,12.457,12.457,12.457,433,0
20060706,11.996,12.365,11.996,12.365,346,0
20060707,12.365,12.365,12.345,12.345,755,0
20060710,12.365,12.437,12.365,12.437,1735,0
20060711,12.042,12.457,11.765,12.227,12198,0
20060712,12.457,12.457,12.457,12.457,5093,0
20060714,12.457,12.457,12.457,12.457,449,0
20060717,12.457,12.457,12.457,12.457,433,0
20060718,12.273,12.273,12.227,12.227,867,0
20060719,12.457,12.457,12.457,12.457,1460,0
20060721,12.919,12.919,12.457,12.457,3844,0
20060724,12.227,13.841,12.227,13.841,850,0
20060726,12.919,12.919,12.919,12.919,976,0
20060731,13.841,13.841,13.841,13.841,108,0
20060803,13.841,13.841,13.841,13.841,406,0
20060807,13.841,13.841,13.841,13.841,326,0
20060808,12.919,13.01,12.919,13.01,651,0
20060809,13.01,13.01,12.919,13.01,4779,0
20060810,13.61,13.934,13.61,13.934,1221,0
20060814,13.934,13.934,13.934,13.934,108,0
20060818,13.841,14.072,13.38,14.072,2426,0
20060822,13.841,13.841,13.841,13.841,651,0
20060823,13.841,14.016,13.841,14.016,1191,0
20060824,14.072,14.072,14.072,14.072,326,0
20060828,14.302,14.763,13.841,13.841,2817,0
20060829,13.841,14.072,13.841,13.841,1301,0
20060830,13.841,13.841,13.841,13.841,108,0
20060905,13.841,13.841,13.841,13.841,108,0
20060906,14.302,14.302,14.302,14.302,758,0
20060907,14.025,14.025,13.841,13.841,1951,0
20060908,13.657,14.072,13.657,13.657,2329,0
20060911,13.841,13.841,13.61,13.61,976,0
20060912,13.38,13.38,13.38,13.38,937,0
20060913,13.38,13.38,13.38,13.38,1012,0
20060918,13.38,13.38,13.38,13.38,108,0
20060919,13.149,13.38,13.149,13.38,976,0
20060920,13.38,13.38,13.38,13.38,326,0
20060925,13.288,13.288,13.288,13.288,108,0
20060928,12.919,12.919,12.919,12.919,1103,0
20060929,12.919,13.288,12.919,13.288,2655,0
20061002,13.288,13.288,13.288,13.288,108,0
20061003,13.149,13.149,12.919,12.919,2655,0
20061004,12.919,12.919,12.919,12.919,542,0
20061006,12.919,13.149,12.919,13.149,957,0
20061011,13.149,13.563,13.149,13.563,1029,0
20061012,13.38,13.61,12.919,12.919,4289,0
20061016,13.38,13.38,13.38,13.38,108,0
20061017,13.38,13.38,13.38,13.38,433,0
20061020,12.919,13.38,12.919,12.919,3889,0
20061023,12.919,13.38,11.996,12.273,6263,0
20061024,12.273,12.457,12.273,12.457,1698,0
20061025,12.457,12.457,12.227,12.273,709,0
20061026,12.919,13.332,12.919,13.332,2118,0
20061027,12.919,12.919,12.87,12.87,912,0
20061030,12.919,13.61,12.919,13.61,1455,0
20061101,13.61,13.61,13.38,13.38,651,0
20061102,13.38,13.38,13.38,13.38,433,0
20061103,13.38,13.38,13.38,13.38,270,0
20061106,13.38,13.38,13.38,13.38,867,0
20061107,12.919,13.38,12.919,12.919,3445,0
20061109,12.55,12.55,12.55,12.55,118,0
20061110,12.55,12.919,12.55,12.919,930,0
20061114,12.919,12.919,12.919,12.919,2060,0
20061115,12.919,12.919,12.826,12.826,3143,0
20061121,12.55,12.55,12.55,12.55,116,0
20061127,12.55,12.55,12.55,12.55,542,0
20061128,12.55,12.55,12.55,12.55,487,0
20061130,12.919,12.919,12.55,12.826,2385,0
20061204,12.567,12.567,12.55,12.55,1523,0
20061205,12.624,13.323,12.624,13.323,5284,0
20061206,12.688,12.688,12.55,12.55,1433,0
20061207,13.323,13.323,13.323,13.323,217,0
20061208,13.323,13.323,13.323,13.323,326,0
20061212,13.323,13.323,12.919,13.149,4334,0
20061214,13.01,13.01,13.01,13.01,217,0
20061215,12.919,12.919,12.919,12.919,1409,0
20061218,12.688,12.919,12.688,12.909,2275,0
20061219,12.688,12.688,12.688,12.688,217,0
20061220,12.688,12.688,12.688,12.688,1450,0
20061221,12.688,12.688,12.688,12.688,136,0
20061222,12.558,12.558,12.365,12.457,4410,0
20061226,12.227,12.227,11.717,11.717,2764,0
20061227,11.903,12.042,11.58,11.765,3393,0
20061228,11.673,11.765,11.673,11.765,1301,0
20061229,11.58,12.032,11.58,12.022,1780,0
20070104,11.543,11.625,11.543,11.625,2275,0
20070105,11.552,11.765,11.543,11.765,2871,0
20070109,11.949,11.949,11.949,11.949,704,0
20070110,11.949,11.949,11.949,11.949,379,0
20070111,11.534,11.534,11.258,11.258,950,0
20070112,11.534,11.765,11.534,11.765,651,0
20070117,11.303,11.303,11.258,11.258,1191,0
20070118,11.258,11.303,11.258,11.303,2385,0
20070119,11.303,11.303,11.073,11.119,3665,0
20070124,11.211,11.211,11.211,11.211,1084,0
20070125,11.164,11.164,11.164,11.164,867,0
20070126,11.164,11.211,11.164,11.211,2709,0
20070129,11.164,11.164,11.164,11.164,542,0
20070130,11.211,11.211,11.211,11.211,217,0
20070131,11.211,11.211,11.211,11.211,1307,0
20070202,11.164,11.211,11.164,11.164,7201,0
20070205,11.119,11.119,9.735,10.15,17491,0
20070206,10.243,10.749,10.243,10.612,10731,0
20070207,10.612,10.612,10.381,10.426,5720,0
20070208,10.426,10.612,10.426,10.612,4036,0
20070209,10.612,10.612,10.612,10.612,433,0
20070212,10.612,10.612,10.426,10.612,3414,0
20070213,10.426,10.426,10.287,10.287,6828,0
20070214,10.287,10.287,10.15,10.15,13763,0
20070215,10.15,10.15,10.15,10.15,3035,0
20070216,9.92,10.287,9.754,10.15,12058,0
20070220,9.975,10.287,9.975,10.287,5040,0
20070221,10.011,10.15,9.689,9.92,4675,0
20070222,9.92,10.472,9.92,10.472,2490,0
20070223,10.472,10.842,10.472,10.612,33921,0
20070226,10.381,10.612,10.381,10.426,2673,0
20070227,10.472,10.704,10.472,10.52,2095,0
20070228,10.52,10.52,10.381,10.52,2254,0
20070301,10.612,10.612,10.612,10.612,4096,0
20070302,10.612,10.612,10.52,10.612,2385,0
20070305,10.612,10.612,10.612,10.612,326,0
20070307,10.602,10.602,10.602,10.602,217,0
20070308,10.602,10.602,10.602,10.602,157,0
20070309,10.52,10.602,10.335,10.602,20891,0
20070312,10.52,10.52,10.52,10.52,1409,0
20070313,10.52,10.52,10.381,10.381,2655,0
20070314,10.381,10.381,10.381,10.381,1201,0
20070319,10.196,10.381,10.15,10.15,3725,0
20070320,10.15,10.15,10.15,10.15,4661,0
20070322,10.243,10.243,10.243,10.243,270,0
20070323,9.965,10.564,9.965,10.243,5080,0
20070326,9.975,9.975,9.965,9.965,1634,0
20070328,10.15,10.472,10.15,10.472,608,0
20070330,10.15,10.243,10.15,10.243,1180,0
20070402,10.243,10.243,10.243,10.243,186,0
20070403,10.381,10.381,10.381,10.381,976,0
20070404,10.243,10.381,10.243,10.381,1113,0
20070405,10.057,10.381,10.057,10.15,2315,0
20070409,10.381,10.464,10.15,10.426,1843,0
20070410,10.158,10.158,10.15,10.15,487,0
20070411,10.057,10.057,10.057,10.057,108,0
20070412,10.372,10.372,10.372,10.372,542,0
20070416,10.362,10.362,10.057,10.057,1518,0
20070418,10.196,10.472,10.196,10.196,1951,0
20070423,10.186,10.186,10.186,10.186,542,0
20070425,10.067,10.177,10.067,10.177,1219,0
20070426,10.15,10.15,10.15,10.15,433,0
20070430,10.15,10.15,10.15,10.15,162,0
20070501,10.067,10.067,10.067,10.067,686,0
20070502,10.15,10.15,10.15,10.15,326,0
20070503,9.965,10.15,9.965,10.15,976,0
20070504,10.15,10.15,10.15,10.15,136,0
20070507,10.15,10.15,9.965,9.965,6720,0
20070508,9.965,9.965,9.689,9.689,4265,0
20070509,9.828,9.828,9.735,9.735,2060,0
20070511,10.011,10.15,10.011,10.15,3613,0
20070514,10.15,10.15,10.15,10.15,5310,0
20070515,10.15,10.15,10.011,10.011,1110,0
20070516,9.689,10.196,9.689,10.196,4307,0
20070517,9.735,9.882,9.735,9.882,360,0
20070518,10.141,10.141,9.965,9.965,867,0
20070521,10.15,10.15,10.011,10.011,474,0
20070522,10.196,10.196,10.196,10.196,1626,0
20070525,10.15,10.15,10.15,10.15,651,0
20070529,10.196,10.196,10.15,10.15,4554,0
20070530,10.15,10.15,10.057,10.057,3035,0
20070531,10.105,10.141,10.105,10.141,1084,0
20070601,10.105,10.141,10.105,10.105,1409,0
20070604,10.141,10.141,10.105,10.105,281,0
20070606,10.105,10.15,10.105,10.15,4011,0
20070607,10.15,10.15,10.15,10.15,1084,0
20070608,10.15,10.15,10.15,10.15,1084,0
20070612,10.243,10.243,10.196,10.196,1295,0
20070613,10.131,10.131,10.123,10.123,1843,0
20070614,10.105,10.105,10.105,10.105,108,0
20070615,10.15,10.15,10.105,10.105,2817,0
20070620,10.15,10.15,10.105,10.105,1945,0
20070622,10.105,10.105,10.105,10.105,162,0
20070625,10.15,10.15,10.15,10.15,2817,0
20070627,10.15,10.15,10.15,10.15,542,0
20070628,10.105,10.105,10.105,10.105,1869,0
20070702,10.105,10.15,10.105,10.15,3790,0
20070706,10.15,10.15,10.057,10.057,7567,0
20070709,10.105,10.105,10.057,10.057,867,0
20070711,10.105,10.105,10.105,10.105,108,0
20070713,10.057,10.105,9.92,10.105,2709,0
20070716,10.105,10.105,9.828,9.828,3440,0
20070717,9.873,9.873,9.689,9.689,4536,0
20070718,9.679,9.689,9.679,9.689,1626,0
20070719,9.689,9.689,9.689,9.689,217,0
20070720,9.458,9.458,9.2363,9.2363,867,0
20070723,9.458,9.458,8.9966,9.2274,10555,0
20070724,9.2274,9.2274,9.2274,9.2274,1301,0
20070725,9.2274,9.2363,9.2274,9.2363,1343,0
20070726,9.2363,9.2363,8.4429,8.7659,12705,0
20070727,9.2178,9.2178,8.9966,8.9966,1301,0
20070730,9.2274,9.2274,9.2274,9.2274,138,0
20070731,9.2731,9.2731,9.2731,9.2731,758,0
20070801,9.2274,9.458,9.2274,9.458,3436,0
20070803,9.689,9.689,9.689,9.689,433,0
20070806,9.689,9.689,9.689,9.689,2506,0
20070807,9.4669,9.679,9.458,9.679,758,0
20070808,9.458,9.458,9.4491,9.4491,1222,0
20070809,9.4491,9.92,9.1345,9.92,2949,0
20070810,9.1345,9.4491,8.9966,9.4491,2927,0
20070813,9.4491,9.4491,9.4491,9.4491,326,0
20070814,8.9966,9.458,8.7659,9.458,1084,0
20070815,8.7659,9.2274,8.7659,8.7659,2166,0
20070816,9.458,9.458,9.458,9.458,207,0
20070817,8.7659,9.689,8.7659,9.689,1191,0
20070827,9.644,9.689,9.644,9.689,867,0
20070829,9.78,10.15,9.78,10.15,3671,0
20070831,9.965,9.965,9.92,9.92,618,0
20070910,9.689,9.689,8.7659,9.1345,6936,0
20070912,9.2274,9.2274,9.2274,9.2274,691,0
20070913,8.9966,9.2274,8.8581,9.2274,2141,0
20070919,9.1804,9.1804,9.1804,9.1804,1301,0
20070921,9.1804,9.2274,9.1804,9.2274,867,0
20070924,9.1804,9.1804,9.1804,9.1804,542,0
20070926,9.2274,9.2274,9.2274,9.2274,228,0
20070928,8.8119,9.1718,8.8119,9.1718,326,0
20071001,8.8119,9.1804,8.8119,9.1804,1139,0
20071002,8.9506,9.1345,8.8119,8.9966,1191,0
20071003,9.0428,9.2274,8.9506,9.2274,2466,0
20071004,9.2274,9.2274,9.2274,9.2274,108,0
20071005,9.2178,9.2274,9.1804,9.2274,2927,0
20071008,8.9506,9.2178,8.9506,9.2178,247,0
20071009,9.2274,9.2274,8.9506,8.9506,2385,0
20071012,9.1345,9.1804,9.1345,9.1804,1626,0
20071015,9.1804,9.1804,8.8119,9.1804,1626,0
20071016,9.1804,9.2274,9.1804,9.2274,1084,0
20071017,9.2274,9.2731,9.2274,9.2731,867,0
20071022,9.1804,9.1804,9.1804,9.1804,976,0
20071023,8.8119,8.8119,8.7659,8.7659,2927,0
20071024,8.5352,8.8581,8.3045,8.3967,4255,0
20071025,9.1804,9.2178,9.1804,9.2178,433,0
20071026,8.3045,8.9966,8.0738,8.9966,1626,0
20071029,8.7659,8.7659,8.7659,8.7659,225,0
20071030,8.0738,8.7659,8.0738,8.7659,702,0
20071031,9.1345,9.1345,8.3045,8.3045,2492,0
20071101,9.0883,9.0883,8.7659,8.7659,542,0
20071105,8.7659,8.7659,8.7659,8.7659,542,0
20071107,8.3045,8.3045,8.3045,8.3045,1084,0
20071108,8.3967,8.3967,8.3045,8.3967,1084,0
20071109,8.1661,8.1661,8.1199,8.1199,1735,0
20071112,8.1199,8.3045,8.1199,8.3045,3035,0
20071113,8.3045,8.3506,7.8894,8.0738,27570,0
20071114,8.3506,8.3506,8.3045,8.3045,1571,0
20071115,8.5352,8.5352,8.5352,8.5352,542,0
20071119,8.0738,8.0738,8.0738,8.0738,433,0
20071120,8.0738,8.5813,8.0738,8.5813,1622,0
20071126,7.8894,8.0829,7.3817,7.6125,4687,0
20071127,7.6125,7.8431,7.6125,7.8431,5120,0
20071128,8.3045,8.3045,7.6125,7.8431,7793,0
20071129,7.3817,7.8431,7.3817,7.8431,3105,0
20071130,7.3817,7.8431,7.3817,7.8431,2166,0
20071204,7.3817,7.7968,7.3817,7.7968,1859,0
20071206,7.4279,7.4279,7.3817,7.3817,1219,0
20071207,7.8431,7.8431,7.8431,7.8431,542,0
20071212,7.6125,8.3045,7.6125,8.3045,2601,0
20071214,7.8431,8.3045,7.8431,8.3045,1409,0
20071218,8.0738,8.3045,7.6125,8.3045,1215,0
20071219,7.6125,7.8431,7.6125,7.8431,1273,0
20071221,7.391,7.6125,7.391,7.6125,976,0
20071224,7.3817,7.3817,7.3817,7.3817,273,0
20071226,7.3817,7.3817,7.151,7.3817,12932,0
20071227,7.151,7.3817,7.151,7.3817,3414,0
20071228,7.151,7.6125,6.9388,7.6125,4367,0
20071231,7.6125,7.6125,6.9388,7.6125,984,0
20080102,6.9388,7.3817,6.9388,7.3817,812,0
20080104,7.6125,8.0738,7.6125,7.8431,2003,0
20080107,6.9666,6.9666,6.9388,6.9388,976,0
20080108,7.6125,7.6125,7.6125,7.6125,433,0
20080109,7.6125,7.6125,7.6125,7.6125,108,0
20080110,6.9203,7.6125,6.6897,7.6125,4765,0
20080114,7.6125,7.6125,7.3817,7.6125,3117,0
20080116,6.6897,7.3817,6.6897,7.3817,1843,0
20080117,6.5975,7.151,6.5975,7.151,923,0
20080122,6.9203,6.9203,6.9203,6.9203,217,0
20080123,6.9203,7.6125,6.8282,7.6125,5117,0
20080129,7.3817,7.3817,7.3817,7.3817,542,0
20080130,6.9203,7.6125,6.9203,7.6125,433,0
20080131,7.3817,7.6125,7.3817,7.6125,1084,0
20080201,7.6125,7.6125,7.6125,7.6125,1084,0
20080204,6.9203,7.151,6.9203,7.151,812,0
20080205,6.9296,7.151,6.9296,7.151,758,0
20080206,7.151,7.151,7.151,7.151,542,0
20080207,6.9203,7.151,6.9203,7.151,1626,0
20080213,7.151,7.151,7.151,7.151,454,0
20080215,6.9203,7.151,6.9203,7.151,1191,0
20080220,6.9203,7.151,6.5513,7.151,3792,0
20080225,7.151,7.151,7.151,7.151,1084,0
20080226,7.151,7.151,7.151,7.151,1084,0
20080227,7.151,7.3817,7.151,7.3817,3816,0
20080228,7.3817,7.3817,7.3817,7.3817,1084,0
20080229,7.6032,7.6125,7.6032,7.6125,1626,0
20080303,7.6125,7.6125,7.6125,7.6125,1358,0
20080304,7.8431,7.8431,7.8431,7.8431,1084,0
20080305,7.8431,7.8431,7.8431,7.8431,542,0
20080306,7.8431,7.8431,7.8431,7.8431,542,0
20080312,7.8431,7.8431,7.8431,7.8431,2166,0
20080317,7.8431,7.8431,7.8431,7.8431,462,0
20080325,7.8431,7.8431,7.8431,7.8431,623,0
20080326,7.3817,7.3817,7.3817,7.3817,713,0
20080327,7.6125,7.6125,7.151,7.6125,2552,0
20080328,7.151,7.6125,7.151,7.6125,534,0
20080331,7.8339,7.8339,7.8339,7.8339,132,0
20080401,7.6125,7.6125,7.6125,7.6125,1084,0
20080404,7.3817,7.3817,7.3817,7.3817,2409,0
20080408,7.151,7.3817,7.0127,7.151,6070,0
20080409,6.9203,7.151,6.5513,7.151,7009,0
20080411,6.6897,7.3817,6.6897,7.3817,867,0
20080415,6.6897,7.151,6.6897,6.6897,5418,0
20080416,6.6804,6.6897,6.2284,6.459,3522,0
20080417,6.459,6.459,6.459,6.459,542,0
20080418,6.459,6.459,6.459,6.459,1518,0
20080421,6.9203,6.9203,6.9203,6.9203,155,0
20080422,6.459,6.459,6.459,6.459,1084,0
20080423,6.9203,6.9203,6.9203,6.9203,108,0
20080424,6.459,6.459,5.5823,5.5823,2485,0
20080425,6.6897,6.6897,6.6897,6.6897,542,0
20080428,6.459,6.9203,6.459,6.9203,1409,0
20080429,6.2006,6.9203,5.9977,6.9203,758,0
20080501,6.9203,7.151,6.9203,7.151,2166,0
20080506,6.9203,6.9203,6.9203,6.9203,108,0
20080509,6.6897,6.6897,6.6897,6.6897,1301,0
20080512,6.6897,6.6897,6.459,6.459,1235,0
20080513,6.6897,6.9203,6.459,6.459,2114,0
20080514,6.459,6.459,6.459,6.459,930,0
20080516,6.8743,6.8743,6.8743,6.8743,108,0
20080519,6.9203,6.9203,6.9203,6.9203,542,0
20080520,6.9203,6.9203,6.9203,6.9203,240,0
20080528,6.459,7.151,6.459,7.151,651,0
20080529,6.2284,7.151,5.9977,7.151,2805,0
20080530,6.459,6.9203,6.459,6.9203,1084,0
20080603,6.459,7.151,6.459,7.151,499,0
20080604,6.9296,6.9296,6.9203,6.9203,484,0
20080605,7.151,7.151,7.151,7.151,3792,0
20080606,6.9203,6.9203,6.9203,6.9203,605,0
20080609,6.9203,7.151,5.9977,7.151,2605,0
20080613,6.9203,6.9203,6.9203,6.9203,239,0
20080616,6.459,6.9203,6.2745,6.9203,1787,0
20080619,6.459,6.459,6.459,6.459,2709,0
20080620,6.505,6.6897,6.505,6.6897,2141,0
20080625,6.2745,6.2745,6.2745,6.2745,326,0
20080626,6.9203,6.9203,6.9203,6.9203,326,0
20080627,6.459,6.459,6.2745,6.459,1869,0
20080630,6.459,6.459,6.459,6.459,263,0
20080701,6.459,6.459,6.459,6.459,758,0
20080702,6.9203,6.9203,6.3667,6.3667,1360,0
20080703,6.9203,6.9203,6.9203,6.9203,326,0
20080707,6.2284,6.9203,6.2284,6.9203,920,0
20080708,6.2284,6.6897,6.2284,6.6897,651,0
20080710,6.3667,6.459,6.3667,6.459,758,0
20080714,6.2284,6.459,6.2284,6.459,1165,0
20080805,6.2745,6.2745,6.2745,6.2745,155,0
20080806,6.09,6.2745,6.09,6.2284,1805,0
20080808,6.2284,6.3667,6.2284,6.3667,2498,0
20080811,6.2284,6.2284,6.2284,6.2284,1908,0
20080813,6.2745,6.2745,6.2284,6.2284,677,0
20080818,6.2284,6.2284,6.2284,6.2284,542,0
20080819,6.2284,6.2284,5.767,6.2284,7836,0
20080820,5.9977,6.2745,5.9977,6.2745,2385,0
20080821,6.2745,6.459,6.2745,6.459,976,0
20080825,6.2745,6.2745,6.2745,6.2745,812,0
20080826,5.9977,6.2745,5.9977,6.2745,2788,0
20080827,6.2284,6.9203,5.9516,6.9203,11907,0
20080828,6.459,6.459,6.1362,6.1362,2166,0
20080829,6.459,6.8743,6.459,6.8743,2709,0
20080902,6.459,6.459,6.459,6.459,861,0
20080909,7.151,7.151,7.151,7.151,155,0
20080911,6.505,6.505,6.505,6.505,713,0
20080912,6.5513,6.5513,6.5513,6.5513,892,0
20080915,6.459,6.459,6.459,6.459,6394,0
20080916,6.459,6.459,6.459,6.459,1084,0
20080917,6.2284,6.2284,6.2284,6.2284,2564,0
20080918,6.2284,6.2284,6.2284,6.2284,949,0
20080919,6.1823,6.2284,6.1823,6.2284,1626,0
20080923,5.9977,6.2284,5.9977,6.2284,1781,0
20080925,6.2284,6.2284,6.2284,6.2284,108,0
20080926,6.2284,6.2284,5.9977,5.9977,802,0
20080929,6.459,6.459,5.813,5.813,3368,0
20081003,5.767,5.813,5.767,5.813,1626,0
20081007,5.767,5.767,5.767,5.767,1626,0
20081008,5.767,5.767,5.767,5.767,1518,0
20081009,5.813,5.813,5.5363,5.5363,2473,0
20081010,5.5363,5.6285,3.2757,5.6285,18206,0
20081014,4.6137,5.5823,4.1985,5.5363,4011,0
20081015,5.4439,5.5363,5.4439,5.5363,2418,0
20081016,5.4439,5.4439,5.4439,5.4439,542,0
20081017,5.3056,5.3056,5.3056,5.3056,3252,0
20081022,5.3056,5.4165,4.1985,4.1985,8075,0
20081023,5.4439,5.4439,5.4439,5.4439,2166,0
20081027,4.383,5.4165,4.2446,5.4165,8401,0
20081030,5.3978,5.4165,5.3978,5.4165,1084,0
20081112,4.6137,5.3056,4.6137,5.3056,2817,0
20081113,4.1985,5.3056,4.1985,4.8444,6135,0
20081114,4.6137,5.075,4.6137,5.075,1301,0
20081119,5.2133,5.2133,5.2133,5.2133,270,0
20081120,5.2594,5.3056,5.075,5.075,1343,0
20081121,4.7982,5.075,4.7059,5.075,2810,0
20081124,5.241,5.241,5.241,5.241,963,0
20081201,5.241,5.241,5.241,5.241,542,0
20081203,5.241,5.241,5.241,5.241,592,0
20081205,5.2133,5.241,5.075,5.241,2385,0
20081209,5.075,5.241,5.075,5.1212,3584,0
20081211,5.5363,5.5363,5.5363,5.5363,1084,0
20081217,4.835,4.835,4.835,4.835,518,0
20081218,5.5363,5.5363,5.5363,5.5363,1084,0
20081222,4.4936,4.4936,4.4936,4.4936,812,0
20081223,5.3056,5.3056,5.3056,5.3056,1084,0
20081226,4.6137,4.6137,4.6137,4.6137,1360,0
20081229,5.3149,5.5363,4.2261,5.5363,8519,0
20081230,5.5363,5.5363,4.383,4.383,1286,0
20081231,5.5363,5.5363,5.5363,5.5363,1742,0
20090102,4.4936,4.4936,4.2261,4.2261,1323,0
20090105,5.5363,5.5363,4.3921,5.075,2060,0
20090107,5.4439,5.4439,5.4439,5.4439,651,0
20090112,4.6137,5.075,4.6137,5.075,654,0
20090114,4.4014,5.075,4.383,5.075,1843,0
20090115,5.075,5.075,4.6137,4.6137,602,0
20090120,4.6137,4.6137,4.3921,4.3921,1409,0
20090121,4.3921,4.6137,4.383,4.6137,2390,0
20090126,4.8166,4.8166,4.6137,4.6137,3903,0
20090127,4.8166,5.3703,4.8166,5.3703,1247,0
20090128,5.1397,5.5363,5.1397,5.5363,1738,0
20090202,4.0691,5.2964,4.0691,5.2964,2709,0
20090204,4.6321,5.0287,4.6321,5.0287,1301,0
20090205,4.5766,4.5766,4.5766,4.5766,108,0
20090206,4.5766,4.5952,4.0599,4.383,10738,0
20090209,4.7059,4.7059,4.6137,4.6137,1843,0
20090210,4.383,4.7059,4.383,4.7059,2166,0
20090211,4.5859,4.6137,4.5859,4.6137,2166,0
20090213,4.6137,4.6137,4.6137,4.6137,250,0
20090217,4.6045,4.6137,4.383,4.6045,3035,0
20090218,4.4292,4.4292,4.0508,4.0599,14529,0
20090219,4.5305,4.5583,4.5305,4.5583,217,0
20090220,4.6137,4.6137,4.6137,4.6137,9321,0
20090225,4.1153,4.6137,4.1153,4.6137,1191,0
20090226,4.0599,4.0691,3.9215,3.9215,979,0
20090227,4.1985,4.1985,4.1893,4.1985,1084,0
20090302,3.9215,4.4014,3.9215,4.4014,1626,0
20090303,4.383,4.383,3.9215,3.9215,326,0
20090304,4.383,4.383,3.9215,3.9215,5335,0
20090305,4.1522,4.1522,3.9215,3.9215,6491,0
20090306,3.9215,3.9215,3.9215,3.9215,1430,0
20090309,3.9215,3.9215,3.9215,3.9215,217,0
20090310,4.0599,4.0599,4.0599,4.0599,1047,0
20090311,3.7001,3.7001,3.7001,3.7001,217,0
20090313,4.0599,4.0599,4.0599,4.0599,542,0
20090316,3.9215,3.9215,3.9215,3.9215,217,0
20090317,3.9215,3.9215,3.9215,3.9215,217,0
20090318,3.9215,3.9215,3.7369,3.7831,4662,0
20090319,4.0416,4.0416,3.4602,3.9676,2381,0
20090320,3.9676,3.9676,3.4602,3.6908,3522,0
20090323,3.4787,3.6908,3.4787,3.6908,433,0
20090324,3.6908,4.1338,3.6908,4.1338,326,0
20090325,3.9215,3.9215,3.9215,3.9215,326,0
20090326,3.5063,3.5063,3.4602,3.4602,542,0
20090327,3.9215,3.9215,3.6908,3.9215,3475,0
20090330,3.6908,3.6908,3.4602,3.4602,1188,0
20090402,3.4602,3.6908,3.4602,3.6908,542,0
20090403,3.4602,3.4602,3.4602,3.4602,158,0
20090406,3.6447,3.6447,3.4602,3.4602,2616,0
20090407,3.4602,3.4602,3.3218,3.3218,2114,0
20090408,3.5986,3.5986,3.5986,3.5986,108,0
20090409,3.2295,3.4602,2.9709,3.2295,12789,0
20090413,3.3125,3.331,3.1004,3.1004,12492,0
20090414,2.9988,3.368,2.5374,2.9988,208919,0
20090415,3.2295,3.2295,3.2295,3.2295,1084,0
20090416,3.5617,3.5617,3.5617,3.5617,867,0
20090417,3.5524,3.5524,3.4695,3.5063,1084,0
20090420,3.5617,3.5801,3.5617,3.5801,867,0
20090421,3.6447,3.6447,3.6447,3.6447,758,0
20090422,3.617,3.617,3.617,3.617,108,0
20090423,3.617,3.617,3.617,3.617,217,0
20090424,3.5986,3.5986,3.5986,3.5986,173,0
20090427,3.6447,3.6447,3.5986,3.5986,386,0
20090430,3.6447,3.6447,3.6447,3.6447,326,0
20090501,3.6447,3.6447,3.6447,3.6447,1084,0
20090504,3.6447,3.6447,3.5524,3.5986,3492,0
20090505,3.5524,3.5709,3.5524,3.5709,2329,0
20090506,3.5524,3.5524,3.5524,3.5524,2166,0
20090507,3.5524,3.5524,3.5524,3.5524,2692,0
20090508,3.5524,3.5524,3.414,3.4695,3221,0
20090511,3.5524,3.5986,3.534,3.5986,9701,0
20090512,3.5986,3.5986,3.5986,3.5986,4334,0
20090513,3.6447,3.6447,3.4602,3.4878,1611,0
20090515,3.5986,3.5986,3.5986,3.5986,108,0
20090518,3.5524,3.5617,3.5524,3.5617,1951,0
20090519,3.5524,3.6634,3.5524,3.6634,9863,0
20090520,3.6908,3.6908,3.6908,3.6908,3252,0
20090521,3.5524,4.0599,3.5524,4.0599,704,0
20090527,4.0599,4.0599,4.0599,4.0599,108,0
20090529,3.5617,3.7831,3.5524,3.5986,1571,0
20090601,3.5431,3.7831,3.5431,3.7831,2748,0
20090602,3.7831,3.7831,3.7738,3.7831,326,0
20090605,4.5397,4.5397,4.5397,4.5397,1396,0
20090608,3.6355,4.1522,3.6355,4.0047,2488,0
20090609,3.5892,3.617,3.5892,3.5892,1103,0
20090611,3.9215,3.9215,3.9215,3.9215,2120,0
20090615,3.9215,3.9215,3.9215,3.9215,2166,0
20090616,3.5709,4.1522,3.5709,3.9215,3323,0
20090619,3.5617,3.5617,3.5617,3.5617,108,0
20090622,3.9215,3.9215,3.9215,3.9215,651,0
20090626,3.7831,3.7831,3.7831,3.7831,144,0
20090630,3.9215,3.9215,3.9215,3.9215,435,0
20090701,3.7831,3.7831,3.7831,3.7831,108,0
20090702,3.7831,3.7831,3.7831,3.7831,755,0
20090707,3.7831,3.7831,3.7831,3.7831,542,0
20090715,3.7831,3.9215,3.7831,3.8386,7285,0
20090720,3.8386,3.9215,3.8386,3.9215,433,0
20090721,3.5892,3.5892,3.5892,3.5892,108,0
20090722,3.5617,3.5617,3.5617,3.5617,240,0
20090723,3.6908,3.6908,3.6908,3.6908,542,0
20090724,3.6908,3.6908,3.6908,3.6908,0,0
20090727,3.5617,3.5617,3.5617,3.5617,406,0
20090728,3.5709,3.5709,3.5617,3.5617,542,0
20090729,3.5617,3.5617,3.5617,3.5617,0,0
20090730,3.5617,3.5617,3.5617,3.5617,0,0
20090731,3.6908,3.6908,3.5617,3.5617,1169,0
20090803,3.7369,3.7369,3.7369,3.7369,108,0
20090804,3.7369,3.7369,3.7369,3.7369,0,0
20090805,3.7369,3.7369,3.4602,3.4602,1247,0
20090806,3.6908,3.6908,3.6908,3.6908,596,0
20090807,3.9032,3.9032,3.9032,3.9032,108,0
20090810,3.9215,3.9215,3.9215,3.9215,108,0
20090811,3.9215,3.9215,3.9215,3.9215,0,0
20090812,3.9215,3.9215,3.9215,3.9215,542,0
20090813,3.9215,3.9215,3.7001,3.8754,1409,0
20090814,3.7831,3.8754,3.7831,3.8754,1632,0
20090818,4.6045,4.6045,3.7831,3.7831,217,0
20090819,4.383,4.4292,4.1522,4.1522,2927,0
20090820,4.1522,4.1613,3.9676,3.9676,2709,0
20090821,4.4752,4.4752,4.4752,4.4752,584,0
20090824,4.0139,4.5675,3.9676,3.9676,2276,0
20090825,4.0691,4.1522,4.0599,4.1522,1734,0
20090826,4.0691,4.0691,4.0139,4.0139,1191,0
20090828,4.5028,4.5028,3.8754,3.8754,2120,0
20090831,3.8847,4.0599,3.8754,4.0599,1191,0
20090901,4.0599,4.0599,3.7831,3.8939,7069,0
20090903,4.0599,4.0599,4.0599,4.0599,976,0
20090904,4.1522,4.1522,4.1522,4.1522,1084,0
20090908,4.1522,4.1522,3.9676,3.9676,1301,0
20090910,4.4659,4.6137,4.4659,4.6137,1951,0
20090911,4.5859,4.6137,4.5859,4.6137,217,0
20090916,4.7059,4.7059,4.0969,4.0969,2476,0
20090917,4.1893,4.2537,4.1522,4.2075,6237,0
20090918,4.1706,4.2167,4.1522,4.1522,897,0
20090921,4.1706,4.1706,4.0599,4.1522,4623,0
20090922,4.0599,4.0969,3.8754,4.0599,2275,0
20090924,4.106,4.106,4.106,4.106,1626,0
20090928,4.0599,4.0599,3.9676,3.9676,1838,0
20091001,3.9676,3.9676,3.9676,3.9676,541,0
20091002,3.9676,4.1522,3.9676,4.1522,2446,0
20091005,4.1522,4.1985,4.1522,4.1985,2162,0
20091006,4.1522,4.1522,4.1522,4.1522,2166,0
20091009,4.1985,4.1985,4.1985,4.1985,548,0
20091014,4.2446,4.2446,4.2446,4.2446,379,0
20091015,4.1522,4.1522,4.1522,4.1522,1463,0
20091016,4.1522,4.1985,4.1522,4.1985,5310,0
20091020,4.1522,4.2446,4.1522,4.1985,2709,0
20091021,4.383,4.383,4.1522,4.1522,2166,0
20091022,4.1522,4.1522,4.1522,4.1522,6943,0
20091023,4.2905,4.2905,4.2905,4.2905,217,0
20091029,4.1432,4.1522,4.0599,4.1522,2275,0
20091030,4.6137,4.6137,4.6137,4.6137,217,0
20091104,4.3367,4.3367,4.3367,4.3367,1084,0
20091105,4.1522,4.1522,4.1522,4.1522,217,0
20091106,4.1522,4.1522,4.1522,4.1522,217,0
20091109,4.1522,4.1522,4.1522,4.1522,4877,0
20091110,4.383,4.383,4.383,4.383,542,0
20091111,4.1522,4.1522,4.1522,4.1522,2405,0
20091116,4.2446,4.2446,4.2446,4.2446,108,0
20091118,4.2446,4.2446,4.2446,4.2446,108,0
20091119,4.1522,4.1522,4.1522,4.1522,1084,0
20091120,4.1522,4.383,4.1522,4.383,433,0
20091124,4.1613,4.1613,4.1613,4.1613,1084,0
20091130,4.2353,4.2353,4.2353,4.2353,108,0
20091202,3.9676,4.2446,3.8754,4.2446,2166,0
20091203,4.1522,4.1522,4.1522,4.1522,162,0
20091204,4.1985,4.1985,4.1985,4.1985,451,0
20091207,4.1985,4.1985,4.1522,4.1522,2222,0
20091210,4.1432,4.1522,4.0599,4.0599,3678,0
20091214,4.1522,4.1522,4.1522,4.1522,4330,0
20091216,4.0691,4.0691,3.9676,3.9676,3847,0
20091217,4.0508,4.0508,3.8754,3.8754,2221,0
20091218,3.8662,3.8754,3.7831,3.7831,1533,0
20091221,3.8754,3.8754,3.8754,3.8754,326,0
20091224,4.1522,4.1522,4.1522,4.1522,217,0
20091228,4.0599,4.0599,4.0599,4.0599,1068,0
20091229,4.1522,4.1522,4.1522,4.1522,1084,0
20091230,3.9676,4.0691,3.8754,4.0691,3498,0
20100104,4.0599,4.0599,3.9676,4.0322,1951,0
20100107,3.9676,3.9676,3.8754,3.8754,1626,0
20100112,4.106,4.106,4.106,4.106,1084,0
20100113,4.0139,4.1522,4.0139,4.0876,1642,0
20100114,4.0599,4.0599,4.0599,4.0599,108,0
20100119,4.106,4.106,4.106,4.106,217,0
20100120,4.106,4.106,4.106,4.106,1084,0
20100121,4.0139,4.0139,4.0139,4.0139,1782,0
20100122,4.106,4.1522,4.106,4.1522,1301,0
20100201,4.0139,4.0139,4.0139,4.0139,542,0
20100204,4.1522,4.1522,4.0139,4.0139,8433,0
20100209,4.0139,4.0139,4.0139,4.0139,1084,0
20100211,3.9676,3.9676,3.9676,3.9676,1084,0
20100216,4.1522,4.1522,3.7001,4.0599,6990,0
20100217,4.0599,4.0691,4.0599,4.0599,4601,0
20100218,4.0599,4.0599,4.0599,4.0599,217,0
20100219,3.9676,4.1522,3.9676,4.1522,12199,0
20100223,4.0139,4.0139,4.0139,4.0139,108,0
20100301,4.0139,4.1522,3.6908,4.1522,3792,0
20100302,4.1522,4.2446,4.1522,4.1985,10736,0
20100308,4.1522,4.1522,4.1522,4.1522,171,0
20100310,4.106,4.106,4.106,4.106,108,0
20100311,3.8479,3.9676,3.8479,3.9676,481,0
20100312,3.9676,3.9676,3.9676,3.9676,1084,0
20100315,3.9676,3.9676,3.9401,3.9401,976,0
20100316,3.8754,3.8754,3.8754,3.8754,542,0
20100318,4.1522,4.1522,4.0139,4.0139,2060,0
20100319,4.1522,4.2446,4.1153,4.1153,1301,0
20100323,4.0139,4.0139,4.0139,4.0139,549,0
20100324,4.0139,4.0139,4.0139,4.0139,208,0
20100325,3.8754,3.8754,3.8754,3.8754,266,0
20100326,4.0139,4.1522,4.0139,4.1522,568,0
20100330,4.0139,4.0139,4.0139,4.0139,108,0
20100331,4.0139,4.0139,3.7831,3.7831,713,0
20100401,4.106,4.1522,4.106,4.1522,1624,0
20100405,4.1522,4.1522,4.1522,4.1522,217,0
20100407,4.0969,4.0969,4.0969,4.0969,217,0
20100409,3.7922,4.106,3.7922,3.9584,1751,0
20100412,4.0508,4.0508,4.0139,4.0139,1084,0
20100414,4.0508,4.1338,4.0508,4.1338,2709,0
20100415,4.1338,4.1338,4.1338,4.1338,2166,0
20100419,4.1522,4.1522,4.1432,4.1522,5093,0
20100420,4.0599,4.0599,3.7831,4.0599,3772,0
20100426,4.1522,4.1522,4.1522,4.1522,2362,0
20100427,4.1706,4.1706,4.1522,4.1522,5040,0
20100428,4.1522,4.1522,4.0322,4.0322,326,0
20100429,4.0416,4.0784,4.0139,4.0139,899,0
20100430,3.9307,4.1522,3.9215,4.0139,3674,0
20100503,3.9768,4.1613,3.9676,4.1522,2492,0
20100506,3.9676,3.9676,3.9676,3.9676,2166,0
20100507,3.9676,4.2446,3.9676,4.2446,1409,0
20100510,4.0231,4.383,3.9676,4.383,1203,0
20100512,4.383,4.6137,4.3645,4.6137,31158,0
20100513,4.6137,4.752,4.2075,4.752,9878,0
20100514,4.7335,4.7335,4.7335,4.7335,108,0
20100517,4.6781,4.8444,4.4659,4.8444,5285,0
20100518,4.8444,4.8444,4.8444,4.8444,1001,0
20100519,4.9826,5.075,4.9826,5.075,217,0
20100520,5.0287,5.0287,5.0287,5.0287,217,0
20100521,4.8444,4.8535,4.8444,4.8444,4208,0
20100524,4.8627,4.955,4.8444,4.8627,1482,0
20100526,5.075,5.3056,5.075,5.2594,1191,0
20100527,5.2594,5.3056,5.2594,5.3056,1301,0
20100601,5.4993,5.5086,5.3056,5.3056,1290,0
20100602,5.5363,5.5363,5.5363,5.5363,217,0
20100603,5.4993,5.7302,5.4993,5.7302,3035,0
20100607,5.767,5.9977,5.5363,5.9238,5053,0
20100608,5.9977,5.9977,5.9977,5.9977,108,0
20100609,5.5363,5.6747,5.5363,5.5455,4050,0
20100610,5.5363,5.5363,5.5363,5.5363,540,0
20100615,5.527,5.5363,5.518,5.5363,1932,0
20100616,5.1672,5.1672,5.1672,5.1672,939,0
20100617,5.2871,5.2871,5.2871,5.2871,118,0
20100618,5.3056,5.3056,5.3056,5.3056,228,0
20100622,5.1672,5.1672,5.1672,5.1672,136,0
20100623,5.075,5.075,5.075,5.075,1191,0
20100624,4.9366,4.9366,4.9366,4.9366,108,0
20100625,4.8444,5.075,4.8444,5.075,1355,0
20100628,4.8444,4.8444,4.8444,4.8444,108,0
20100630,4.8444,4.8444,4.6137,4.8444,31277,0
20100701,5.481,5.481,5.2964,5.2964,326,0
20100707,5.2318,5.2318,5.075,5.075,217,0
20100709,4.7152,5.075,4.7152,5.075,3252,0
20100712,4.6504,4.6691,4.6228,4.6691,920,0
20100713,5.0564,5.0564,4.9642,4.9642,487,0
20100714,4.6228,4.6691,4.6228,4.6599,1409,0
20100716,4.8444,4.8444,4.6137,4.6137,6455,0
20100719,4.6137,4.9088,4.4568,4.6321,7336,0
20100720,4.6137,4.6137,4.6137,4.6137,806,0
20100721,4.752,4.752,4.752,4.752,326,0
20100722,4.835,4.8444,4.8257,4.8444,4771,0
20100723,4.6137,5.075,4.5397,5.038,42591,0
20100726,4.8904,5.2964,4.8904,4.9366,7261,0
20100727,4.9366,4.9366,4.9366,4.9366,217,0
20100729,5.2594,5.2964,5.2594,5.2594,758,0
20100802,5.2964,5.2964,5.075,5.0933,758,0
20100803,5.2133,5.2133,5.2133,5.2133,651,0
20100804,5.0842,5.0842,4.6504,4.8444,1098,0
20100806,5.075,5.075,5.075,5.075,217,0
20100809,5.0287,5.1949,4.8444,5.1949,1247,0
20100810,5.2041,5.2133,5.2041,5.2133,544,0
20100811,5.2133,5.2133,5.2133,5.2133,3252,0
20100812,5.1672,5.3978,5.1672,5.3886,3423,0
20100816,4.8535,5.4071,4.8535,5.1765,770,0
20100818,5.3978,5.3978,5.075,5.075,1087,0
20100823,5.3978,5.3978,5.3978,5.3978,217,0
20100824,4.8444,4.8444,4.8444,4.8444,237,0
20100830,4.8444,4.9088,4.5675,4.5675,4659,0
20100831,4.6045,5.0473,4.6045,5.0473,758,0
20100901,4.5766,4.7982,4.5766,4.7705,2651,0
20100907,4.7059,4.8257,4.6873,4.8257,2538,0
20100908,4.6412,5.0656,4.6321,4.6873,1965,0
20100909,5.0287,5.0842,5.0287,5.0287,8506,0
20100910,5.075,5.075,4.6412,5.038,1084,0
20100913,4.8444,4.992,4.8444,4.8904,6892,0
20100914,4.8811,4.8811,4.8811,4.8811,216,0
20100915,5.0473,5.0473,4.6873,4.6873,217,0
20100916,4.7982,4.7982,4.7982,4.7982,108,0
20100917,4.8074,4.8074,4.8074,4.8074,108,0
20100920,4.7796,4.7796,4.7796,4.7796,7638,0
20100928,4.8444,4.8444,4.8444,4.8444,1409,0
20100929,4.9826,4.9826,4.9826,4.9826,108,0
20101001,4.9366,4.9366,4.9366,4.9366,1074,0
20101004,4.7796,4.7796,4.7796,4.7796,5034,0
20101005,4.7889,4.7889,4.7889,4.7889,217,0
20101006,4.7889,4.8166,4.7705,4.7796,3455,0
20101007,4.8444,4.8904,4.8444,4.8904,2166,0
20101008,4.9366,4.9366,4.9366,4.9366,108,0
20101011,4.7152,5.075,4.6873,4.7427,978,0
20101015,5.075,5.075,5.075,5.075,433,0
20101018,4.7242,4.7242,4.7059,4.7059,274,0
20101019,4.7059,4.9181,4.7059,4.9181,418,0
20101020,4.7059,5.075,4.7059,5.075,13525,0
20101022,5.1672,5.3056,5.075,5.2594,6925,0
20101026,5.1026,5.1026,5.0842,5.0842,424,0
20101028,5.2594,5.2594,5.1672,5.2594,3024,0
20101101,5.2133,5.3056,5.2133,5.3056,4011,0
20101102,5.2871,5.3518,5.2871,5.3518,3214,0
20101103,5.3518,5.3518,5.2133,5.2133,4554,0
20101104,5.3056,5.3518,5.2871,5.3149,7375,0
20101105,5.075,5.0842,5.075,5.075,1084,0
20101108,5.0933,5.158,5.075,5.075,4877,0
20101109,5.1119,5.1672,5.075,5.158,18647,0
20101111,5.2594,5.2594,5.1672,5.1672,217,0
20101112,5.1672,5.1672,5.1304,5.1672,7557,0
20101115,5.0842,5.0933,5.0842,5.0933,276,0
20101116,5.3425,5.3425,5.3056,5.3056,379,0
20101117,5.1026,5.1026,5.1026,5.1026,108,0
20101118,5.075,5.2133,5.075,5.2133,3480,0
20101122,5.1212,5.2133,5.1212,5.2133,758,0
20101123,5.3886,5.5363,5.278,5.278,783,0
20101130,5.1304,5.1304,5.1304,5.1304,237,0
20101201,5.1212,5.1212,5.0842,5.1212,4484,0
20101202,5.1397,5.1397,5.1304,5.1304,261,0
20101206,5.1212,5.1672,5.1212,5.1672,3143,0
20101207,5.1212,5.158,5.1212,5.1212,2850,0
20101208,5.1212,5.1212,5.1212,5.1212,658,0
20101210,5.2871,5.3056,5.2871,5.3056,1965,0
20101213,5.3056,5.3056,5.2964,5.3056,3578,0
20101214,5.1212,5.2964,5.0842,5.2964,1735,0
20101215,5.2594,5.2594,5.2594,5.2594,434,0
20101216,5.2594,5.2964,5.2594,5.2964,4664,0
20101220,5.3056,5.3056,5.3056,5.3056,326,0
20101221,5.3056,5.3056,5.3056,5.3056,3792,0
20101222,5.3796,5.4439,5.3796,5.4439,7187,0
20101223,5.3425,5.3978,5.3425,5.3978,5978,0
20101227,5.3978,5.3978,5.3978,5.3978,5418,0
20101228,5.3056,5.3978,5.3056,5.3978,14110,0
20101229,5.4257,5.4439,5.3978,5.4439,4769,0
20101230,5.4439,5.4439,5.4439,5.4439,108,0
20110103,5.3518,5.3978,5.3518,5.3978,1214,0
20110104,5.3518,5.3518,5.3518,5.3518,651,0
20110105,5.3056,5.3978,5.3056,5.3518,10341,0
20110106,5.3518,5.4902,5.3518,5.4902,9755,0
20110107,5.3518,5.5363,5.3518,5.5363,15497,0
20110110,5.361,5.3978,5.3518,5.3978,4467,0
20110112,5.3978,5.4071,5.361,5.361,1191,0
20110113,5.5086,5.527,5.5086,5.527,217,0
20110114,5.4071,5.5086,5.3518,5.3518,2964,0
20110118,5.3978,5.5363,5.3978,5.5363,6912,0
20110119,5.4902,5.5363,5.4439,5.5363,6097,0
20110120,5.5363,5.5823,5.5363,5.5823,6610,0
20110124,5.5641,5.6285,5.5641,5.6193,6015,0
20110126,5.5823,5.5823,5.4902,5.4902,2709,0
20110127,5.518,5.5823,5.518,5.527,1626,0
20110128,5.5731,5.5823,5.4439,5.4902,4594,0
20110201,5.4718,5.5641,5.4718,5.5641,542,0
20110202,5.5086,5.5455,5.5086,5.5455,217,0
20110203,5.4439,5.5363,5.3978,5.4902,5418,0
20110207,5.5363,5.5363,5.5363,5.5363,108,0
20110208,5.5363,5.5823,5.5363,5.5731,1735,0
20110209,5.5363,5.5363,5.3978,5.4902,5718,0
20110210,5.481,5.4902,5.4439,5.4439,1806,0
20110211,5.4532,5.4532,5.4532,5.4532,662,0
20110215,5.481,5.5363,5.481,5.5363,10474,0
20110216,5.5363,5.5363,5.5363,5.5363,108,0
20110217,5.5363,5.5363,5.5363,5.5363,21675,0
20110218,5.4625,5.4902,5.4439,5.4902,542,0
20110222,5.5086,5.5086,5.5086,5.5086,1084,0
20110225,5.4532,5.4532,5.4532,5.4532,528,0
20110228,5.4532,5.767,5.4532,5.767,3576,0
20110301,5.4718,5.4718,5.4718,5.4718,108,0
20110307,5.7578,5.7578,5.7578,5.7578,108,0
20110309,5.518,5.518,5.518,5.518,108,0
20110315,5.4902,5.4902,5.4439,5.4439,2060,0
20110316,5.5086,5.5086,5.5086,5.5086,2166,0
20110321,5.4718,5.767,5.4532,5.4532,554,0
20110324,5.5363,5.5363,5.527,5.527,1626,0
20110404,5.4902,5.4902,5.4902,5.4902,326,0
20110405,5.4439,5.5363,5.3978,5.5363,4033,0
20110406,5.3978,5.5363,5.3978,5.4439,6179,0
20110407,5.4439,5.4902,5.4439,5.4439,1409,0
20110408,5.4257,5.4439,5.3978,5.3978,10106,0
20110411,5.4439,5.4439,5.4439,5.4439,326,0
20110412,5.4902,5.4902,5.4902,5.4902,1518,0
20110413,5.4902,5.4902,5.4902,5.4902,542,0
20110419,5.6193,5.6193,5.6193,5.6193,108,0
20110420,5.6102,5.6193,5.5641,5.5641,433,0
20110421,5.4902,5.527,5.4902,5.527,1951,0
20110428,5.6285,5.6285,5.6285,5.6285,108,0
20110429,5.5548,5.5548,5.518,5.518,758,0
20110502,5.4993,5.4993,5.4993,5.4993,108,0
20110504,5.5086,5.5086,5.5086,5.5086,428,0
20110506,5.5086,5.5086,5.5086,5.5086,872,0
20110509,5.6285,5.6285,5.4902,5.4902,379,0
20110511,5.5823,5.5823,5.5823,5.5823,8671,0
20110519,5.5363,5.5363,5.5363,5.5363,217,0
20110523,5.5363,5.6285,5.5363,5.6285,5168,0
20110525,5.6102,5.767,5.6102,5.767,2251,0
20110526,5.5086,5.5455,5.4902,5.5455,1642,0
20110531,5.4902,5.5548,5.3978,5.5086,11103,0
20110601,5.4902,5.4902,5.3978,5.4257,10405,0
20110602,5.647,5.6656,5.5731,5.5731,1079,0
20110607,5.518,5.518,5.4902,5.4902,1009,0
20110608,5.5363,5.5363,5.481,5.4993,5060,0
20110609,5.5086,5.7484,5.4902,5.5086,4334,0
20110610,5.4993,5.767,5.4993,5.6193,4065,0
20110616,5.4902,5.4902,5.4902,5.4902,108,0
20110617,5.6009,5.6009,5.3978,5.6009,19098,0
20110620,5.4625,5.6747,5.4625,5.5548,3685,0
20110624,5.4902,5.4902,5.3978,5.3978,3269,0
20110627,5.3978,5.518,5.3978,5.518,4364,0
20110628,5.4993,5.527,5.4993,5.527,1463,0
20110629,5.5363,5.5363,5.5363,5.5363,108,0
20110630,5.5363,5.5363,5.3978,5.3978,1894,0
20110701,5.518,5.527,5.518,5.527,217,0
20110705,5.4439,5.8315,5.3149,5.4625,26623,0
20110706,5.4625,5.4625,5.4625,5.4625,1651,0
20110707,5.5086,5.5086,5.4257,5.4257,651,0
20110708,5.4257,5.4257,5.4257,5.4257,108,0
20110711,5.4718,5.4718,5.4718,5.4718,108,0
20110712,5.3149,5.3978,5.3149,5.3978,13899,0
20110713,5.3518,5.3518,5.3518,5.3518,1084,0
20110714,5.3978,5.4439,5.3518,5.3518,4807,0
20110715,5.361,5.3978,5.3056,5.3978,18207,0
20110718,5.3518,5.4165,5.3518,5.4165,2166,0
20110720,5.3518,5.3796,5.3149,5.3796,3578,0
20110721,5.361,5.361,5.3518,5.361,2524,0
20110722,5.3703,5.6102,5.3518,5.5455,4846,0
20110725,5.3703,5.5731,5.3703,5.5641,326,0
20110726,5.5363,5.5363,5.3518,5.3518,5853,0
20110727,5.4439,5.4993,5.3518,5.3886,12949,0
20110728,5.4071,5.527,5.361,5.527,3468,0
20110801,5.3796,5.481,5.3796,5.4625,6285,0
20110802,5.4993,5.4993,5.4257,5.4902,2035,0
20110803,5.5363,5.5363,5.5363,5.5363,907,0
20110804,5.5641,5.6102,5.5641,5.5823,867,0
20110805,5.3518,5.5823,5.3149,5.5823,758,0
20110808,5.3518,5.5363,5.3518,5.5363,647,0
20110810,5.3518,5.3518,4.835,5.0103,7910,0
20110811,5.4902,5.518,5.4165,5.4165,326,0
20110812,5.1858,5.1858,4.8904,4.9273,5690,0
20110815,5.4993,5.4993,5.4071,5.4071,326,0
20110816,5.2225,5.2225,5.075,5.075,5093,0
20110826,5.1212,5.1212,5.1212,5.1212,1084,0
20110829,5.1672,5.2503,4.992,5.0473,5310,0
20110830,5.1212,5.1212,5.0287,5.1212,2166,0
20110831,5.1304,5.1304,5.0842,5.0842,433,0
20110901,4.9642,4.9826,4.9366,4.9826,326,0
20110902,4.7796,4.7796,4.7796,4.7796,326,0
20110906,4.9181,4.9181,4.8904,4.8904,758,0
20110907,4.946,5.2594,4.946,4.946,1626,0
20110908,4.9734,4.9734,4.9181,4.9181,326,0
20110909,4.8627,4.946,4.8627,4.9366,1129,0
20110913,4.9366,5.4902,4.9366,5.4532,1191,0
20110914,5.075,5.4439,5.075,5.3056,5418,0
20110916,5.0933,5.0933,5.0933,5.0933,2927,0
20110920,4.992,5.1672,4.8811,4.992,6187,0
20110921,5.038,5.038,5.038,5.038,108,0
20110922,4.6873,4.7796,4.0416,4.5583,1930,0
20110923,4.5675,4.5675,4.5583,4.5583,1001,0
20110926,4.2722,4.835,4.1522,4.835,2329,0
20110928,4.0599,4.9273,4.0599,4.9273,2275,0
20110929,4.0969,4.0969,3.7369,3.7369,1191,0
20111003,4.3739,4.7982,4.3367,4.3367,4894,0
20111004,4.3367,4.3367,4.2905,4.2905,2769,0
20111011,4.6137,4.6137,4.5952,4.6137,651,0
20111012,4.6137,4.6137,4.2905,4.3739,6254,0
20111013,4.5397,4.6137,4.4474,4.4474,3270,0
20111014,4.3921,4.7796,4.3921,4.512,1900,0
20111019,4.6045,4.7982,4.5213,4.5766,3903,0
20111020,4.6966,4.6966,4.6412,4.6412,217,0
20111021,4.5766,4.6691,4.5766,4.6691,2601,0
20111024,4.7152,4.7335,4.6691,4.7059,7226,0
20111025,4.7982,5.0287,4.7982,5.0287,2715,0
20111026,5.0564,5.5363,5.0287,5.5363,10623,0
20111027,8.3045,8.8488,5.0011,5.6839,28396,0
20111028,5.4439,5.767,5.4439,5.767,12462,0
20111031,5.5731,5.767,5.4165,5.767,6828,0
20111101,5.767,5.767,5.767,5.767,219,0
20111102,5.7762,5.813,5.7762,5.8039,2492,0
20111103,5.8315,5.8592,5.8223,5.8592,1518,0
20111104,5.8686,5.8686,5.8592,5.8592,2427,0
20111107,5.8592,5.8592,5.8592,5.8592,108,0
20111108,5.9977,5.9977,5.8592,5.9516,2385,0
20111109,5.9792,5.9792,5.9516,5.9516,5744,0
20111111,5.9516,5.9516,5.9516,5.9516,217,0
20111115,5.9516,5.9516,5.9516,5.9516,530,0
20111118,5.9977,6.016,5.9977,6.016,433,0
20111121,5.9977,6.016,5.9977,6.0068,867,0
20111123,5.9977,6.0438,5.9977,5.9977,4714,0
20111129,5.5731,5.8039,5.5731,5.8039,326,0
20111130,5.813,5.813,5.5548,5.5823,27375,0
20111205,5.813,5.9977,5.767,5.9977,9168,0
20111206,6.0622,6.0622,6.0622,6.0622,648,0
20111207,6.2192,6.2192,6.2192,6.2192,111,0
20111212,6.0438,6.0438,6.0438,6.0438,187,0
20111213,6.0715,6.09,5.7302,5.8039,2492,0
20111214,6.0808,6.09,6.053,6.0715,1518,0
20111216,6.2284,6.5975,6.2284,6.4498,981,0
20111219,6.3483,6.4775,6.3483,6.3483,539,0
20111220,6.5975,6.5975,6.1084,6.1084,570,0
20111222,6.2192,6.2192,5.9699,6.099,4822,0
20111223,6.1545,6.2284,5.7946,6.099,12137,0
20111227,6.1362,6.1823,6.1269,6.1362,1518,0
20111228,6.1269,6.1637,6.1269,6.1362,5150,0
20111229,6.1452,6.1545,6.1269,6.1269,4520,0
20111230,6.1452,6.2284,6.1269,6.2284,1647,0
20120105,6.1545,6.1545,5.3518,5.3518,18079,0
20120106,5.7117,5.7117,5.3518,5.527,2228,0
20120109,5.5548,5.5548,5.3978,5.3978,976,0
20120110,5.9977,6.2006,5.8407,6.099,11103,0
20120111,6.1914,6.1914,6.1084,6.1823,1735,0
20120112,6.2006,6.2192,6.053,6.2192,8563,0
20120113,6.1914,6.2099,6.0808,6.2099,4443,0
20120117,6.099,6.3667,6.099,6.3667,1084,0
20120120,6.3297,6.3667,5.4439,6.2284,4227,0
20120123,5.9424,6.459,5.6009,5.6009,3895,0
20120124,5.813,6.1362,5.813,6.1362,1843,0
20120125,6.0438,6.5975,6.0438,6.4036,4699,0
20120126,6.4314,6.459,6.3944,6.459,1626,0
20120127,6.459,6.459,6.2561,6.2561,21681,0
20120130,6.3667,6.459,6.3205,6.459,2166,0
20120201,6.459,6.459,6.0068,6.2469,2547,0
20120202,6.2652,6.4498,6.2652,6.4498,1084,0
20120207,6.2652,6.2652,6.2652,6.2652,18762,0
20120208,6.339,6.339,6.3205,6.3205,4117,0
20120209,6.5975,6.5975,6.5975,6.5975,108,0
20120210,6.413,6.413,6.413,6.413,47468,0
20120213,6.4223,6.4223,6.2284,6.2284,595,0
20120214,6.2377,6.505,6.2377,6.3483,4443,0
20120215,6.5513,6.5513,6.3483,6.3483,326,0
20120217,6.4684,7.5662,6.413,7.4833,19291,0
20120221,7.1603,7.3633,7.0588,7.1419,3253,0
20120222,7.1419,7.2064,7.1419,7.1419,1756,0
20120223,7.0956,7.1788,6.902,6.9203,11593,0
20120224,6.948,6.9573,6.948,6.9573,542,0
20120227,6.7727,6.7727,6.7634,6.7634,758,0
20120228,6.7912,6.8188,6.2006,6.2099,5005,0
20120229,6.2377,6.2377,6.2377,6.2377,651,0
20120302,6.3667,6.413,6.3205,6.413,2384,0
20120305,6.3205,6.4036,6.3205,6.376,1735,0
20120306,6.3205,6.3574,6.2745,6.2745,1301,0
20120307,6.3205,6.3667,6.2192,6.2284,8452,0
20120308,6.3205,6.3205,6.2284,6.2377,2221,0
20120312,6.3297,6.3297,6.3297,6.3297,807,0
20120313,6.3205,6.3205,6.1823,6.3115,1709,0
20120314,6.1452,6.413,6.1452,6.3205,4914,0
20120316,6.1823,6.1823,6.1362,6.1362,3350,0
20120319,6.2929,6.2929,6.0253,6.0253,726,0
20120321,6.09,6.2284,6.09,6.2284,9459,0
20120322,6.2745,6.5605,6.2745,6.5513,2181,0
20120326,6.2006,6.2006,6.1362,6.2006,5797,0
20120328,6.8188,6.8188,6.8188,6.8188,326,0
20120402,6.459,6.459,6.3297,6.3297,1626,0
20120403,6.459,6.459,6.459,6.459,108,0
20120404,6.459,6.4775,6.2929,6.4775,1951,0
20120405,6.505,6.505,6.4869,6.505,5202,0
20120409,6.3021,6.7082,6.3021,6.5697,3816,0
20120410,6.3667,6.8466,6.3667,6.8466,433,0
20120412,6.7267,6.7267,6.616,6.616,326,0
20120417,6.6436,6.6436,6.6436,6.6436,108,0
20120418,6.6343,6.6897,6.5236,6.6343,2166,0
20120423,6.5605,6.782,6.4498,6.782,1084,0
20120424,6.6897,6.6897,6.6897,6.6897,10972,0
20120425,6.8558,6.8558,6.6713,6.6713,1951,0
20120430,6.7634,6.7634,6.7634,6.7634,326,0
20120502,6.7082,6.7082,6.7082,6.7082,326,0
20120503,6.699,6.699,6.6804,6.699,3468,0
20120504,6.7451,6.7634,6.7451,6.7634,4086,0
20120507,6.7543,6.7543,6.7543,6.7543,4227,0
20120509,6.8096,6.8188,6.616,6.8188,2817,0
20120510,6.7634,6.7634,6.7634,6.7634,108,0
20120511,6.8096,6.8096,6.8096,6.8096,108,0
20120518,6.7727,6.8096,6.7727,6.8096,910,0
20120522,6.7727,6.8005,6.3667,6.8005,6936,0
20120523,6.7912,6.9203,6.7912,6.9203,9922,0
20120524,6.8282,7.3172,6.8282,7.3172,1951,0
20120525,6.8374,6.8374,6.6621,6.7267,13678,0
20120529,6.8374,6.8374,6.8374,6.8374,217,0
20120530,6.6897,6.6897,6.6897,6.6897,2241,0
20120531,6.8005,6.8374,6.8005,6.8374,1518,0
20120601,6.7634,6.8835,6.5697,6.6067,1807,0
20120604,6.5236,6.5236,6.5236,6.5236,976,0
20120605,6.5145,6.5145,6.5145,6.5145,326,0
20120606,6.5882,6.6713,6.5882,6.6713,7326,0
20120607,6.699,6.699,6.5145,6.6529,13251,0
20120611,6.6713,6.6713,6.6713,6.6713,326,0
20120614,6.542,6.5975,5.6933,6.5513,7109,0
20120615,6.4684,6.4684,6.09,6.09,3210,0
20120618,6.1452,6.1452,6.1452,6.1452,326,0
20120620,6.2284,6.2284,6.1823,6.1823,1951,0
20120621,6.1823,6.2192,6.09,6.1452,4485,0
20120622,6.4498,6.4498,6.4498,6.4498,217,0
20120625,6.459,6.6067,6.4223,6.5513,14941,0
20120702,6.413,6.8282,6.413,6.7267,1301,0
20120703,6.699,7.0588,6.699,7.0127,10454,0
20120705,7.0127,7.0127,7.0127,7.0127,2002,0
20120706,6.9573,6.9573,6.8558,6.9111,758,0
20120709,6.8743,6.8743,6.8743,6.8743,542,0
20120710,6.9757,6.9757,6.6804,6.6804,3632,0
20120712,6.5605,6.6436,6.5605,6.6436,542,0
20120713,6.6804,6.6897,6.6804,6.6897,3537,0
20120720,6.6436,6.6897,6.5513,6.6897,1626,0
20120723,6.6436,6.6897,6.6436,6.6897,217,0
20120725,6.5788,6.6897,6.5788,6.6897,2315,0
20120726,6.7267,6.7267,6.5975,6.5975,217,0
20120730,6.6436,6.8282,6.2837,6.2837,2275,0
20120802,6.1823,6.9666,5.4439,5.4439,4509,0
20120803,6.3205,6.3205,6.3205,6.3205,108,0
20120806,6.2561,6.4684,6.1362,6.4684,2003,0
20120807,6.4959,6.4959,6.4406,6.4406,258,0
20120808,6.5236,6.5513,6.5236,6.5513,625,0
20120809,6.5327,6.5327,6.5327,6.5327,108,0
20120815,6.459,6.459,6.459,6.459,389,0
20120816,6.3667,6.3667,6.3667,6.3667,204,0
20120817,6.505,6.6897,6.505,6.6713,3114,0
20120823,6.5236,6.5236,6.5236,6.5236,326,0
20120827,6.6804,6.6897,6.653,6.6897,2808,0
20120828,6.6436,6.6529,6.5975,6.6067,6070,0
20120829,6.6436,6.699,6.5975,6.5975,1735,0
20120830,6.5975,6.6436,6.5975,6.6436,939,0
20120904,6.7358,6.7358,6.7358,6.7358,326,0
20120905,6.6897,6.7358,6.6529,6.7358,3143,0
20120906,6.7358,6.7358,6.6897,6.708,3468,0
20120907,6.7634,6.782,6.7634,6.782,1191,0
20120914,6.6621,6.6621,6.6529,6.6569,4138,0
20120917,6.6436,6.6436,6.6436,6.6436,108,0
20120918,6.616,6.7358,6.5513,6.7173,8367,0
20120919,6.6621,6.6621,6.6529,6.6529,1410,0
20120921,6.6529,6.902,6.6529,6.902,758,0
20120926,6.6251,7.6125,4.6321,6.6897,28822,0
20120927,6.7082,6.7358,6.7082,6.7082,1218,0
20120928,5.5641,6.911,5.5641,6.911,1301,0
20121001,6.459,6.459,6.2284,6.2284,1681,0
20121002,6.9203,7.5203,6.616,7.5016,20995,0
20121003,7.3079,7.3079,6.5975,7.0864,950,0
20121004,6.339,7.151,6.339,7.0588,1310,0
20121005,7.0956,7.0956,7.0956,7.0956,542,0
20121008,6.5514,7.151,6.5514,6.616,2116,0
20121009,6.9203,7.1166,6.9111,7.0127,1735,0
20121010,7.1048,7.1048,7.0311,7.0403,1783,0
20121011,6.8282,6.8607,6.8282,6.8607,433,0
20121012,6.782,6.948,6.782,6.948,596,0
20121015,7.0956,7.0956,7.0218,7.0218,433,0
20121018,7.1233,7.1233,7.1233,7.1233,326,0
20121022,6.985,7.0495,6.985,7.0495,411,0
20121026,6.9203,7.0218,6.9203,6.9296,3359,0
20121101,7.0588,7.0588,7.0588,7.0588,3468,0
20121102,7.1788,7.2249,6.9203,7.0588,4524,0
20121107,6.9203,7.0036,6.9203,7.0036,3420,0
20121108,7.0036,7.0036,6.6436,6.8743,1467,0
20121115,6.6713,6.6713,6.6436,6.6436,4496,0
20121116,6.6436,6.6436,6.6436,6.6436,758,0
20121119,6.6621,6.6621,6.6436,6.6436,3638,0
20121121,6.6713,6.6897,6.6621,6.6897,2927,0
20121126,6.7173,6.7173,6.6897,6.6897,1626,0
20121127,6.7358,6.7358,6.7358,6.7358,326,0
20121128,6.8282,6.9202,6.8282,6.9202,3415,0
20121129,6.8282,6.9203,6.8282,6.9203,2769,0
20121130,6.9203,6.9203,6.9203,6.9203,4334,0
20121203,6.6897,6.8389,6.6713,6.8282,7019,0
20121205,6.8282,6.8282,6.8282,6.8282,326,0
20121206,6.8188,6.8188,6.8188,6.8188,108,0
20121207,6.7358,6.7358,6.7358,6.7358,6276,0
20121210,6.6529,6.6621,6.6251,6.6529,651,0
20121211,6.4959,6.8282,6.4775,6.505,8885,0
20121212,6.505,6.5697,6.376,6.4223,6305,0
20121213,6.3667,6.3667,6.3667,6.3667,326,0
20121214,6.3667,6.3667,6.3667,6.3667,326,0
20121220,6.5513,6.5513,6.3667,6.3667,2065,0
20121224,6.7082,6.7358,6.7082,6.7358,3252,0
20121226,6.7173,6.9573,6.7173,6.9573,23777,0
20121228,6.9203,6.9203,6.8743,6.8743,3578,0
20130102,6.9666,7.714,6.7634,7.557,7375,0
20130103,7.6494,7.6494,6.9203,7.5203,5618,0
20130104,7.6309,7.6309,7.3726,7.3726,433,0
20130107,7.5479,7.8431,7.5294,7.8431,1850,0
20130108,7.8431,8.0185,7.5939,7.5939,3129,0
20130109,7.6586,7.7324,7.6586,7.7324,217,0
20130110,7.7047,7.7047,7.7047,7.7047,651,0
20130111,7.6769,7.9355,7.6769,7.9262,1953,0
20130115,7.8339,7.8339,7.8339,7.8339,108,0
20130118,7.64,7.7022,7.64,7.7022,433,0
20130122,7.7416,7.8431,7.7416,7.8431,3139,0
20130123,7.64,7.6401,7.2435,7.6124,2752,0
20130124,7.6125,7.7968,7.474,7.7968,2240,0
20130125,7.557,7.6125,7.557,7.6125,433,0
20130128,7.6954,7.6954,7.6494,7.6586,867,0
20130129,7.6862,8.0738,7.6862,7.8707,1735,0
20130130,7.714,7.714,7.391,7.4002,2492,0
20130131,7.5479,7.7509,7.5479,7.7509,217,0
20130201,7.6586,7.6954,7.6217,7.6309,4395,0
20130204,7.6586,7.6769,7.6586,7.6586,651,0
20130205,7.7232,7.8523,7.4833,7.7232,2041,0
20130206,8.1965,8.1965,7.2434,7.8615,12201,0
20130207,7.9446,7.9446,7.64,7.64,3534,0
20130208,7.9355,7.9355,7.6862,7.8431,704,0
20130211,7.8707,7.8707,7.8431,7.8431,1408,0
20130215,7.8431,7.8431,7.8153,7.8431,1191,0
20130219,7.88,7.8894,7.8523,7.8894,651,0
20130220,7.9723,8.0738,7.9077,8.0738,13980,0
20130221,8.1291,8.1291,8.0738,8.0738,1352,0
20130225,7.7602,7.8894,7.7602,7.8894,13818,0
20130226,7.7785,7.7878,7.3817,7.5479,42632,0
20130228,7.474,7.474,7.474,7.474,108,0
20130301,7.2526,7.5386,7.2526,7.3817,2791,0
20130304,7.474,7.5662,7.2434,7.3355,2927,0
20130305,7.2434,7.2618,7.2434,7.2434,3792,0
20130306,7.1696,7.4555,7.1696,7.3817,3468,0
20130307,7.391,7.4095,7.2894,7.4095,1301,0
20130308,7.3726,7.3817,7.3726,7.3817,487,0
20130311,7.4279,7.5939,7.4279,7.474,6939,0
20130312,7.474,7.5109,7.3772,7.474,23950,0
20130313,7.4647,7.474,7.4279,7.4279,9105,0
20130314,7.4223,7.4223,7.4223,7.4223,270,0
20130315,7.4647,7.4647,7.4647,7.4647,3099,0
20130318,7.3817,7.3817,7.2986,7.3817,14296,0
20130319,7.4647,7.4647,7.4002,7.4187,4263,0
20130320,7.3172,7.3172,7.2986,7.3079,1518,0
20130322,7.4279,7.5203,7.4279,7.5203,758,0
20130403,7.474,7.474,7.4556,7.4556,2927,0
20130404,7.5661,7.5661,7.4279,7.437,16461,0
20130405,7.4647,7.5569,7.2526,7.4279,9105,0
20130408,7.3817,7.5203,7.2618,7.4279,18263,0
20130409,7.2618,7.2618,7.2434,7.2434,1242,0
20130410,7.2609,7.3817,7.2526,7.3808,8696,0
20130411,7.2618,7.2618,7.0588,7.068,2210,0
20130412,7.1048,7.1696,7.068,7.0956,8996,0
20130416,7.1972,7.1972,7.068,7.068,6503,0
20130417,7.1972,7.2157,7.0864,7.1972,4815,0
20130418,7.0588,7.0588,7.0588,7.0588,108,0
20130426,7.6032,7.6032,7.6032,7.6032,1409,0
20130429,7.474,7.474,7.1972,7.1972,651,0
20130501,7.1603,7.2849,7.151,7.1511,3739,0
20130502,7.1603,7.2894,7.1603,7.174,1322,0
20130503,7.1058,7.1058,7.1058,7.1058,326,0
20130506,7.1972,7.1972,7.1141,7.1696,26300,0
20130507,7.2157,7.2157,6.9943,7.0403,111111,0
20130508,7.0956,7.1048,7.0956,7.1048,2879,0
20130509,7.1881,7.1972,7.1881,7.1972,1477,0
20130510,7.1141,7.2894,7.1141,7.2894,1372,0
20130514,7.1419,7.151,7.1419,7.151,976,0
20130515,6.8005,7.0771,6.8005,7.0588,16533,0
20130516,7.1141,7.1141,7.1141,7.1141,433,0
20130517,7.1419,7.1419,7.1327,7.1327,1084,0
20130522,7.271,7.2802,7.271,7.2802,217,0
20130523,7.1972,7.1972,7.1419,7.1419,2817,0
20130524,7.1471,7.1471,7.1471,7.1471,227,0
20130603,7.151,7.151,7.151,7.151,326,0
20130604,7.151,7.151,7.1419,7.1419,238,0
20130605,7.1419,7.1419,7.1419,7.1419,110,0
20130606,7.1419,7.1603,7.1048,7.1048,869,0
20130607,7.174,7.174,7.174,7.174,270,0
20130610,7.151,7.151,7.151,7.151,270,0
20130617,7.2434,7.2894,7.2434,7.2894,1084,0
20130619,7.2526,7.2526,7.2342,7.2526,976,0
20130620,7.2434,7.2434,7.151,7.1972,3252,0
20130621,7.2802,7.2802,7.2802,7.2802,161,0
20130624,7.1048,7.1048,6.9203,6.9203,3685,0
20130625,6.9203,6.9203,6.9203,6.9203,542,0
20130627,7.0218,7.0293,7.0218,7.0293,651,0
20130701,7.1048,7.1972,7.1048,7.1048,5853,0
20130702,7.1233,7.2894,7.1048,7.2434,2275,0
20130703,7.2894,7.2894,7.1972,7.1972,4877,0
20130708,7.2802,7.3355,7.2157,7.2894,7049,0
20130711,7.2526,7.2526,7.2526,7.2526,217,0
20130712,7.2618,7.2986,7.2618,7.2894,17328,0
20130717,7.2342,7.2342,7.151,7.1554,2392,0
20130718,7.1233,7.2618,7.1048,7.1058,1191,0
20130724,7.1343,7.1343,7.0036,7.0037,1626,0
20130725,7.1048,7.2894,7.1048,7.2776,3666,0
20130726,7.1788,7.1788,7.1788,7.1788,542,0
20130730,7.1881,7.2342,7.1881,7.2342,6720,0
20130801,7.2434,7.2893,7.2434,7.2434,4084,0
20130802,7.2802,7.2802,7.2342,7.2342,1626,0
20130805,7.2064,7.2064,7.2064,7.2064,108,0
20130806,7.2526,7.2526,7.151,7.151,270,0
20130808,7.2434,7.3817,7.2434,7.3355,20326,0
20130809,7.3817,7.3817,7.3817,7.3817,1735,0
20130812,7.437,7.437,7.1972,7.2434,7588,0
20130814,7.2765,7.2765,7.2765,7.2765,713,0
20130815,7.2358,7.2358,7.2358,7.2358,1518,0
20130816,7.2342,7.2342,7.2342,7.2342,162,0
20130819,7.4647,7.5662,7.3817,7.4833,14413,0
20130820,7.557,7.7047,7.474,7.7047,2709,0
20130821,7.6678,7.6678,7.6678,7.6678,108,0
20130823,7.4556,7.6678,7.437,7.64,7806,0
20130826,7.8153,8.1199,7.474,7.7509,17414,0
20130827,7.714,7.8431,7.4312,7.4312,1831,0
20130828,7.5479,7.5479,7.437,7.437,326,0
20130829,7.4556,7.4556,7.4279,7.4279,2281,0
20130830,7.4464,7.4464,7.4464,7.4464,108,0
20130904,7.5755,7.5939,7.151,7.151,2817,0
20130905,7.5939,7.5939,7.2526,7.3817,1518,0
20130906,7.714,7.714,7.4187,7.5109,1084,0
20130909,7.7291,7.7291,7.7291,7.7291,217,0
20130910,7.7602,7.7602,7.391,7.391,326,0
20130911,7.3817,7.4279,7.3817,7.4279,596,0
20130912,7.5203,7.5203,7.3817,7.3817,3168,0
20130913,7.4187,7.4187,7.2434,7.2434,3673,0
20130917,7.3355,7.3355,7.3355,7.3355,9950,0
20130918,7.3355,7.3817,7.3355,7.3817,2385,0
20130919,7.557,7.557,7.557,7.557,117,0
20130920,7.5479,7.5662,7.5479,7.557,4274,0
20130923,7.5203,7.5203,7.5203,7.5203,326,0
20130924,7.5203,7.5203,7.5203,7.5203,326,0
20130925,7.4279,7.4279,7.4279,7.4279,326,0
20130926,7.3726,7.3817,7.3726,7.3817,1832,0
20130930,7.3817,7.4279,7.3449,7.3449,2492,0
20131001,7.3726,7.5203,7.3726,7.5203,3903,0
20131002,7.5016,7.5662,7.3726,7.3726,4769,0
20131003,7.3449,7.3449,7.2986,7.2986,7857,0
20131004,7.271,7.5016,7.2434,7.474,8845,0
20131007,7.5109,7.5203,7.474,7.5203,1626,0
20131008,7.5203,7.5203,7.391,7.4095,1301,0
20131009,7.5203,7.5203,7.2434,7.2986,9863,0
20131010,7.4095,7.4556,7.2986,7.3355,6503,0
20131014,7.2894,7.2894,7.2894,7.2894,108,0
20131015,7.2526,7.2526,7.2526,7.2526,108,0
20131016,7.3633,7.3817,7.3633,7.3817,6179,0
20131017,7.3817,7.3817,7.3817,7.3817,3359,0
20131018,7.4279,7.4279,7.4187,7.4279,14522,0
20131021,7.4926,7.5016,7.4279,7.4279,10513,0
20131022,7.4279,7.4279,7.3817,7.3817,20807,0
20131023,7.4187,7.5016,7.4187,7.437,6285,0
20131024,7.4926,7.4926,7.4187,7.4556,1843,0
20131025,7.4926,7.4926,7.4464,7.4464,1301,0
20131028,7.4279,7.4279,7.4279,7.4279,4334,0
20131030,7.437,7.437,7.4187,7.4279,4661,0
20131031,7.4833,7.4833,7.4187,7.4279,2220,0
20131101,7.4279,7.4279,7.4279,7.4279,542,0
20131106,7.4279,7.4279,7.3817,7.3817,2601,0
20131107,7.391,7.391,7.2526,7.2986,4986,0
20131108,7.4279,7.4279,7.4279,7.4279,1191,0
20131111,7.3817,7.5479,7.3817,7.5479,651,0
20131112,7.5109,7.5479,7.5109,7.5479,433,0
20131113,7.5203,7.6217,7.5203,7.5662,10513,0
20131118,7.5294,7.557,7.5294,7.5294,1951,0
20131119,7.5203,7.557,7.4002,7.4002,9647,0
20131120,7.4279,7.4279,7.4279,7.4279,108,0
20131121,7.4279,7.428,7.391,7.3911,3143,0
20131122,7.4279,7.4556,7.3817,7.3817,1896,0
20131125,7.4279,7.4279,7.4279,7.4279,217,0
20131127,7.3817,7.4159,7.2618,7.2618,2709,0
20131129,7.3817,7.3817,7.3817,7.3817,326,0
20131203,7.391,7.391,7.3817,7.3817,6285,0
20131204,7.3079,7.6586,7.2894,7.64,35548,0
20131205,7.6586,7.6586,7.4926,7.5662,14413,0
20131206,7.5386,7.5386,7.5203,7.5203,2817,0
20131209,7.5294,7.6125,7.5294,7.6125,326,0
20131210,7.6586,7.6586,7.6032,7.6125,7588,0
20131211,7.6125,7.64,7.6125,7.6126,5827,0
20131212,7.6125,7.6125,7.5386,7.5386,2385,0
20131213,7.5755,7.6125,7.5755,7.6125,2385,0
20131218,7.6125,7.6125,7.6125,7.6125,2709,0
20131220,7.6125,7.6125,7.6125,7.6125,108,0
20131223,7.6309,7.7232,7.6309,7.6309,1084,0
20131224,7.6125,7.6125,7.6125,7.6125,1084,0
20131227,7.7232,7.7232,7.7232,7.7232,1156,0
20131230,7.6125,7.6217,7.6125,7.6217,4661,0
20131231,7.7232,7.7232,7.7232,7.7232,326,0
20140102,7.8259,8.2182,7.7046,8.0501,23890,0
20140103,8.0313,8.0313,7.8726,7.9193,3105,0
20140106,7.7607,7.7885,7.7046,7.7046,6853,0
20140107,7.7607,7.7698,7.7607,7.7698,5675,0
20140109,7.8072,7.9005,7.7978,7.7978,322,0
20140114,8.1433,8.1433,7.8072,7.8165,2431,0
20140115,7.7978,7.8445,7.7978,7.8445,14670,0
20140116,7.8165,7.8445,7.7978,7.8445,8352,0
20140117,7.8537,7.8633,7.8537,7.8633,750,0
20140121,7.8633,7.8633,7.848,7.848,2136,0
20140122,7.8567,8.0313,7.8567,8.0313,8658,0
20140123,8.2182,8.2182,8.0593,8.2088,1607,0
20140124,8.2182,9.0022,8.2182,8.8251,17453,0
20140127,9.3197,11.655,9.096,10.281,73136,0
20140128,10.375,10.375,9.993,10.273,21524,0
20140129,10.281,10.281,10.147,10.179,3287,0
20140130,10.132,10.32,10.132,10.32,4588,0
20140131,10.421,10.421,10.038,10.273,7710,0
20140203,10.385,10.385,9.712,9.805,6757,0
20140204,9.759,10.609,9.759,10.32,9470,0
20140205,10.038,10.227,10.038,10.227,1691,0
20140206,10.263,10.32,10.179,10.254,3406,0
20140207,10.179,10.179,9.805,9.815,9159,0
20140210,9.77,9.782,9.77,9.782,525,0
20140211,9.993,10.038,9.825,9.843,2037,0
20140212,9.825,9.843,9.629,9.702,2893,0
20140213,9.665,9.842,9.665,9.792,3359,0
20140214,9.751,9.759,8.7317,9.0589,142305,0
20140218,9.3393,9.722,9.2916,9.4302,8292,0
20140219,9.3393,9.3393,8.8719,8.9279,7043,0
20140220,8.9656,9.2771,8.9656,9.2576,834,0
20140221,9.3014,9.3014,8.8719,9.1892,12693,0
20140224,8.9928,9.1239,8.9835,9.0684,815,0
20140225,9.0684,9.1345,8.9656,9.0779,3174,0
20140226,8.9881,9.0495,8.9797,9.0495,1903,0
20140227,9.0116,9.0116,8.9749,8.9749,4263,0
20140228,9.0779,9.0779,8.8719,8.9562,4322,0
20140303,8.7038,9.04,8.7038,8.9562,12835,0
20140304,8.9656,9.02,8.8719,9.0116,5051,0
20140305,8.9656,8.9656,8.9656,8.9656,433,0
20140306,8.9656,9.096,8.9185,8.9185,3427,0
20140307,9.0951,9.0951,8.9185,8.9203,1483,0
20140310,9.096,9.096,8.9185,9.0022,3546,0
20140312,9.0305,9.0305,9.0305,9.0305,322,0
20140314,8.9468,8.9656,8.9373,8.9373,1944,0
20140317,8.9468,9.04,8.8719,8.8719,17568,0
20140318,8.8719,8.9703,8.8719,8.8719,12638,0
20140319,8.9185,8.9185,8.8719,8.8719,5618,0
20140320,8.8719,8.9185,8.8719,8.9185,3654,0
20140321,8.7972,9.0305,8.7317,9.0305,7023,0
20140324,8.8719,8.8998,8.7784,8.8719,7616,0
20140325,8.7867,8.7867,8.7867,8.7867,267,0
20140326,8.7877,8.8904,8.7877,8.8719,2249,0
20140327,8.9092,8.9092,8.8531,8.8531,1986,0
20140328,8.9185,8.9185,8.8812,8.9092,2520,0
20140331,8.9092,8.9092,8.7877,8.7877,516,0
20140401,8.7983,8.7983,8.7983,8.7983,215,0
20140402,8.8719,9.1421,8.8719,8.9835,6585,0
20140403,8.9938,9.1892,8.9938,9.1795,4169,0
20140407,8.8904,8.9373,8.8904,8.9092,803,0
20140408,8.8998,8.9279,8.8719,8.9279,2974,0
20140409,8.9185,8.9562,8.8719,8.9279,2079,0
20140410,8.9749,9.04,8.9749,9.04,3464,0
20140411,9.0495,9.1795,9.0495,9.1795,6008,0
20140414,8.9835,9.1517,8.9835,9.1517,1835,0
20140415,9.1988,9.1988,9.1517,9.1517,1609,0
20140416,9.1757,9.1757,9.1421,9.1421,3108,0
20140417,9.1633,9.1988,9.0495,9.1345,10833,0
20140421,9.0866,9.3101,8.9185,9.3101,22484,0
20140422,9.1421,9.1421,9.1421,9.1421,628,0
20140423,9.0589,9.1421,9.0542,9.0542,1316,0
20140424,8.9787,9.0305,8.9787,9.0116,10848,0
20140428,9.0589,9.0589,8.8812,9.0209,4176,0
20140429,9.0116,9.1239,9.0116,9.1239,2394,0
20140430,9.1421,9.1517,9.1053,9.1517,2371,0
20140501,9.1239,9.2083,9.1239,9.2083,1412,0
20140502,9.2916,9.2916,9.2363,9.2363,506,0
20140505,9.04,9.3101,9.0116,9.0305,13700,0
20140506,9.0116,9.0684,8.9562,8.9656,3961,0
20140508,8.9656,8.9656,8.9656,8.9656,162,0
20140509,9.0032,9.0599,9.0032,9.0599,843,0
20140512,8.9185,9.1326,8.9185,9.1326,4701,0
20140513,9.1326,9.246,9.1326,9.246,402,0
20140515,9.1892,9.1892,8.9759,9.0022,503,0
20140520,9.3197,9.3393,9.3197,9.3393,3239,0
20140521,9.3169,9.54,9.3169,9.3856,7457,0
20140522,9.3482,9.3482,9.3393,9.3393,694,0
20140527,9.2363,9.2713,9.2363,9.2713,670,0
20140528,9.2556,9.2556,9.2556,9.2556,397,0
20140529,9.2916,9.3393,9.2556,9.2556,6009,0
20140530,9.2556,9.3856,9.2556,9.2731,3961,0
20140602,9.4322,9.4322,9.2838,9.2838,1767,0
20140604,9.2731,9.2731,9.2265,9.2363,5063,0
20140605,9.2556,9.2916,9.2556,9.2916,2356,0
20140606,9.2731,9.2819,9.2653,9.2819,1499,0
20140609,9.2556,9.2556,9.2556,9.2556,311,0
20140610,9.2556,9.2556,9.2556,9.2556,107,0
20140611,9.3393,9.3393,9.3393,9.3393,5354,0
20140612,9.4219,9.4219,9.4042,9.4131,6264,0
20140613,9.3062,9.3062,9.2954,9.2954,1076,0
20140616,9.2653,9.2673,9.2653,9.2673,717,0
20140618,9.3393,9.3393,9.3383,9.3393,1613,0
20140619,9.3944,9.4209,9.3944,9.4209,1927,0
20140620,9.3482,9.3482,9.3482,9.3482,248,0
20140623,9.3482,9.3856,9.3482,9.3757,2900,0
20140625,9.3482,9.3816,9.3482,9.362,713,0
20140626,9.3482,9.3482,9.3482,9.3482,113,0
20140627,9.3393,9.3482,9.2916,9.2916,2459,0
20140630,9.2653,9.4219,9.2556,9.2731,1359,0
20140702,9.2556,9.2556,9.2556,9.2556,643,0
20140707,9.246,9.4131,9.246,9.4131,380,0
20140708,9.4219,9.4219,9.246,9.246,4198,0
20140709,9.4219,9.4219,9.3393,9.3393,1424,0
20140710,9.3062,9.3062,9.3062,9.3062,107,0
20140714,9.4749,9.823,9.4749,9.823,2908,0
20140715,9.541,9.541,9.541,9.541,453,0
20140716,9.597,9.855,9.597,9.739,2509,0
20140717,9.597,9.7,9.569,9.69,3119,0
20140718,9.607,9.607,9.4092,9.4092,2745,0
20140721,9.3247,9.3247,9.3247,9.3247,372,0
20140722,9.3531,9.4461,9.3531,9.363,2008,0
20140723,9.3344,9.597,9.3344,9.3431,841,0
20140724,9.315,9.597,9.315,9.315,1490,0
20140725,9.3247,9.3393,9.3247,9.3393,333,0
20140728,9.654,9.857,9.587,9.587,3407,0
20140729,9.69,9.729,9.3708,9.3708,1675,0
20140804,9.4838,9.597,9.4838,9.597,943,0
20140805,9.456,9.759,9.456,9.759,7572,0
20140806,9.4749,9.654,9.4749,9.533,2141,0
20140807,9.531,9.626,9.531,9.569,1071,0
20140808,9.597,9.662,9.587,9.662,1170,0
20140811,9.662,9.662,9.513,9.541,783,0
20140813,9.523,9.541,9.523,9.541,1277,0
20140814,9.541,9.541,9.541,9.541,448,0
20140815,9.541,9.565,9.541,9.565,873,0
20140818,9.541,9.541,9.541,9.541,4410,0
20140819,9.541,9.541,9.541,9.541,1702,0
20140820,9.56,9.662,9.541,9.541,2766,0
20140822,9.56,9.851,9.56,9.587,1870,0
20140825,9.56,9.569,9.513,9.541,2628,0
20140829,9.813,9.813,9.607,9.607,3405,0
20140902,9.4838,9.671,9.4759,9.671,838,0
20140903,9.616,9.616,9.616,9.616,106,0
20140904,9.662,9.662,9.662,9.662,106,0
20140905,9.662,9.662,9.654,9.654,2235,0
20140908,9.87,9.87,9.654,9.655,835,0
20140910,9.654,9.7,9.654,9.7,1381,0
20140911,9.7,9.758,9.698,9.749,2857,0
20140912,9.758,9.758,9.7,9.7,653,0
20140915,9.7,9.7,8.8735,9.1786,24843,0
20140916,9.4521,9.4521,9.1182,9.1929,2354,0
20140918,9.3393,9.3393,9.3393,9.3393,244,0
20140919,9.2964,9.315,9.2964,9.315,1102,0
20140922,9.419,9.513,9.2964,9.513,15580,0
20140923,9.513,9.513,9.513,9.513,321,0
20140924,9.4092,9.4092,9.4092,9.4092,237,0
20140925,9.503,9.503,9.4362,9.4362,449,0
20140926,9.4283,9.4838,9.419,9.4283,3788,0
20140929,9.503,9.503,9.4283,9.4283,1393,0
20141001,9.4471,9.4471,9.4283,9.4283,600,0
20141002,9.758,9.758,9.419,9.419,9539,0
20141003,9.4471,9.4471,9.4471,9.4471,2410,0
20141007,9.2644,9.2644,9.2644,9.2644,215,0
20141008,9.2208,9.2208,9.2208,9.2208,225,0
20141010,9.2122,9.2122,9.2122,9.2122,372,0
20141013,9.1834,9.244,9.1834,9.244,1295,0
20141014,9.1651,9.3393,9.1651,9.3393,740,0
20141015,9.363,9.363,9.2868,9.2868,639,0
20141017,9.3993,9.3993,9.3993,9.3993,745,0
20141020,9.4937,9.4977,9.4937,9.4977,1021,0
20141021,9.4937,9.523,9.4937,9.523,2108,0
20141024,9.69,9.69,9.636,9.636,3006,0
20141027,9.72,9.758,9.1651,9.654,2438,0
20141029,9.675,9.675,9.675,9.675,106,0
20141030,9.636,9.636,9.636,9.636,107,0
20141031,9.671,9.671,9.247,9.4219,1941,0
20141105,9.3993,9.3993,9.3993,9.3993,6428,0
20141106,9.24,9.4937,9.2208,9.4937,2523,0
20141107,9.4937,9.662,9.4937,9.503,2871,0
20141110,9.4937,9.4937,9.4937,9.4937,106,0
20141111,9.4937,9.4937,9.4937,9.4937,159,0
20141112,9.4937,9.4937,9.4937,9.4937,106,0
20141114,9.671,9.773,9.671,9.671,12020,0
20141117,9.758,10.106,9.739,9.823,11105,0
20141118,9.823,9.823,9.823,9.823,1048,0
20141119,9.626,9.626,9.626,9.626,233,0
20141120,9.587,9.823,9.4937,9.597,8743,0
20141121,9.4937,9.4947,9.4937,9.4937,958,0
20141125,9.823,9.823,9.636,9.636,608,0
20141201,9.4937,9.523,9.4937,9.4937,4153,0
20141208,9.636,9.776,9.0988,9.776,19027,0
20141209,9.569,9.803,9.4382,9.4382,9685,0
20141210,9.607,9.607,9.597,9.597,424,0
20141211,9.607,9.654,9.607,9.636,1170,0
20141212,9.1182,9.607,8.9016,9.607,2446,0
20141216,9.666,9.666,9.3062,9.3062,2565,0
20141217,9.803,9.803,9.24,9.549,2160,0
20141218,9.3806,9.456,9.2596,9.3993,8122,0
20141219,9.4092,9.646,9.2868,9.616,2353,0
20141222,9.419,10.057,9.3247,10.038,13130,0
20141223,9.636,9.927,9.636,9.917,2348,0
20141224,9.315,9.3502,9.315,9.3502,537,0
20141226,9.4382,9.4749,9.3708,9.4749,4788,0
20141229,9.4283,9.587,9.3993,9.4471,3271,0
20141231,9.56,9.587,9.541,9.551,1496,0
20150102,9.3993,10.02,8.3377,9.959,73681,0
20150105,9.776,9.941,9.657,9.917,15115,0
20150106,9.729,9.917,9.616,9.758,15762,0
20150107,9.636,9.636,9.363,9.3708,1056,0
20150108,9.3993,9.4092,9.3708,9.4092,427,0
20150109,9.456,9.632,9.456,9.632,884,0
20150112,9.662,9.681,9.662,9.681,340,0
20150113,9.963,9.963,9.963,9.963,484,0
20150114,9.616,9.729,9.531,9.71,1861,0
20150115,9.843,9.843,9.3964,9.3964,7592,0
20150116,9.521,9.558,9.521,9.558,525,0
20150120,9.586,9.586,9.4352,9.521,3916,0
20150121,9.3964,9.4918,9.0456,9.2829,8191,0
20150122,9.2074,9.3875,9.1882,9.3304,4137,0
20150123,9.4441,9.4828,9.3207,9.4828,53904,0
20150126,9.2644,9.596,9.2644,9.3964,7228,0
20150127,9.4828,9.645,9.4828,9.502,1213,0
20150128,9.529,10.285,9.529,10.108,79628,0
20150129,10.006,11.154,10.006,10.318,100735,0
20150130,10.564,10.744,9.881,9.881,72578,0
20150202,9.909,10.365,9.625,9.645,4012,0
20150203,9.671,9.776,9.3111,9.3492,6774,0
20150204,9.3492,9.3806,9.3492,9.3806,602,0
20150205,9.4828,9.4828,9.3492,9.4352,843,0
20150206,9.4918,9.539,9.4828,9.539,1177,0
20150209,9.463,9.539,9.4161,9.4828,8853,0
20150210,9.501,9.586,9.359,9.549,17674,0
20150211,9.4918,9.776,9.4249,9.539,34148,0
20150212,9.625,10.203,9.4441,10.156,11652,0
20150213,10.166,10.726,9.9,10.108,53776,0
20150217,10.137,10.318,9.558,9.635,102750,0
20150218,9.72,10.081,9.4352,9.625,15696,0
20150219,9.671,10.034,9.4062,9.4062,11724,0
20150220,9.606,9.606,9.568,9.568,489,0
20150223,9.71,9.729,9.511,9.72,1534,0
20150224,9.511,9.635,9.511,9.635,4545,0
20150225,9.511,9.53,9.4062,9.4531,10011,0
20150227,9.4828,9.843,9.3964,9.4739,2945,0
20150302,9.4161,9.4161,9.3111,9.3111,4108,0
20150303,9.4249,9.681,9.3492,9.539,4320,0
20150304,9.625,9.625,9.586,9.586,316,0
20150305,9.645,9.645,9.4531,9.4531,738,0
20150306,9.3111,9.501,9.3111,9.463,7587,0
20150309,9.3964,9.4441,9.3492,9.3777,5058,0
20150310,9.4062,9.4062,9.4062,9.4062,105,0
20150311,9.359,9.586,9.2547,9.2547,53941,0
20150312,9.3111,9.3207,9.0551,9.1026,14117,0
20150313,9.3024,9.3024,9.1498,9.1498,6532,0
20150316,9.3024,9.3492,9.0551,9.2074,8640,0
20150317,9.2074,9.2256,9.2074,9.2256,1159,0
20150319,9.2353,9.2353,9.2169,9.2169,738,0
20150320,9.0836,9.245,9.0551,9.0551,2424,0
20150323,9.2353,9.245,9.0931,9.112,4846,0
20150324,9.2353,9.245,9.2256,9.245,3161,0
20150327,9.1882,9.2644,9.0931,9.2644,30659,0
20150330,9.2547,10.006,9.0646,9.4441,108726,0
20150331,9.3964,9.681,9.3492,9.359,33793,0
20150401,9.4161,9.558,9.2926,9.3024,11695,0
20150402,9.3875,9.463,9.2731,9.3304,4320,0
20150406,9.3304,9.53,9.2074,9.2169,16435,0
20150407,9.2256,9.2284,9.2083,9.2083,3773,0
20150408,9.2256,9.2256,9.2074,9.2074,1159,0
20150409,9.2074,9.245,9.1402,9.2169,1983,0
20150410,9.966,9.966,9.0931,9.3304,2213,0
20150413,9.122,9.122,9.0551,9.0551,2424,0
20150414,9.0171,9.2547,8.59,9.2547,8217,0
20150415,8.7227,9.1594,8.685,9.0741,740,0
20150416,9.112,9.245,9.0171,9.0171,7902,0
20150417,9.1306,9.1306,8.8746,8.8746,2001,0
20150420,8.8843,9.245,8.8746,8.9697,1770,0
20150423,9.0931,9.0931,9.0646,9.0741,316,0
20150424,9.0171,9.0171,9.0171,9.0171,854,0
20150428,9.0171,9.0646,9.0171,9.0266,5026,0
20150429,9.0646,9.0646,9.0171,9.0171,738,0
20150430,9.112,9.112,9.0171,9.0171,1685,0
20150501,9.0171,9.0171,9.0171,9.0171,525,0
20150504,9.0361,9.0361,8.9697,9.0171,4636,0
20150506,9.0171,9.077,9.0171,9.077,718,0
20150507,9.0171,9.0181,9.0171,9.0181,634,0
20150508,9.0171,9.245,9.0171,9.0171,1790,0
20150511,9.0171,9.2074,8.5331,8.9126,36242,0
20150512,8.8368,9.1978,8.8368,9.1978,4680,0
20150513,9.0741,9.0741,9.0551,9.0551,525,0
20150514,9.1306,9.3403,9.0931,9.1882,5899,0
20150515,9.4161,9.51,9.0456,9.2074,4540,0
20150518,9.4531,9.4729,9.1402,9.1402,943,0
20150519,9.245,9.4918,9.1402,9.4531,16015,0
20150520,9.3492,9.3875,9.0741,9.1594,27287,0
20150521,9.2644,9.2644,9.0171,9.0171,3266,0
20150522,9.0077,9.0077,8.8938,8.9886,1054,0
20150526,9.0171,9.0171,9.0171,9.0171,421,0
20150527,9.1498,9.1498,8.9412,8.9412,525,0
20150528,8.9603,8.9792,8.9317,8.9792,2943,0
20150529,9.1306,9.1402,9.1306,9.1306,632,0
20150601,9.1978,9.2353,9.1402,9.2353,1022,0
20150602,9.0171,9.1882,9.0171,9.1689,5415,0
20150604,9.0361,9.1689,9.0361,9.1594,421,0
20150608,8.9792,8.9792,8.9792,8.9792,105,0
20150609,8.9507,9.0495,8.9317,8.9412,13959,0
20150610,9.112,9.112,8.9792,9.0646,3181,0
20150611,9.0931,9.2353,9.0551,9.0931,5369,0
20150612,9.1306,9.1306,9.1306,9.1306,525,0
20150615,9.4352,9.4918,9.3403,9.4729,13696,0
20150616,9.4729,9.966,9.3304,9.919,13591,0
20150617,9.758,9.919,9.758,9.872,12959,0
20150618,9.586,9.881,9.558,9.881,13170,0
20150619,9.881,9.956,9.3403,9.3492,29814,0
20150622,9.3492,9.3492,9.2074,9.2256,2108,0
20150623,9.3492,9.4818,9.3492,9.359,8207,0
20150625,9.3875,9.4531,9.3875,9.4062,1790,0
20150626,9.3964,9.463,9.3964,9.463,525,0
20150629,9.463,9.463,9.4441,9.4441,632,0
20150630,9.3964,9.4729,9.354,9.354,1126,0
20150701,9.3492,9.3492,9.3492,9.3492,632,0
20150706,9.3492,9.776,9.3492,9.776,8640,0
20150707,9.615,9.615,9.606,9.606,1476,0
20150708,9.862,9.862,9.558,9.558,738,0
20150709,9.3777,9.3777,9.3777,9.3777,316,0
20150710,9.4441,9.4441,9.4441,9.4441,212,0
20150714,9.576,9.872,9.576,9.872,1720,0
20150715,9.653,9.795,9.539,9.795,1730,0
20150716,9.758,9.758,9.3826,9.518,1356,0
20150720,9.873,9.901,9.853,9.901,1772,0
20150722,9.643,9.643,9.643,9.643,104,0
20150723,9.4977,9.4977,9.4977,9.4977,1251,0
20150724,9.4689,9.4977,9.3728,9.3728,8756,0
20150727,9.4789,9.4789,9.4789,9.4789,210,0
20150728,9.4789,9.4789,9.4023,9.4023,417,0
20150730,9.594,9.892,9.594,9.785,6984,0
20150731,9.882,9.901,9.853,9.853,1147,0
20150803,9.541,9.824,9.541,9.824,1410,0
20150804,9.643,9.643,9.643,9.643,417,0
20150806,9.344,9.738,8.884,9.3353,4621,0
20150807,9.3257,9.3639,9.3159,9.3639,2084,0
20150810,9.546,9.546,9.3159,9.3159,1356,0
20150811,9.3257,9.3257,9.3257,9.3257,313,0
20150812,9.2294,9.3639,9.2294,9.3639,834,0
20150813,9.1718,9.1911,9.1623,9.1911,6149,0
20150817,9.3639,9.4023,9.354,9.4023,3960,0
20150821,9.2586,9.2586,9.2586,9.2586,210,0
20150824,9.1142,9.1142,9.1142,9.1142,220,0
20150825,9.1046,9.2489,9.1046,9.1911,2084,0
20150826,9.3062,9.354,9.2102,9.354,7713,0
20150827,9.0567,9.4888,9.0567,9.2964,730,0
20150828,9.3062,9.3062,9.2198,9.2198,834,0
20150831,9.3257,9.3257,9.3062,9.3062,417,0
20150901,9.2198,9.546,9.2198,9.546,1251,0
20150902,9.3728,9.4121,9.2102,9.4023,5420,0
20150903,9.4023,9.4121,9.4023,9.4121,210,0
20150904,9.4209,9.4209,9.4121,9.4121,1042,0
20150908,9.546,9.546,9.2102,9.2102,1042,0
20150909,9.2586,9.2586,9.2102,9.2198,313,0
20150910,9.2586,9.527,9.2102,9.527,496,0
20150911,9.2102,9.2392,9.2102,9.2102,834,0
20150914,9.2102,9.2102,9.0567,9.0567,210,0
20150915,9.0184,9.3728,9.0184,9.0184,417,0
20150916,9.1623,9.1623,9.1623,9.1623,210,0
20150917,9.1046,9.1142,8.9704,8.9704,2514,0
20150918,8.9992,9.3159,8.9127,9.3159,4900,0
20150921,9.3159,9.3159,9.3159,9.3159,210,0
20150922,9.2868,9.354,9.0662,9.2294,5003,0
20150923,9.3159,9.3159,9.3159,9.3159,224,0
20150924,9.2673,9.3062,9.2673,9.3062,2133,0
20150925,9.2586,9.2586,9.2586,9.2586,210,0
20150928,9.1431,9.1526,9.0662,9.0952,2786,0
20150929,9.1336,9.1336,9.1336,9.1336,417,0
20150930,9.0759,9.0759,9.0759,9.0759,210,0
20151001,9.3257,9.3257,9.0952,9.0952,210,0
20151005,9.344,9.892,9.1661,9.1661,10708,0
20151006,9.3639,9.978,9.0759,9.4977,2084,0
20151007,9.2198,9.4023,9.2198,9.4023,625,0
20151008,9.565,9.565,9.565,9.565,1042,0
20151009,9.574,9.584,9.574,9.584,1251,0
20151012,9.3267,9.711,9.3267,9.711,1397,0
20151013,9.643,9.643,9.643,9.643,3856,0
20151014,9.4121,9.508,9.4121,9.4977,3127,0
20151015,9.91,9.91,9.536,9.882,2293,0
20151019,9.594,9.618,9.594,9.618,1165,0
20151020,9.555,9.584,9.555,9.584,974,0
20151021,9.4402,9.4501,9.4402,9.4501,520,0
20151022,9.354,9.565,9.3062,9.565,19179,0
20151023,9.4977,9.4977,9.4977,9.4977,210,0
20151026,9.536,9.536,9.536,9.536,104,0
20151027,9.3062,9.3159,9.3062,9.3159,1147,0
20151028,9.536,9.536,9.2868,9.2868,1042,0
20151102,9.3276,9.3276,9.2771,9.2771,520,0
20151104,9.2809,9.2809,9.2809,9.2809,210,0
20151105,9.2868,9.2868,9.2868,9.2868,210,0
20151106,9.3257,9.3257,9.3257,9.3257,104,0
20151109,9.354,9.4023,9.3062,9.354,2189,0
20151110,9.344,9.344,9.344,9.344,104,0
20151111,9.3257,9.3257,9.3257,9.3257,2189,0
20151113,9.344,9.344,9.3257,9.3257,625,0
20151116,9.3159,9.3159,9.0567,9.2392,6253,0
20151117,9.1718,9.1718,9.1142,9.1142,2502,0
20151118,9.0184,9.0952,8.884,8.9224,3753,0
20151119,9.0472,9.3257,8.9704,8.9704,3231,0
20151120,9.0184,9.0184,9.0184,9.0184,1042,0
20151123,8.98,8.98,8.932,8.98,18762,0
20151124,9.0279,9.643,9.0279,9.643,8756,0
20151125,9.613,9.613,9.4209,9.4501,1147,0
20151130,9.67,9.748,9.4023,9.69,8756,0
20151201,9.728,10.889,9.699,10.314,30019,0
20151202,10.525,10.525,10.198,10.265,1147,0
20151203,10.122,10.122,9.623,9.623,541,0
20151204,9.2392,9.68,9.2392,9.68,520,0
20151207,9.1623,9.546,9.1623,9.546,210,0
20151209,9.594,10.008,9.594,10.008,210,0
20151210,9.594,9.594,9.594,9.594,104,0
20151211,9.594,9.643,9.594,9.623,625,0
20151214,9.598,9.598,9.598,9.598,1458,0
20151216,9.69,9.69,9.69,9.69,210,0
20151218,9.978,9.978,9.873,9.978,1458,0
20151221,9.873,9.873,9.863,9.863,2084,0
20151223,9.661,9.661,9.643,9.661,1981,0
20151224,9.643,9.651,9.1142,9.1142,1356,0
20151228,9.2102,9.633,9.2102,9.633,11512,0
20151231,9.604,9.978,9.604,9.978,417,0
20160104,9.873,9.978,9.613,9.643,13844,0
20160105,9.643,9.643,9.594,9.594,6216,0
20160107,9.2199,9.2294,9.2199,9.2208,1022,0
20160112,9.3062,9.344,9.3062,9.3353,520,0
20160115,9.2586,9.2586,9.1142,9.1336,4862,0
20160119,9.1142,9.1142,8.9895,9.0184,1981,0
20160121,8.9512,9.0279,8.9512,9.0279,965,0
20160122,9.1009,9.1009,9.1009,9.1009,156,0
20160125,9.0279,9.0279,9.0279,9.0279,104,0
20160126,8.9895,9.1623,8.9895,9.1526,1476,0
20160129,9.2304,9.2304,9.0944,9.0944,3126,0
20160201,9.1818,9.1818,9.1818,9.1818,514,0
20160202,9.0944,9.0944,9.0944,9.0944,103,0
20160203,9.3332,9.3332,9.333,9.333,1180,0
20160208,9.3178,9.3276,9.1055,9.3276,1323,0
20160209,9.109,9.2605,9.108,9.1264,1750,0
20160211,9.3178,9.57,9.3177,9.568,6576,0
20160212,9.716,9.716,9.532,9.716,2186,0
20160216,9.666,9.706,9.666,9.706,2040,0
20160217,9.619,9.619,9.619,9.619,149,0
20160218,9.667,9.667,9.3247,9.3276,2822,0
20160219,9.3237,9.3276,9.1235,9.1235,7021,0
20160222,9.3276,9.3276,9.3276,9.3276,5945,0
20160223,9.4249,9.4249,9.0944,9.104,4106,0
20160224,9.0944,9.2304,9.0944,9.104,7389,0
20160225,9.0847,9.2013,9.0847,9.1819,1405,0
20160226,9.0652,9.1333,9.0652,9.1333,206,0
20160229,9.0959,9.1818,9.0959,9.1818,1332,0
20160302,9.108,9.108,9.108,9.108,123,0
20160303,9.007,9.0944,9.007,9.0944,1103,0
20160304,9.0944,9.0944,9.0944,9.0944,1836,0
20160308,8.9584,8.9584,8.9584,8.9584,127,0
20160309,9.0847,9.1235,9.0847,9.0847,926,0
20160311,9.0847,9.3339,9.0847,9.3339,1276,0
20160321,9.61,9.61,9.61,9.61,334,0
20160322,9.109,9.67,9.0458,9.67,1782,0
20160324,9.619,9.619,9.0945,9.1526,1070,0
20160329,9.075,9.075,9.0555,9.0555,2590,0
20160331,9.1333,9.1333,9.007,9.007,1754,0
20160401,9.1333,9.6,9.0847,9.1916,10437,0
20160404,9.3757,9.677,9.3668,9.463,14727,0
20160405,9.3081,9.3081,9.3081,9.3081,484,0
20160406,9.3178,9.3276,9.2732,9.2732,591,0
20160407,9.0993,9.0993,9.0944,9.0944,206,0
20160411,9.0555,9.0555,9.0555,9.0555,103,0
20160412,9.1235,9.2207,9.1078,9.2206,5871,0
20160413,9.354,9.354,9.354,9.354,247,0
20160414,9.1391,9.1391,9.1391,9.1391,1030,0
20160415,9.1006,9.3178,9.0555,9.0944,1857,0
20160418,9.0944,9.1341,9.0847,9.0847,2499,0
20160419,9.1818,9.1818,9.0944,9.1332,4617,0
20160420,9.1817,9.1817,9.1817,9.1817,1029,0
20160421,9.1818,9.2596,9.1721,9.2013,3287,0
20160422,9.0945,9.2323,9.0945,9.1526,756,0
20160425,9.1333,9.24,9.104,9.1333,17937,0
20160426,9.2766,9.2766,9.1818,9.1818,7323,0
20160428,9.2304,9.2304,9.1818,9.2304,5909,0
20160429,9.2897,9.4729,9.1916,9.1916,4066,0
20160502,9.1818,9.3081,9.1818,9.2498,10353,0
20160504,9.1916,9.2984,9.18,9.18,1183,0
20160505,9.2596,9.2596,9.1916,9.1916,412,0
20160509,9.2679,9.2679,9.1916,9.1916,741,0
20160510,9.1916,9.266,9.1916,9.266,1647,0
20160512,9.1818,9.1818,9.1818,9.1818,127,0
20160513,9.1819,9.2469,9.1818,9.2469,6232,0
20160518,9.1916,9.211,9.143,9.1916,2470,0
20160519,9.1498,9.1818,9.143,9.1818,4954,0
20160520,9.1721,9.1721,9.1721,9.1721,189,0
20160523,9.1916,9.1916,9.1916,9.1916,103,0
20160524,9.211,9.2207,9.211,9.2207,412,0
20160525,9.1818,9.1818,9.1818,9.1818,1288,0
20160526,9.3275,9.3275,9.2781,9.2781,1565,0
20160527,9.2207,9.278,9.1818,9.1818,3477,0
20160531,9.3288,9.4729,9.2887,9.4729,4498,0
20160601,9.4352,9.523,9.3856,9.3954,7586,0
20160602,9.4052,9.4052,9.4052,9.4052,290,0
20160603,9.4352,9.4729,9.4052,9.4052,4113,0
20160606,9.4151,9.4249,9.4052,9.4151,2161,0
20160607,9.541,9.551,9.4052,9.4052,3057,0
20160609,9.4052,9.4052,9.4052,9.4052,1868,0
20160613,9.279,9.279,9.279,9.279,206,0
20160614,9.3276,9.357,9.3276,9.3373,721,0
20160616,9.611,9.611,9.3276,9.3668,3243,0
20160620,9.3668,9.3668,9.3668,9.3668,514,0
20160621,9.3277,9.3277,9.3276,9.3276,206,0
20160622,9.2887,9.2887,9.2887,9.2887,530,0
20160623,9.2887,9.357,9.2498,9.2498,5123,0
20160624,9.24,9.2498,9.24,9.2498,660,0
20160627,9.3462,9.3462,9.3033,9.3033,1029,0
20160628,9.3659,9.3668,9.3659,9.3668,2057,0
20160629,9.62,9.62,9.4828,9.4828,2104,0
20160630,9.4249,9.687,9.4249,9.4729,9724,0
20160705,9.57,9.716,9.3757,9.523,14496,0
20160707,9.3856,9.462,9.3757,9.3767,3581,0
20160708,9.3757,9.541,9.3757,9.541,2367,0
20160711,9.56,9.706,9.523,9.523,823,0
20160713,9.3954,9.619,9.3178,9.3276,6073,0
20160714,9.2304,9.3373,9.2304,9.3276,3126,0
20160715,9.0847,9.2596,9.0847,9.2596,1177,0
20160718,9.3081,9.3082,9.3081,9.3082,2436,0
20160720,9.3276,9.3757,9.3276,9.3757,4585,0
20160721,9.619,9.741,9.3472,9.4249,30853,0
20160722,9.4249,9.716,9.4249,9.696,36453,0
20160725,9.766,9.766,9.766,9.766,422,0
20160727,9.57,9.57,9.523,9.57,1750,0
20160728,9.688,9.836,9.678,9.836,2360,0
20160729,9.698,9.836,9.698,9.836,388,0
20160801,9.836,9.914,9.3639,9.738,7582,0
20160802,9.886,9.886,9.798,9.798,356,0
20160803,9.875,9.875,9.738,9.758,8880,0
20160804,9.748,9.81,9.748,9.81,1768,0
20160805,9.738,9.813,9.738,9.748,3557,0
20160808,9.865,9.865,9.836,9.836,3516,0
20160809,9.866,9.866,9.866,9.866,258,0
20160810,9.738,9.856,9.738,9.738,2708,0
20160811,9.866,9.934,9.866,9.934,6533,0
20160812,9.934,9.934,9.861,9.919,1449,0
20160815,9.826,9.826,9.826,9.826,106,0
20160817,9.787,9.787,9.787,9.787,196,0
20160818,9.836,9.836,9.836,9.836,305,0
20160823,9.796,9.796,9.796,9.796,255,0
20160824,9.974,9.974,9.831,9.831,585,0
20160825,9.846,9.886,9.836,9.886,6624,0
20160826,9.933,9.934,9.836,9.866,16056,0
20160829,9.868,9.868,9.58,9.748,7431,0
20160830,9.3935,9.3935,9.3935,9.3935,1017,0
20160831,9.713,9.826,9.713,9.811,2623,0
20160901,9.791,9.791,9.791,9.791,406,0
20160902,9.924,9.924,9.836,9.836,458,0
20160906,9.786,9.934,9.777,9.836,3357,0
20160907,9.806,9.806,9.806,9.806,1085,0
20160909,9.786,9.914,9.786,9.827,712,0
20160912,9.738,9.924,9.738,9.758,514,0
20160913,9.875,9.875,9.875,9.875,102,0
20160914,9.836,9.836,9.836,9.836,1163,0
20160915,9.836,9.836,9.836,9.836,204,0
20160916,9.924,10.023,9.924,10.004,11287,0
20160919,10.004,10.195,10.004,10.082,3770,0
20160920,10.157,10.196,10.157,10.196,236,0
20160921,9.934,10.013,9.934,10.013,1017,0
20160922,9.997,9.997,9.984,9.984,2250,0
20160923,10.032,10.072,10.023,10.072,3446,0
20160927,10.082,10.082,10.082,10.082,1105,0
20160928,10.082,10.092,10.082,10.092,2536,0
20160929,10.092,10.092,10.032,10.032,2948,0
20160930,10.032,10.032,10.032,10.032,102,0
20161003,10.082,11.055,10.082,10.387,10913,0
20161004,10.711,10.711,10.141,10.328,3376,0
20161005,10.328,10.328,10.318,10.328,16750,0
20161006,10.387,10.387,10.387,10.387,1011,0
20161007,10.237,10.367,10.237,10.367,1183,0
20161013,10.259,10.259,10.259,10.259,163,0
20161014,10.24,10.24,10.24,10.24,2054,0
20161018,10.298,10.315,10.288,10.308,1133,0
20161024,10.328,10.387,10.288,10.288,3592,0
20161025,10.23,10.387,10.23,10.377,6097,0
20161026,10.288,10.328,10.279,10.288,3068,0
20161027,10.319,10.319,10.319,10.319,102,0
20161028,10.318,10.318,10.288,10.288,385,0
20161031,10.288,10.328,10.288,10.308,6053,0
20161101,10.249,10.288,10.249,10.288,1996,0
20161102,10.288,10.288,10.279,10.279,1143,0
20161103,10.279,10.299,10.23,10.23,8013,0
20161104,10.032,10.23,9.836,10.082,23849,0
20161107,10.308,10.318,10.308,10.318,1358,0
20161108,10.387,10.387,10.274,10.328,4968,0
20161109,10.387,10.681,10.087,10.681,8451,0
20161110,10.2,11.065,10.2,11.065,3860,0
20161111,11.065,11.066,10.153,11.066,3101,0
20161114,11.263,11.508,11.263,11.311,2854,0
20161115,11.447,11.557,11.41,11.41,2547,0
20161116,11.41,11.419,11.41,11.41,3461,0
20161117,11.312,11.331,11.312,11.331,3055,0
20161122,11.262,11.262,11.125,11.125,1360,0
20161123,11.41,11.41,11.41,11.41,2033,0
20161125,11.361,11.38,11.193,11.38,849,0
20161128,11.41,11.41,11.328,11.328,10249,0
20161129,11.163,11.4,11.017,11.371,6338,0
20161201,11.351,11.41,11.173,11.203,4137,0
20161202,11.311,11.409,11.311,11.409,3989,0
20161205,11.41,11.41,11.277,11.385,1177,0
20161206,11.381,11.381,11.381,11.381,109,0
20161207,11.4,12.502,11.213,12.049,15049,0
20161208,12.296,12.344,12.049,12.049,8212,0
20161209,12.314,12.334,12,12.266,6141,0
20161212,12.522,12.522,12.186,12.186,2817,0
20161213,11.952,11.952,11.952,11.952,406,0
20161214,12.531,12.531,12.531,12.531,263,0
20161215,12.541,12.541,12.386,12.425,1040,0
20161216,12.236,12.236,12.099,12.177,637,0
20161219,12.177,12.186,12.177,12.177,2510,0
20161221,11.557,11.839,11.557,11.839,213,0
20161222,12.177,12.177,11.904,11.904,314,0
20161223,12.098,12.098,12.078,12.078,321,0
20161227,12.462,12.473,12.295,12.295,723,0
20161228,12.204,12.216,12.204,12.216,921,0
20161229,11.577,11.577,11.577,11.577,588,0
20161230,11.99,12.344,11.99,12.344,707,0
20170103,12.344,12.374,12.296,12.296,2320,0
20170104,12.189,12.384,12.189,12.384,702,0
20170105,12.442,12.442,12.442,12.442,126,0
20170109,12.482,12.482,12.482,12.482,298,0
20170110,12.541,12.552,12.442,12.552,5557,0
20170113,12.57,13.141,12.57,13.141,9650,0
20170117,13.161,13.278,12.787,12.787,1649,0
20170118,13.219,13.279,13.072,13.229,3547,0
20170119,13.279,13.279,13.279,13.279,1405,0
20170120,14.252,14.754,13.327,14.754,3969,0
20170123,13.879,13.947,13.879,13.947,2159,0
20170124,13.967,14.205,13.967,14.205,488,0
20170125,14.233,14.3,14.038,14.3,1037,0
20170126,14.386,14.386,14.217,14.237,668,0
20170127,14.217,14.227,14.138,14.215,909,0
20170130,14.039,14.103,14.039,14.039,3599,0
20170131,14.082,14.082,14.039,14.039,1160,0
20170201,14.176,14.176,14.176,14.176,399,0
20170202,14.078,14.257,14.039,14.237,1832,0
20170203,14.317,14.317,14.039,14.039,1256,0
20170206,14.039,14.178,14.039,14.178,732,0
20170207,14.188,14.352,14.188,14.352,1115,0
20170208,14.262,14.385,14.262,14.385,1560,0
20170209,14.386,15.075,14.386,14.536,10717,0
20170210,15.155,15.161,14.703,14.703,1418,0
20170213,15.13,15.13,14.756,14.756,1300,0
20170214,14.932,14.932,14.723,14.739,630,0
20170215,14.793,14.793,14.793,14.793,150,0
20170216,14.701,14.703,14.701,14.703,353,0
20170221,14.832,14.832,14.832,14.832,221,0
20170222,14.788,14.788,14.788,14.788,125,0
20170223,14.788,14.788,14.684,14.684,208,0
20170224,14.783,14.968,14.783,14.838,2721,0
20170227,14.684,14.783,14.634,14.644,4957,0
20170228,14.892,14.892,14.396,14.426,6689,0
20170301,14.604,14.709,14.426,14.426,1966,0
20170302,14.426,14.981,14.386,14.605,8312,0
20170306,14.428,14.475,14.386,14.386,4178,0
20170307,14.51,14.535,14.386,14.386,2371,0
20170308,14.436,14.436,14.088,14.386,10007,0
20170309,14.386,14.396,14.039,14.138,8293,0
20170310,14.138,14.158,13.89,13.89,1215,0
20170314,13.959,13.959,13.939,13.939,430,0
20170315,13.701,13.701,13.701,13.701,481,0
20170316,13.741,13.89,13.741,13.89,25329,0
20170317,13.989,14.138,13.926,14.138,2497,0
20170320,13.9,14.376,13.89,13.89,5156,0
20170321,13.942,13.942,13.942,13.942,182,0
20170322,13.89,13.949,13.83,13.83,1403,0
20170323,13.86,13.989,13.443,13.811,10974,0
20170324,13.85,14.396,13.85,13.9,4144,0
20170327,13.82,14.35,13.791,13.791,3694,0
20170328,14.684,14.684,14.366,14.366,338,0
20170329,14.387,14.436,14.059,14.436,1230,0
20170330,14.188,14.188,13.939,13.939,11212,0
20170331,14.138,14.138,12.61,13.096,14845,0
20170403,13.047,13.642,13.047,13.354,8339,0
20170404,13.642,13.791,13.642,13.791,746,0
20170405,13.83,13.91,13.83,13.91,2033,0
20170406,13.91,13.989,13.84,13.989,9096,0
20170407,13.91,13.969,13.89,13.969,2260,0
20170410,13.979,13.979,13.968,13.968,3902,0
20170411,13.969,13.969,13.791,13.791,19425,0
20170412,13.989,13.989,13.791,13.792,2218,0
20170413,13.957,13.957,13.91,13.937,481,0
20170417,14.108,14.108,14.108,14.108,617,0
20170418,13.84,13.84,13.84,13.84,202,0
20170419,13.801,13.801,13.801,13.801,750,0
20170420,13.904,13.904,13.904,13.904,156,0
20170421,13.882,13.89,13.84,13.84,1039,0
20170424,13.92,14.116,13.92,13.92,1777,0
20170426,14.138,14.139,13.939,13.959,4293,0
20170427,13.949,14.049,13.9,14.049,2825,0
20170501,13.999,14.614,13.989,13.989,5072,0
20170502,13.999,14.139,13.989,13.989,1495,0
20170503,14.081,14.088,14.037,14.039,3984,0
20170504,14.039,14.078,14.039,14.039,3543,0
20170505,13.394,14.088,13.394,13.989,6273,0
20170508,14.029,14.029,13.989,13.989,1057,0
20170509,14.138,14.138,14.138,14.138,5322,0
20170511,14.117,14.138,14.049,14.138,816,0
20170512,14.039,14.039,14.039,14.039,1530,0
20170515,14.039,14.138,14.039,14.138,1386,0
20170516,14.123,14.123,14.118,14.118,1182,0
20170517,14.128,14.128,13.89,13.89,2585,0
20170518,13.394,13.394,13.394,13.394,372,0
20170522,14.143,14.143,14.138,14.138,560,0
20170523,14.217,14.217,14.217,14.217,341,0
20170524,14.287,14.322,14.039,14.085,6503,0
20170525,14.237,14.237,14.237,14.237,234,0
20170530,14.237,14.237,14.039,14.039,6184,0
20170531,13.949,14.168,13.949,14.168,1569,0
20170601,14.138,14.138,14.118,14.118,374,0
20170605,13.916,13.916,13.503,13.553,9589,0
20170606,14.138,14.138,14.138,14.138,1080,0
20170607,14.098,14.133,14.098,14.133,356,0
20170612,13.791,13.791,13.553,13.553,5809,0
20170614,13.632,13.7,13.592,13.691,1698,0
20170615,13.751,13.772,13.751,13.772,389,0
20170620,13.791,13.791,13.691,13.751,6906,0
20170621,13.691,13.721,13.652,13.711,5091,0
20170622,13.711,13.726,13.711,13.711,4134,0
20170623,13.741,13.741,13.731,13.731,2063,0
20170626,13.781,13.87,13.652,13.711,5646,0
20170627,13.741,14.212,13.741,13.741,3515,0
20170628,13.741,13.741,13.741,13.741,102,0
20170629,13.791,13.802,13.741,13.791,2192,0
20170703,13.801,14.227,13.691,13.85,10394,0
20170705,14.217,14.227,14.217,14.217,779,0
20170706,13.84,13.84,13.791,13.795,2766,0
20170710,13.92,13.939,13.88,13.89,5639,0
20170711,13.9,13.9,13.9,13.9,254,0
20170712,14.168,14.168,14.059,14.059,328,0
20170713,14.178,14.188,14.138,14.138,1890,0
20170714,14.088,14.088,14.088,14.088,1998,0
20170718,14.088,14.117,14.088,14.117,864,0
20170719,14.172,14.634,14.146,14.599,7702,0
20170720,15.328,15.328,14.665,14.743,2521,0
20170721,14.832,15.319,14.783,15.319,2494,0
20170724,15.319,15.328,15.206,15.229,1625,0
20170725,15.229,15.378,14.951,14.951,7876,0
20170726,15.2,15.2,15.137,15.137,832,0
20170727,16,16,15.3,15.3,3300,0
20170728,15.3,15.3971,15.26,15.35,4484,0
20170731,15.5699,15.8717,15.22,15.8717,1539,0
20170801,15.98,16.48,15.5,16.48,12571,0
