Date,Open,High,Low,Close,Volume,OpenInt
20140321,28,36.3,28,31.37,6077477,0
20140324,31.72,32.65,27.5,29.64,775356,0
20140325,29.66,33.48,29.32,31.12,113594,0
20140326,31.2,32.98,30.53,30.87,113800,0
20140327,30.62,30.94,27,30.01,254467,0
20140328,29.98,30.55,28.83,29.94,230691,0
20140331,30.45,31.3,29.93,30.05,77428,0
20140401,30,30.6,29.89,29.96,186047,0
20140402,29.58,31.73,28.53,30.03,259594,0
20140403,29.96,30.55,28.26,28.57,139336,0
20140404,29.02,29.85,27.07,27.36,207546,0
20140407,26.65,28.43,26.6,27.96,166850,0
20140408,28.37,28.48,27.31,27.74,144956,0
20140409,27.99,28.56,26.51,28,110579,0
20140410,27.87,28.249,27,27.12,308144,0
20140411,26.94,26.94,23.51,26.01,266786,0
20140414,25.69,26.46,24.065,24.56,375756,0
20140415,25.98,27.44,24.75,26,369465,0
20140416,27.38,27.5,26.02,26.69,276848,0
20140417,26.89,27.17,25.001,25.36,100574,0
20140421,25.26,27.25,25.01,26.7,34880,0
20140422,26.99,29.21,25.7,28.33,268773,0
20140423,28.52,29.983,27.56,29.71,232276,0
20140424,29.95,30.35,28.53,29.89,265967,0
20140425,29.48,30.87,27.78,29.95,77923,0
20140428,29.69,30.85,28.414,29.72,135308,0
20140429,29.69,30,28.504,29.85,196855,0
20140430,30.5,31,29.58,30.52,65609,0
20140501,30.51,31,30.43,30.63,36701,0
20140502,30.35,30.35,28.27,29.44,56106,0
20140505,29.94,29.94,27.6,28.75,90343,0
20140506,28.9,29.92,26.33,27.85,35979,0
20140507,28.14,29.29,26.7,29.06,80315,0
20140508,28.85,29.45,28.08,28.52,52765,0
20140509,28.75,29,27.13,28.02,53269,0
20140512,27.98,29.6,27.13,27.79,83123,0
20140513,28.51,28.51,26.76,27.28,67759,0
20140514,26.91,28.49,26.87,28.49,122199,0
20140515,28.5,28.9,26.27,27.36,36398,0
20140516,27.72,28.21,26.955,27.53,35698,0
20140519,27.39,28.3,27.39,27.4,88477,0
20140520,27.59,28.3,27.35,27.8,78732,0
20140521,27.78,27.78,25.35,26.01,73297,0
20140522,25.81,28,25.81,27.98,55153,0
20140523,27.27,27.9,26.718,27.69,42176,0
20140527,27.46,28.22,26.57,27.84,28276,0
20140528,27.9,28.64,27,27.29,33538,0
20140529,27.5,28.49,27.5,28.18,49967,0
20140530,28.3,30.06,28.3,29.89,70519,0
20140602,30,30.48,29.6,30.18,38677,0
20140603,30,31.45,30,30.14,80700,0
20140604,30.09,30.95,29.67,29.94,47351,0
20140605,29.9,30.96,29.16,29.81,33735,0
20140606,29.94,30.74,29.73,29.9,45347,0
20140609,30,32.98,29.77,32.25,332755,0
20140610,32.82,34.88,32.01,33.44,92000,0
20140611,33.24,33.24,30.16,31.96,83396,0
20140612,32,32.76,31.4,31.88,60751,0
20140613,32.94,36.86,32.85,34,56789,0
20140616,34,34.39,30.75,31.49,79665,0
20140617,32.34,32.34,29.75,30,95561,0
20140618,29.88,31.99,27.49,28.25,190441,0
20140619,28.21,29.32,27.5,28.85,117703,0
20140620,29.02,30.84,27.835,29.75,332873,0
20140623,29.22,30.62,28.128,28.87,323443,0
20140624,29,30.452,25.1,28.19,511908,0
20140625,28.25,28.79,26.53,27.96,245648,0
20140626,28.1,28.6,27.32,27.97,79100,0
20140627,27.12,29.07,27.118,28.56,1090281,0
20140630,28.92,29.745,27.76,28.04,90327,0
20140701,28.13,29.42,27.8,28.68,53628,0
20140702,28.55,29.12,28.55,29.01,21400,0
20140703,28.98,29.15,28.58,28.73,16255,0
20140707,28.58,29.518,27.74,27.79,50612,0
20140708,29.925,29.925,27.32,27.95,44928,0
20140709,28.41,29.49,27.27,27.91,28097,0
20140710,27.38,28.465,26.23,27.06,14794,0
20140711,27.03,28.27,27.03,27.38,18457,0
20140714,27.51,28.58,27.41,28.18,34562,0
20140715,28.28,28.399,26.25,26.43,72595,0
20140716,26.64,27.22,26.28,26.57,38907,0
20140717,26.4,26.43,24.08,24.23,54461,0
20140718,24.1,24.1,22.17,23.32,153246,0
20140721,22.57,23.33,22.15,22.28,95278,0
20140722,22.3,24.1,22.15,23.79,70088,0
20140723,23.98,24.43,22.66,23.45,81316,0
20140724,23.59,23.97,21.9,22.03,154920,0
20140725,22,22.644,22,22.02,64714,0
20140728,21.97,22.4,21.75,21.94,209282,0
20140729,21.83,22.125,21.1,21.25,96008,0
20140730,22.218,22.218,21.41,21.49,13557,0
20140731,21.01,21.692,20.29,20.4,77357,0
20140801,20.25,21.2,20.03,21.02,43368,0
20140804,21.7,22.04,20.92,21.45,24119,0
20140805,21.28,21.766,20.2,20.6,80159,0
20140806,20.42,21.99,19.98,20.42,70571,0
20140807,20.36,21.13,19.78,20.06,43782,0
20140808,20.68,21.09,19.79,20.44,74923,0
20140811,20.5,20.72,19.85,20.56,105268,0
20140812,20.25,20.51,19.46,19.75,82926,0
20140813,20.1,20.33,19.59,19.84,134567,0
20140814,19.212,20.06,19.02,19.1,114047,0
20140815,18.79,19.63,16.153,19.38,87741,0
20140818,19.59,20.48,19.25,20.35,59233,0
20140819,20.49,20.6,19.27,19.76,86733,0
20140820,19.87,20.14,19.53,20,71290,0
20140821,19.98,20,19.55,19.8,43900,0
20140822,19.89,20.15,19.25,19.48,71222,0
20140825,19.66,20,19.271,19.91,67542,0
20140826,20.02,22.02,19.745,21.87,218910,0
20140827,22.17,22.88,21.74,22.67,80208,0
20140828,22.5,22.88,21.63,22.61,64294,0
20140829,22.61,23.33,22.1,23,117049,0
20140902,23.24,24,23.05,23.23,63116,0
20140903,23.35,23.62,21.79,21.96,254733,0
20140904,22,22.468,20.82,20.92,28748,0
20140905,20.87,21.244,20.18,20.51,38382,0
20140908,20.51,21.478,20.131,21.01,39305,0
20140909,21.02,21.02,19.78,19.92,167646,0
20140910,19.88,20.452,19.88,20.11,28193,0
20140911,20,20.33,19.48,19.97,89621,0
20140912,19.75,20.12,19.46,19.66,49808,0
20140915,19.82,19.98,18.825,19.28,107540,0
20140916,18.99,19.8,18.99,19.77,118567,0
20140917,19.78,21.6,19.78,21.48,41133,0
20140918,21.37,22.3,20.01,21.65,33635,0
20140919,21.5,22.38,20.14,20.5,47754,0
20140922,20.51,20.51,19.77,19.97,67321,0
20140923,20.15,20.44,19.9,20.07,20765,0
20140924,20.05,20.33,19.8,20.22,14633,0
20140925,20.33,20.69,19.93,20.1,35629,0
20140926,20.59,20.67,19.93,20.45,39163,0
20140929,20.19,20.67,19.58,19.73,42966,0
20140930,19.7,19.72,18.92,18.99,79927,0
20141001,18.91,19.16,18.435,19.03,44783,0
20141002,18.97,19.65,18.84,19.37,14397,0
20141003,19.6,19.82,19.15,19.75,24951,0
20141006,19.75,20.48,19.46,20.16,39114,0
20141007,19.74,20.231,19.25,19.26,61316,0
20141008,19.23,20,18.86,19.89,26884,0
20141009,19.9,19.98,19.14,19.8,30972,0
20141010,19.71,20.25,19.49,19.79,25619,0
20141013,20.35,21.21,19.53,20.28,37405,0
20141014,20.5,21.84,20.5,21.08,33319,0
20141015,20.77,21.5,20.41,21.1,44621,0
20141016,19.75,20.74,19.75,20.16,33083,0
20141017,20.57,21.06,20.24,20.6,66249,0
20141020,20.43,20.8,19.91,20.3,17221,0
20141021,20.5,20.5,19.05,19.61,44274,0
20141022,19.61,20.65,19,19.33,36389,0
20141023,19.45,19.551,18.7,19.5,67287,0
20141024,19.51,19.51,18.885,19.49,44507,0
20141027,19.39,19.72,19.22,19.49,17902,0
20141028,19.56,19.86,19.38,19.49,38033,0
20141029,19.56,19.56,19.01,19.19,24661,0
20141030,19.44,20.38,19,20,37789,0
20141031,20.39,20.485,19.75,19.91,62724,0
20141103,19.92,20.6,18.45,18.73,36406,0
20141104,18.89,18.91,18.65,18.65,15621,0
20141105,20.2,20.2,18.9,19.43,29673,0
20141106,19.04,19.75,19.04,19.34,19339,0
20141107,18,19.77,17.57,19.48,42132,0
20141110,19.47,19.75,19.12,19.3,73546,0
20141111,19.25,19.75,19.23,19.48,973821,0
20141112,19.56,19.635,19.24,19.53,428541,0
20141113,19.52,19.6,18.54,19.17,135057,0
20141114,19.09,19.1,18.06,18.54,49716,0
20141117,18.48,19.46,18.48,18.79,50614,0
20141118,18.72,19.7,18.72,19.49,571371,0
20141119,19.39,19.44,18.21,18.3,58785,0
20141120,18.28,18.78,17.8,18.41,55404,0
20141121,18.75,19.01,17.85,17.92,82782,0
20141124,18.12,18.28,17.61,18.18,87298,0
20141125,18.24,18.46,17.3,18.35,120784,0
20141126,18.41,18.717,18,18.28,34677,0
20141128,18.39,18.69,17.83,18.02,18103,0
20141201,18.19,18.55,17.62,18.31,95344,0
20141202,18.922,18.922,17.87,18.4,70936,0
20141203,18.18,18.67,17.24,17.63,59116,0
20141204,17.51,17.71,16.69,16.98,63430,0
20141205,16.98,17.5,16.97,17.45,42033,0
20141208,17.34,18.66,17.34,18.55,43143,0
20141209,18.45,19.34,18.02,18.66,36780,0
20141210,18.6,19.36,18.43,18.58,69756,0
20141211,18.51,19.345,18.12,18.45,70653,0
20141212,19.19,19.19,18.19,18.69,78325,0
20141215,19.43,19.865,18.89,19.06,242638,0
20141216,19.01,19.68,18.79,19.17,107950,0
20141217,19.11,19.41,18.17,19.2,146068,0
20141218,18.57,19.5,18.38,19.115,259981,0
20141219,19,20,19,19.89,688944,0
20141222,19.84,23.41,19.84,23,216915,0
20141223,23,23,20.33,22.36,160481,0
20141224,21.84,22.73,21.84,22.25,36824,0
20141226,22.4,22.59,21.98,22.24,40836,0
20141229,22.35,22.56,21.79,22,106401,0
20141230,21.85,21.925,20.76,21.2,112849,0
20141231,21.18,22.87,20,22.45,117712,0
20150102,22.46,23.04,21.54,22.33,167472,0
20150105,22.34,23.88,20.82,23.46,223861,0
20150106,23.33,23.59,21.8,21.92,103665,0
20150107,21.45,23.44,20.9,21.925,141318,0
20150108,21.96,22.56,20.81,22.38,198481,0
20150109,22.44,23.99,22.31,23.21,192072,0
20150112,23.31,23.5,22.44,22.93,102232,0
20150113,22.94,23.305,21.97,22.48,182374,0
20150114,22.34,22.34,20.63,20.72,64997,0
20150115,20.84,20.84,18.72,19.02,74689,0
20150116,18.92,19.09,18.59,18.99,48117,0
20150120,18.82,19.48,18.6,19.26,58971,0
20150121,19.04,19.045,17.25,17.29,157305,0
20150122,17.79,17.95,17.35,17.56,833010,0
20150123,17.45,17.7,17.16,17.36,223126,0
20150126,17.61,18.62,17.38,18.22,201172,0
20150127,18.58,18.6,18.25,18.51,179425,0
20150128,18.66,18.7,18.26,18.28,196293,0
20150129,18.57,18.64,18.11,18.52,137799,0
20150130,18.58,18.869,17.56,17.73,415729,0
20150202,17.71,17.93,16.8,17.44,165686,0
20150203,17.49,18.31,17,18.14,209573,0
20150204,18,18,17.05,17.08,101479,0
20150205,17.1,17.93,16.46,17.62,352353,0
20150206,17.55,17.93,17,17.32,95117,0
20150209,17.4,17.48,17.024,17.12,80293,0
20150210,17.29,17.94,17,17.7,61820,0
20150211,17.82,18.98,17.74,18.54,95525,0
20150212,18.58,18.79,18.18,18.59,73077,0
20150213,18.47,18.88,17.35,18.04,85193,0
20150217,18.15,18.205,17.25,17.42,120803,0
20150218,17.42,18.34,17.42,17.97,67917,0
20150219,17.93,18.96,17.93,18.74,84702,0
20150220,18.8,19.2,18.7,18.85,66376,0
20150223,18.95,19.5,18.66,19.47,85117,0
20150224,19.47,19.98,19.37,19.94,64792,0
20150225,19.85,20.64,19.715,20.55,77002,0
20150226,20.6,20.69,19.92,20.39,60580,0
20150227,20.42,20.835,19.55,19.81,53749,0
20150302,20.39,20.48,19.83,20.25,49200,0
20150303,20.24,20.25,19.86,20.08,52800,0
20150304,20,21.6,19.89,21.4,71700,0
20150305,21.56,21.98,20.8,21.43,93300,0
20150306,21.33,21.74,20.27,20.43,74100,0
20150309,20.42,20.42,19.84,19.96,33400,0
20150310,19.7,20.6,19.5,19.97,54000,0
20150311,19.75,20.02,19.7,19.96,51200,0
20150312,20.14,20.89,19.6,19.98,77200,0
20150313,20.03,20.15,19.5,19.73,45000,0
20150316,19.74,20.02,19.3,19.55,48200,0
20150317,19.49,20.24,19.2,19.9,45300,0
20150318,19.6,20.19,19.38,19.8,33200,0
20150319,19.67,20.03,19.5,19.99,56300,0
20150320,20.23,20.4,19.43,20.35,175300,0
20150323,20.34,21,19.75,20.07,134600,0
20150324,20.01,20.98,19.79,20.74,221500,0
20150325,20.69,20.8,19.8,19.95,186600,0
20150326,20.07,20.25,19.34,19.92,136200,0
20150327,20,20.02,19.11,19.28,154600,0
20150330,19.36,19.39,18.58,18.93,110700,0
20150331,18.76,19.06,18.25,18.37,108900,0
20150401,18.39,18.42,17.62,18.2,152900,0
20150402,18.28,18.38,17.62,17.85,91200,0
20150406,17.8,18,17.17,17.47,130500,0
20150407,17.38,18.64,17.38,18.23,106570,0
20150408,18.19,18.7,17.92,18.32,74200,0
20150409,18.48,18.56,17.84,18.14,91553,0
20150410,18.16,18.68,17.91,18.19,79900,0
20150413,18.13,19.55,18.13,19.54,97900,0
20150414,20.13,20.57,19,19.15,163000,0
20150415,19.17,20.15,18.61,19.9,218571,0
20150416,19.78,19.91,19.36,19.45,117765,0
20150417,19.29,19.49,18.24,19.01,173400,0
20150420,19.01,19.01,18.49,18.8,62193,0
20150421,18.66,19.17,18.65,19.12,78795,0
20150422,19.1,19.225,18.28,18.31,40517,0
20150423,18.23,18.66,17.01,18.39,284000,0
20150424,18.31,18.87,18.23,18.56,82300,0
20150427,18.68,18.85,17.12,17.14,89900,0
20150428,17.25,18.2,17,17.82,153300,0
20150429,17.49,18,17.2,17.38,56700,0
20150430,17.11,17.6,16.9,17.08,123500,0
20150501,17.24,17.71,16.74,17.49,108900,0
20150504,17.57,18.34,17.14,17.31,73400,0
20150505,17.31,17.76,16.87,17.22,85500,0
20150506,17.53,17.53,16.89,17.29,43763,0
20150507,15.4,16.46,15,15.46,1034683,0
20150508,15.62,15.9,15.32,15.5,210700,0
20150511,15.51,15.89,15.15,15.19,151700,0
20150512,15.08,15.3,14.45,15.16,302769,0
20150513,15.15,15.53,14.78,15.01,160800,0
20150514,14.96,15.2,14.82,15,158100,0
20150515,14.86,15.1,14.72,15.02,107626,0
20150518,15,15.36,14.91,15.05,176035,0
20150519,15.12,15.4,14.87,15,902900,0
20150520,14.93,15.12,14.51,14.94,121700,0
20150521,15,15.08,14.52,14.88,69600,0
20150522,14.84,14.97,14.44,14.81,81900,0
20150526,14.82,14.82,14.13,14.62,100664,0
20150527,14.62,15.17,14.41,15.08,369400,0
20150528,15.06,16.27,14.67,15.79,650122,0
20150529,15.82,16.19,15.21,15.54,232800,0
20150601,15.99,15.99,15.19,15.44,92000,0
20150602,15.44,16.36,15.35,16.29,92835,0
20150603,16.46,17.12,16.19,16.99,144700,0
20150604,17.14,17.14,16.25,16.64,105600,0
20150605,16.6,17.39,16.38,17.27,102400,0
20150608,17.14,17.6,17,17.45,138200,0
20150609,17.42,17.53,16.3,16.67,141534,0
20150610,16.65,17.33,16.47,17.15,102629,0
20150611,17.23,17.43,17,17.28,135863,0
20150612,17.31,18.05,17.3,17.75,247700,0
20150615,17.79,18.68,17.69,18.2,167100,0
20150616,18.25,18.73,17.41,17.5,309700,0
20150617,17.68,17.88,16.68,16.69,159500,0
20150618,16.69,17,16.42,16.6,294700,0
20150619,16.76,16.76,15.55,16.4,206800,0
20150622,16.5,17.07,16.39,16.97,145600,0
20150623,17.07,17.12,16.72,16.84,147348,0
20150624,16.77,16.89,16.39,16.45,112600,0
20150625,16.8,16.8,15.82,15.96,123000,0
20150626,16,16.35,15.32,15.92,2107300,0
20150629,15.79,15.81,14.67,14.73,148500,0
20150630,14.88,15.25,14.6,15.22,90522,0
20150701,15.35,15.55,14.74,15.04,185000,0
20150702,15,15.07,14.47,14.62,146900,0
20150706,14.7,19.47,14.7,18.92,1679100,0
20150707,18.88,19.25,17.96,18.61,503900,0
20150708,18.44,18.6,17.79,17.87,148400,0
20150709,18.16,18.45,17.6,18.14,139400,0
20150710,18.36,18.95,17.88,18.78,139200,0
20150713,18.88,19.84,18.75,19.38,196300,0
20150714,19.38,19.64,18.7,19.14,176095,0
20150715,19.26,19.8,19.11,19.55,175156,0
20150716,19.66,20.88,19.57,20.59,212900,0
20150717,20.68,22.66,20.59,21.31,306200,0
20150720,21.09,21.19,20.12,20.65,196600,0
20150721,20.44,20.61,19.46,19.77,113900,0
20150722,19.59,20.03,19.38,19.85,67200,0
20150723,19.8,19.93,19.1,19.2,137500,0
20150724,19.15,19.43,18.3,18.4,182200,0
20150727,18.22,18.76,17.8,18.72,98700,0
20150728,18.91,19.49,18.24,19.1,80300,0
20150729,19,19.04,17.89,18.24,68200,0
20150730,18.07,18.18,17.37,17.84,107000,0
20150731,17.98,18.63,17.86,18.1,106900,0
20150803,18.19,18.58,17.69,18.1,98963,0
20150804,18.04,19.24,17.48,18.68,187000,0
20150805,18.79,19.4,18.61,19.27,256600,0
20150806,19.25,19.76,18.409,19.06,250713,0
20150807,18.98,19.54,18.46,18.85,147600,0
20150810,18.99,19.61,18.69,19.04,153600,0
20150811,18.63,18.9,17.72,18.02,575926,0
20150812,17.8,18.27,17.09,18.2,116300,0
20150813,18.28,18.39,17.15,17.29,148000,0
20150814,17.17,17.35,16.63,16.84,202500,0
20150817,16.85,16.97,16.17,16.42,142200,0
20150818,16.31,16.36,15.14,15.21,185900,0
20150819,15.08,15.23,14.34,14.36,121500,0
20150820,14.08,14.25,12.85,13.25,235800,0
20150821,12.79,13.59,12.68,13.26,132700,0
20150824,12.65,13.73,12.46,13.03,195363,0
20150825,13.2,13.6,12.96,13.02,132700,0
20150826,13.38,14.1,12.67,13.37,105600,0
20150827,13.49,13.84,13,13.15,386700,0
20150828,13.01,13.41,12.98,13.25,762800,0
20150831,13.23,13.56,12.82,12.97,233600,0
20150901,12.66,13.18,12.33,12.4,310200,0
20150902,12.6,12.85,11.99,12.36,193100,0
20150903,12.38,12.57,11.77,11.81,356900,0
20150904,11.64,12.23,11.58,11.62,234200,0
20150908,11.92,13.05,11.92,12.61,193100,0
20150909,12.82,13.21,12.58,12.67,169600,0
20150910,12.63,13.37,12.12,13.11,161223,0
20150911,12.91,13.63,12.51,13.46,145100,0
20150914,13.44,13.44,12.82,13.14,86600,0
20150915,13.04,13.04,10.07,10.72,1405600,0
20150916,10.62,10.94,9.97,10.61,398200,0
20150917,10.65,11.41,10.6,10.98,546700,0
20150918,11.27,13.28,11.27,13.14,755400,0
20150921,13.15,13.55,12.1,12.52,388200,0
20150922,12.34,12.63,11.98,12.12,223700,0
20150923,12.09,12.82,12,12.5,263400,0
20150924,12.37,12.95,12.12,12.9,299185,0
20150925,12.98,13,11.14,11.51,277600,0
20150928,11.4,11.408,10.77,11.01,310468,0
20150929,11.05,11.61,10.7,11.42,306800,0
20150930,11.49,11.87,10.96,11.53,297700,0
20151001,11.49,11.49,10.65,11.05,214900,0
20151002,10.86,11.35,10.8,11.3,194800,0
20151005,11.38,11.57,10.88,11.11,99200,0
20151006,11.11,11.34,10.15,10.85,161500,0
20151007,10.95,11.57,10.6,11.22,190500,0
20151008,11.24,11.44,10.33,10.91,143000,0
20151009,10.96,11.44,10.79,11.28,114800,0
20151012,11.34,11.34,10.19,10.4,176726,0
20151013,10.21,10.71,9.82,9.99,339300,0
20151014,10.01,10.74,9.83,10.43,177700,0
20151015,10.39,11.05,10.13,10.76,251200,0
20151016,10.8,10.98,10.11,10.81,162900,0
20151019,10.8,10.89,9.9,10.37,194000,0
20151020,10.39,10.43,9.99,9.99,205491,0
20151021,10.11,10.43,9.69,10.11,180200,0
20151022,10.16,10.47,9.79,10.39,164300,0
20151023,10.54,11.2,10.4,11.05,164400,0
20151026,10.96,11.31,10.11,10.99,116000,0
20151027,10.92,11.13,10.18,10.53,128100,0
20151028,10.55,11.26,10.31,11.25,143000,0
20151029,11.25,11.76,10.86,10.97,82900,0
20151030,11.08,11.94,10.1,10.33,114700,0
20151102,10.35,11.4,10.05,11.35,132428,0
20151103,11.29,11.5,11,11.14,178500,0
20151104,11.17,11.95,10.45,10.74,140580,0
20151105,10.72,10.97,10.26,10.87,78500,0
20151106,10.57,11.33,9.83,10.41,195400,0
20151109,10.41,11,10.35,10.59,148237,0
20151110,10.55,10.89,9.89,10.51,73300,0
20151111,9.97,10.46,9.87,10.13,173100,0
20151112,10,10.51,9.8,9.87,130400,0
20151113,9.78,10.47,9.69,10.25,181600,0
20151116,10.62,10.91,10.13,10.35,118700,0
20151117,10.41,10.66,9.96,10.01,149300,0
20151118,10.13,10.43,9.88,10.43,104700,0
20151119,10.35,10.43,10.04,10.42,63800,0
20151120,10.48,10.85,10.36,10.73,88700,0
20151123,10.68,11.64,10.65,11.58,138800,0
20151124,11.46,11.79,11.36,11.64,61700,0
20151125,11.68,12.41,11.52,12.3,60200,0
20151127,12.29,12.94,12.03,12.83,53700,0
20151130,12.83,12.86,12.22,12.65,112500,0
20151201,12.57,12.7,12.13,12.59,58786,0
20151202,12.59,12.76,12.27,12.31,43310,0
20151203,12.37,12.59,11.93,11.97,61374,0
20151204,11.9,12.13,11.16,12.02,199400,0
20151207,12.05,12.05,11.27,11.51,144200,0
20151208,11.37,11.76,11.35,11.57,55932,0
20151209,11.62,12.66,11.47,11.52,59000,0
20151210,11.53,11.98,11.3,11.95,160700,0
20151211,11.66,12.02,11.4,11.45,102000,0
20151214,11.5,11.73,10.92,11.07,98002,0
20151215,11.2,11.79,11.2,11.51,130100,0
20151216,11.58,12.14,11.34,11.95,106900,0
20151217,11.5,11.9,10.54,10.61,103300,0
20151218,10.55,11.24,10.54,10.66,220700,0
20151221,10.95,11.36,10.53,11.1,81200,0
20151222,11.13,11.92,10.87,11.85,57719,0
20151223,11.97,12.29,11.83,12.25,50500,0
20151224,12.34,12.71,12.13,12.34,28997,0
20151228,12.26,12.78,12.03,12.49,112461,0
20151229,12.55,12.71,12.095,12.66,76189,0
20151230,12.44,12.68,12.27,12.46,68499,0
20151231,12.42,12.74,12.24,12.39,101585,0
20160104,12.06,12.16,11.52,11.99,94561,0
20160105,12.05,12.46,11.63,11.97,50844,0
20160106,11.75,11.88,10.45,10.86,140860,0
20160107,10.59,10.59,9.51,9.58,102104,0
20160108,9.64,10.13,9.22,10.01,103049,0
20160111,10.06,10.21,9.08,9.6,138953,0
20160112,9.74,10.03,8.97,9.39,81635,0
20160113,9.39,9.53,9.09,9.27,143644,0
20160114,9.3,11.24,9.05,10.93,130759,0
20160115,10.59,11.28,10.24,11.24,153015,0
20160119,11.42,12.85,10.81,12.72,607900,0
20160120,12.43,14.13,11.01,13.97,323584,0
20160121,13.82,14.44,13.615,14.07,212705,0
20160122,14.36,14.54,13.02,14.04,241986,0
20160125,14,14.37,13.56,13.83,66450,0
20160126,13.95,13.95,12.5,12.67,133694,0
20160127,12.67,12.68,10.69,11.29,251138,0
20160128,11.43,11.43,10.49,10.68,121165,0
20160129,10.73,11.619,10.73,11.14,174647,0
20160201,11.07,11.49,10.84,11.39,191111,0
20160202,11.23,11.39,10.05,10.1,170713,0
20160203,10.15,10.546,9.3153,9.51,204226,0
20160204,9.47,10,9.15,9.68,123764,0
20160205,9.55,9.67,9.02,9.36,104769,0
20160208,9.23,9.23,8.53,8.74,150909,0
20160209,8.57,9.1,8.39,8.58,47007,0
20160210,8.71,9.75,8.43,8.65,76735,0
20160211,8.47,8.6451,7.76,7.97,263532,0
20160212,8.28,8.43,7.87,8.18,171387,0
20160216,8.25,8.25,7.9,8.04,168707,0
20160217,8.16,8.75,8.06,8.25,266825,0
20160218,8.25,8.25,7.76,7.82,122087,0
20160219,7.75,8.11,7.05,7.5,325045,0
20160222,7.6,7.7799,6.98,7.02,215730,0
20160223,7.01,7.14,6.385,6.41,408938,0
20160224,6.35,7.0883,6.17,6.75,233305,0
20160225,6.74,7.1157,6.4,6.64,109525,0
20160226,6.69,6.89,6.45,6.64,202986,0
20160229,6.68,6.82,6.38,6.57,168170,0
20160301,6.63,7.27,6.63,7.27,167774,0
20160302,7.27,7.8,7.18,7.65,163842,0
20160303,7.66,8.12,7.51,7.76,99060,0
20160304,7.75,7.96,7.55,7.78,113967,0
20160307,7.74,7.9,7.57,7.81,49594,0
20160308,7.74,7.92,6.81,6.81,147961,0
20160309,6.85,6.9,6.41,6.79,174444,0
20160310,6.84,6.99,6.62,6.7,97509,0
20160311,6.78,7.02,6.64,6.95,104446,0
20160314,6.96,7.2,6.81,6.91,88551,0
20160315,6.78,6.81,6.4,6.42,121167,0
20160316,6.4,6.662,6.275,6.56,58121,0
20160317,6.55,6.915,6.41,6.61,69251,0
20160318,6.68,6.99,6.39,6.96,203431,0
20160321,6.85,7.16,6.7,6.99,138515,0
20160322,6.93,7.35,6.93,7.05,106626,0
20160323,7.05,7.11,6.44,6.5,89911,0
20160324,6.44,6.94,6.32,6.71,48292,0
20160328,6.74,6.74,6.45,6.57,63084,0
20160329,6.54,7.74,6.48,7.55,146888,0
20160330,7.67,8.2,7.422,7.83,176358,0
20160331,7.81,8.27,7.68,8.02,133422,0
20160401,7.95,8.65,7.85,8.38,113586,0
20160404,8.44,8.92,8.11,8.17,182631,0
20160405,8.09,8.84,7.75,8.39,196440,0
20160406,8.42,9.48,8.42,9.35,226585,0
20160407,9.57,9.74,8.56,9.39,183954,0
20160408,9.58,9.63,8.92,9,96797,0
20160411,9.09,9.17,8.66,8.73,90982,0
20160412,8.69,9.22,8.5,9.16,58570,0
20160413,9.22,9.66,9.09,9.54,84450,0
20160414,9.45,9.7,9.315,9.53,62115,0
20160415,9.51,9.82,8.6337,9.41,45042,0
20160418,9.33,9.69,9.29,9.67,56008,0
20160419,9.606,9.95,9.435,9.82,69565,0
20160420,9.87,9.94,9.52,9.7,51811,0
20160421,9.68,10.15,9.68,10.13,82294,0
20160422,10.16,10.35,9.865,10.25,67089,0
20160425,10.18,10.28,9.99,10.1,70800,0
20160426,10.06,10.06,9.61,9.8,50943,0
20160427,10.07,10.36,9.49,9.69,49851,0
20160428,9.62,10.05,9.46,9.73,75692,0
20160429,9.51,9.65,8.71,9.02,101129,0
20160502,9.1,9.2,8.7,9.1,41421,0
20160503,8.97,9.21,8.49,8.52,49818,0
20160504,8.45,8.57,7.1801,7.41,162783,0
20160505,7.45,7.85,7.325,7.7,188049,0
20160506,7.66,7.9306,7.64,7.73,67430,0
20160509,7.73,8.28,7.71,8.17,62864,0
20160510,8.27,8.2799,7.63,7.84,32185,0
20160511,7.85,7.99,7.54,7.61,28113,0
20160512,7.7,7.79,7.05,7.25,62960,0
20160513,7.19,7.59,7.19,7.47,29163,0
20160516,7.53,7.98,7.49,7.91,27773,0
20160517,7.84,8.27,7.73,7.84,66517,0
20160518,7.77,8.18,7.77,8.12,30502,0
20160519,8.05,8.328,7.63,7.85,26062,0
20160520,7.87,8.21,7.87,8.11,37548,0
20160523,8.1,8.84,8.1,8.79,108151,0
20160524,8.87,9.31,8.72,9.13,70050,0
20160525,9.27,9.385,8.9,9.04,33084,0
20160526,9.25,9.25,8.71,8.76,22557,0
20160527,8.87,9.06,8.6924,8.92,38650,0
20160531,9.02,9.26,8.88,9.21,33015,0
20160601,9.17,9.34,9.02,9.305,27348,0
20160602,9.26,10.355,9.26,10.02,100363,0
20160603,9.98,10.665,9.59,10.36,126115,0
20160606,10.27,11.45,10.18,11.42,168072,0
20160607,11.32,11.4,10.77,10.96,83645,0
20160608,11.06,11.2099,10.77,11.02,48051,0
20160609,10.9,11.2,10.27,10.78,85810,0
20160610,10.57,11.09,10.36,10.48,42641,0
20160613,10.43,12.2999,10.43,11.9,310133,0
20160614,11.58,11.9651,10.51,10.87,90934,0
20160615,10.63,11.21,10.4501,10.68,53830,0
20160616,10.48,11.19,10.31,11.07,115589,0
20160617,11.11,11.4699,10.72,10.92,192831,0
20160620,10.96,11.36,10.58,10.92,157750,0
20160621,11.01,11.32,10.58,11.3,80759,0
20160622,11.3,11.575,10.79,10.99,143593,0
20160623,11.15,11.71,10.57,11.54,93771,0
20160624,10.81,11.12,10.32,10.48,439953,0
20160627,10.32,10.5,9.63,9.83,80297,0
20160628,10.01,10.48,9.92,10.18,169180,0
20160629,10.4,11.09,10.18,10.9,203491,0
20160630,10.94,11.24,10.89,11.06,145328,0
20160701,11.08,11.215,10.73,10.88,56199,0
20160705,10.72,10.85,10.268,10.55,44200,0
20160706,10.53,11.3,9.96,10.32,99715,0
20160707,10.37,10.37,9.85,10.04,71418,0
20160708,10.13,10.69,9.76,10.6,107992,0
20160711,10.67,10.71,10.16,10.45,62471,0
20160712,10.62,10.93,10.45,10.66,133896,0
20160713,10.72,11.02,10.39,10.65,118140,0
20160714,10.85,10.93,10.46,10.46,31296,0
20160715,10.64,10.79,10.37,10.48,98699,0
20160718,10.54,10.98,10.37,10.92,30909,0
20160719,10.88,10.94,10.51,10.62,34317,0
20160720,10.65,11.14,10.65,10.95,52987,0
20160721,11.05,11.72,11.05,11.22,87646,0
20160722,11.3,11.3,11,11.18,76973,0
20160725,11.16,11.44,11.15,11.26,48666,0
20160726,11.22,11.53,11.08,11.12,38216,0
20160727,11.23,11.64,11.23,11.58,70311,0
20160728,11.62,11.89,11.54,11.76,64010,0
20160729,11.9,11.9,11.31,11.5,122036,0
20160801,11.59,11.6,11.085,11.26,51748,0
20160802,11.31,11.36,10.54,10.82,46331,0
20160803,10.9,11.34,10.68,11.32,78213,0
20160804,11.35,11.5015,10.99,11.15,49129,0
20160805,11.23,11.43,10.51,11.32,79207,0
20160808,11.33,11.45,10.88,11.13,32142,0
20160809,11.29,11.29,10.7,10.99,48619,0
20160810,11.6,11.7,11.21,11.37,42479,0
20160811,11.52,11.81,11.31,11.7,130522,0
20160812,11.76,13.15,11.624,12.84,70501,0
20160815,12.93,13.12,12.61,12.95,87061,0
20160816,12.88,13.15,12.354,12.89,62116,0
20160817,12.87,13.15,12.45,13.06,97823,0
20160818,13.05,13.359,12.96,13.08,55263,0
20160819,13.05,13.41,12.79,12.91,45468,0
20160822,12.88,13.22,12.259,13.09,90985,0
20160823,13.2,13.8,13,13.18,135182,0
20160824,13.22,13.59,12.21,12.6,65431,0
20160825,12.58,13.47,12.23,12.54,66937,0
20160826,12.63,13.27,12.142,12.72,38350,0
20160829,12.7,13.17,12.155,13.04,103015,0
20160830,13.06,13.25,13,13.12,86285,0
20160831,13.13,13.14,12.29,12.4,211931,0
20160901,12.26,13.15,12.17,13.12,188014,0
20160902,13.24,13.24,12.25,12.48,75407,0
20160906,12.57,12.98,12.55,12.65,50722,0
20160907,12.76,13.5,12.73,13.47,83184,0
20160908,13.49,14.69,13.17,14.05,168821,0
20160909,13.93,14.31,13.57,13.64,97421,0
20160912,13.48,13.78,13.23,13.6,61175,0
20160913,13.36,13.43,12.41,12.67,62492,0
20160914,12.74,13.28,12.51,13.03,32423,0
20160915,13.1,13.27,12.82,12.89,70496,0
20160916,12.98,13.27,12.71,12.885,121173,0
20160919,13.07,13.2799,12.41,12.51,85642,0
20160920,12.76,13.96,12.715,13.34,101990,0
20160921,13.49,13.52,12.64,12.92,56047,0
20160922,13.02,13.19,12.75,12.94,61399,0
20160923,12.95,13.3,12.61,13.13,58603,0
20160926,13.15,13.29,12.58,12.75,40490,0
20160927,12.77,13.41,12.05,13.33,44039,0
20160928,12.47,12.69,11.94,12.25,1707705,0
20160929,12.22,12.54,11.99,12.15,325648,0
20160930,12.18,12.36,11.95,12.25,309244,0
20161003,12.13,12.28,11.92,12.15,61228,0
20161004,12.5,12.5,12.04,12.17,375423,0
20161005,12.25,12.4,11.9,12.25,338256,0
20161006,12.25,12.3552,11.68,11.99,393031,0
20161007,11.98,12.3,11.81,11.94,186302,0
20161010,12.11,12.35,12.0611,12.25,274630,0
20161011,12.25,12.34,11.75,12.02,173817,0
20161012,11.96,12.3,11.55,11.68,190617,0
20161013,11.6,12.27,11.51,11.85,104879,0
20161014,12,12.14,11.61,11.62,72405,0
20161017,11.75,12.2,11.5,12.1,112895,0
20161018,12.2,12.35,12,12.1,46955,0
20161019,12.15,12.15,11.6,11.8,102148,0
20161020,11.85,12.4,11.8,12.15,142516,0
20161021,12,12.3,12,12.15,82154,0
20161024,12.15,12.245,11.85,12.1,67064,0
20161025,12.15,12.3,11.9,12.2,138209,0
20161026,12.05,12.2,11.8,12.1,137620,0
20161027,12.15,12.25,11.8,11.85,118643,0
20161028,11.95,12.3,11.8,12.25,341497,0
20161031,12.15,12.24,11,11.05,444473,0
20161101,11.15,11.2,10.4,10.7,152158,0
20161102,10.6,10.65,9.9,9.9,129943,0
20161103,10.05,10.1349,9.25,9.35,266805,0
20161104,9.45,9.7507,9.05,9.1,211590,0
20161107,9.25,9.75,9.25,9.65,189123,0
20161108,9.65,10.45,9.2,10.15,118018,0
20161109,10.45,11.5,10.45,11.45,309525,0
20161110,11.7,12.2,11.35,11.9,201057,0
20161111,11.9,12.65,11.6,12.6,256156,0
20161114,12.7,12.85,12.3,12.75,217229,0
20161115,12.65,13,12.4,12.85,137706,0
20161116,12.8,13.05,12.15,12.6,125743,0
20161117,12.7,13.15,11.4221,13,152755,0
20161118,13.05,13.15,12.85,13.05,129894,0
20161121,13.1,13.15,12.55,12.95,76911,0
20161122,12.95,13.2,12.15,13,96886,0
20161123,12.8,13.45,12.3,13.35,105294,0
20161125,13.35,13.4,12.9,13.4,24198,0
20161128,13.4,13.4,12.5,12.6,71313,0
20161129,12.65,12.75,12.4,12.6,48562,0
20161130,12.7,12.8,12.15,12.45,86558,0
20161201,12.45,12.7,12.05,12.2,91454,0
20161202,12.6,13.05,12.45,12.7,115727,0
20161205,12.9,13.1,12.555,13.05,156683,0
20161206,13.1,13.425,12.7,13.35,91114,0
20161207,13.2,13.4,12.5,12.9,72164,0
20161208,12.75,13.35,12.45,13.3,122096,0
20161209,13.3,13.65,11.8,13.1,102753,0
20161212,12.95,13.05,12.7,13,67312,0
20161213,13.1,13.4,12.75,12.95,48343,0
20161214,12.9,12.9,12.5,12.75,50010,0
20161215,12.85,13.6,12.8,13.3,118677,0
20161216,13.35,15.2,13.3,14.85,499700,0
20161219,15,15.5,14.55,14.9,118709,0
20161220,15.75,16.3,15.7,15.75,146102,0
20161221,15.9,15.9,14.8,15.1,101323,0
20161222,15.2,15.6,14.83,15.15,63440,0
20161223,15.1,16.3,14.95,15.9,70541,0
20161227,15.85,16.2,15.6,15.7,51137,0
20161228,15.7,16,14.95,15.15,142596,0
20161229,15.25,15.325,13.9762,14.45,186912,0
20161230,14.85,15.1,14.2,14.9,209669,0
20170103,15.1,15.4,14.5,14.9,93883,0
20170104,14.85,16,14.85,16,99937,0
20170105,15.9,16.15,15.7,15.85,83484,0
20170106,15.95,16.25,15.85,16.2,48586,0
20170109,16.35,16.55,15.75,15.95,87422,0
20170110,15.95,15.95,15.5,15.7,66074,0
20170111,15.7,15.95,14.9,15.5,95221,0
20170112,15.15,15.65,14.95,15.4,43835,0
20170113,15.5,15.95,15.5,15.8,46330,0
20170117,15.75,15.75,14.9,15.1,62240,0
20170118,15.25,15.7,14.95,15.2,62103,0
20170119,15.15,15.25,14.9,15.1,55860,0
20170120,15.25,15.8685,14.9,15.05,74690,0
20170123,15.1,15.25,14.6,14.75,71581,0
20170124,14.8,14.92,14.4,14.8,56033,0
20170125,14.95,15.35,14.85,15.05,55565,0
20170126,15.05,15.15,14.4,14.45,62029,0
20170127,14.5,14.55,14,14.3,64685,0
20170130,13.85,13.855,12.9,13,143085,0
20170131,12.95,14.4,12.7,14.3,137417,0
20170201,14.3,14.45,13.7,13.95,78416,0
20170202,13.9,14.175,13.3,13.6,64718,0
20170203,13.75,14.2,13.313,14.1,98174,0
20170206,14,14.25,13.68,13.85,59077,0
20170207,13.9,14.35,13.195,13.3,77853,0
20170208,13.15,13.85,12.8,13.65,207415,0
20170209,13.65,14.65,13.6,14.45,102602,0
20170210,14.65,15.225,14.5,15.05,127846,0
20170213,15.25,15.65,15.25,15.6,114055,0
20170214,15.6,15.85,15.15,15.5,97240,0
20170215,15.4,16.05,15.4,16.05,104108,0
20170216,16.05,16.234,15.45,15.7,78785,0
20170217,15.7,16.45,15.55,16.35,86796,0
20170221,17.5,20,17.2,18.95,871821,0
20170222,19.55,19.8754,18.35,19.5,486258,0
20170223,19.75,21.15,19.4,21.15,492790,0
20170224,21.25,22.5,19.9,22.3,547738,0
20170227,22.3,24,22.1,23,511262,0
20170228,22.95,22.95,21.55,21.85,289597,0
20170301,23.15,23.45,21.6,21.85,254591,0
20170302,21.95,22.6,20.95,21.1,376231,0
20170303,21.25,21.85,21.2,21.3,357396,0
20170306,21.25,21.4,19.9,20.1,329342,0
20170307,19.75,20.8,19.368,20.15,369991,0
20170308,20.05,20.55,19.9366,20.2,399007,0
20170309,20.35,20.85,19.9,20,512711,0
20170310,20.3,20.3,19.525,19.8,249751,0
20170313,19.8,20,19.25,19.4,403468,0
20170314,19.2,19.4,18.75,19,473153,0
20170315,19.05,19.3,18.65,19,630612,0
20170316,18.95,19.05,18.25,18.45,450622,0
20170317,18.3,19.2,17.9217,19.1,1334500,0
20170320,19.2,20.7,19,20.6,533513,0
20170321,20.9,21.95,19.35,19.7,500021,0
20170322,19.55,20.4,19.05,20.15,326328,0
20170323,20.2,20.65,19.6,20.5,259038,0
20170324,20.6,21.45,20.2,21.15,302977,0
20170327,20.8,21.45,20.35,21.2,159328,0
20170328,21.2,21.95,21.155,21.5,237088,0
20170329,21.7,22.3,21.65,21.85,177821,0
20170330,21.8,22.2,20.686,22,311291,0
20170331,22,22,20.5,21.35,561521,0
20170403,21.4,21.75,20.55,21.3,391208,0
20170404,21.5,21.65,20.9,21.3,223396,0
20170405,21.35,21.6,20.4,20.8,271588,0
20170406,20.85,20.85,19.45,20.5,444739,0
20170407,20.4,20.75,20.1,20.5,173622,0
20170410,20.5,20.875,20.25,20.25,162723,0
20170411,20.3,20.7,19.85,20.6,125480,0
20170412,20.55,20.8,20.275,20.45,97095,0
20170413,20.3,21,20.15,20.75,147579,0
20170417,20.75,20.85,20,20.4,132710,0
20170418,20.1,20.2,19.7194,19.9,109399,0
20170419,19.85,20.7,19.8,20.1,102851,0
20170420,20.25,20.35,19.5,19.7,157666,0
20170421,19.65,19.95,19.2,19.75,185781,0
20170424,20,20.15,19.6,19.75,202071,0
20170425,19.9,20.695,19.675,20,256414,0
20170426,19.95,20.2,19.75,19.9,187380,0
20170427,19.9,20,19.7,19.8,95136,0
20170428,18.85,19.0445,17.5,18.4,618698,0
20170501,18.55,18.9,18.45,18.55,298075,0
20170502,18.5,18.75,17.775,18,282042,0
20170503,17.8,18.35,17.55,18.2,173012,0
20170504,18.3,18.45,17,17.05,308060,0
20170505,17.5,17.75,17,17.65,182940,0
20170508,17.5,17.65,17.1,17.5,183275,0
20170509,17.7,17.85,17.4,17.65,117438,0
20170510,17.55,18,17.15,17.8,122797,0
20170511,17.5,17.8,17.1,17.4,135866,0
20170512,17.25,17.875,17,17.5,150389,0
20170515,17.5,17.8,17.25,17.35,116304,0
20170516,17.4,17.5,16.55,17.05,277738,0
20170517,16.75,16.8,16,16.15,233804,0
20170518,16.2,16.875,16.05,16.8,170093,0
20170519,16.75,16.85,15.85,15.95,185072,0
20170522,15.9,16.35,15.65,16.35,181222,0
20170523,16.45,16.5,16.1,16.2,169262,0
20170524,16.15,16.4,15.95,16.1,121316,0
20170525,16.15,16.2,15.6,15.825,134550,0
20170526,15.75,16.1,15.3,15.5,212025,0
20170530,15.6,15.7716,14.8,14.9,179548,0
20170531,14.9,15.6,14.75,15.35,190364,0
20170601,15.5,16.425,15.475,16.35,249737,0
20170602,16.35,16.95,16.3,16.75,296831,0
20170605,16.65,17,16.45,16.9,269229,0
20170606,16.65,16.9,16.05,16.1,283831,0
20170607,16.15,16.25,15.1,16.05,228678,0
20170608,16.15,16.45,15.9,16.05,122990,0
20170609,16.2,16.5,15.8208,16.05,179200,0
20170612,16.1,16.575,15.9289,16.05,218882,0
20170613,16.05,16.45,15.9,16.3,97927,0
20170614,16.3,16.85,16.2,16.5,185979,0
20170615,16.3,16.85,16.15,16.7,172084,0
20170616,16.45,16.8,16.15,16.4,246655,0
20170619,16.5,16.9,16.4,16.8,182544,0
20170620,16.75,17.1329,16,16.1,211933,0
20170621,16.25,16.95,16.1,16.95,172868,0
20170622,16.9,17.35,16.8,17.2,175076,0
20170623,17.1,18.1,16.85,18.05,1263839,0
20170626,18.2,19.4,18.05,19,333916,0
20170627,19.05,19.05,18.05,18.3,245486,0
20170628,18.45,18.75,18,18.65,179132,0
20170629,18.6,18.8,17.755,18.05,139651,0
20170630,18.05,18.05,17.25,17.45,181897,0
20170703,17.7,18.3,17.4,17.95,76800,0
20170705,17.85,18.2,17.15,17.2,339206,0
20170706,16.95,17.55,16.9,17.1,177767,0
20170707,17.1,17.55,17.1,17.425,150005,0
20170710,17.25,17.3,16.85,16.85,111978,0
20170711,16.85,17.3,16.85,17.1,146146,0
20170712,17.4,17.4,16.65,17.15,184867,0
20170713,17.2,17.25,16.5,16.65,139660,0
20170714,16.75,17.15,16.65,16.85,118522,0
20170717,16.85,17.8,16.805,17.6,277370,0
20170718,17.5,17.75,17.2,17.5,231336,0
20170719,17.6,19,17.45,18.7,253058,0
20170720,18.4,18.6,17.55,17.65,219089,0
20170721,18,18.55,17.4,18.25,214951,0
20170724,18.3,19.5,18,19.35,293496,0
20170725,19,19.75,18.75,18.85,169899,0
20170726,18.9,19.75,18.6,19.15,163003,0
20170727,19,19.95,18.305,18.55,174736,0
20170728,17,18.95,17,18.8,168304,0
20170731,18.5,19.45,18.4,18.5,234277,0
20170801,18.7,18.7,17.75,18.25,137832,0
