Date,Open,High,Low,Close,Volume,OpenInt
20130626,18.723,18.745,18.423,18.633,241274,0
20130627,18.495,18.648,18.382,18.602,69020,0
20130628,19.109,19.109,18.993,19.07,81201,0
20130701,18.573,18.738,18.52,18.723,104176,0
20130702,18.723,18.796,18.685,18.685,83970,0
20130703,18.542,18.738,18.542,18.648,7566,0
20130705,18.602,18.64,18.112,18.46,31417,0
20130708,18.324,18.542,18.324,18.354,106487,0
20130709,18.423,18.443,18.165,18.172,25183,0
20130710,18.165,18.231,18.081,18.081,51343,0
20130711,18.107,18.24,18.081,18.126,26119,0
20130712,18.118,18.249,17.962,18.073,24012,0
20130715,18.073,18.099,17.856,17.856,21776,0
20130716,18.007,18.007,17.63,17.675,27825,0
20130717,17.457,17.894,17.45,17.894,51459,0
20130718,17.653,17.878,17.623,17.817,30112,0
20130719,17.977,17.977,17.772,17.781,19348,0
20130722,17.917,17.931,17.63,17.781,60653,0
20130723,17.667,17.931,17.667,17.856,91306,0
20130724,17.931,17.984,17.524,17.661,30784,0
20130725,17.661,17.772,17.518,17.772,39839,0
20130726,17.804,17.817,17.661,17.781,28403,0
20130729,17.856,17.866,17.744,17.781,49377,0
20130730,17.87,17.87,17.571,17.653,31948,0
20130731,17.797,17.797,17.518,17.6,31964,0
20130801,17.706,17.706,17.328,17.353,63112,0
20130802,17.518,17.555,17.441,17.441,7765,0
20130805,17.478,17.478,17.201,17.397,17188,0
20130806,17.405,17.405,16.998,17.192,55734,0
20130807,16.876,17.511,16.876,17.473,57776,0
20130808,17.518,17.518,17.103,17.231,52548,0
20130809,17.328,17.328,17.178,17.283,21073,0
20130812,17.291,17.328,17.178,17.178,18874,0
20130813,17.186,17.276,17.103,17.11,29222,0
20130814,17.103,17.276,16.763,16.945,29570,0
20130815,17.119,17.119,16.508,16.809,52519,0
20130816,16.59,16.945,16.222,16.327,36897,0
20130819,16.349,16.349,15.685,15.912,94515,0
20130820,15.973,16.07,15.656,16.009,61529,0
20130821,16.009,16.108,15.709,15.927,43323,0
20130822,16.042,16.095,15.829,16.042,22571,0
20130823,15.821,16.44,15.821,16.44,29854,0
20130826,16.508,16.529,16.235,16.462,31805,0
20130827,16.448,16.689,16.448,16.576,34326,0
20130828,16.629,16.725,16.492,16.649,20050,0
20130829,16.576,16.952,16.576,16.584,23868,0
20130830,17.122,17.282,17.029,17.22,14793,0
20130903,16.725,16.725,16.259,16.44,42736,0
20130904,16.275,16.689,16.275,16.44,30404,0
20130905,16.372,16.499,16.07,16.409,21262,0
20130906,16.235,16.725,16.2,16.499,21826,0
20130909,16.388,16.394,16.191,16.379,38585,0
20130910,16.235,16.636,16.009,16.229,34906,0
20130911,16.335,16.59,15.837,16.131,45665,0
20130912,16.095,16.341,16.049,16.335,20317,0
20130913,16.319,16.455,16.312,16.448,19748,0
20130916,16.543,16.735,16.448,16.696,29492,0
20130917,16.59,16.656,16.448,16.448,24077,0
20130918,16.499,16.576,16.207,16.524,20879,0
20130919,16.319,16.524,16.131,16.508,63938,0
20130920,16.462,16.524,16.214,16.424,17269,0
20130923,16.319,16.569,16.155,16.485,63408,0
20130924,16.235,16.477,16.175,16.372,32769,0
20130925,16.243,16.569,16.243,16.492,11447,0
20130926,16.335,16.682,16.335,16.576,21356,0
20130927,16.672,16.974,16.672,16.797,13819,0
20130930,16.873,16.873,16.571,16.789,40746,0
20131001,16.789,16.858,16.696,16.735,44926,0
20131002,16.811,16.936,16.758,16.889,62187,0
20131003,16.835,16.919,16.696,16.881,45749,0
20131004,16.764,16.889,16.764,16.873,14950,0
20131007,16.826,16.826,16.594,16.594,31936,0
20131008,16.758,16.758,16.493,16.501,20455,0
20131009,16.501,16.6,16.315,16.354,28076,0
20131010,16.325,16.517,16.286,16.416,21332,0
20131011,16.546,16.571,16.254,16.394,33314,0
20131014,16.44,16.44,16.247,16.3,14607,0
20131015,16.332,16.394,16.176,16.237,26167,0
20131016,16.247,16.247,16.031,16.113,26935,0
20131017,16.169,16.237,16.093,16.231,26801,0
20131018,16.237,16.511,16.209,16.387,84760,0
20131021,16.408,16.463,16.315,16.455,42472,0
20131022,16.54,16.696,16.525,16.655,52955,0
20131023,16.688,16.85,16.681,16.804,59138,0
20131024,16.835,16.927,16.633,16.649,81006,0
20131025,16.75,16.771,16.463,16.517,113443,0
20131028,16.655,16.681,16.479,16.556,32871,0
20131029,16.71,16.71,16.424,16.525,70084,0
20131030,16.588,16.71,16.532,16.618,59464,0
20131031,16.688,16.71,16.564,16.6,45113,0
20131101,16.681,16.681,16.44,16.556,45986,0
20131104,16.61,16.672,16.556,16.618,23375,0
20131105,16.649,16.672,16.532,16.672,35643,0
20131106,16.649,16.78,16.643,16.771,72115,0
20131107,16.771,16.789,16.688,16.789,16393,0
20131108,16.71,16.789,16.688,16.78,24590,0
20131111,16.789,16.818,16.75,16.75,29459,0
20131112,16.61,16.78,16.61,16.704,72232,0
20131113,16.735,16.75,16.655,16.725,40004,0
20131114,16.771,16.771,16.688,16.771,40433,0
20131115,16.789,16.789,16.627,16.696,44903,0
20131118,16.725,16.725,16.627,16.643,21088,0
20131119,16.672,16.826,16.649,16.672,93309,0
20131120,16.688,16.696,16.463,16.479,45974,0
20131121,16.44,16.556,16.402,16.54,26983,0
20131122,16.486,16.688,16.486,16.663,35022,0
20131125,16.735,16.789,16.493,16.6,67258,0
20131126,16.594,16.842,16.594,16.818,43371,0
20131127,16.789,17.004,16.743,16.974,84378,0
20131129,16.982,17.136,16.965,17.067,28562,0
20131202,17.004,17.043,16.811,16.881,25329,0
20131203,16.95,16.95,16.873,16.881,23234,0
20131204,16.873,16.912,16.743,16.835,32881,0
20131205,16.904,16.904,16.633,16.743,32367,0
20131206,16.71,16.789,16.633,16.704,26249,0
20131209,16.71,16.735,16.44,16.696,48674,0
20131210,16.672,16.771,16.594,16.594,24772,0
20131211,16.54,16.688,16.54,16.655,46202,0
20131212,16.75,16.75,16.556,16.579,59740,0
20131213,16.811,16.811,16.44,16.546,70548,0
20131216,16.61,16.61,16.501,16.511,71554,0
20131217,16.556,16.6,16.479,16.532,57302,0
20131218,16.61,16.649,16.44,16.649,60425,0
20131219,16.743,16.85,16.649,16.735,37713,0
20131220,16.618,16.957,16.571,16.835,89921,0
20131223,16.842,17.013,16.696,16.696,71551,0
20131224,16.71,16.896,16.696,16.811,22243,0
20131226,16.919,16.919,16.633,16.725,87742,0
20131227,16.866,16.866,16.703,16.772,27837,0
20131230,16.79,16.813,16.585,16.653,98205,0
20131231,16.63,16.735,16.615,16.703,78476,0
20140102,16.735,16.963,16.735,16.931,48310,0
20140103,16.994,17.199,16.994,17.183,38236,0
20140106,17.128,17.406,17.128,17.31,76670,0
20140107,17.325,17.436,17.168,17.42,79698,0
20140108,17.365,17.373,17.262,17.373,25446,0
20140109,17.373,17.523,17.247,17.475,51098,0
20140110,17.523,17.586,17.469,17.547,74473,0
20140113,17.586,17.822,17.427,17.719,32838,0
20140114,17.752,17.839,17.619,17.681,38064,0
20140115,17.713,17.713,17.427,17.571,34903,0
20140116,17.555,17.719,17.547,17.681,27909,0
20140117,17.681,17.775,17.523,17.719,29268,0
20140121,17.719,17.877,17.5,17.87,32363,0
20140122,18.045,18.157,17.957,18.121,33923,0
20140123,18.13,18.232,17.941,18.121,55061,0
20140124,18.121,18.219,17.894,17.941,60508,0
20140127,17.973,18.113,17.886,18.02,11956,0
20140128,17.957,18.265,17.933,18.25,22310,0
20140129,18.194,18.194,17.919,18.004,38242,0
20140130,18.138,18.148,17.965,18.067,12050,0
20140131,18.012,18.101,17.957,17.996,12499,0
20140203,18.101,18.148,17.919,17.919,10423,0
20140204,17.973,18.037,17.745,17.839,13965,0
20140205,17.886,18.232,17.775,18.13,57547,0
20140206,18.113,18.13,18.037,18.067,27753,0
20140207,18.163,18.194,17.996,18.185,43354,0
20140210,18.194,18.21,17.996,18.083,25132,0
20140211,18.02,18.21,17.973,18.052,59247,0
20140212,18.157,18.275,18.157,18.219,12945,0
20140213,18.224,18.454,18.224,18.343,16072,0
20140214,18.305,18.548,18.305,18.479,22305,0
20140218,18.454,18.629,18.352,18.436,28223,0
20140219,18.454,18.667,18.313,18.51,73866,0
20140220,18.541,18.541,18.335,18.417,48684,0
20140221,18.51,18.51,18.417,18.43,18558,0
20140224,18.424,18.43,18.163,18.163,28441,0
20140225,18.313,18.313,18.083,18.13,33403,0
20140226,18.157,18.51,18.157,18.417,53554,0
20140227,18.463,18.564,18.352,18.564,42831,0
20140228,18.589,18.629,18.564,18.629,39602,0
20140303,18.62,18.865,18.548,18.738,61491,0
20140304,18.771,18.856,18.629,18.707,36384,0
20140305,18.771,18.856,18.698,18.856,31133,0
20140306,18.78,18.847,18.73,18.785,17535,0
20140307,18.785,18.785,18.598,18.598,18068,0
20140310,18.629,18.66,18.548,18.66,11869,0
20140311,18.564,18.692,18.548,18.589,12384,0
20140312,18.652,18.652,18.176,18.382,46968,0
20140313,18.204,18.598,18.204,18.589,28354,0
20140314,18.629,18.8,18.564,18.738,51882,0
20140317,18.762,18.936,18.762,18.827,60553,0
20140318,18.8,18.983,18.8,18.983,85383,0
20140319,19.134,19.134,18.936,18.936,52641,0
20140320,19.092,19.14,18.888,19.047,133867,0
20140321,19.102,19.14,19.047,19.134,23746,0
20140324,19.148,19.148,19.102,19.134,23319,0
20140325,19.079,19.251,19.079,19.166,28474,0
20140326,19.251,19.251,19.092,19.14,44721,0
20140327,19.26,19.338,19.181,19.338,30132,0
20140328,19.282,19.579,19.074,19.088,69412,0
20140331,19.121,19.138,18.93,19.082,29343,0
20140401,19.153,19.201,19.049,19.194,60691,0
20140402,19.274,19.386,19.113,19.177,55082,0
20140403,19.17,19.233,19.049,19.201,38241,0
20140404,19.249,19.282,19.056,19.218,29732,0
20140407,19.282,19.315,19.138,19.162,22266,0
20140408,19.113,19.218,19.082,19.121,19463,0
20140409,19.049,19.233,19.049,19.201,36469,0
20140410,19.226,19.282,19.153,19.186,11496,0
20140411,19.17,19.33,19.17,19.33,19410,0
20140414,19.435,19.435,19.241,19.288,21197,0
20140415,19.177,19.371,19.177,19.21,26328,0
20140416,19.201,19.33,19.177,19.282,21543,0
20140417,19.282,19.306,19.008,19.144,38438,0
20140421,19.144,19.33,19.144,19.259,12733,0
20140422,19.315,19.315,19.017,19.13,77996,0
20140423,19.088,19.13,19.041,19.121,27715,0
20140424,19.13,19.186,19.064,19.138,38349,0
20140425,19.082,19.241,19.082,19.233,27985,0
20140428,19.226,19.362,19.21,19.323,36362,0
20140429,19.402,19.677,19.259,19.386,44187,0
20140430,19.394,19.642,19.306,19.548,44622,0
20140501,19.564,19.763,19.564,19.699,38470,0
20140502,19.763,19.846,19.734,19.838,40014,0
20140505,19.716,19.846,19.651,19.699,33448,0
20140506,19.684,19.706,19.594,19.603,13788,0
20140507,19.594,19.706,19.572,19.642,35525,0
20140508,19.659,19.755,19.53,19.725,18559,0
20140509,19.699,19.773,19.691,19.755,17194,0
20140512,19.763,19.803,19.627,19.734,45916,0
20140513,19.79,19.846,19.684,19.716,24588,0
20140514,19.739,19.763,19.677,19.763,14636,0
20140515,19.763,19.763,19.684,19.706,25262,0
20140516,19.747,19.803,19.725,19.803,14399,0
20140519,19.794,19.851,19.79,19.803,32405,0
20140520,19.734,19.794,19.725,19.734,17247,0
20140521,19.734,19.851,19.734,19.846,26388,0
20140522,19.782,19.859,19.734,19.773,41239,0
20140523,19.763,19.82,19.684,19.82,42534,0
20140527,19.782,19.95,19.782,19.859,26674,0
20140528,19.916,20.037,19.885,20.019,22279,0
20140529,19.901,20.013,19.846,19.885,38146,0
20140530,19.878,19.99,19.82,19.971,20905,0
20140602,19.971,20.085,19.901,20.046,24192,0
20140603,20.068,20.068,19.901,19.957,30265,0
20140604,19.916,19.916,19.572,19.846,77647,0
20140605,19.846,19.925,19.716,19.878,28531,0
20140606,19.878,19.971,19.763,19.851,24612,0
20140609,19.829,19.893,19.734,19.773,40507,0
20140610,19.734,19.803,19.603,19.677,44311,0
20140611,19.734,19.901,19.699,19.846,49220,0
20140612,19.846,19.998,19.846,19.941,20709,0
20140613,19.901,20.037,19.878,19.998,38934,0
20140616,20.019,20.037,19.957,19.981,37623,0
20140617,19.893,20.085,19.893,20.013,42213,0
20140618,20.046,20.046,19.99,20.013,26989,0
20140619,19.99,20.056,19.907,20.013,61259,0
20140620,19.964,20.116,19.901,20.112,33547,0
20140623,20.019,20.116,20.019,20.116,28544,0
20140624,20.116,20.23,20.019,20.15,51772,0
20140625,20.15,20.263,20.124,20.182,45761,0
20140626,20.239,20.239,20.056,20.132,42485,0
20140627,20.241,20.28,19.938,19.953,26867,0
20140630,20.035,20.16,20.004,20.066,38127,0
20140701,20.084,20.182,19.977,20.084,25801,0
20140702,20.054,20.16,20.026,20.16,22875,0
20140703,20.074,20.232,19.996,20.208,24075,0
20140707,20.111,20.199,20.035,20.19,24297,0
20140708,20.102,20.241,20.035,20.15,36004,0
20140709,20.165,20.182,20.111,20.15,40689,0
20140710,20.142,20.232,20.142,20.223,12250,0
20140711,20.174,20.354,20.174,20.28,18242,0
20140714,20.313,20.444,20.265,20.404,32404,0
20140715,20.436,20.436,20.165,20.313,25575,0
20140716,20.313,20.354,20.247,20.32,13012,0
20140717,20.304,20.485,20.298,20.338,15646,0
20140718,20.304,20.411,20.29,20.313,14973,0
20140721,20.241,20.37,20.182,20.298,6971,0
20140722,20.329,20.419,20.271,20.37,6566,0
20140723,20.347,20.404,20.182,20.256,15019,0
20140724,20.313,20.313,20.174,20.174,18141,0
20140725,20.174,20.329,20.174,20.329,23561,0
20140728,20.28,20.509,20.199,20.485,16875,0
20140729,20.533,20.665,20.386,20.634,38221,0
20140730,20.723,20.723,20.501,20.549,20187,0
20140731,20.533,20.673,20.241,20.298,14021,0
20140801,20.37,20.386,20.265,20.347,8341,0
20140804,20.347,20.37,20.165,20.208,16639,0
20140805,20.256,20.354,20.208,20.241,6237,0
20140806,20.241,20.347,20.223,20.29,21501,0
20140807,20.298,20.378,20.29,20.329,21134,0
20140808,20.436,20.436,20.223,20.29,28934,0
20140811,20.329,20.395,20.232,20.271,22612,0
20140812,20.29,20.426,20.28,20.411,18432,0
20140813,20.386,20.419,20.354,20.395,6059,0
20140814,20.37,20.533,20.313,20.313,33075,0
20140815,20.32,20.444,20.304,20.354,17507,0
20140818,20.461,20.461,20.37,20.436,12601,0
20140819,20.509,20.509,20.404,20.411,12293,0
20140820,20.436,20.436,20.354,20.354,23686,0
20140821,20.386,20.386,20.29,20.347,20097,0
20140822,20.362,20.395,20.347,20.386,11588,0
20140825,20.386,20.461,20.362,20.452,46020,0
20140826,20.452,20.468,20.19,20.256,34036,0
20140827,20.271,20.313,20.271,20.304,51399,0
20140828,20.304,20.347,20.29,20.329,56949,0
20140829,20.378,20.378,20.215,20.29,26669,0
20140902,20.28,20.28,20.16,20.265,17254,0
20140903,20.265,20.329,20.19,20.304,16226,0
20140904,20.304,20.354,20.174,20.174,26629,0
20140905,20.28,20.28,20.174,20.208,15227,0
20140908,20.256,20.29,20.208,20.208,40451,0
20140909,20.271,20.271,20.182,20.182,21938,0
20140910,20.241,20.241,20.084,20.132,22759,0
20140911,20.165,20.182,20.092,20.116,23029,0
20140912,20.142,20.208,20.111,20.199,17852,0
20140915,20.16,20.265,20.111,20.111,14718,0
20140916,20.111,20.174,20.111,20.124,8436,0
20140917,20.165,20.199,20.06,20.199,21090,0
20140918,20.247,20.338,20.182,20.304,23657,0
20140919,20.32,20.461,20.298,20.411,14700,0
20140922,20.452,20.452,20.298,20.37,10223,0
20140923,20.411,20.436,20.208,20.29,57154,0
20140924,20.271,20.395,20.19,20.32,54839,0
20140925,20.304,20.304,20.092,20.232,11929,0
20140926,20.32,20.32,20.182,20.265,7808,0
20140929,20.407,20.529,20.256,20.38,25976,0
20140930,20.339,20.547,20.339,20.422,20531,0
20141001,20.488,20.514,20.339,20.422,9245,0
20141002,20.429,20.429,20.214,20.339,16317,0
20141003,20.355,20.355,20.231,20.314,28721,0
20141006,20.298,20.413,20.298,20.397,12498,0
20141007,20.413,20.413,20.38,20.388,9057,0
20141008,20.413,20.488,20.388,20.456,7902,0
20141009,20.422,20.488,20.407,20.456,13317,0
20141010,20.456,20.471,20.422,20.465,9112,0
20141013,20.456,20.465,20.33,20.446,4692,0
20141014,20.446,20.496,20.422,20.446,13745,0
20141015,20.446,20.465,20.207,20.38,32137,0
20141016,20.388,20.479,20.305,20.38,9154,0
20141017,20.496,20.538,20.465,20.514,7663,0
20141020,20.538,20.663,20.514,20.587,18485,0
20141021,20.547,20.631,20.547,20.587,7778,0
20141022,20.622,20.689,20.547,20.631,9151,0
20141023,20.637,20.704,20.631,20.637,14856,0
20141024,20.631,20.672,20.631,20.654,7007,0
20141027,20.747,20.753,20.637,20.712,15233,0
20141028,20.654,20.747,20.654,20.695,12579,0
20141029,20.763,20.771,20.646,20.747,13103,0
20141030,20.79,20.797,20.695,20.722,12883,0
20141031,20.797,20.821,20.722,20.821,36006,0
20141103,20.821,21.081,20.747,20.879,66047,0
20141104,20.996,21.081,20.897,20.928,20181,0
20141105,20.879,21.054,20.879,20.913,9710,0
20141106,20.904,20.987,20.888,20.928,31685,0
20141107,20.938,20.973,20.897,20.947,40048,0
20141110,20.973,21.037,20.973,21.022,17981,0
20141111,20.996,21.081,20.947,20.963,26256,0
20141112,20.963,21.003,20.963,21.003,19440,0
20141113,20.973,21.037,20.973,21.022,6722,0
20141114,20.987,21.022,20.979,21.003,6634,0
20141117,21.037,21.037,20.947,20.953,22633,0
20141118,21.022,21.022,20.797,20.888,49328,0
20141119,20.938,20.973,20.861,20.861,32386,0
20141120,20.879,20.947,20.803,20.812,11711,0
20141121,20.879,20.938,20.829,20.829,15255,0
20141124,20.897,20.913,20.847,20.897,18198,0
20141125,20.913,20.938,20.861,20.928,13163,0
20141126,20.928,20.979,20.897,20.938,4104,0
20141128,20.996,21.022,20.928,20.928,1056,0
20141201,20.963,20.979,20.92,20.928,10804,0
20141202,20.928,21.003,20.928,21.003,9454,0
20141203,20.947,21.037,20.947,20.996,9762,0
20141204,20.953,20.953,20.888,20.897,16376,0
20141205,20.897,20.979,20.879,20.947,11470,0
20141208,20.947,21.003,20.947,20.987,7479,0
20141209,21.054,21.054,20.979,21.012,7961,0
20141210,20.973,20.979,20.92,20.92,8589,0
20141211,20.897,21.003,20.897,20.953,3730,0
20141212,20.947,20.963,20.797,20.829,28468,0
20141215,20.829,20.861,20.797,20.829,12985,0
20141216,20.821,20.879,20.803,20.803,13965,0
20141217,20.847,20.928,20.839,20.871,13764,0
20141218,20.938,21.003,20.839,20.987,9141,0
20141219,20.987,21.037,20.938,20.963,11090,0
20141222,20.996,21.045,20.973,20.987,9814,0
20141223,21.022,21.054,20.996,21.003,5279,0
20141224,21.022,21.022,20.996,21.003,5727,0
20141226,21.012,21.037,20.987,21.003,5322,0
20141229,21.157,21.251,21.131,21.157,18080,0
20141230,21.157,21.216,21.122,21.207,12597,0
20141231,21.223,21.283,21.181,21.191,13342,0
20150102,21.241,21.275,21.199,21.257,13796,0
20150105,21.275,21.352,21.257,21.266,10464,0
20150106,21.257,21.309,21.251,21.292,7331,0
20150107,21.292,21.301,21.292,21.301,3012,0
20150108,21.275,21.385,21.241,21.251,26046,0
20150109,21.257,21.368,21.257,21.368,18218,0
20150112,21.301,21.454,21.301,21.419,16255,0
20150113,21.454,21.454,21.352,21.419,8108,0
20150114,21.394,21.444,21.309,21.385,12733,0
20150115,21.426,21.426,21.325,21.375,16262,0
20150116,21.419,21.494,21.36,21.47,12412,0
20150120,21.47,21.477,21.309,21.316,13478,0
20150121,21.335,21.454,21.335,21.385,9083,0
20150122,21.426,21.544,21.411,21.544,7014,0
20150123,21.435,21.536,21.435,21.494,5361,0
20150126,21.494,21.573,21.477,21.573,16078,0
20150127,21.623,21.623,21.513,21.623,11611,0
20150128,21.595,21.595,21.402,21.529,19454,0
20150129,21.529,21.613,21.529,21.595,11627,0
20150130,21.698,21.792,21.633,21.773,25357,0
20150202,21.705,21.792,21.705,21.792,7542,0
20150203,21.833,21.833,21.663,21.757,14194,0
20150204,21.808,21.808,21.663,21.799,19644,0
20150205,21.69,21.765,21.646,21.646,10611,0
20150206,21.673,21.673,21.58,21.58,4832,0
20150209,21.58,21.588,21.513,21.544,5420,0
20150210,21.58,21.588,21.522,21.58,9049,0
20150211,21.494,21.553,21.47,21.494,22652,0
20150212,21.444,21.573,21.444,21.573,6767,0
20150213,21.595,21.595,21.485,21.494,9018,0
20150217,21.494,21.529,21.461,21.485,9686,0
20150218,21.485,21.485,21.385,21.385,13292,0
20150219,21.394,21.522,21.394,21.494,2842,0
20150220,21.461,21.513,21.426,21.426,4079,0
20150223,21.553,21.573,21.435,21.573,16517,0
20150224,21.494,21.595,21.461,21.595,9597,0
20150225,21.522,21.623,21.513,21.623,8280,0
20150226,21.613,21.663,21.573,21.653,4013,0
20150227,21.633,21.723,21.633,21.698,10368,0
20150302,21.595,21.698,21.588,21.698,7444,0
20150303,21.588,21.705,21.563,21.705,10635,0
20150304,21.705,21.833,21.673,21.733,29898,0
20150305,21.799,21.799,21.713,21.783,6737,0
20150306,21.723,21.741,21.544,21.683,14534,0
20150309,21.573,21.705,21.553,21.698,8510,0
20150310,21.623,21.757,21.553,21.749,13590,0
20150311,21.733,21.749,21.623,21.69,19617,0
20150312,21.663,21.783,21.603,21.653,12406,0
20150313,21.623,21.723,21.623,21.698,3190,0
20150316,21.705,21.705,21.553,21.553,20798,0
20150317,21.58,21.58,21.477,21.529,27888,0
20150318,21.573,21.69,21.411,21.573,83072,0
20150319,21.613,21.799,21.588,21.765,11344,0
20150320,21.816,21.842,21.749,21.842,22924,0
20150323,21.808,21.825,21.653,21.773,7681,0
20150324,21.816,21.849,21.713,21.783,16898,0
20150325,21.808,21.833,21.713,21.765,7444,0
20150326,21.723,21.808,21.723,21.799,6146,0
20150327,21.783,21.792,21.663,21.663,5554,0
20150330,21.895,22.015,21.879,21.964,14289,0
20150331,21.947,22.067,21.94,22.007,11734,0
20150401,21.955,22.096,21.913,22.059,10458,0
20150402,21.991,22.05,21.984,22.025,7552,0
20150406,22.035,22.05,21.999,22.05,9528,0
20150407,22.035,22.05,21.991,22.015,5418,0
20150408,22.044,22.059,21.94,22.059,18356,0
20150409,21.999,22.067,21.964,22.044,11579,0
20150410,22.035,22.076,22.007,22.05,7436,0
20150413,22.035,22.059,21.836,21.974,14524,0
20150414,21.947,21.999,21.931,21.999,4183,0
20150415,22.044,22.076,21.955,21.991,6370,0
20150416,21.991,22.104,21.984,22.067,14659,0
20150417,22.086,22.119,22.035,22.076,13477,0
20150420,22.086,22.163,22.044,22.076,10540,0
20150421,22.044,22.25,22.044,22.137,17918,0
20150422,22.155,22.25,22.137,22.189,26414,0
20150423,22.25,22.258,22.137,22.223,18939,0
20150424,22.119,22.223,22.119,22.189,3135,0
20150427,22.189,22.258,22.104,22.155,14640,0
20150428,22.163,22.25,22.128,22.171,10572,0
20150429,22.015,22.215,22.015,22.198,15452,0
20150430,22.25,22.292,22.163,22.258,3950,0
20150501,22.215,22.292,22.104,22.231,11851,0
20150504,22.274,22.31,22.207,22.283,13477,0
20150505,22.231,22.231,22.05,22.137,12782,0
20150506,22.104,22.128,21.775,21.775,41277,0
20150507,21.766,21.903,21.766,21.827,27105,0
20150508,21.895,22.096,21.879,21.974,14872,0
20150511,21.974,22.015,21.827,21.895,7319,0
20150512,21.775,21.931,21.706,21.862,39562,0
20150513,21.903,22.096,21.862,22.035,31950,0
20150514,22.111,22.147,21.991,22.147,11037,0
20150515,22.128,22.155,22.025,22.05,7168,0
20150518,22.104,22.104,21.984,22.05,9538,0
20150519,22.059,22.059,21.94,21.984,10805,0
20150520,22.05,22.18,22.05,22.119,9644,0
20150521,22.137,22.137,22.007,22.067,10106,0
20150522,22.059,22.155,22.007,22.119,9993,0
20150526,22.076,22.147,21.895,21.931,28924,0
20150527,21.931,22.007,21.862,22.007,14175,0
20150528,21.947,22.104,21.871,22.104,5610,0
20150529,22.035,22.155,22.035,22.155,7319,0
20150601,22.155,22.155,22.059,22.111,16616,0
20150602,22.104,22.231,22.104,22.163,32741,0
20150603,22.189,22.189,22.119,22.137,6041,0
20150604,22.155,22.171,22.059,22.104,10805,0
20150605,22.076,22.147,22.076,22.119,6388,0
20150608,22.086,22.119,22.025,22.067,10223,0
20150609,22.015,22.104,21.991,22.096,7353,0
20150610,22.007,22.119,21.999,22.096,7630,0
20150611,22.025,22.035,21.862,21.903,18308,0
20150612,21.947,22.044,21.887,22.035,13711,0
20150615,21.923,21.964,21.887,21.947,9062,0
20150616,21.964,22.015,21.923,21.931,7088,0
20150617,21.947,22.104,21.947,22.104,10688,0
20150618,22.147,22.147,22.015,22.015,5575,0
20150619,22.059,22.059,21.903,21.923,4067,0
20150622,22.035,22.086,21.947,21.999,9411,0
20150623,22.035,22.076,21.984,22.035,16952,0
20150624,22.035,22.086,21.999,22.05,7204,0
20150625,22.035,22.035,21.862,21.862,35088,0
20150626,21.931,21.999,21.895,21.903,10458,0
20150629,21.975,22.027,21.913,22.027,9253,0
20150630,22.141,22.308,22.046,22.184,13412,0
20150701,22.219,22.342,22.219,22.308,15421,0
20150702,22.342,22.446,22.342,22.43,10280,0
20150706,22.324,22.324,22.316,22.316,4798,0
20150707,22.316,22.324,22.281,22.289,8338,0
20150708,22.289,22.333,22.211,22.333,6284,0
20150709,22.299,22.351,22.289,22.289,3540,0
20150710,22.281,22.413,22.281,22.376,10965,0
20150713,22.324,22.394,22.289,22.316,4569,0
20150714,22.299,22.413,22.299,22.376,10890,0
20150715,22.394,22.413,22.369,22.404,18558,0
20150716,22.404,22.43,22.351,22.376,13593,0
20150717,22.369,22.446,22.369,22.446,11536,0
20150720,22.456,22.465,22.386,22.456,4684,0
20150721,22.376,22.465,22.369,22.438,13936,0
20150722,22.446,22.456,22.369,22.43,8225,0
20150723,22.421,22.43,22.308,22.308,15878,0
20150724,22.369,22.386,22.324,22.386,6284,0
20150727,22.413,22.413,22.316,22.333,8110,0
20150728,22.316,22.43,22.316,22.421,11536,0
20150729,22.438,22.518,22.413,22.508,15306,0
20150730,22.499,22.499,22.43,22.474,11308,0
20150731,22.421,22.544,22.421,22.535,7196,0
20150803,22.544,22.544,22.386,22.499,9809,0
20150804,22.456,22.456,22.456,22.456,1142,0
20150805,22.552,22.552,22.446,22.465,7995,0
20150806,22.438,22.456,22.369,22.413,3928,0
20150807,22.324,22.376,22.324,22.376,2626,0
20150810,22.376,22.526,22.369,22.456,13364,0
20150811,22.413,22.482,22.404,22.482,4668,0
20150812,22.438,22.499,22.376,22.499,2971,0
20150813,22.482,22.482,22.376,22.386,6284,0
20150814,22.465,22.499,22.413,22.491,2626,0
20150817,22.56,22.57,22.446,22.508,8794,0
20150818,22.474,22.544,22.413,22.535,9253,0
20150819,22.456,22.535,22.456,22.535,3197,0
20150820,22.526,22.57,22.482,22.535,6853,0
20150821,22.526,22.544,22.369,22.376,9024,0
20150824,22.237,22.413,22.237,22.237,8857,0
20150825,22.237,22.316,22.141,22.193,6168,0
20150826,22.131,22.394,22.089,22.316,10509,0
20150827,22.324,22.518,22.237,22.446,8566,0
20150828,22.474,22.474,22.264,22.376,8225,0
20150831,22.43,22.579,22.289,22.376,10395,0
20150901,22.376,22.376,22.123,22.203,5596,0
20150902,22.227,22.421,22.167,22.272,17818,0
20150903,22.413,22.413,22.203,22.246,8566,0
20150904,22.175,22.299,22.079,22.079,5596,0
20150908,22.131,22.227,22.123,22.151,33469,0
20150909,22.151,22.281,22.098,22.184,23988,0
20150910,22.141,22.246,22.141,22.203,9192,0
20150911,22.193,22.281,22.175,22.203,10851,0
20150914,22.272,22.272,22.151,22.264,5826,0
20150915,22.308,22.342,22.167,22.281,4226,0
20150916,22.193,22.324,22.193,22.324,6741,0
20150917,22.193,22.456,22.193,22.456,13027,0
20150918,22.456,22.605,22.446,22.596,7653,0
20150921,22.666,22.816,22.587,22.78,24899,0
20150922,22.727,22.727,22.56,22.675,4798,0
20150923,22.806,22.806,22.456,22.474,7424,0
20150924,22.499,22.649,22.499,22.605,1766,0
20150925,22.736,22.736,22.508,22.666,6741,0
20150928,22.878,22.878,22.622,22.649,4583,0
20150929,22.809,22.809,22.577,22.675,5390,0
20150930,22.675,22.8,22.452,22.452,6627,0
20151001,22.381,22.568,22.311,22.435,21792,0
20151002,22.426,22.737,22.319,22.596,8311,0
20151005,22.612,22.862,22.452,22.568,13436,0
20151006,22.568,22.604,22.505,22.523,6515,0
20151007,22.577,22.889,22.577,22.666,12580,0
20151008,22.702,22.702,22.577,22.675,2359,0
20151009,22.612,22.702,22.558,22.666,6291,0
20151012,22.63,22.702,22.621,22.63,15602,0
20151013,22.63,22.765,22.533,22.533,33585,0
20151014,22.568,22.621,22.399,22.418,13704,0
20151015,22.523,22.675,22.471,22.596,14715,0
20151016,22.558,22.657,22.558,22.586,16062,0
20151019,22.596,22.64,22.551,22.577,15612,0
20151020,22.63,22.64,22.523,22.568,16428,0
20151021,22.657,22.675,22.523,22.577,11794,0
20151022,22.612,22.712,22.586,22.712,3820,0
20151023,22.773,22.781,22.612,22.63,4156,0
20151026,22.693,22.693,22.523,22.596,14939,0
20151027,22.604,22.657,22.558,22.64,8763,0
20151028,22.64,22.702,22.64,22.64,14602,0
20151029,22.666,22.781,22.568,22.577,385839,0
20151030,22.63,22.683,22.612,22.621,7638,0
20151102,22.712,22.959,22.63,22.862,124969,0
20151103,22.979,22.979,22.809,22.835,14153,0
20151104,22.889,22.995,22.756,22.995,13992,0
20151105,23.032,23.057,22.942,23.057,13928,0
20151106,23.004,23.004,22.657,22.925,15952,0
20151109,22.906,22.979,22.79,22.925,16981,0
20151110,23.022,23.022,22.773,22.896,9998,0
20151111,22.987,23.022,22.896,22.916,9324,0
20151112,22.979,22.979,22.712,22.8,15612,0
20151113,22.925,22.987,22.853,22.88,6064,0
20151116,22.896,23.041,22.889,22.987,9324,0
20151117,22.969,23.022,22.906,23.004,7301,0
20151118,23.049,23.227,22.969,23.209,12805,0
20151119,23.254,23.334,23.165,23.254,19096,0
20151120,23.165,23.219,22.95,22.95,15952,0
20151123,23.094,23.245,23.022,23.245,13592,0
20151124,23.254,23.262,23.12,23.201,23027,0
20151125,23.245,23.538,23.245,23.325,22353,0
20151127,23.29,23.397,23.272,23.298,4380,0
20151130,23.422,23.422,23.262,23.397,46839,0
20151201,23.352,23.378,23.281,23.325,9138,0
20151202,23.281,23.361,23.148,23.352,34403,0
20151203,23.307,23.307,23.057,23.281,14104,0
20151204,23.156,23.156,23.094,23.094,3820,0
20151207,23.012,23.032,22.925,22.969,2696,0
20151208,23.12,23.12,22.853,22.889,11854,0
20151209,22.969,22.969,22.872,22.88,7526,0
20151210,22.862,22.896,22.826,22.826,5168,0
20151211,22.95,22.969,22.79,22.809,15612,0
20151214,22.942,22.942,22.257,22.274,14587,0
20151215,22.586,22.737,22.044,22.114,141419,0
20151216,22.283,22.381,22.151,22.355,49423,0
20151217,22.479,22.568,22.257,22.257,98172,0
20151218,22.373,22.435,22.078,22.185,142879,0
20151221,22.212,22.542,22.212,22.257,43246,0
20151222,22.283,22.355,22.176,22.212,42330,0
20151223,22.265,22.426,22.265,22.408,22577,0
20151224,22.408,22.505,22.345,22.505,4950,0
20151228,22.523,22.586,22.381,22.533,6521,0
20151229,22.722,22.76,22.542,22.641,22552,0
20151230,22.75,22.814,22.558,22.668,10510,0
20151231,22.785,22.785,22.578,22.696,6954,0
20160104,22.823,22.823,22.622,22.814,16648,0
20160105,22.905,23.33,22.795,23.112,22133,0
20160106,22.878,23.112,22.868,22.994,5707,0
20160107,22.878,23.021,22.878,22.922,6450,0
20160108,22.922,23.049,22.713,22.868,27224,0
20160111,22.868,22.977,22.823,22.868,10278,0
20160112,22.903,22.903,22.804,22.804,12426,0
20160113,22.84,22.949,22.587,22.641,32389,0
20160114,22.632,22.768,22.46,22.542,21585,0
20160115,22.542,22.711,22.188,22.533,15407,0
20160119,22.622,22.668,22.514,22.632,14245,0
20160120,22.551,22.842,21.961,22.677,63238,0
20160121,22.442,22.957,22.433,22.957,20381,0
20160122,22.849,22.913,22.713,22.878,7029,0
20160125,22.814,22.814,22.731,22.814,8684,0
20160126,22.804,22.814,22.651,22.722,13310,0
20160127,22.731,22.814,22.641,22.75,18466,0
20160128,22.814,22.814,22.696,22.804,5881,0
20160129,22.814,23.104,22.776,23.049,33898,0
20160201,22.939,23.066,22.831,22.949,17904,0
20160202,23.04,23.057,22.839,22.977,27676,0
20160203,23.066,23.066,22.839,22.839,20274,0
20160204,23.021,23.134,22.941,23.075,12722,0
20160205,23.032,23.12,22.922,22.949,10992,0
20160208,22.932,22.932,22.405,22.564,14106,0
20160209,22.37,22.551,22.192,22.542,11357,0
20160210,22.424,22.939,22.261,22.551,9922,0
20160211,22.188,22.188,21.021,21.174,39199,0
20160212,21.174,21.793,20.58,21.41,10856,0
20160216,21.7,22.622,21.7,22.315,21895,0
20160217,22.609,22.767,22.46,22.613,12840,0
20160218,22.804,22.804,22.369,22.578,18106,0
20160219,22.705,22.922,22.315,22.795,12847,0
20160222,22.804,22.977,22.74,22.74,9753,0
20160223,22.863,22.977,22.261,22.297,16524,0
20160224,22.306,22.551,22.268,22.514,3870,0
20160225,22.514,22.686,22.514,22.609,9534,0
20160226,22.632,22.823,22.504,22.632,25205,0
20160229,22.651,22.804,22.279,22.533,37001,0
20160301,22.76,22.776,22.504,22.632,20031,0
20160302,22.705,22.765,22.542,22.587,6339,0
20160303,22.551,22.551,22.207,22.333,19922,0
20160304,22.315,22.46,22.233,22.37,12180,0
20160307,22.297,22.632,22.27,22.542,11056,0
20160308,22.46,22.713,22.261,22.324,23949,0
20160309,22.378,22.578,22.297,22.442,12127,0
20160310,22.496,22.686,22.442,22.523,14302,0
20160311,22.641,22.713,22.558,22.705,13248,0
20160314,22.651,22.713,22.651,22.668,23232,0
20160315,22.776,22.868,22.641,22.776,21562,0
20160316,22.76,22.776,22.641,22.731,8559,0
20160317,22.677,22.994,22.677,22.957,25121,0
20160318,23.04,23.078,22.852,23.057,7603,0
20160321,22.967,23.393,22.868,23.339,37650,0
20160322,23.32,23.339,23.139,23.175,13272,0
20160323,23.266,23.293,23.12,23.212,16689,0
20160324,23.094,23.238,23.057,23.107,12108,0
20160328,23.221,23.23,23.139,23.184,8193,0
20160329,23.238,23.302,23.203,23.266,11139,0
20160330,23.331,23.34,23.211,23.311,11595,0
20160331,23.191,23.302,23.191,23.293,8556,0
20160401,23.191,23.285,22.851,23.036,17606,0
20160404,23.105,23.2,23.011,23.101,7574,0
20160405,23.071,23.201,23.026,23.026,11229,0
20160406,23.182,23.191,23.122,23.136,3423,0
20160407,23.071,23.191,23.071,23.071,10895,0
20160408,23.201,23.348,23.091,23.344,29060,0
20160411,23.211,23.348,23.191,23.348,25317,0
20160412,23.251,23.845,23.251,23.56,17684,0
20160413,23.597,23.597,23.472,23.597,8245,0
20160414,23.579,23.597,23.579,23.597,6848,0
20160415,23.634,23.644,23.454,23.644,7020,0
20160418,23.644,23.68,23.615,23.672,10200,0
20160419,23.68,23.835,23.515,23.56,12372,0
20160420,23.692,23.809,23.67,23.725,22805,0
20160421,23.754,23.754,23.606,23.754,3142,0
20160422,23.754,23.754,23.644,23.644,5905,0
20160425,23.625,23.744,23.625,23.717,3950,0
20160426,23.717,23.754,23.67,23.745,10368,0
20160427,23.735,23.835,23.709,23.835,14288,0
20160428,23.735,23.845,23.735,23.845,14892,0
20160429,23.86,24.114,23.78,24.029,9113,0
20160502,24.039,24.114,23.994,24.104,12846,0
20160503,23.984,24.094,23.845,23.919,7050,0
20160504,23.845,23.965,23.845,23.956,10074,0
20160505,23.965,23.965,23.879,23.965,5513,0
20160506,23.91,23.974,23.819,23.974,3354,0
20160509,23.884,24.012,23.884,24.012,6830,0
20160510,24.012,24.104,23.984,24.104,17739,0
20160511,24.067,24.094,23.974,24.094,15956,0
20160512,24.104,24.114,23.994,24.104,13343,0
20160513,24.084,24.114,24.029,24.09,13535,0
20160516,24.114,24.132,23.994,24.132,65049,0
20160517,24.039,24.169,23.974,24.123,31258,0
20160518,24.076,24.169,23.892,24.169,18702,0
20160519,24.059,24.067,23.773,23.78,27456,0
20160520,23.845,24.132,23.78,24.029,20867,0
20160523,23.974,24.126,23.948,23.948,7401,0
20160524,24.114,24.169,24.114,24.14,19003,0
20160525,24.195,24.224,24.084,24.224,34242,0
20160526,24.233,24.353,24.094,24.306,13869,0
20160527,24.288,24.38,24.178,24.324,6899,0
20160531,24.398,24.601,24.178,24.601,24226,0
20160601,24.638,24.638,24.224,24.454,9753,0
20160602,24.537,24.758,24.398,24.758,7292,0
20160603,24.712,24.73,24.473,24.721,21284,0
20160606,24.942,25.043,24.632,24.942,12869,0
20160607,24.758,24.904,24.565,24.684,12342,0
20160608,24.777,25.063,24.675,25.063,7535,0
20160609,25.024,25.024,24.693,24.869,5499,0
20160610,24.712,24.959,24.647,24.693,13084,0
20160613,24.804,24.942,24.518,24.518,12258,0
20160614,24.592,24.592,24.426,24.444,22921,0
20160615,24.444,24.444,24.363,24.363,6992,0
20160616,24.363,24.418,24.233,24.408,11519,0
20160617,24.418,24.426,24.279,24.398,10001,0
20160620,24.426,24.473,24.159,24.38,31683,0
20160621,24.353,24.353,24.224,24.315,10597,0
20160622,24.269,24.495,24.247,24.398,16566,0
20160623,24.426,24.426,24.233,24.38,4284,0
20160624,23.486,24.175,23.486,24.094,4640,0
20160627,23.854,24.398,23.773,24.029,11203,0
20160628,24.067,24.306,24.067,24.26,16808,0
20160629,24.316,24.456,24.016,24.41,19201,0
20160630,24.298,24.36,24.007,24.213,18592,0
20160701,24.167,24.476,24.111,24.194,8422,0
20160705,24.232,24.267,24.045,24.237,13795,0
20160706,24.288,24.485,24.129,24.289,10645,0
20160707,24.466,24.934,24.466,24.934,20937,0
20160708,24.934,24.981,24.859,24.905,14958,0
20160711,24.991,25,24.869,24.981,7077,0
20160712,25,25.075,25,25.075,7451,0
20160713,25.066,25.066,24.905,25.042,8350,0
20160714,25.075,25.075,25.017,25.027,4626,0
20160715,25.027,25.093,24.934,25.093,6125,0
20160718,24.981,25.093,24.859,25.083,10420,0
20160719,24.991,25.131,24.991,25.067,6785,0
20160720,25.131,25.131,24.897,24.997,14476,0
20160721,24.812,24.961,24.645,24.878,8783,0
20160722,25.082,25.113,25.061,25.083,5057,0
20160725,25,25.083,24.951,25.01,3883,0
20160726,25.113,25.225,25,25.122,8096,0
20160727,25.122,25.195,25.01,25.037,7639,0
20160728,25.027,25.139,24.991,25.122,5847,0
20160729,25.094,25.205,25.083,25.195,7647,0
20160801,25.093,25.18,25.075,25.113,4937,0
20160802,24.961,25.205,24.954,25.139,14542,0
20160803,25.187,25.225,25.078,25.195,11731,0
20160804,25.241,25.271,25.122,25.271,11552,0
20160805,25.159,25.224,25.037,25.195,15844,0
20160808,25.124,25.271,25.124,25.271,8672,0
20160809,25.222,25.298,25.162,25.162,5203,0
20160810,25.197,25.288,25.178,25.281,7248,0
20160811,25.271,25.327,25.159,25.235,15622,0
20160812,25.169,25.189,25.093,25.093,6890,0
20160815,25.075,25.225,25.037,25.225,4074,0
20160816,25.056,25.149,24.961,24.961,3389,0
20160817,24.897,25.159,24.878,25.159,4427,0
20160818,25.017,25.439,25.017,25.281,11391,0
20160819,25.261,25.297,25.261,25.281,2212,0
20160822,25.243,25.302,25.159,25.159,6319,0
20160823,25.253,25.281,25.196,25.196,3914,0
20160824,25.169,25.281,25.169,25.187,5425,0
20160825,25.17,25.261,25.17,25.261,2941,0
20160826,25.235,25.327,25.188,25.211,6363,0
20160829,25.169,25.337,25.169,25.327,11300,0
20160830,25.281,25.327,25.225,25.327,2823,0
20160831,25.235,25.347,25.187,25.347,12384,0
20160901,25.243,25.356,25.235,25.337,9874,0
20160902,25.317,25.347,25.205,25.347,8770,0
20160906,25.281,25.337,25.195,25.337,10162,0
20160907,25.225,25.281,25.205,25.215,5331,0
20160908,25.195,25.309,25.187,25.271,5769,0
20160909,25.187,25.281,24.961,25.169,11017,0
20160912,24.915,25.159,24.915,25.159,4828,0
20160913,25.066,25.215,24.925,25.215,12113,0
20160914,25.131,25.291,25.083,25.233,4682,0
20160915,25.149,25.373,25.149,25.373,13519,0
20160916,25.243,25.299,25,25.243,7563,0
20160919,25.253,25.271,25.131,25.209,5143,0
20160920,25.253,25.281,25.215,25.281,4125,0
20160921,25.253,25.373,25.253,25.291,19268,0
20160922,25.373,25.657,25.373,25.524,15488,0
20160923,25.524,25.636,25.345,25.487,4628,0
20160926,25.495,25.571,25.495,25.551,7445,0
20160927,25.337,25.665,25.317,25.383,9129,0
20160928,25.45,25.45,25.098,25.108,13064,0
20160929,25.259,25.259,24.889,24.889,22332,0
20160930,25.108,25.66,24.838,25.65,28889,0
20161003,25.555,25.58,25.316,25.479,4496,0
20161004,25.443,25.443,25.335,25.411,1924,0
20161005,25.291,25.469,25.291,25.469,5298,0
20161006,25.418,25.488,25.418,25.469,2072,0
20161007,25.417,25.488,25.355,25.479,7549,0
20161010,25.469,25.479,25.442,25.46,4066,0
20161011,25.403,25.403,25.162,25.162,1193,0
20161012,25.483,25.483,25.078,25.108,2278,0
20161013,25.108,25.412,25.108,25.412,3209,0
20161014,25.497,25.497,25.355,25.355,6890,0
20161017,25.212,25.406,25.088,25.202,4442,0
20161018,25.239,25.239,24.87,24.87,4154,0
20161019,24.822,25.46,24.822,25.249,4573,0
20161020,25.46,25.497,25.329,25.497,3319,0
20161021,25.211,25.774,25.211,25.403,6129,0
20161024,25.135,25.678,25.135,25.593,3004,0
20161025,25.307,25.897,25.212,25.46,8284,0
20161026,25.42,25.65,25.42,25.65,2072,0
20161027,25.611,25.64,25.261,25.326,7417,0
20161028,25.021,25.64,25.021,25.279,6484,0
20161031,25.307,25.307,25.078,25.078,5980,0
20161101,25.196,25.469,25.196,25.469,2194,0
20161102,25.479,25.526,25.202,25.373,9904,0
20161103,25.277,25.469,25.117,25.469,10637,0
20161104,25.165,25.175,24.778,25.135,6392,0
20161107,25.098,25.507,25.098,25.335,979,0
20161108,25.117,25.483,25.026,25.098,8936,0
20161109,25.307,25.307,25.117,25.117,1602,0
20161110,24.936,24.974,24.67,24.67,6633,0
20161111,24.489,24.974,23.737,24.032,9762,0
20161114,24.48,24.48,23.576,23.785,9337,0
20161115,23.804,24.527,23.804,24.527,7757,0
20161116,24.173,24.898,23.96,24.317,12209,0
20161117,24.404,24.406,24.022,24.365,7039,0
20161118,24.069,24.219,24.005,24.219,4257,0
20161121,24.127,24.385,24.052,24.352,6937,0
20161122,24.261,24.404,24.166,24.166,3534,0
20161123,24.28,24.337,24.013,24.175,6136,0
20161125,24.316,24.327,24.126,24.327,561,0
20161128,24.318,24.499,24.099,24.499,3188,0
20161129,24.127,24.443,24.089,24.282,5111,0
20161130,24.232,24.28,23.89,23.89,8616,0
20161201,23.975,24.018,23.975,23.975,8670,0
20161202,24.07,24.079,23.833,23.928,12942,0
20161205,23.956,24.194,23.929,24.132,1883,0
20161206,24.385,24.66,23.975,24.66,3893,0
20161207,24.223,24.232,23.975,24.09,17384,0
20161208,24.174,24.261,23.955,23.955,5931,0
20161209,24.013,24.014,23.892,23.999,3019,0
20161212,23.864,23.971,23.833,23.833,4474,0
20161213,23.965,24.022,23.869,23.926,3919,0
20161214,23.881,24.005,23.784,23.794,7564,0
20161215,23.784,24.422,23.661,23.822,10552,0
20161216,23.965,24.213,23.965,24.203,5089,0
20161219,24.422,24.718,24.356,24.489,5801,0
20161220,24.365,24.54,24.185,24.254,6989,0
20161221,24.223,24.582,24.166,24.442,8282,0
20161222,24.261,24.736,24.261,24.375,3419,0
20161223,24.325,24.727,24.325,24.559,2912,0
20161227,24.365,24.365,24.005,24.127,11787,0
20161228,24.485,24.863,24.146,24.319,10957,0
20161229,24.482,24.492,24.272,24.398,7598,0
20161230,24.603,24.647,24.33,24.478,3126,0
20170103,24.611,24.611,24.418,24.538,1781,0
20170104,24.601,24.63,24.534,24.611,9223,0
20170105,24.563,24.867,24.485,24.795,12679,0
20170106,25.037,25.037,24.311,24.64,16687,0
20170109,24.64,24.747,24.522,24.708,6021,0
20170110,24.749,24.911,24.648,24.911,6864,0
20170111,24.718,24.921,24.601,24.921,7202,0
20170112,25.066,25.066,24.679,24.911,3056,0
20170113,24.776,24.776,24.659,24.776,5463,0
20170117,24.892,25.366,24.776,25.037,18858,0
20170118,25.124,25.163,25.108,25.163,3229,0
20170119,25.095,25.298,24.94,25.298,4973,0
20170120,25.182,25.214,25.124,25.211,2016,0
20170123,25.24,25.325,25.124,25.179,10696,0
20170124,25.114,25.236,25.008,25.017,4259,0
20170125,24.901,24.919,24.849,24.872,2520,0
20170126,24.863,25.201,24.863,25.201,2765,0
20170127,25.116,25.193,24.921,25.017,3197,0
20170130,25.095,25.095,24.884,24.912,3753,0
20170131,25.114,25.114,24.959,25.106,2180,0
20170201,25.066,25.153,24.959,24.959,8297,0
20170202,24.959,25.016,24.931,24.95,3556,0
20170203,25.064,25.163,25.064,25.099,3429,0
20170206,25.114,25.357,25.047,25.357,7563,0
20170207,25.208,25.279,25.095,25.245,6460,0
20170208,25.221,25.357,25.221,25.357,6056,0
20170209,25.231,25.453,25.173,25.453,5551,0
20170210,25.259,25.369,25.231,25.317,8295,0
20170213,25.25,25.385,25.25,25.385,2372,0
20170214,25.289,25.341,25.124,25.143,7325,0
20170215,24.979,25.114,24.843,25.027,4317,0
20170216,24.921,25.078,24.921,25.078,2126,0
20170217,24.969,24.989,24.969,24.989,1072,0
20170221,25.008,25.259,25.008,25.075,4810,0
20170222,25.066,25.209,25.053,25.209,2887,0
20170223,25.066,25.211,25.066,25.182,6798,0
20170224,25.095,25.179,25.095,25.124,4539,0
20170227,25.182,25.231,25.056,25.153,5652,0
20170228,25.143,25.143,25.047,25.124,3424,0
20170301,25.134,25.134,24.979,24.998,5777,0
20170302,24.977,25.085,24.977,25.085,3290,0
20170303,24.998,25.114,24.989,25.114,2047,0
20170306,25.114,25.279,25.044,25.253,3427,0
20170307,25.279,25.279,25.066,25.095,4112,0
20170308,25.027,25.037,24.814,24.972,4943,0
20170309,24.814,24.974,24.505,24.974,8954,0
20170310,24.65,25.017,24.65,24.969,6341,0
20170313,24.766,24.868,24.719,24.863,5705,0
20170314,24.727,24.93,24.679,24.882,7413,0
20170315,24.959,24.998,24.776,24.949,5015,0
20170316,24.979,25.282,24.979,25.282,9227,0
20170317,25.385,25.385,25.047,25.368,14181,0
20170320,25.114,25.363,25.114,25.337,10400,0
20170321,25.221,25.221,24.979,25.062,3915,0
20170322,24.989,25.259,24.979,25.066,5002,0
20170323,25.24,25.415,25.24,25.405,14176,0
20170324,25.289,25.289,25.289,25.289,493,0
20170327,25.114,25.298,25.114,25.276,5165,0
20170328,25.279,25.501,25.279,25.501,2128,0
20170329,25.531,25.531,25.452,25.472,17023,0
20170330,25.501,25.698,25.344,25.481,6667,0
20170331,25.516,25.609,25.421,25.609,2681,0
20170403,25.521,26.072,25.521,25.991,17421,0
20170404,25.993,26.416,25.777,26.259,26968,0
20170405,26.2,26.249,26.132,26.219,4613,0
20170406,26.146,26.367,26.146,26.328,6784,0
20170407,26.121,26.21,26.072,26.18,4625,0
20170410,26.042,26.328,26.042,26.249,9722,0
20170411,26.17,26.17,25.973,26.062,2740,0
20170412,26.033,26.042,25.767,26.042,6955,0
20170413,26.032,26.042,25.727,25.727,4240,0
20170417,25.905,25.964,25.747,25.865,4340,0
20170418,25.845,25.855,25.737,25.833,4034,0
20170419,25.783,25.783,25.783,25.783,261,0
20170420,25.757,25.757,25.757,25.757,793,0
20170421,25.777,25.777,25.737,25.752,2534,0
20170424,25.806,25.831,25.767,25.781,3232,0
20170425,25.865,25.865,25.619,25.668,20051,0
20170426,25.609,25.684,25.609,25.649,2176,0
20170427,25.531,25.668,25.531,25.639,5765,0
20170428,25.569,25.668,25.481,25.59,12149,0
20170501,25.413,25.531,25.295,25.501,9766,0
20170502,25.56,25.619,25.509,25.509,4514,0
20170503,25.481,25.551,25.481,25.551,706,0
20170504,25.485,25.521,25.452,25.489,4728,0
20170505,25.569,25.569,25.56,25.56,1039,0
20170508,25.442,25.542,25.442,25.452,5644,0
20170509,25.504,25.504,25.438,25.479,1562,0
20170510,25.466,25.531,25.466,25.531,2851,0
20170511,25.474,25.555,25.474,25.481,2070,0
20170512,25.58,25.596,25.511,25.547,1952,0
20170515,25.528,25.633,25.528,25.629,2411,0
20170516,25.55,25.649,25.55,25.649,5013,0
20170517,25.432,25.629,25.432,25.58,12357,0
20170518,25.491,25.57,25.491,25.57,7393,0
20170519,25.57,25.589,25.481,25.58,3505,0
20170522,25.591,25.6,25.57,25.58,3313,0
20170523,25.678,25.678,25.604,25.604,823,0
20170524,25.55,25.629,25.498,25.629,10069,0
20170525,25.609,25.609,25.442,25.55,4609,0
20170526,25.557,25.557,25.396,25.54,2110,0
20170530,25.481,25.649,25.481,25.649,5289,0
20170531,25.532,25.649,25.462,25.521,5517,0
20170601,25.531,25.639,25.531,25.58,6238,0
20170602,25.57,25.708,25.57,25.678,4971,0
20170605,25.618,25.629,25.59,25.629,3089,0
20170606,25.6,25.658,25.56,25.56,9796,0
20170607,25.56,25.603,25.56,25.603,3251,0
20170608,25.609,25.609,25.55,25.56,3754,0
20170609,25.54,25.56,25.472,25.56,8823,0
20170612,25.472,25.56,25.472,25.542,5063,0
20170613,25.55,25.56,25.491,25.56,2084,0
20170614,25.56,25.678,25.54,25.678,11268,0
20170615,25.678,25.678,25.653,25.667,1579,0
20170616,25.6,25.796,25.6,25.708,4925,0
20170619,25.816,25.816,25.757,25.786,4445,0
20170620,25.762,25.786,25.699,25.777,9475,0
20170621,25.757,25.934,25.757,25.905,11512,0
20170622,25.845,26.021,25.845,26.021,2215,0
20170623,26.18,26.18,26.032,26.052,5500,0
20170626,26.239,26.249,26.17,26.229,2823,0
20170627,26.16,26.347,26.16,26.16,9896,0
20170628,26.23,26.26,25.87,25.99,21565,0
20170629,25.98,26.22,25.8426,25.9598,12649,0
20170630,25.9584,25.999,25.87,25.88,1524,0
20170703,25.9,25.97,25.9,25.97,5647,0
20170705,25.96,25.97,25.8888,25.97,1869,0
20170706,26,26.1899,25.9456,26.01,7009,0
20170707,26,26.16,25.94,26.16,3935,0
20170710,26.16,26.26,26.01,26.25,2986,0
20170711,26.26,26.26,26.0771,26.23,11107,0
20170712,26.3678,26.59,26.3678,26.59,2291,0
20170713,26.61,26.61,26.178,26.42,4287,0
20170714,26.52,26.56,26.23,26.56,3484,0
20170717,26.74,26.74,26.56,26.6,3564,0
20170718,26.6,26.6155,26.401,26.6155,3730,0
20170719,26.42,26.79,26.42,26.43,7860,0
20170720,26.47,26.58,26.47,26.58,1944,0
20170721,26.81,26.81,26.56,26.62,1034,0
20170724,26.56,26.7,26.56,26.7,3639,0
20170725,26.7175,26.86,26.4,26.5209,4927,0
20170726,26.4,26.58,26.2,26.335,6241,0
20170727,26.373,26.4373,26.25,26.4373,3360,0
20170728,26.4488,26.4488,26.4488,26.4488,671,0
20170731,26.4376,26.52,26.3045,26.33,3053,0
20170801,26.45,26.47,26.34,26.44,1648,0
