Date,Open,High,Low,Close,Volume,OpenInt
20150611,20.93,31.17,20.11,29.9,11381263,0
20150612,27.2,28,22.22,22.31,5577300,0
20150615,21.26,24,21.06,22.87,2278700,0
20150616,22.49,23.3,21.66,22.12,625700,0
20150617,21.61,22.48,20.4,21,1129000,0
20150618,19.75,20.43,19,19.26,1784300,0
20150619,18.94,19.48,18.61,19.38,663800,0
20150622,19.04,20.34,19.03,20.09,562100,0
20150623,20.47,21.74,19.73,20.13,613398,0
20150624,19.65,20.7,19.1,20.08,361100,0
20150625,20.6,20.6,19.38,19.65,345700,0
20150626,19.3,19.76,19,19.48,355200,0
20150629,18.18,20,18.18,19.96,266600,0
20150630,20.3,20.61,19.09,20.38,182790,0
20150701,20.8,21.39,19.57,19.7,313000,0
20150702,20.19,20.79,19.02,19.26,487200,0
20150706,19.64,19.73,18.85,18.99,851000,0
20150707,18.79,19.24,18.48,19,545200,0
20150708,18.95,19.09,18.51,18.72,214500,0
20150709,18.8,19.01,17.68,18.3,355700,0
20150710,17.97,18.99,17.36,17.56,517700,0
20150713,17.68,18.08,16.77,17.24,275800,0
20150714,17.2,17.28,16.75,16.99,761992,0
20150715,17.24,17.99,17.01,17.3,1046553,0
20150716,17.43,18.28,17.12,17.54,528700,0
20150717,19.86,22.88,19.05,21.27,2458500,0
20150720,22.51,22.51,20.15,20.84,1653900,0
20150721,20.99,20.99,19,19.41,947800,0
20150722,19.2,21.5,17.25,18.16,1915000,0
20150723,18.93,19,16.25,16.39,1620300,0
20150724,15.61,15.98,14.14,15.46,1796700,0
20150727,15.05,16.1,14.79,15.58,460600,0
20150728,15.42,16.37,14.25,15.95,662500,0
20150729,15.87,16,14.81,14.86,259900,0
20150730,14.74,15.2,14.5,14.6,336700,0
20150731,14.47,15,13.82,14.01,512000,0
20150803,14.48,14.48,12.75,12.86,626746,0
20150804,12.63,13,12.01,12.41,462800,0
20150805,12.47,12.92,11.39,11.69,609700,0
20150806,11.46,12.49,11.46,11.78,578007,0
20150807,11.89,12.1,11.13,11.88,425300,0
20150810,12.03,12.35,11.72,11.83,266200,0
20150811,11.59,11.75,9.99,11.55,1206959,0
20150812,11.23,14.4,10.04,11.34,1867700,0
20150813,11.11,11.94,11,11.51,264900,0
20150814,11.56,11.96,10.96,11.71,549900,0
20150817,11.7,14.1,11.2,14.06,1020000,0
20150818,14.08,14.1,12.3,12.9,845800,0
20150819,13.13,13.19,11.78,12.35,285300,0
20150820,12.16,12.45,11.01,11.18,749400,0
20150821,11.03,11.53,11,11.25,296800,0
20150824,10.51,12.45,10.5,11.2,526123,0
20150825,11.25,12.25,11.25,11.63,496300,0
20150826,11.76,12.11,11.02,11.08,296000,0
20150827,11.26,12.72,10.93,12.48,1106100,0
20150828,12.41,12.54,11.57,11.88,469400,0
20150831,11.84,12.5,11.83,12.02,234600,0
20150901,11.69,12.37,11.4,12.3,180100,0
20150902,12.17,13.49,12.1,13.19,411600,0
20150903,13.08,13.72,12.86,13.39,506500,0
20150904,12.97,13.48,12.89,13.2,128500,0
20150908,13.28,13.78,12.39,12.66,539900,0
20150909,12.8,13,12.16,12.77,256000,0
20150910,12.8,13.73,12.6,13.55,422421,0
20150911,13.58,14.77,13.38,14.68,290700,0
20150914,14.68,16.85,14.6,16.59,1154700,0
20150915,16.7,16.91,15.65,16.49,378800,0
20150916,16.54,17.4,16,16.36,450600,0
20150917,16.49,16.99,16.01,16.2,373600,0
20150918,16.11,16.74,15.81,15.97,408000,0
20150921,16.02,16.35,14.11,14.46,538800,0
20150922,14.7,16,14.06,15.61,443900,0
20150923,15.83,16.08,15.02,15.92,272100,0
20150924,15.88,16.11,14.84,15.33,413765,0
20150925,14.93,15.48,14.26,14.69,527700,0
20150928,14.5,14.52,11.51,11.83,990452,0
20150929,12.01,12.67,11.31,12.24,1089300,0
20150930,12.3,13.2,12.1,12.92,2129100,0
20151001,13.1,14.28,11.01,14.03,1056600,0
20151002,12.72,13.83,12.43,13.36,830500,0
20151005,13.38,13.63,12.94,13.37,546060,0
20151006,13.27,13.71,11.81,13.21,1132500,0
20151007,13.25,14.36,13.25,14.17,505500,0
20151008,14.13,14.22,12.75,13.21,453900,0
20151009,13.22,13.73,13,13.61,299300,0
20151012,13.64,14.35,13.42,13.82,406014,0
20151013,13.82,13.82,12.14,12.35,311600,0
20151014,12.4,13.43,12.16,13.12,342000,0
20151015,13.07,13.91,12.93,13.31,894700,0
20151016,13.33,14.37,13.21,13.33,602000,0
20151019,13.33,13.98,13,13.3,192400,0
20151020,13.2,13.43,12.61,12.74,204767,0
20151021,12.87,13.73,12.5,13.4,277300,0
20151022,13.47,13.98,12.82,12.97,348200,0
20151023,12.97,13.24,12.6,12.73,338600,0
20151026,12.73,13.1,12.51,12.82,329500,0
20151027,12.81,13.09,12.4,12.62,228200,0
20151028,12.65,12.8,11.99,12.1,451700,0
20151029,12.14,12.8,11.76,12.53,276300,0
20151030,12.59,12.61,12.1,12.19,205600,0
20151102,12.26,13.61,12,13.37,366450,0
20151103,13.39,15.68,13.23,15.43,874100,0
20151104,15.47,16.95,15.12,16.45,790854,0
20151105,16.43,16.48,15.3,15.86,197800,0
20151106,15.67,16.53,15.44,16.03,255900,0
20151109,16.01,16.87,15.96,16.52,228751,0
20151110,16.54,17.75,16.33,17.59,285400,0
20151111,17.69,18.7,16.57,16.91,484300,0
20151112,16.93,17.42,16,16.12,273100,0
20151113,16.07,16.68,15.68,15.85,207700,0
20151116,15.85,16.26,15.36,15.99,177700,0
20151117,16.09,16.43,15.39,15.53,343600,0
20151118,15.66,16.71,15.63,16.61,247400,0
20151119,16.57,16.65,16,16.21,189700,0
20151120,16.32,17.23,16.22,16.65,158500,0
20151123,16.63,17.81,16.44,17.59,246500,0
20151124,17.41,18.38,17.15,18.27,147000,0
20151125,18.19,18.65,17,17.6,295100,0
20151127,17.69,17.9,17.16,17.28,194900,0
20151130,17.36,19.16,17.17,18.98,1140600,0
20151201,18.63,19.34,18.12,18.89,289354,0
20151202,18.83,19.32,18.51,19.04,207942,0
20151203,19.13,19.82,18.7,19.18,359250,0
20151204,19.15,19.34,18.3,19.15,317200,0
20151207,19.18,19.47,18.61,18.75,384200,0
20151208,18.4,19.48,17.84,19.01,440375,0
20151209,18.91,19.47,18.36,18.9,271400,0
20151210,18.94,20.7,18.76,19.95,486600,0
20151211,19.64,19.95,19.35,19.52,318000,0
20151214,19.47,19.95,19.1,19.53,317842,0
20151215,19.8,20.25,19.57,20.14,358100,0
20151216,20.31,20.78,19.71,20.75,400900,0
20151217,20.92,21.3,19.88,20.35,237400,0
20151218,20.13,20.27,17.52,17.96,823900,0
20151221,17.96,18.57,17.5,18.46,185100,0
20151222,18.5,18.5,17.68,18.38,234886,0
20151223,18.34,19.15,18.26,19.07,131600,0
20151224,19.11,19.43,18.81,19.12,60157,0
20151228,19.02,19.39,18.925,19.06,127566,0
20151229,19.15,19.58,19.13,19.35,88094,0
20151230,19.37,19.7,18.94,19.43,337503,0
20151231,19.33,19.64,17.99,18.03,479471,0
20160104,17.6,17.95,15.22,15.9,1445615,0
20160105,16.1,16.2,15.3,16.15,337626,0
20160106,15.87,16.43,15.3,16.18,321781,0
20160107,15.7,16.57,15.485,15.94,334730,0
20160108,16.55,17.09,16.02,16.23,517952,0
20160111,16.26,16.8,14.5801,16,645080,0
20160112,16.23,16.6908,15.51,16.53,283872,0
20160113,16.65,17.44,16.162,16.31,543151,0
20160114,16.44,18.09,15.68,17.58,463648,0
20160115,16.71,17.54,16.43,16.81,408415,0
20160119,17.08,17.61,16.51,16.91,247400,0
20160120,16.5,17.97,16.11,17.59,331900,0
20160121,17.5,18.33,16.7,16.85,360687,0
20160122,17.22,18.035,16.965,17.82,305570,0
20160125,17.56,18.05,16.68,16.97,439543,0
20160126,17.06,17.87,16.39,17.11,246499,0
20160127,17.01,17.42,15,15.35,553646,0
20160128,15.45,15.75,14.76,14.99,318168,0
20160129,15,16.13,15,15.93,205573,0
20160201,15.85,17.18,15.82,16.65,235837,0
20160202,12.75,14.01,11.45,13.66,1766182,0
20160203,13.14,13.8685,12.465,13.24,982800,0
20160204,13.19,14.3,12.91,13.39,773891,0
20160205,13.25,13.35,11.13,11.23,1007095,0
20160208,11.13,11.63,9.15,9.51,1091057,0
20160209,9.41,10.51,8.86,10.07,656652,0
20160210,9.87,10.59,9.19,10.47,775946,0
20160211,10.17,11.12,9.73,10.56,458169,0
20160212,10.59,11.03,9.92,10.96,339353,0
20160216,11.36,11.75,11.03,11.46,334396,0
20160217,11.55,13.46,11.5,12.55,664638,0
20160218,12.63,12.77,12.2,12.4,202806,0
20160219,12.35,13.03,12.13,12.74,298192,0
20160222,12.87,13.3,12.505,12.75,187019,0
20160223,12.65,13.16,12.18,12.23,145851,0
20160224,11.92,12.89,11.38,12.75,268999,0
20160225,12.82,13.01,12.2905,12.55,336318,0
20160226,12.74,12.93,12.36,12.7,167628,0
20160229,12.84,13.415,12.46,12.61,471854,0
20160301,12.63,12.63,11.7,12.3,317618,0
20160302,12.32,13.27,12.28,12.83,692652,0
20160303,12.86,12.94,12.15,12.29,276995,0
20160304,12.29,13.39,12.01,12.19,431909,0
20160307,12.19,12.8,11.84,12.51,290820,0
20160308,12.51,12.62,12.12,12.18,157256,0
20160309,12.03,12.05,11.21,11.35,235857,0
20160310,11.49,11.7,10.9,11.25,173410,0
20160311,11.44,11.84,11.28,11.5,175103,0
20160314,11.5,11.81,11.41,11.53,316578,0
20160315,11.59,11.73,11.15,11.39,398318,0
20160316,11.43,11.6,10.94,11.24,292310,0
20160317,11.24,11.47,10.77,11.25,211924,0
20160318,11.36,11.57,11.01,11.31,210922,0
20160321,11.35,11.74,11.2,11.34,439359,0
20160322,11.33,11.79,11.33,11.52,231196,0
20160323,11.47,11.6,11.1,11.15,216009,0
20160324,11.11,11.38,10.84,10.9,142177,0
20160328,11.03,11.64,10.9,11.35,425178,0
20160329,11.39,11.49,10.7,11.44,302624,0
20160330,11.8,12.04,11.09,11.46,512330,0
20160331,11.44,11.8,11.39,11.48,288008,0
20160401,11.41,12.03,11.15,11.9,881725,0
20160404,11.99,12.04,11.62,11.84,237012,0
20160405,11.74,11.815,11.41,11.58,168507,0
20160406,11.63,12.64,11.525,12.55,422994,0
20160407,12.47,13.09,12.28,12.69,339432,0
20160408,12.87,13.04,11.72,11.86,170607,0
20160411,12.17,12.17,11.445,11.58,144175,0
20160412,11.48,12.16,11.48,11.9,268305,0
20160413,12.04,12.62,11.86,12.44,347755,0
20160414,12.53,12.72,12.27,12.46,151033,0
20160415,12.46,12.55,12.05,12.29,108181,0
20160418,12.33,12.74,12.08,12.54,245679,0
20160419,12.64,12.64,12.16,12.37,103499,0
20160420,12.36,13,12.33,12.48,343637,0
20160421,12.45,12.87,12.38,12.82,150318,0
20160422,12.78,13.87,12.693,13.78,328631,0
20160425,13.67,13.94,13.4501,13.74,259128,0
20160426,13.75,14.08,13.57,13.72,179445,0
20160427,13.76,13.839,13.15,13.36,187699,0
20160428,13.22,13.6,12.8501,13.13,108045,0
20160429,13.13,13.25,12.55,13,174472,0
20160502,13.34,14.2,13.271,14.13,359258,0
20160503,14.1,14.28,13.25,13.49,318697,0
20160504,13.34,13.41,12.845,12.97,288438,0
20160505,13.36,13.36,12.16,12.21,282616,0
20160506,12.07,12.2373,11.27,11.69,194541,0
20160509,11.7,11.96,11.62,11.8,323124,0
20160510,11.87,11.87,11.33,11.78,236625,0
20160511,11.78,11.85,11.2,11.23,262471,0
20160512,11.28,11.28,10.7,10.99,242096,0
20160513,10.91,11.28,10.69,11.09,230302,0
20160516,11.11,11.69,11.11,11.49,203046,0
20160517,11.48,11.6789,11.17,11.25,261555,0
20160518,11.16,11.445,11.16,11.27,266203,0
20160519,11.05,11.49,10.95,11.02,173248,0
20160520,11.03,11.44,10.92,11.31,617340,0
20160523,11.12,11.49,11.12,11.29,202577,0
20160524,11.14,12.23,11.14,11.96,579010,0
20160525,12.04,12.33,11.93,12.1,1118200,0
20160526,12.21,12.77,12.05,12.75,146589,0
20160527,12.71,12.95,12.64,12.81,110480,0
20160531,12.83,13.27,12.75,13.21,283359,0
20160601,13.12,13.47,12.87,13.14,408273,0
20160602,13.13,13.51,12.5,13.22,455310,0
20160603,13.23,13.265,12.59,12.98,248442,0
20160606,12.92,13.31,12.73,13.15,445003,0
20160607,13.32,14.5325,13.14,14.22,484386,0
20160608,14.22,15.02,13.98,14.95,232307,0
20160609,14.82,15.6999,14.7225,15.24,484495,0
20160610,15.05,15.21,14.63,14.8,491085,0
20160613,15.26,15.26,13.31,13.36,329495,0
20160614,13.3,13.58,12.71,12.96,319565,0
20160615,13.09,13.25,12.81,12.99,387054,0
20160616,12.83,12.95,12.38,12.43,261386,0
20160617,12.49,12.49,11.75,11.8,416106,0
20160620,11.85,12.33,11.67,11.87,469475,0
20160621,11.95,11.99,11.39,11.61,338732,0
20160622,11.56,12,11.165,11.36,1376602,0
20160623,11.56,12.51,11.42,12.25,673478,0
20160624,11.42,11.996,11.31,11.76,1361181,0
20160627,11.6,11.735,11.1302,11.47,337526,0
20160628,11.67,12.57,11.67,12.46,319239,0
20160629,12.7,13.065,12.54,12.93,453497,0
20160630,13,13,12.58,12.84,327015,0
20160701,12.92,13.99,12.92,13.4,632504,0
20160705,13.4,13.45,12.68,12.94,228902,0
20160706,12.89,13.1977,12.69,12.94,257143,0
20160707,12.94,13.21,12.5,12.91,191673,0
20160708,13,13.21,12.86,13.07,190141,0
20160711,13.15,13.286,12.86,12.9,241297,0
20160712,13.13,13.18,12.63,12.73,212444,0
20160713,12.89,12.96,11.94,12.23,206670,0
20160714,12.48,12.49,12.14,12.38,222732,0
20160715,12.49,13.08,12.45,13,225758,0
20160718,13.11,13.17,12.9,13.04,149048,0
20160719,13.06,13.18,12.92,13,241935,0
20160720,13,13.38,13,13.25,108158,0
20160721,13.34,13.61,13.15,13.3,102273,0
20160722,13.27,14.35,13.17,14.15,352352,0
20160725,14.15,14.7,13.98,14.4,467011,0
20160726,14.45,14.52,14.14,14.16,241056,0
20160727,14.29,14.82,14.19,14.51,289228,0
20160728,14.59,14.6399,14.23,14.6,300572,0
20160729,14.51,14.86,14.4,14.8,256675,0
20160801,14.85,15.21,14.72,15.2,334718,0
20160802,15.2,15.4,14.82,15.19,396161,0
20160803,15.1,15.57,14.77,15.49,381915,0
20160804,15.54,15.56,15.24,15.43,204021,0
20160805,15.58,15.64,15.32,15.42,191957,0
20160808,15.43,15.6,15,15.35,187711,0
20160809,15.58,15.58,15.22,15.34,105167,0
20160810,15.26,15.26,14.5,14.77,154939,0
20160811,14.79,15.06,14.73,15,168258,0
20160812,14.95,15.19,14.85,15.13,190380,0
20160815,15.18,15.565,15.13,15.33,235036,0
20160816,15.35,15.65,14.91,15.44,354776,0
20160817,15.52,16.04,15.3,15.72,273070,0
20160818,15.75,16.18,15.42,15.98,335040,0
20160819,15.98,15.98,15.46,15.59,323593,0
20160822,15.63,16.27,15.5,16.25,148182,0
20160823,16.26,16.53,16.1,16.5,385946,0
20160824,16.52,17.66,16.2,16.44,561696,0
20160825,16.4,17.18,15.77,16.08,405510,0
20160826,16.03,16.97,16.03,16.69,421824,0
20160829,16.62,16.76,16.23,16.61,459032,0
20160830,16.5,16.84,16.2,16.64,259307,0
20160831,16.335,16.91,16.115,16.41,264330,0
20160901,16.34,16.929,15.95,16.27,355990,0
20160902,16.12,16.56,15.92,16.05,226989,0
20160906,16.23,16.46,15.9,16.16,287746,0
20160907,16.09,16.37,15.87,16.1,222085,0
20160908,16.14,16.23,15.76,16.03,222380,0
20160909,15.79,16.01,15.04,15.07,252686,0
20160912,15.03,15.77,15.03,15.68,213066,0
20160913,15.58,16.25,15.3,15.85,533067,0
20160914,15.94,16.88,15.73,16.53,407461,0
20160915,16.59,17.4,16.3601,16.99,429320,0
20160916,16.92,17.17,16.73,16.74,194573,0
20160919,16.8,16.98,16.59,16.77,267527,0
20160920,16.96,17.32,16.71,17.01,614702,0
20160921,17.11,17.35,16.9364,17.3,368870,0
20160922,17.4,17.46,12.22,15.14,8726389,0
20160923,15.49,15.54,14.7801,15.28,1406992,0
20160926,15.76,15.77,14.5,14.71,792445,0
20160927,14.64,14.98,14.2801,14.59,621098,0
20160928,14.62,14.66,13.995,14.05,964082,0
20160929,14,14.51,13.74,14.3,923212,0
20160930,14.33,14.43,13.99,14,347590,0
20161003,14.08,14.08,13.71,13.94,209820,0
20161004,13.89,14.01,13.75,13.8,365302,0
20161005,13.76,14.15,13.75,14.01,184207,0
20161006,13.89,13.89,13.4,13.46,273674,0
20161007,13.44,13.57,13.24,13.47,262300,0
20161010,13.59,14.13,13.59,13.82,211120,0
20161011,13.67,13.74,13.25,13.4,201670,0
20161012,13.44,13.45,13.02,13.09,181804,0
20161013,13,13.44,12.85,13.31,242447,0
20161014,13.41,13.41,12.99,13,272163,0
20161017,12.97,13.06,12.81,12.98,164336,0
20161018,13.15,13.19,12.87,13.13,170605,0
20161019,13.12,13.1994,12.66,13.1,248378,0
20161020,13.04,13.57,12.87,13.53,128061,0
20161021,13.42,13.82,13.12,13.77,136660,0
20161024,13.78,13.98,13.7,13.81,236690,0
20161025,13.78,13.95,13.43,13.69,203032,0
20161026,13.63,13.78,13.44,13.59,181204,0
20161027,13.72,13.87,12.85,12.92,325916,0
20161028,12.87,12.9,12.45,12.72,244407,0
20161031,12.66,12.678,12.3,12.31,204589,0
20161101,12.19,12.65,12.02,12.51,311934,0
20161102,12.51,12.73,11.99,12.03,272380,0
20161103,12.1,12.18,11.25,11.26,271670,0
20161104,11.3,11.63,11.18,11.27,323044,0
20161107,11.57,12.13,11.35,12.02,179908,0
20161108,12.08,12.11,11.01,11.15,434614,0
20161109,11.75,12.47,11.57,12.38,498807,0
20161110,12.6,13.96,12.5,13.58,812638,0
20161111,13.61,13.72,13.12,13.25,409690,0
20161114,13.34,13.71,13.17,13.38,217858,0
20161115,13.31,13.48,13.05,13.38,125123,0
20161116,13.32,13.96,13.17,13.62,268666,0
20161117,13.73,13.8393,13.45,13.76,168629,0
20161118,13.79,13.87,13.25,13.44,165744,0
20161121,13.49,13.55,13.31,13.48,140533,0
20161122,13.53,13.53,13.1,13.45,257696,0
20161123,12.75,14.24,12.428,14.12,381251,0
20161125,14.25,14.56,13.96,14.19,92892,0
20161128,14.13,14.17,13.8249,14.01,256960,0
20161129,14,14.0258,13.62,13.7,231488,0
20161130,13.76,13.795,13.4,13.53,273431,0
20161201,13.62,13.73,13.13,13.42,320802,0
20161202,13.47,13.9,13.27,13.52,146808,0
20161205,13.74,14.19,13.501,14,162124,0
20161206,14.07,14.44,13.69,14.31,150676,0
20161207,14.5,14.78,13.96,14.32,247198,0
20161208,14.31,14.34,13.68,14.33,301926,0
20161209,14.48,14.79,13.98,14.25,318563,0
20161212,14.37,14.5,13.27,13.64,469178,0
20161213,13.72,13.85,12.97,13.1,243278,0
20161214,13.04,13.33,12.5,12.55,214696,0
20161215,12.65,12.71,12.24,12.69,362743,0
20161216,12.8,13.32,12.7,12.87,396297,0
20161219,12.82,13.44,12.53,12.62,421613,0
20161220,13.1,13.4,12.55,12.72,610125,0
20161221,12.68,12.77,12.19,12.27,191869,0
20161222,12.26,12.29,11.775,12.15,176350,0
20161223,12.18,12.75,12.07,12.72,286250,0
20161227,12.71,12.88,12.36,12.42,213748,0
20161228,12.35,12.39,12.09,12.26,181762,0
20161229,12.32,12.4889,12.16,12.32,164954,0
20161230,12.33,12.595,12.26,12.42,200070,0
20170103,12.58,12.58,12.09,12.3,152777,0
20170104,12.36,13.005,12.19,12.9,279410,0
20170105,12.9,13.13,12.78,13.03,278484,0
20170106,13.12,13.29,13.01,13.19,186342,0
20170109,13.32,13.5,13.105,13.34,199753,0
20170110,13.25,13.54,12.84,12.98,216330,0
20170111,13.02,13.11,12.34,12.64,210082,0
20170112,12.7,12.82,12.38,12.74,195070,0
20170113,12.71,13.11,12.7,12.96,388810,0
20170117,12.8,12.91,12.18,12.31,231888,0
20170118,12.4,12.56,12.23,12.49,220739,0
20170119,12.53,12.56,12.28,12.46,186183,0
20170120,12.51,12.57,12.26,12.5,164046,0
20170123,12.46,12.57,12.0818,12.22,173720,0
20170124,12.26,12.33,11.82,12.26,194620,0
20170125,12.4,12.61,12.3,12.5,191747,0
20170126,12.49,12.53,12.11,12.18,157661,0
20170127,12.21,12.26,12,12.02,110230,0
20170130,12.02,12.1,11.59,11.82,188654,0
20170131,11.76,12.3,11.605,12.25,627962,0
20170201,12.34,12.45,12.19,12.26,195941,0
20170202,12.21,12.3745,11.88,11.96,288758,0
20170203,12.75,14.09,12.29,13.68,1451187,0
20170206,13.6,13.62,12.9,12.97,462912,0
20170207,13.06,13.24,12.83,12.91,287395,0
20170208,12.79,13.18,12.55,12.89,556675,0
20170209,12.86,13.15,12.81,12.83,236591,0
20170210,12.83,12.96,12.47,12.67,315111,0
20170213,12.8,12.8,11.01,11.85,1129863,0
20170214,12.04,12.14,11.605,11.74,520517,0
20170215,12.03,12.03,11.17,11.78,733371,0
20170216,11.81,12.14,11.66,12.09,908232,0
20170217,12.08,12.15,11.84,12.14,627448,0
20170221,12.14,12.15,11.94,12.11,729319,0
20170222,12.1,12.215,12.01,12.1,484778,0
20170223,12.12,12.16,11.8,11.84,534250,0
20170224,11.76,11.93,11.33,11.72,261509,0
20170227,11.7,12.655,11.67,12.61,436242,0
20170228,12.57,12.83,12.47,12.71,549544,0
20170301,12.83,13.03,12.61,13,493064,0
20170302,13,13.65,12.87,13.14,251860,0
20170303,13.18,13.36,12.86,13.06,158292,0
20170306,13.05,13.05,12.67,12.86,194902,0
20170307,12.68,13.09,12.64,12.9,262550,0
20170308,12.92,13.41,12.89,13.25,183717,0
20170309,13.25,13.43,13.16,13.42,191973,0
20170310,13.53,13.59,13.19,13.54,252959,0
20170313,13.53,13.71,13.36,13.7,126127,0
20170314,13.74,14.2,13.42,13.99,736444,0
20170315,14.01,15.3,14.01,15.18,557132,0
20170316,15.18,15.8,15.02,15.09,580539,0
20170317,15.05,15.8,14.92,15.6,368098,0
20170320,15.6,15.67,14.955,15.06,379128,0
20170321,15.16,15.2563,14.3,14.31,296342,0
20170322,14.39,14.67,13.99,14.23,220311,0
20170323,14.22,14.82,14.17,14.75,185660,0
20170324,14.73,14.99,14.61,14.91,205136,0
20170327,14.56,15.13,14.56,14.84,185921,0
20170328,14.83,15.15,14.62,14.69,320596,0
20170329,14.7,15.1,14.7,14.95,214847,0
20170330,14.98,14.98,14.55,14.94,154073,0
20170331,14.92,14.99,14.75,14.94,138222,0
20170403,15,15.43,14.9,15.06,375844,0
20170404,15.04,15.38,14.81,15.3,517577,0
20170405,15.35,15.46,14.87,15.02,434624,0
20170406,15.05,15.19,14.7,14.94,435839,0
20170407,14.9,15.205,14.79,15.13,275399,0
20170410,18.06,19.85,17.85,18.54,4707034,0
20170411,19.5,20.82,19.44,20.25,7556798,0
20170412,20.3,21.33,19.5,19.8,1612967,0
20170413,19.76,22.09,19.7,22,2182233,0
20170417,22.01,22.4,21.31,21.5,1403287,0
20170418,21.44,21.54,20.65,21.26,550741,0
20170419,21.34,21.94,21.13,21.74,917275,0
20170420,22.19,23.58,21.58,21.87,1023553,0
20170421,21.82,22.1269,21.26,21.54,731983,0
20170424,21.97,22.79,21.7972,22.5,777654,0
20170425,22.68,23.37,22.5619,23.09,507434,0
20170426,23.15,23.98,22.87,23.82,573258,0
20170427,23.79,24.49,23.49,24.35,601886,0
20170428,24.34,24.34,23.8,24.24,520492,0
20170501,24.22,24.63,24.02,24.6,274303,0
20170502,24.68,25.18,24.04,24.94,389170,0
20170503,24.88,25.1,24.37,24.74,244158,0
20170504,24.84,24.96,23.69,23.71,1145445,0
20170505,23.64,23.895,23.12,23.73,2226971,0
20170508,23.71,24.18,23.21,23.69,1065534,0
20170509,23.65,24.06,22.54,22.91,648267,0
20170510,22.84,23.149,22.34,22.89,600681,0
20170511,22.85,23.17,22.41,22.7,292978,0
20170512,22.75,22.78,22.15,22.21,299630,0
20170515,22.26,22.62,21.89,21.9,368288,0
20170516,21.96,22.02,21.1,21.83,819206,0
20170517,21.67,22.21,21.19,21.41,690938,0
20170518,21.32,22.3,21.32,22.2,361388,0
20170519,22.11,22.81,21.65,21.76,402894,0
20170522,21.74,22.77,21.64,22.67,389463,0
20170523,22.83,23.17,22.32,22.91,566178,0
20170524,22.87,22.93,22.362,22.67,154007,0
20170525,22.73,22.91,21.56,21.71,392607,0
20170526,21.8,22.24,21.28,21.73,477590,0
20170530,21.6,21.7,20.56,20.88,384291,0
20170531,20.88,21.54,20.51,21.39,719519,0
20170601,21.5,22.34,20.73,22.24,702311,0
20170602,22.41,23,22.14,22.99,375437,0
20170605,22.91,22.99,21.92,22.42,213039,0
20170606,22.36,22.81,21.86,22.21,619756,0
20170607,22.22,22.6275,21.68,22.55,495547,0
20170608,22.65,22.75,22.03,22.3,311778,0
20170609,22.29,22.75,21.526,21.93,271355,0
20170612,21.9,22.11,20.9,21.67,393829,0
20170613,21.66,22.73,21.37,22.51,516083,0
20170614,22.62,25.079,22.62,23.31,1020485,0
20170615,23.1,23.28,20.53,20.72,950173,0
20170616,20.61,21.35,20.12,21.03,512248,0
20170619,21.18,21.89,21.01,21.52,331914,0
20170620,21.63,23.7399,21.315,23.12,793061,0
20170621,23.18,24.17,23.14,23.8,576857,0
20170622,23.9,24.66,23.4,24,694772,0
20170623,24,24,23.3315,23.87,849121,0
20170626,23.9,24.65,23.52,23.77,395321,0
20170627,23.79,23.79,22.285,22.41,473377,0
20170628,22.63,24.15,22.31,24,374867,0
20170629,24.03,24.2199,23.3,23.71,209366,0
20170630,23.82,23.9,23.09,23.19,306712,0
20170703,23.27,23.4796,22.84,23.14,205573,0
20170705,23.24,24.2879,22.89,23.17,508844,0
20170706,22.94,23.38,22.35,22.9,548624,0
20170707,22.94,23.2215,22.4,22.56,315188,0
20170710,22.6,22.64,22.06,22.1,521628,0
20170711,22.56,22.93,22,22.09,778506,0
20170712,22.36,23.78,22.21,23.63,767395,0
20170713,23.56,24.1624,23.195,23.92,435854,0
20170714,23.91,26.49,23.72,24.28,1142066,0
20170717,24.26,25.01,23.59,23.67,398094,0
20170718,23.61,23.81,22.9,23.03,302148,0
20170719,23.15,24.35,23,23.06,455200,0
20170720,23.15,23.15,21.05,21.54,963332,0
20170721,21.7,22,20.87,21.06,765370,0
20170724,21.07,23.34,21.06,23.2,1097696,0
20170725,23.31,23.53,21.74,21.8,491084,0
20170726,21.94,22.24,21.54,21.97,450220,0
20170727,21.99,22.73,21.54,22.4,548705,0
20170728,22.22,23.53,22.05,23.11,437294,0
20170731,23.01,23.11,22.5,22.92,368046,0
20170801,22.99,23.52,22.325,23.12,328015,0
