Date,Open,High,Low,Close,Volume,OpenInt
20110201,24.57,24.917,24.49,24.795,1489842,0
20110202,24.665,24.841,24.578,24.813,1041036,0
20110203,24.917,24.917,24.587,24.841,988672,0
20110204,24.841,24.926,24.62,24.805,607473,0
20110207,24.989,25.557,24.89,25.426,819033,0
20110208,25.557,26.151,25.355,25.994,867281,0
20110209,26.101,26.151,25.32,25.636,352209,0
20110210,25.32,25.611,24.655,25.548,543149,0
20110211,25.355,25.853,25.172,25.495,466766,0
20110214,25.478,25.478,24.49,24.602,1134706,0
20110215,24.543,25.147,24.49,25.046,528810,0
20110216,25.046,25.163,25.016,25.139,284781,0
20110218,25.401,25.889,25.339,25.828,1304337,0
20110222,25.583,25.879,25.565,25.74,424435,0
20110223,25.879,25.916,24.926,25.196,452530,0
20110224,25.065,25.163,24.89,24.926,374910,0
20110225,25.056,25.204,24.926,25.204,285653,0
20110228,25.189,25.583,24.562,24.795,401486,0
20110301,24.841,25.033,24.247,24.471,381400,0
20110302,24.462,24.701,24.096,24.543,617618,0
20110303,24.71,24.795,24.533,24.62,407964,0
20110304,24.515,24.647,24.314,24.533,490932,0
20110307,24.578,24.767,24.394,24.673,226014,0
20110308,24.49,25.046,24.49,25.008,341739,0
20110309,24.62,24.867,24.323,24.795,685233,0
20110310,24.578,24.907,24.394,24.578,468115,0
20110311,24.578,24.841,24.49,24.533,182627,0
20110314,24.831,24.841,24.404,24.578,234088,0
20110315,24.201,24.777,23.834,24.62,597022,0
20110316,24.71,24.71,24.305,24.453,621442,0
20110317,24.743,24.935,24.543,24.692,420544,0
20110318,24.813,25.094,24.683,25.094,411339,0
20110321,25.046,25.065,24.665,24.907,237063,0
20110322,24.867,25.204,24.777,25.189,188099,0
20110323,25.261,25.329,25.016,25.242,80967,0
20110324,25.32,25.381,24.751,24.926,311785,0
20110325,24.954,25.13,24.787,24.962,104081,0
20110328,24.945,25.32,24.823,25.242,176748,0
20110329,25.154,25.495,25.154,25.436,168829,0
20110330,24.898,25.242,24.876,25.084,365756,0
20110331,25.104,25.204,24.926,25.111,222881,0
20110401,24.999,25.401,24.71,25.362,197271,0
20110404,25.32,25.619,25.32,25.495,253626,0
20110405,25.362,25.696,25.32,25.678,102996,0
20110406,25.74,25.819,25.67,25.704,300561,0
20110407,25.836,25.836,25.52,25.714,59251,0
20110408,25.696,25.836,25.52,25.583,193547,0
20110411,25.548,25.678,25.362,25.627,81983,0
20110412,25.452,25.452,25.154,25.346,142637,0
20110413,25.548,25.548,25.111,25.287,175576,0
20110414,25.233,25.565,25.04,25.548,278488,0
20110415,25.495,25.653,25.147,25.592,101981,0
20110418,25.346,25.478,24.926,25.418,251275,0
20110419,25.538,25.538,25.252,25.32,146024,0
20110420,25.575,25.611,25.204,25.362,142557,0
20110421,25.362,25.426,24.926,25.355,177350,0
20110425,24.692,25.759,24.692,25.295,103366,0
20110426,25.279,25.279,24.867,25.025,200167,0
20110427,25.025,25.154,24.683,24.962,186939,0
20110428,24.885,24.885,24.683,24.743,172672,0
20110429,24.743,24.743,24.413,24.57,314785,0
20110502,24.49,24.578,24.157,24.57,289614,0
20110503,24.375,24.76,24.27,24.727,211194,0
20110504,24.805,25.075,24.611,24.795,116824,0
20110505,24.57,24.692,24.323,24.481,133569,0
20110506,24.358,24.719,24.35,24.673,75184,0
20110509,24.602,24.743,24.27,24.394,119891,0
20110510,24.595,24.595,24.228,24.263,155647,0
20110511,24.27,24.278,23.938,23.991,226005,0
20110512,23.974,24.27,23.93,24.27,187499,0
20110513,24.305,24.358,23.528,23.677,653766,0
20110516,23.711,23.86,23.58,23.746,86060,0
20110517,23.807,23.905,23.538,23.695,445142,0
20110518,23.667,23.704,23.572,23.615,422110,0
20110519,23.615,23.633,23.188,23.213,324701,0
20110520,23.179,23.746,23.099,23.704,186218,0
20110523,23.528,23.58,23.283,23.397,146613,0
20110524,23.38,23.877,23.231,23.711,333166,0
20110525,23.755,23.921,23.404,23.686,246352,0
20110526,23.545,23.991,23.538,23.79,249401,0
20110527,23.755,24.288,23.721,24.288,205230,0
20110531,24.35,24.999,24.35,24.805,562516,0
20110601,24.71,24.926,24.49,24.587,267883,0
20110602,24.735,24.795,23.982,24.088,295845,0
20110603,24.053,24.437,23.896,24.254,235066,0
20110606,24.288,24.297,23.65,23.704,430321,0
20110607,23.853,24.323,23.623,24.175,256515,0
20110608,24.175,24.471,23.816,24.044,266933,0
20110609,23.974,24.42,23.964,24.228,330509,0
20110610,24.114,24.71,24.009,24.288,315118,0
20110613,24.375,24.71,24.218,24.446,336048,0
20110614,24.553,24.62,24.053,24.139,255342,0
20110615,24.105,24.446,24.035,24.254,250645,0
20110616,24.201,24.553,24.121,24.375,405747,0
20110617,24.499,24.76,23.642,24.237,492638,0
20110620,24.228,24.637,24.088,24.49,182853,0
20110621,24.533,24.628,24.228,24.358,279654,0
20110622,24.437,24.926,24.166,24.413,388713,0
20110623,24.323,24.481,23.222,23.642,502913,0
20110624,23.695,24.27,23.134,23.143,2972365,0
20110627,23.238,23.238,22.846,22.863,525830,0
20110628,22.96,23.633,22.829,23.031,388736,0
20110629,22.943,23.449,22.943,23.318,233098,0
20110630,23.283,23.545,23.134,23.213,189166,0
20110701,23.264,24.139,23.264,23.615,422957,0
20110705,23.659,23.772,23.179,23.206,290562,0
20110706,23.196,23.327,22.748,22.96,2545628,0
20110707,23.099,23.273,22.775,23.081,340775,0
20110708,22.968,23.213,22.837,22.968,322236,0
20110711,22.837,23.143,22.738,23.021,302582,0
20110712,22.924,23.264,22.906,23.143,340316,0
20110713,23.151,23.222,22.914,23.115,258165,0
20110714,23.081,23.196,22.804,23.011,176145,0
20110715,23.003,23.038,22.82,22.873,240692,0
20110718,22.896,22.993,22.507,22.532,227240,0
20110719,22.45,22.459,21.762,22.199,332756,0
20110720,22.181,22.541,21.901,22.478,169847,0
20110721,22.59,22.748,22.126,22.698,323308,0
20110722,22.729,22.729,22.358,22.399,268066,0
20110725,22.275,22.311,21.927,22.259,136415,0
20110726,22.199,22.416,21.875,21.919,321955,0
20110727,21.789,22.598,21.428,21.648,565109,0
20110728,21.84,21.866,21.428,21.656,283139,0
20110729,21.559,21.91,21.499,21.789,182004,0
20110801,21.919,21.919,21.482,21.55,203330,0
20110802,21.456,21.979,21.428,21.499,591790,0
20110803,21.586,21.752,21.28,21.341,488254,0
20110804,21.217,21.244,20.975,21.087,433103,0
20110805,21.217,21.595,20.484,21.515,774968,0
20110808,21.271,21.341,19.636,20.047,778210,0
20110809,20.292,20.607,19.059,20.222,713625,0
20110810,20.02,20.108,19.077,19.128,370292,0
20110811,19.259,19.321,18.387,18.602,960522,0
20110812,18.701,19.652,18.544,19.068,505786,0
20110815,19.137,19.503,18.91,19.503,150136,0
20110816,19.321,19.722,19.137,19.259,208856,0
20110817,19.382,19.609,18.876,19.016,121996,0
20110818,18.778,18.778,18.089,18.261,192641,0
20110819,18.157,18.271,17.397,17.416,366766,0
20110822,17.406,17.666,17.005,17.221,273738,0
20110823,17.203,17.49,16.979,17.475,436915,0
20110824,17.425,18.701,17.416,18.611,273754,0
20110825,18.701,19.19,18.368,18.673,277534,0
20110826,18.577,19.146,18.453,19.059,173201,0
20110829,19.224,20.1,19.059,20.047,274701,0
20110830,19.88,20.047,19.801,19.89,256942,0
20110831,19.943,20.624,19.845,20.51,459745,0
20110901,20.441,20.517,20.002,20.284,404041,0
20110902,19.933,20.309,19.583,20.091,318849,0
20110906,19.628,20.029,19.592,19.74,234677,0
20110907,19.907,20.517,19.801,20.1,411840,0
20110908,19.933,20.02,19.574,19.714,181132,0
20110909,19.557,19.836,19.259,19.363,169226,0
20110912,19.173,19.618,19.137,19.425,200537,0
20110913,19.513,19.513,19.077,19.409,287951,0
20110914,19.531,19.661,19.101,19.242,329692,0
20110915,19.355,19.355,18.701,19.084,197957,0
20110916,19.068,19.74,19.05,19.574,662898,0
20110919,19.355,19.592,18.84,19.373,249107,0
20110920,19.355,19.592,19.198,19.259,260343,0
20110921,19.234,19.489,18.902,18.979,496639,0
20110922,18.719,18.806,17.49,17.956,818220,0
20110923,17.879,18.079,17.748,18.028,280651,0
20110926,18.219,18.219,17.536,18.13,502292,0
20110927,18.313,19.101,18.313,18.602,292130,0
20110928,18.48,18.84,17.87,17.982,200243,0
20110929,18.105,18.351,17.73,18.237,104557,0
20110930,17.991,18.341,17.599,18.157,242685,0
20111003,18.018,18.157,17.483,17.49,218654,0
20111004,17.388,17.73,16.846,17.704,556922,0
20111005,17.711,17.711,16.941,17.144,423721,0
20111006,17.108,17.317,16.878,17.284,525229,0
20111007,17.416,18.254,17.416,17.459,550780,0
20111010,17.72,18.322,17.64,18.313,252794,0
20111011,18.174,18.553,18.061,18.261,137151,0
20111012,18.419,18.577,18.368,18.445,132177,0
20111013,18.411,18.577,18.261,18.289,212174,0
20111014,18.47,18.544,17.815,17.879,132815,0
20111017,17.704,17.879,17.459,17.519,177631,0
20111018,17.449,17.797,17.309,17.758,232243,0
20111019,17.695,17.991,17.416,17.648,281779,0
20111020,17.73,17.897,17.379,17.519,164319,0
20111021,17.72,17.815,16.549,16.96,543036,0
20111024,17.045,18.148,16.941,18.089,288186,0
20111025,17.963,17.963,17.459,17.5,151313,0
20111026,17.591,18.602,17.591,18.516,170436,0
20111027,18.902,19.628,18.683,19.503,317351,0
20111028,19.521,19.574,19.05,19.331,187249,0
20111031,19.146,19.54,18.849,19.059,196822,0
20111101,18.647,18.867,18.351,18.411,187856,0
20111102,18.535,19.068,18.377,18.944,142037,0
20111103,19.137,19.644,18.629,19.609,177115,0
20111104,19.601,19.601,18.734,19.119,192011,0
20111107,19.059,19.392,18.377,19.216,303455,0
20111108,19.392,19.968,18.936,19.82,381272,0
20111109,19.355,19.644,18.883,18.902,210079,0
20111110,19.006,19.495,18.499,19.399,168637,0
20111111,19.636,20.055,19.521,19.958,129423,0
20111114,19.89,19.89,19.216,19.399,107674,0
20111115,19.295,19.54,19.016,19.146,196945,0
20111116,18.952,19.784,18.91,19.382,263039,0
20111117,19.453,19.531,18.544,18.62,189146,0
20111118,18.683,18.84,18.437,18.778,268387,0
20111121,18.419,18.48,18.167,18.404,336256,0
20111122,18.404,18.535,18.036,18.193,236531,0
20111123,18.009,18.183,17.805,18.018,183733,0
20111125,18.036,18.122,17.711,17.963,72654,0
20111128,18.237,18.821,18.105,18.806,406328,0
20111129,18.743,19.206,18.254,18.821,217933,0
20111130,19.399,19.416,18.806,18.97,1539970,0
20111201,18.83,19.373,18.701,19.304,175230,0
20111202,19.495,19.986,19.479,19.811,200869,0
20111205,20.116,20.143,19.453,19.489,256444,0
20111206,19.513,19.661,18.902,19.146,174375,0
20111207,19.068,19.513,18.62,19.443,106519,0
20111208,19.155,19.416,19.068,19.077,101217,0
20111209,19.173,19.355,18.926,19.295,232006,0
20111212,19.04,19.198,18.812,19.084,78904,0
20111213,19.155,19.915,19.155,19.434,221725,0
20111214,19.339,19.618,19.119,19.242,212672,0
20111215,19.453,19.513,19.006,19.101,86935,0
20111216,19.242,19.54,19.006,19.513,350772,0
20111219,19.382,19.801,18.867,18.944,104598,0
20111220,19.224,19.565,19.101,19.416,121193,0
20111221,19.503,19.548,19.19,19.503,90498,0
20111222,19.548,19.768,19.479,19.768,85182,0
20111223,19.574,20.362,19.574,20.326,181197,0
20111227,20.231,20.536,19.958,20.45,84140,0
20111228,20.51,20.51,19.583,19.592,160381,0
20111229,19.314,19.628,19.146,19.321,303810,0
20111230,19.242,19.437,19.233,19.233,79458,0
20120103,19.601,20.02,19.224,19.276,172140,0
20120104,19.285,19.986,18.944,19.495,250543,0
20120105,19.443,19.952,19.216,19.853,194414,0
20120106,19.862,20.257,19.853,20.169,131271,0
20120109,20.265,20.362,19.907,20.257,116281,0
20120110,20.432,20.632,20.195,20.441,189701,0
20120111,20.309,20.649,20.169,20.284,238817,0
20120112,20.284,20.45,19.933,20.247,196350,0
20120113,20.475,22.556,20.301,21.409,2460990,0
20120117,21.901,23.031,21.901,22.69,941309,0
20120118,22.924,22.933,21.623,21.822,1948101,0
20120119,19.276,19.89,19.025,19.75,3523885,0
20120120,19.82,20.029,19.609,19.862,632097,0
20120123,19.801,19.977,19.54,19.732,447627,0
20120124,19.661,20.545,19.548,20.369,959160,0
20120125,20.309,20.616,19.82,20.038,649483,0
20120126,19.907,20.555,19.784,20.493,356261,0
20120127,20.46,20.713,20.46,20.564,310678,0
20120130,20.369,20.397,20.178,20.387,289828,0
20120131,20.539,20.603,20.014,20.042,586411,0
20120201,20.169,20.213,19.986,20.1,412766,0
20120202,20.047,20.126,19.958,20.091,342562,0
20120203,20.222,20.789,20.222,20.73,410095,0
20120206,20.624,20.694,20.231,20.238,100822,0
20120207,20.195,20.257,20.116,20.143,75096,0
20120208,20.116,20.326,20.091,20.326,113442,0
20120209,20.238,20.414,20.126,20.213,68321,0
20120210,20.029,20.178,19.958,19.968,177138,0
20120213,20.1,20.151,19.943,20.134,218030,0
20120214,20.065,20.082,19.899,19.958,137589,0
20120215,20.055,20.378,19.986,20.318,162554,0
20120216,20.378,20.722,20.284,20.607,204997,0
20120217,20.694,20.835,20.484,20.589,121782,0
20120221,20.713,20.895,20.526,20.816,162416,0
20120222,20.861,21.2,20.616,20.738,267527,0
20120223,20.493,20.919,20.45,20.746,235618,0
20120224,20.694,20.694,20.169,20.187,160214,0
20120227,20.038,20.16,19.89,20.002,201398,0
20120228,20.038,20.51,19.986,20.002,272423,0
20120229,20.126,20.353,19.986,20.143,542135,0
20120301,20.204,20.555,20.169,20.213,548466,0
20120302,20.238,20.353,19.968,20.187,259350,0
20120305,20.091,20.108,19.899,19.993,284176,0
20120306,19.732,19.845,19.592,19.679,174470,0
20120307,19.732,19.899,19.652,19.836,122082,0
20120308,20.055,20.091,19.776,19.853,170516,0
20120309,19.88,20.466,19.758,20.45,600823,0
20120312,20.441,20.632,20.405,20.624,210837,0
20120313,20.755,21.158,20.545,21.142,248171,0
20120314,21.018,21.077,20.789,20.843,152908,0
20120315,20.871,21.515,20.738,21.366,425300,0
20120316,21.334,21.805,21.176,21.78,302988,0
20120319,21.762,21.866,21.567,21.648,172702,0
20120320,21.499,21.83,21.491,21.673,132901,0
20120321,21.771,21.848,21.428,21.559,187373,0
20120322,21.401,21.64,21.366,21.466,129539,0
20120323,21.456,21.664,21.209,21.613,129867,0
20120326,21.743,21.789,21.55,21.673,95816,0
20120327,21.734,21.734,21.55,21.567,79669,0
20120328,21.559,21.945,21.559,21.883,150104,0
20120329,21.648,21.954,21.613,21.875,639095,0
20120330,21.978,21.978,21.739,21.864,174004,0
20120402,21.866,22.067,21.822,22.006,155796,0
20120403,21.937,22.094,21.822,21.866,204421,0
20120404,21.752,21.84,21.69,21.725,178030,0
20120405,21.357,21.656,21.341,21.466,84784,0
20120409,21.167,21.262,21.034,21.068,501844,0
20120410,21.053,21.123,20.318,20.624,423511,0
20120411,20.746,20.912,20.684,20.78,319926,0
20120412,20.816,21.011,20.763,20.955,124089,0
20120413,20.975,20.993,20.658,20.799,162894,0
20120416,20.912,21.018,20.807,20.871,157491,0
20120417,20.975,21.456,20.975,21.094,1896187,0
20120418,21.018,21.271,20.816,21.068,217994,0
20120419,21.123,21.123,20.903,21.06,123497,0
20120420,21.104,21.253,20.903,20.975,170441,0
20120423,20.835,20.861,20.667,20.789,166292,0
20120424,20.73,21.326,20.555,21.226,466134,0
20120425,20.919,21.891,20.616,21.253,287897,0
20120426,21.316,21.771,21.316,21.515,293733,0
20120427,21.541,21.771,21.456,21.532,161182,0
20120430,21.576,21.707,21.385,21.515,191741,0
20120501,21.474,21.725,21.474,21.605,329413,0
20120502,21.55,21.586,21.35,21.559,211377,0
20120503,21.532,21.586,21.298,21.326,277966,0
20120504,21.271,21.298,20.955,21.06,213455,0
20120507,20.955,21.341,20.955,21.235,165128,0
20120508,21.158,21.366,21.011,21.104,233631,0
20120509,20.975,21.298,20.789,21.167,145380,0
20120510,21.244,21.326,21.087,21.271,157362,0
20120511,21.077,21.326,21.077,21.262,118982,0
20120514,21.217,21.271,21.06,21.068,156625,0
20120515,21.018,21.142,20.903,21.027,174645,0
20120516,21.104,21.244,20.929,20.955,250309,0
20120517,20.984,21.087,20.746,20.825,145446,0
20120518,20.78,20.878,20.649,20.667,137788,0
20120521,20.658,21.142,20.581,20.807,299521,0
20120522,20.861,20.955,20.746,20.871,192455,0
20120523,20.78,20.965,20.713,20.903,233552,0
20120524,20.903,21.192,20.903,21.176,460797,0
20120525,21.184,21.375,21.077,21.253,390757,0
20120529,21.419,21.515,21.262,21.308,308520,0
20120530,21.114,21.176,20.572,20.694,502321,0
20120531,20.649,20.773,20.432,20.632,336012,0
20120601,20.378,20.378,19.732,19.75,414239,0
20120604,19.793,19.829,19.443,19.671,555417,0
20120605,19.661,19.811,19.521,19.583,416217,0
20120606,19.776,19.862,19.557,19.853,313685,0
20120607,19.986,20.143,19.652,19.862,269754,0
20120608,19.853,20.091,19.679,20.065,197695,0
20120611,20.195,20.195,19.801,19.801,142099,0
20120612,19.836,20.029,19.776,19.871,141799,0
20120613,19.853,20.047,19.836,19.925,138876,0
20120614,19.958,20.284,19.89,20.143,270428,0
20120615,20.187,20.526,20.116,20.526,348206,0
20120618,20.397,20.676,20.284,20.46,131871,0
20120619,20.572,20.993,20.475,20.816,302627,0
20120620,20.885,20.895,20.555,20.73,151400,0
20120621,20.763,20.763,20.45,20.581,152680,0
20120622,20.658,20.763,20.484,20.667,289665,0
20120625,20.589,20.589,20.284,20.309,68523,0
20120626,20.309,20.45,20.116,20.274,383725,0
20120627,20.309,20.607,20.265,20.536,238675,0
20120628,20.309,20.414,20.1,20.405,165703,0
20120629,20.575,20.673,20.477,20.627,239191,0
20120702,20.624,20.835,20.466,20.517,300190,0
20120703,20.517,21.094,20.517,20.825,158731,0
20120705,20.78,21.053,20.555,20.807,200797,0
20120706,20.722,20.878,20.713,20.816,117639,0
20120709,20.843,20.843,20.336,20.45,96515,0
20120710,20.564,20.564,20.222,20.301,114331,0
20120711,20.362,20.475,20.195,20.284,150165,0
20120712,20.231,20.432,19.986,20.301,263553,0
20120713,20.318,20.676,20.257,20.676,251084,0
20120716,20.684,21.06,20.684,20.993,389303,0
20120717,21.077,21.094,20.861,21.087,143620,0
20120718,21.034,21.104,20.955,20.984,83982,0
20120719,21.053,21.253,21.001,21.043,91945,0
20120720,20.955,21.034,20.835,20.947,147651,0
20120723,20.684,20.755,20.422,20.555,217131,0
20120724,20.599,20.78,20.318,20.326,185225,0
20120725,20.555,21.466,20.555,20.763,720263,0
20120726,20.993,20.993,20.746,20.835,225181,0
20120727,20.955,21.068,20.825,21.027,392891,0
20120730,21.034,21.316,21.034,21.209,189238,0
20120731,21.198,21.374,21.156,21.306,191272,0
20120801,21.326,21.428,21.123,21.151,228341,0
20120802,21.011,21.253,21.011,21.253,178602,0
20120803,21.491,21.532,21.308,21.508,233438,0
20120806,21.508,21.69,21.375,21.656,151651,0
20120807,21.717,22.311,21.707,21.954,623702,0
20120808,21.901,22.136,21.883,22.041,92776,0
20120809,22.049,22.478,22.016,22.33,265951,0
20120810,22.275,22.498,22.224,22.478,171725,0
20120813,22.488,22.646,22.375,22.556,430393,0
20120814,22.656,22.656,22.382,22.478,274453,0
20120815,22.488,22.58,22.407,22.549,128990,0
20120816,22.507,22.556,22.32,22.478,142394,0
20120817,22.524,22.914,22.44,22.738,475220,0
20120820,22.748,22.933,22.672,22.873,196362,0
20120821,22.873,22.914,22.399,22.44,208134,0
20120822,22.45,22.469,22.208,22.358,147589,0
20120823,22.302,22.349,22.259,22.266,82772,0
20120824,22.33,22.339,22.233,22.259,145508,0
20120827,22.208,22.293,22.173,22.181,94259,0
20120828,22.199,22.259,22.118,22.252,362368,0
20120829,22.217,22.358,22.033,22.033,410218,0
20120830,22.033,22.173,21.771,22.025,129799,0
20120831,22.086,22.086,21.97,22.086,264228,0
20120904,22.085,22.111,21.891,22.058,363277,0
20120905,22.089,22.089,21.532,21.614,527890,0
20120906,21.64,21.805,21.491,21.613,634885,0
20120907,21.664,21.69,21.167,21.401,561626,0
20120910,21.35,21.456,21.142,21.244,366732,0
20120911,21.244,21.474,21.244,21.447,148249,0
20120912,21.447,21.734,21.226,21.631,299212,0
20120913,21.631,21.83,21.532,21.725,242506,0
20120914,21.69,21.901,21.673,21.812,540883,0
20120917,21.848,22.173,21.822,22.104,461790,0
20120918,22.085,22.339,21.954,22.293,323211,0
20120919,22.284,22.469,22.252,22.311,383622,0
20120920,22.284,22.33,22.111,22.199,174183,0
20120921,22.233,22.233,21.717,21.866,1214148,0
20120924,21.762,21.945,21.717,21.762,319496,0
20120925,21.84,21.875,21.648,21.664,160739,0
20120926,21.657,21.682,21.474,21.541,101314,0
20120927,21.791,21.798,21.428,21.682,234144,0
20120928,21.664,21.746,21.531,21.674,119457,0
20121001,21.691,21.773,21.465,21.55,294619,0
20121002,21.614,21.701,21.525,21.701,143111,0
20121003,21.665,21.798,21.632,21.754,90130,0
20121004,21.754,22.037,21.754,22.037,112775,0
20121005,22.052,22.107,21.964,22.01,125511,0
20121008,21.964,22.071,21.903,22.044,89923,0
20121009,22,22.037,21.641,21.691,98351,0
20121010,21.718,21.726,21.576,21.623,126756,0
20121011,21.682,21.773,21.586,21.709,92968,0
20121012,21.648,21.709,21.632,21.674,327784,0
20121015,21.736,21.869,21.674,21.709,102212,0
20121016,21.718,21.736,21.093,21.156,275999,0
20121017,21.19,21.436,21.101,21.374,75273,0
20121018,21.315,21.465,21.093,21.174,116455,0
20121019,21.174,21.215,20.97,21.215,126447,0
20121022,21.182,21.26,21.015,21.074,157747,0
20121023,20.98,21.007,20.783,20.82,126459,0
20121024,20.882,20.97,20.776,20.838,192034,0
20121025,20.856,21.039,20.485,20.75,171569,0
20121026,20.697,20.961,20.528,20.732,139486,0
20121031,20.815,21.098,20.753,20.885,106216,0
20121101,20.951,21.242,20.802,21.083,178408,0
20121102,21.074,21.11,20.75,20.856,104774,0
20121105,20.811,20.811,20.369,20.609,152248,0
20121106,20.609,20.97,20.609,20.934,52798,0
20121107,20.87,20.885,20.157,20.3,104474,0
20121108,20.273,20.452,20.024,20.033,102446,0
20121109,20.072,20.257,19.922,20.072,86430,0
20121112,20.124,20.124,19.896,20.045,69062,0
20121113,20,20.072,19.79,19.833,92454,0
20121114,19.807,19.843,19.525,19.569,135946,0
20121115,19.515,19.666,19.385,19.515,181148,0
20121116,19.56,20.264,19.385,20.133,227540,0
20121119,20.238,20.51,20.221,20.452,110890,0
20121120,20.213,20.468,20.08,20.398,150727,0
20121121,20.415,20.476,20.187,20.292,128885,0
20121123,20.292,20.842,20.069,20.842,46094,0
20121126,20.697,20.951,20.528,20.811,142801,0
20121127,20.838,20.882,20.257,20.318,218876,0
20121128,20.238,20.547,20.231,20.442,432345,0
20121129,20.503,20.661,20.406,20.557,198722,0
20121130,20.688,20.698,20.482,20.698,204681,0
20121203,20.716,20.961,20.327,20.388,164099,0
20121204,20.353,20.585,20.336,20.558,166303,0
20121205,20.575,20.743,20.369,20.477,184081,0
20121206,20.504,20.851,20.362,20.575,217867,0
20121207,20.69,20.69,20.229,20.343,185814,0
20121210,20.362,20.495,20.255,20.415,303328,0
20121211,20.52,20.69,20.442,20.495,252279,0
20121212,20.566,20.663,20.468,20.477,296080,0
20121213,20.442,20.558,20.433,20.442,255051,0
20121214,20.468,20.575,20.292,20.317,172404,0
20121217,20.326,20.549,20.326,20.442,258374,0
20121218,20.529,20.603,20.433,20.549,359154,0
20121219,20.637,21.332,20.603,21.315,226930,0
20121220,21.384,21.634,21.205,21.561,277894,0
20121221,21.418,21.651,21.418,21.606,477709,0
20121224,21.634,21.651,21.332,21.552,67326,0
20121226,21.526,21.827,21.428,21.809,269709,0
20121227,21.801,21.936,21.25,21.356,281277,0
20121228,21.24,21.456,21.232,21.391,97000,0
20121231,21.25,21.729,21.145,21.721,172814,0
20130102,21.997,22.202,21.837,22.119,306288,0
20130103,22.202,22.448,21.936,22.422,318351,0
20130104,22.397,22.438,22.202,22.388,168877,0
20130107,22.397,22.572,22.138,22.497,193780,0
20130108,22.541,22.564,22.262,22.448,105806,0
20130109,22.422,22.657,22.262,22.438,136328,0
20130110,22.541,22.841,22.438,22.619,167123,0
20130111,22.638,22.638,22.289,22.564,108537,0
20130114,22.549,22.716,22.413,22.438,159920,0
20130115,22.373,22.599,22.298,22.355,171674,0
20130116,22.397,22.619,22.38,22.467,129343,0
20130117,22.572,23.029,22.467,22.824,339226,0
20130118,22.799,22.885,22.619,22.741,103174,0
20130122,22.692,22.991,22.692,22.991,247256,0
20130123,23.019,23.108,22.94,23.108,152572,0
20130124,23.063,23.198,22.841,23.108,202189,0
20130125,23.108,23.198,23.019,23.099,231211,0
20130128,23.108,23.526,22.991,23.463,309460,0
20130129,23.463,24.238,23.385,23.9,457652,0
20130130,23.916,23.997,23.578,23.722,1531038,0
20130131,23.756,23.997,23.677,23.909,256564,0
20130201,24.006,24.175,23.864,24.014,216644,0
20130204,23.97,23.97,23.659,23.722,197159,0
20130205,23.864,23.987,23.748,23.856,314309,0
20130206,23.847,24.059,23.774,23.926,308660,0
20130207,23.926,24.033,23.837,23.909,133332,0
20130208,23.97,24.103,23.765,23.97,189366,0
20130211,23.997,24.27,23.997,24.192,91112,0
20130212,24.228,24.398,24.219,24.325,217405,0
20130213,24.378,24.559,24.335,24.45,159937,0
20130214,24.458,24.6,24.299,24.495,141357,0
20130215,24.559,24.618,24.432,24.504,88055,0
20130219,24.593,24.7,24.504,24.672,343972,0
20130220,24.71,24.796,24.559,24.6,169851,0
20130221,24.593,24.593,24.185,24.299,131508,0
20130222,24.416,24.539,24.325,24.539,89700,0
20130225,24.485,24.861,24.361,24.361,215928,0
20130226,24.424,24.7,24.307,24.672,186566,0
20130227,24.681,24.852,24.626,24.743,201364,0
20130228,24.768,25.295,24.76,25.203,246242,0
20130301,25.098,25.169,24.857,24.883,362842,0
20130304,24.886,25.108,24.735,24.985,422136,0
20130305,25.041,25.5,25.041,25.393,175257,0
20130306,24.596,25.009,23.861,23.995,668158,0
20130307,23.887,23.907,22.722,23.181,2027192,0
20130308,22.705,22.757,22.272,22.472,14211130,0
20130311,22.438,22.648,22.438,22.532,2704950,0
20130312,22.487,22.732,22.438,22.581,1799107,0
20130313,22.682,22.7,22.05,22.524,1728235,0
20130314,22.524,22.59,22.307,22.458,1236447,0
20130315,22.309,22.536,21.898,22.069,1950161,0
20130318,21.854,22.219,21.526,22.212,1802350,0
20130319,22.196,22.462,21.96,22.452,1478204,0
20130320,22.452,22.52,22.319,22.452,677081,0
20130321,22.367,22.892,22.357,22.857,1401923,0
20130322,22.857,22.991,22.786,22.9,901835,0
20130325,22.9,23.009,22.857,23,1029223,0
20130326,23.019,23.099,22.965,23.099,538969,0
20130327,22.947,23.019,22.757,22.991,481486,0
20130328,23.029,23.029,22.814,22.956,689107,0
20130401,22.857,23,22.806,22.892,824714,0
20130402,23.037,23.125,22.689,22.884,453890,0
20130403,22.814,22.831,22.168,22.23,634768,0
20130404,22.221,22.481,22.149,22.481,348348,0
20130405,22.301,22.586,22.301,22.56,365460,0
20130408,22.56,22.663,22.357,22.663,251232,0
20130409,22.671,22.866,22.671,22.705,401867,0
20130410,22.748,22.983,22.689,22.974,406002,0
20130411,22.974,22.991,22.806,22.91,312266,0
20130412,22.91,22.929,22.714,22.848,361018,0
20130415,22.728,22.822,22.329,22.339,539489,0
20130416,22.408,22.604,22.258,22.452,679502,0
20130417,22.383,22.462,22.042,22.149,441100,0
20130418,22.12,22.258,21.765,21.908,304872,0
20130419,21.953,22.05,21.746,21.978,407306,0
20130422,22.106,22.139,21.898,22.069,207045,0
20130423,22.096,22.213,21.844,21.908,632775,0
20130424,21.863,22.426,21.784,22.087,393697,0
20130425,22.462,22.939,22.196,22.822,1031389,0
20130426,22.857,22.857,22.614,22.663,384432,0
20130429,22.663,22.671,22.096,22.367,560109,0
20130430,22.383,22.714,22.204,22.714,644384,0
20130501,22.644,22.653,22.367,22.433,370895,0
20130502,22.452,22.595,22.23,22.391,193283,0
20130503,22.536,22.814,22.481,22.567,220455,0
20130506,22.576,22.848,22.501,22.786,207141,0
20130507,22.884,23.233,22.822,23.199,556785,0
20130508,23.171,23.233,22.965,23.135,447414,0
20130509,23.045,23.208,22.831,22.892,303804,0
20130510,22.892,23.009,22.624,22.884,348557,0
20130513,22.822,22.9,22.671,22.722,185507,0
20130514,22.757,22.884,22.714,22.757,212322,0
20130515,22.714,22.991,22.595,22.9,453620,0
20130516,22.848,23.108,22.822,22.822,198086,0
20130517,22.839,23.045,22.757,22.974,495545,0
20130520,22.974,23.089,22.796,22.892,258844,0
20130521,22.866,22.919,22.728,22.757,188981,0
20130522,22.722,22.857,22.168,22.264,506568,0
20130523,22.139,22.221,21.88,22.139,293567,0
20130524,22.025,22.309,21.926,22.309,195671,0
20130528,22.491,22.634,22.417,22.481,182501,0
20130529,22.472,22.511,22.291,22.357,724014,0
20130530,22.357,22.56,22.196,22.213,1055090,0
20130531,22.199,22.207,21.953,22.025,1781810,0
20130603,22.196,22.339,21.657,21.96,1953422,0
20130604,22.12,22.634,21.997,22.452,1004313,0
20130605,22.375,22.527,22.23,22.329,569348,0
20130606,22.282,22.527,22.221,22.511,486476,0
20130607,22.595,22.757,22.4,22.728,357386,0
20130610,22.831,22.831,22.653,22.786,271833,0
20130611,22.689,22.689,22.186,22.552,457043,0
20130612,22.663,22.738,22.375,22.472,328294,0
20130613,22.52,22.722,22.4,22.671,295211,0
20130614,22.624,22.689,22.264,22.375,217040,0
20130617,22.501,22.929,22.462,22.814,514819,0
20130618,22.947,22.947,22.806,22.866,333716,0
20130619,22.866,23.099,22.738,22.884,608965,0
20130620,22.722,23.108,22.481,22.919,656435,0
20130621,23.055,23.225,22.876,23.144,1331394,0
20130624,23,23.144,22.714,22.965,953500,0
20130625,23.081,23.511,22.9,23.333,788964,0
20130626,23.511,23.735,23.35,23.682,550347,0
20130627,23.806,24.192,23.744,23.924,848365,0
20130628,24.059,24.15,23.418,23.456,2109807,0
20130701,23.53,24.175,23.521,23.887,950800,0
20130702,23.941,24.384,23.834,24.087,661269,0
20130703,24.33,24.34,23.76,23.77,339843,0
20130705,23.978,24.673,23.834,24.673,607307,0
20130708,24.771,25.358,24.538,24.944,724756,0
20130709,25.018,25.28,24.808,25.203,564942,0
20130710,25.307,25.468,24.771,25.049,891521,0
20130711,25.307,25.433,24.455,24.509,578806,0
20130712,24.529,25.049,24.455,25.026,416733,0
20130715,25.187,25.387,24.935,25.297,726501,0
20130716,25.358,25.631,25.009,25.243,546164,0
20130717,25.323,25.468,25.195,25.288,496086,0
20130718,25.332,25.539,25.049,25.503,1173158,0
20130719,25.577,25.855,25.387,25.82,476489,0
20130722,25.82,26,25.657,25.838,356534,0
20130723,25.847,26.351,25.811,26.102,873907,0
20130724,26.315,27.084,26.217,26.912,1100516,0
20130725,27.066,27.076,26.661,27.004,972649,0
20130726,27.293,27.447,27.066,27.264,723153,0
20130729,27.293,27.331,26.976,27.12,627199,0
20130730,27.101,27.476,27.101,27.139,611231,0
20130731,27.264,27.59,27.139,27.313,560094,0
20130801,27.456,27.6,27.355,27.554,466001,0
20130802,27.466,27.653,27.274,27.637,417594,0
20130805,27.718,27.969,27.516,27.78,519948,0
20130806,27.661,27.78,27.409,27.492,533521,0
20130807,27.409,27.661,27.076,27.303,579340,0
20130808,27.492,27.661,27.245,27.653,403219,0
20130809,27.535,27.79,27.466,27.726,513307,0
20130812,27.484,27.581,27.348,27.554,535599,0
20130813,27.59,27.906,27.418,27.78,663283,0
20130814,27.825,27.87,27.516,27.763,480109,0
20130815,27.535,27.637,27.331,27.476,442983,0
20130816,27.348,27.906,27.158,27.669,541700,0
20130819,27.726,27.906,27.59,27.669,618860,0
20130820,27.734,27.853,27.619,27.771,535459,0
20130821,27.799,27.843,27.619,27.763,712953,0
20130822,27.78,28.315,27.708,28.268,403932,0
20130823,28.366,28.421,27.771,27.96,272633,0
20130826,28.043,28.068,27.734,27.78,157648,0
20130827,27.348,27.763,26.687,26.714,291677,0
20130828,26.687,26.994,26.425,26.768,901530,0
20130829,26.84,27.274,26.679,26.967,292864,0
20130830,27.189,27.229,26.758,26.859,227883,0
20130903,27.027,27.199,26.68,26.961,431203,0
20130904,26.916,27.134,26.771,27.017,742055,0
20130905,27.079,27.309,26.881,27.182,372058,0
20130906,27.279,27.425,26.862,27.182,312766,0
20130909,27.274,27.409,27.04,27.355,310659,0
20130910,27.474,27.707,27.251,27.406,472703,0
20130911,27.409,27.843,27.321,27.669,400238,0
20130912,27.718,27.753,27.355,27.427,434891,0
20130913,27.499,27.589,27.27,27.552,234539,0
20130916,27.933,27.979,27.409,27.525,491870,0
20130917,27.425,28.198,27.425,28.164,700185,0
20130918,28.261,28.343,27.898,27.99,417007,0
20130919,27.935,28.171,26.979,27.231,767384,0
20130920,27.231,27.434,27.036,27.345,956814,0
20130923,27.337,27.454,27.053,27.163,315125,0
20130924,27.191,27.871,27.115,27.571,825139,0
20130925,27.618,27.833,27.561,27.815,343485,0
20130926,27.915,27.944,27.599,27.79,260028,0
20130927,27.678,28.035,27.678,27.99,249664,0
20130930,28.123,28.573,27.839,28.544,641850,0
20131001,28.37,28.552,28.235,28.417,289997,0
20131002,28.144,28.37,28.052,28.279,325482,0
20131003,28.327,28.534,28.171,28.361,484518,0
20131004,28.327,28.417,28.216,28.343,246747,0
20131007,28.27,28.37,28.079,28.27,222436,0
20131008,28.309,28.309,27.862,27.961,234052,0
20131009,27.925,28.079,27.815,27.999,272812,0
20131010,28.309,28.626,28.216,28.534,270312,0
20131011,28.507,28.852,28.309,28.735,249210,0
20131014,28.727,29.525,28.661,29.499,636383,0
20131015,29.481,29.481,29.108,29.198,274741,0
20131016,29.445,29.852,29.289,29.662,336243,0
20131017,29.609,29.609,29.089,29.462,435736,0
20131018,29.454,29.626,29.17,29.471,390577,0
20131021,29.435,29.715,29.244,29.715,726828,0
20131022,29.754,30.317,29.553,29.909,831634,0
20131023,29.553,29.59,28.935,29.061,921955,0
20131024,29.025,29.264,28.707,28.753,760821,0
20131025,28.707,29.08,28.59,28.99,590796,0
20131028,28.188,28.871,27.743,28.389,2014100,0
20131029,27.935,28.18,27.734,27.753,9396683,0
20131030,27.915,28.389,27.907,28.225,2052627,0
20131031,28.407,28.454,28.068,28.162,940580,0
20131101,28.007,28.089,27.599,27.871,671072,0
20131104,27.97,28.035,27.627,27.97,431019,0
20131105,27.944,28.025,27.815,27.954,731824,0
20131106,27.898,28.079,27.853,28.062,625520,0
20131107,27.961,28.154,27.807,27.935,550661,0
20131108,27.935,28.798,27.815,28.688,969560,0
20131111,28.417,28.808,28.417,28.645,603281,0
20131112,28.543,28.671,27.88,27.99,769462,0
20131113,27.799,28.144,27.726,28.144,451784,0
20131114,28.188,28.5,28.035,28.491,189847,0
20131115,28.425,28.515,28.188,28.444,328257,0
20131118,28.434,28.434,27.99,28.071,733186,0
20131119,28.134,28.616,27.97,28.581,1002722,0
20131120,28.552,28.598,28.407,28.481,558212,0
20131121,28.581,28.935,28.417,28.871,569320,0
20131122,28.926,29.198,28.671,29.061,432340,0
20131125,29.17,29.282,28.926,29.118,278955,0
20131126,29.146,29.399,29.043,29.244,541309,0
20131127,29.207,29.435,29.071,29.379,278004,0
20131129,29.452,29.644,29.321,29.542,132254,0
20131202,29.282,29.462,29.052,29.16,573973,0
20131203,29.113,29.423,29.104,29.279,540926,0
20131204,29.202,29.303,28.673,29.075,582183,0
20131205,29.132,29.341,29.029,29.202,426261,0
20131206,29.08,29.516,29.034,29.481,653718,0
20131209,29.379,29.516,29.043,29.273,582335,0
20131210,29.16,29.335,28.907,29.043,307326,0
20131211,29.118,29.118,28.481,28.534,579519,0
20131212,28.572,28.862,28.507,28.798,396132,0
20131213,28.826,29.052,28.653,29.016,508194,0
20131216,29.016,29.689,29.016,29.49,626601,0
20131217,29.462,29.499,29.152,29.418,483305,0
20131218,29.534,29.706,28.981,29.679,619245,0
20131219,30.117,30.193,29.416,29.468,548861,0
20131220,29.514,29.979,29.386,29.909,2218654,0
20131223,30.017,30.476,29.89,30.402,377194,0
20131224,30.311,30.456,30.046,30.117,203117,0
20131226,30.24,30.348,30.007,30.117,281370,0
20131227,30.211,30.282,29.763,30.007,161440,0
20131230,29.9,29.988,29.714,29.972,355179,0
20131231,30.017,30.23,29.964,30.126,252449,0
20140102,30.055,30.22,29.773,29.955,655213,0
20140103,30.017,30.193,29.824,30.017,594662,0
20140106,30.006,30.247,29.816,29.852,634223,0
20140107,29.861,30.027,29.607,29.808,297144,0
20140108,29.808,29.842,29.532,29.661,357299,0
20140109,29.89,29.919,29.295,29.452,542926,0
20140110,29.929,29.929,29.26,29.423,554548,0
20140113,29.341,29.416,28.957,28.993,330215,0
20140114,29.056,29.156,28.855,28.967,509209,0
20140115,29.084,29.193,29.047,29.104,280617,0
20140116,29.156,29.331,28.855,29.321,247979,0
20140117,29.468,29.625,29.312,29.468,580199,0
20140121,29.568,30.037,29.468,29.782,556235,0
20140122,29.852,30.22,29.852,30.017,902650,0
20140123,30.017,31.044,29.744,30.978,1063465,0
20140124,30.86,31.106,30.456,30.513,969594,0
20140127,30.513,30.612,29.946,29.972,415481,0
20140128,29.979,30.183,29.193,29.202,837199,0
20140129,28.782,28.993,28.244,28.37,5528759,0
20140130,28.563,28.967,28.417,28.772,1043305,0
20140131,28.553,28.745,28.417,28.463,1389608,0
20140203,28.573,28.573,27.603,27.867,1459387,0
20140204,28.032,28.205,27.63,28.022,878096,0
20140205,27.839,28.032,27.768,27.959,603290,0
20140206,28.014,28.37,27.83,28.352,731539,0
20140207,28.5,28.737,28.298,28.491,572493,0
20140210,28.59,28.811,28.342,28.801,608277,0
20140211,28.719,29.165,28.719,29.029,647759,0
20140212,29.002,29.132,28.646,28.772,525869,0
20140213,28.599,29.065,28.471,29.038,335765,0
20140214,29.065,29.468,28.929,29.459,520050,0
20140218,29.497,29.763,29.35,29.607,554927,0
20140219,29.523,29.617,28.929,29.038,826946,0
20140220,28.993,29.15,28.608,29.056,545315,0
20140221,29.084,29.185,28.919,29.132,543820,0
20140224,29.625,30.23,29.532,30.102,897526,0
20140225,30.193,30.291,29.955,30.017,936545,0
20140226,30.065,30.311,29.979,30.201,537666,0
20140227,30.264,30.632,30.136,30.592,572542,0
20140228,30.558,31.252,30.456,30.642,779887,0
20140303,30.437,30.705,30.117,30.705,747264,0
20140304,31.088,31.583,30.797,31.281,651010,0
20140305,30.971,31.116,30.485,30.612,6420031,0
20140306,30.659,31.061,30.513,30.978,1969721,0
20140307,31.044,31.207,30.788,31.135,1381255,0
20140310,31.153,31.182,30.531,30.988,1546245,0
20140311,31.078,31.675,30.768,30.824,1198314,0
20140312,30.768,30.888,30.612,30.833,1296617,0
20140313,30.879,30.961,30.065,30.367,1360919,0
20140314,30.24,30.541,30.183,30.503,1051107,0
20140317,30.632,31.069,30.394,30.914,608198,0
20140318,31.025,31.125,30.768,30.841,501511,0
20140319,30.914,31.207,30.696,31.163,505692,0
20140320,31.088,31.602,30.997,31.573,707835,0
20140321,31.701,31.85,31.163,31.182,1005648,0
20140324,31.271,31.427,30.723,30.961,670164,0
20140325,31.106,31.252,30.748,30.778,572697,0
20140326,30.914,31.061,30.748,31.035,1286957,0
20140327,31.465,31.647,31.191,31.215,1898545,0
20140328,31.207,31.622,31.124,31.2,870197,0
20140331,31.31,32.073,31.233,32.017,788145,0
20140401,32.008,32.294,31.713,32.173,846689,0
20140402,32.259,32.486,31.906,32.294,826393,0
20140403,32.368,32.625,32.211,32.582,947817,0
20140404,32.711,32.828,31.521,31.852,1731876,0
20140407,31.704,31.844,31.521,31.678,630362,0
20140408,31.668,31.879,31.225,31.348,789089,0
20140409,31.448,31.493,31.182,31.31,610333,0
20140410,31.281,31.493,30.545,30.628,692448,0
20140411,30.388,30.618,29.773,29.972,985030,0
20140414,30.066,30.471,29.853,30.166,655197,0
20140415,30.223,30.434,29.652,30.139,901611,0
20140416,30.186,30.342,30.086,30.332,339689,0
20140417,30.434,30.848,30.243,30.608,546458,0
20140421,30.508,30.795,30.388,30.628,327654,0
20140422,30.663,30.848,30.258,30.765,497875,0
20140423,30.755,30.977,30.656,30.868,772229,0
20140424,31.575,31.844,30.893,31.051,840400,0
20140425,31.015,31.068,30.371,30.692,922419,0
20140428,30.912,30.922,30.332,30.471,789098,0
20140429,30.471,30.656,30.25,30.407,597966,0
20140430,30.388,30.564,30.156,30.381,683921,0
20140501,30.434,30.573,29.972,30.096,509109,0
20140502,30.104,30.736,30.104,30.186,386786,0
20140505,30.104,30.186,29.8,30.009,448130,0
20140506,29.8,29.93,29.09,29.146,998152,0
20140507,29.237,29.422,29.128,29.374,662009,0
20140508,29.616,29.791,29.208,29.276,680039,0
20140509,29.44,29.669,29.267,29.643,745051,0
20140512,29.782,30.156,29.597,30.048,689126,0
20140513,30.057,30.204,29.825,29.862,543365,0
20140514,29.862,29.881,29.146,29.347,746685,0
20140515,29.328,29.384,28.327,28.877,839570,0
20140516,28.805,28.952,28.537,28.942,590763,0
20140519,28.824,29.237,28.824,29.153,350139,0
20140520,29.199,29.218,28.877,29.109,408818,0
20140521,29.218,29.45,29.051,29.276,552117,0
20140522,29.267,29.55,29.199,29.504,346602,0
20140523,29.522,29.99,29.513,29.99,641358,0
20140527,30.139,30.223,29.972,30.104,765874,0
20140528,30.057,30.223,29.834,29.92,606697,0
20140529,29.965,30.019,29.763,29.972,501097,0
20140530,29.91,30.186,29.91,29.965,275110,0
20140602,30.029,30.176,29.724,30.076,419091,0
20140603,29.98,30.268,29.92,30.048,406860,0
20140604,30.057,30.295,29.972,30.166,404632,0
20140605,30.277,30.628,30.096,30.608,307811,0
20140606,30.745,30.893,30.638,30.839,372591,0
20140609,30.821,31.143,30.785,31.134,439932,0
20140610,31.134,31.271,31.015,31.215,472173,0
20140611,31.105,31.252,30.986,31.006,617446,0
20140612,31.024,31.319,30.811,30.893,734957,0
20140613,30.996,31.233,30.736,30.848,468212,0
20140616,30.795,30.977,30.618,30.922,686528,0
20140617,30.902,31.778,30.868,31.503,588707,0
20140618,31.521,31.871,31.448,31.759,853300,0
20140619,31.723,31.879,31.585,31.768,574503,0
20140620,31.861,31.999,31.75,31.871,604156,0
20140623,31.852,32.155,31.605,31.696,715335,0
20140624,31.566,31.807,31.339,31.458,842893,0
20140625,31.476,31.575,31.143,31.548,529335,0
20140626,31.503,31.512,31.097,31.476,548896,0
20140627,31.448,31.503,30.716,31.041,3003286,0
20140630,31.041,31.198,30.937,31.021,777884,0
20140701,30.993,31.458,30.966,31.18,741165,0
20140702,31.18,31.213,31.031,31.141,626413,0
20140703,31.241,31.715,31.241,31.623,267888,0
20140707,31.586,31.586,31.198,31.309,378405,0
20140708,31.113,31.232,30.716,30.898,502323,0
20140709,30.974,31.141,30.716,31.003,791129,0
20140710,30.549,31.012,30.445,30.844,399942,0
20140711,30.77,30.974,30.602,30.854,267074,0
20140714,30.983,31.113,30.76,30.807,244927,0
20140715,30.874,31.161,30.827,31.094,439627,0
20140716,31.161,31.18,30.622,30.668,427976,0
20140717,30.622,30.622,29.852,29.938,711298,0
20140718,30.104,30.187,29.799,30.112,890392,0
20140721,30.019,30.077,29.703,29.92,375573,0
20140722,30.104,30.104,29.651,29.722,411077,0
20140723,29.861,30.009,29.604,29.972,538040,0
20140724,29.492,30.097,29.483,30.019,1332970,0
20140725,29.861,30.067,29.712,29.91,841314,0
20140728,29.799,29.947,29.315,29.473,878561,0
20140729,29.547,29.808,29.38,29.538,451249,0
20140730,29.538,29.88,29.223,29.455,581418,0
20140731,29.223,29.371,28.769,28.945,475390,0
20140801,28.834,29.288,28.463,28.641,380010,0
20140804,28.714,28.733,28.203,28.473,289398,0
20140805,28.342,28.518,28.064,28.212,328412,0
20140806,28.038,28.556,28.009,28.473,356098,0
20140807,28.585,28.641,28.019,28.194,265374,0
20140808,28.194,28.307,28.139,28.297,255124,0
20140811,28.277,28.493,28.203,28.297,255440,0
20140812,28.287,28.649,28.232,28.463,743048,0
20140813,28.493,28.659,28.168,28.317,482166,0
20140814,28.361,28.527,28.259,28.342,285872,0
20140815,28.455,28.518,28.009,28.112,418169,0
20140818,28.277,28.694,28.259,28.593,370426,0
20140819,28.611,28.852,28.585,28.631,275212,0
20140820,28.601,28.778,28.537,28.641,226106,0
20140821,28.649,29.186,28.621,29.132,393842,0
20140822,29.084,29.361,28.936,29.037,290103,0
20140825,29.141,29.288,29.019,29.157,229601,0
20140826,29.213,29.344,29.113,29.344,179230,0
20140827,29.334,29.361,29.01,29.084,330907,0
20140828,28.945,29.176,28.788,28.917,247033,0
20140829,29.037,29.232,28.834,29.232,188284,0
20140902,29.262,29.651,29.186,29.557,428069,0
20140903,29.772,29.799,29.232,29.324,477807,0
20140904,29.371,29.651,29.306,29.38,286113,0
20140905,29.39,29.79,29.371,29.557,570645,0
20140908,29.557,29.594,29.242,29.473,260926,0
20140909,29.418,29.473,29.037,29.084,871280,0
20140910,29.055,29.91,29.055,29.584,725298,0
20140911,29.519,30.019,29.519,29.999,459057,0
20140912,30.058,30.27,29.938,30.019,360260,0
20140915,30.058,30.058,29.557,29.732,300325,0
20140916,29.651,29.808,29.39,29.564,354027,0
20140917,29.604,30.334,29.604,30.112,571542,0
20140918,30.167,30.79,30.112,30.14,965748,0
20140919,30.27,30.483,29.965,30.187,1171708,0
20140922,29.938,30.112,29.659,29.703,536094,0
20140923,29.957,30.121,29.361,29.361,543508,0
20140924,29.361,29.51,28.917,29.132,768364,0
20140925,29.132,29.176,28.677,28.769,406227,0
20140926,28.694,28.898,28.621,28.807,511673,0
20140929,28.574,28.693,28.442,28.544,494061,0
20140930,28.684,28.723,28.293,28.442,374425,0
20141001,28.491,28.658,28.124,28.395,992251,0
20141002,28.228,28.508,27.91,28.322,656640,0
20141003,28.544,28.76,28.395,28.423,362180,0
20141006,28.564,28.564,28.218,28.238,269960,0
20141007,28.181,28.265,27.667,27.715,530891,0
20141008,27.77,28.208,27.641,28.19,413285,0
20141009,28.181,28.218,27.455,27.555,509202,0
20141010,27.613,27.762,27.386,27.386,430389,0
20141013,27.537,27.79,27.296,27.306,395127,0
20141014,27.435,27.752,27.016,27.052,1196066,0
20141015,26.727,26.791,25.821,26.063,1165684,0
20141016,25.653,26.773,25.617,26.736,1916790,0
20141017,27.097,27.406,26.978,27.378,924658,0
20141020,27.378,27.584,27.147,27.396,912020,0
20141021,27.623,28.265,27.483,28.107,459435,0
20141022,28.208,28.395,27.8,28.022,1465033,0
20141023,28.144,28.144,27.097,27.193,2128525,0
20141024,27.026,27.237,26.689,26.857,1400343,0
20141027,26.809,27.062,26.698,27.016,1449416,0
20141028,27.097,27.527,26.922,27.508,1267113,0
20141029,27.465,27.919,27.062,27.79,587119,0
20141030,27.8,27.835,27.097,27.651,644580,0
20141031,27.855,28.013,27.705,27.892,662574,0
20141103,27.939,27.996,27.651,27.762,730942,0
20141104,27.752,27.8,27.517,27.762,511568,0
20141105,27.939,28.022,27.752,27.919,493135,0
20141106,27.901,28.349,27.77,28.134,478109,0
20141107,28.172,28.358,28.022,28.246,602352,0
20141110,28.218,28.648,28.107,28.544,617479,0
20141111,28.544,28.648,28.367,28.471,342909,0
20141112,28.471,28.899,28.432,28.871,304396,0
20141113,28.713,28.852,28.591,28.769,835428,0
20141114,28.778,28.807,28.255,28.405,367883,0
20141117,28.415,28.481,28.098,28.172,346908,0
20141118,28.181,28.313,28.06,28.124,401395,0
20141119,28.134,28.134,27.79,27.976,609850,0
20141120,27.892,28.331,27.855,28.331,665776,0
20141121,28.508,28.544,27.967,28.013,809926,0
20141124,28.134,28.535,28.069,28.386,541446,0
20141125,27.827,28.386,27.651,28.349,1545356,0
20141126,28.265,28.64,28.2,28.6,847775,0
20141128,28.658,28.658,28.098,28.172,316164,0
20141201,28.003,28.003,27.415,27.574,1932291,0
20141202,27.613,27.929,27.537,27.613,426907,0
20141203,27.565,27.996,27.508,27.901,662961,0
20141204,27.883,27.892,27.306,27.325,989098,0
20141205,27.175,27.475,26.829,27.166,2348680,0
20141208,27.107,27.117,26.651,26.773,1513416,0
20141209,26.614,27.089,26.437,27.079,1554229,0
20141210,27.007,27.071,26.157,26.212,997043,0
20141211,26.41,26.633,26.12,26.344,1498737,0
20141212,26.175,26.324,26.093,26.112,719974,0
20141215,26.148,26.252,25.708,25.803,994459,0
20141216,25.645,26.103,25.56,25.915,1129959,0
20141217,25.925,26.428,25.812,26.41,1276262,0
20141218,26.569,26.819,26.41,26.641,1192337,0
20141219,26.707,27.035,26.595,26.968,1773998,0
20141222,26.885,27.316,26.857,27.286,763083,0
20141223,27.517,27.705,27.325,27.335,806660,0
20141224,27.202,27.325,27.016,27.107,249450,0
20141226,27.237,27.396,27.107,27.156,504238,0
20141229,27.07,27.503,27.07,27.344,548827,0
20141230,27.307,27.587,27.185,27.503,507840,0
20141231,27.662,27.709,27.22,27.22,450594,0
20150102,27.317,27.427,26.78,27.238,543849,0
20150105,27.156,27.202,26.61,26.864,1329696,0
20150106,26.78,26.901,26.281,26.291,2472852,0
20150107,26.328,26.507,25.98,26.168,978544,0
20150108,26.291,26.554,26.225,26.414,963527,0
20150109,26.404,26.525,25.775,25.886,1000388,0
20150112,25.838,25.935,25.492,25.492,924493,0
20150113,25.577,25.962,25.368,25.652,665277,0
20150114,25.368,25.548,25.218,25.418,1040060,0
20150115,25.474,25.492,25.078,25.127,910591,0
20150116,25.088,25.418,25.088,25.408,859812,0
20150120,25.388,25.492,25.107,25.368,1282389,0
20150121,25.388,25.66,25.163,25.313,1076395,0
20150122,25.998,27.006,25.528,26.864,1196561,0
20150123,26.807,26.947,26.574,26.61,962521,0
20150126,26.601,26.75,26.394,26.61,792117,0
20150127,26.423,26.554,26.205,26.328,774731,0
20150128,26.394,26.554,26.113,26.14,1276502,0
20150129,26.338,26.338,26.008,26.254,999497,0
20150130,25.962,26.347,25.867,25.99,555232,0
20150202,25.99,27.202,25.935,27.137,971979,0
20150203,27.211,27.709,27.211,27.709,688363,0
20150204,27.486,27.925,27.467,27.662,826018,0
20150205,28.132,28.348,27.935,28.132,1138035,0
20150206,28.254,28.8,28.236,28.621,622805,0
20150209,28.415,28.584,28.282,28.376,518642,0
20150210,28.536,28.631,28.264,28.555,422099,0
20150211,28.565,28.81,28.565,28.733,549617,0
20150212,28.781,29.495,28.762,29.457,861346,0
20150213,29.504,30.049,29.467,30.03,1467167,0
20150217,30.02,30.83,29.832,30.575,1840036,0
20150218,30.442,30.472,29.879,30.059,1088000,0
20150219,29.972,30.434,29.672,30.098,908658,0
20150220,30.143,30.567,29.814,30.51,781126,0
20150223,30.434,30.83,30.274,30.772,907889,0
20150224,30.772,31.018,30.52,30.81,916420,0
20150225,30.792,30.951,30.462,30.575,1075829,0
20150226,30.529,30.669,30.407,30.632,508995,0
20150227,30.592,30.848,30.407,30.452,820162,0
20150302,30.442,30.679,30.249,30.661,828099,0
20150303,30.539,30.932,30.539,30.708,494241,0
20150304,30.539,30.632,30.256,30.462,442731,0
20150305,30.36,30.529,29.832,30.51,792127,0
20150306,30.539,31.149,30.52,30.893,744980,0
20150309,30.979,31.13,30.762,30.971,1083520,0
20150310,30.752,30.951,30.602,30.782,813625,0
20150311,30.661,30.971,30.642,30.902,1577762,0
20150312,31.072,31.372,30.83,31.13,987313,0
20150313,31.111,31.149,30.442,30.877,918240,0
20150316,30.902,31.018,30.632,30.887,754134,0
20150317,30.762,31.13,30.51,31.13,876522,0
20150318,31.037,31.382,30.858,31.027,1134284,0
20150319,30.999,30.999,30.32,30.727,1431000,0
20150320,31.222,31.657,30.752,31.524,1982499,0
20150323,31.524,31.657,31.027,31.42,696556,0
20150324,31.459,31.542,31.168,31.42,600347,0
20150325,31.488,31.497,30.82,30.848,675803,0
20150326,30.82,31.063,30.567,30.979,399948,0
20150327,30.961,30.961,30.229,30.612,855877,0
20150330,30.679,31.616,30.557,31.245,779937,0
20150331,31.124,31.191,30.661,30.963,949360,0
20150401,30.743,31.275,30.612,31.245,635812,0
20150402,31.182,31.416,30.972,31.104,518020,0
20150406,30.87,31.634,30.679,31.436,726960,0
20150407,31.387,31.503,31.191,31.191,722146,0
20150408,31.285,31.484,31.065,31.163,639302,0
20150409,31.163,31.456,30.992,31.163,529177,0
20150410,31.333,31.387,31.074,31.343,428880,0
20150413,31.465,31.691,31.359,31.644,460603,0
20150414,31.672,31.796,31.235,31.606,351057,0
20150415,31.634,32.059,31.529,32.012,480456,0
20150416,31.966,32.278,31.548,32.069,599876,0
20150417,31.861,31.994,31.406,31.529,392295,0
20150420,31.626,31.88,31.377,31.446,415270,0
20150421,31.577,31.88,31.406,31.699,556240,0
20150422,31.729,32.032,31.521,31.814,727585,0
20150423,31.654,31.814,30.783,31.577,1070193,0
20150424,31.295,31.493,30.743,31.304,1071565,0
20150427,31.304,31.304,30.548,30.602,1071883,0
20150428,30.519,31.387,30.386,31.359,971749,0
20150429,31.245,31.654,31.048,31.436,460286,0
20150430,31.352,31.538,31.021,31.074,582732,0
20150501,31.048,31.245,30.763,30.831,376750,0
20150504,30.84,31.368,30.84,31.323,245210,0
20150505,31.226,31.529,30.953,30.963,595739,0
20150506,31.056,31.2,30.743,31.172,447916,0
20150507,31.153,31.323,30.85,31.065,296617,0
20150508,31.245,31.426,30.953,31.343,264350,0
20150511,31.313,31.729,31.265,31.436,485768,0
20150512,31.359,32.059,31.114,31.814,643044,0
20150513,31.719,32.362,31.538,32.211,876160,0
20150514,32.342,32.448,32.059,32.352,795058,0
20150515,32.296,32.342,31.729,31.927,403409,0
20150518,31.984,32.391,31.852,32.296,447333,0
20150519,32.306,32.694,32.259,32.591,822973,0
20150520,32.582,32.626,32.182,32.191,418517,0
20150521,32.278,32.503,32.154,32.372,413230,0
20150522,32.401,32.484,32.118,32.145,315633,0
20150526,32.059,32.098,31.739,31.984,503521,0
20150527,32.032,32.23,31.805,32.059,529861,0
20150528,32.032,32.118,31.748,31.994,466635,0
20150529,32.022,32.022,31.548,31.766,471176,0
20150601,31.899,31.984,31.446,31.691,570767,0
20150602,31.681,32.059,31.626,31.917,655453,0
20150603,32.135,32.694,31.984,32.475,715648,0
20150604,32.324,32.438,32.211,32.352,985600,0
20150605,32.448,33.035,32.421,33.005,948486,0
20150608,33.054,33.394,32.986,33.015,758577,0
20150609,33.101,33.734,32.957,33.488,672037,0
20150610,33.648,34.51,33.611,34.047,959477,0
20150611,34.007,34.121,33.773,34.037,821720,0
20150612,33.925,34.047,33.79,33.943,598065,0
20150615,33.695,33.886,33.555,33.715,627460,0
20150616,33.79,34.291,33.764,34.066,1259993,0
20150617,34.217,34.236,33.374,33.506,772217,0
20150618,33.725,33.846,33.307,33.725,447809,0
20150619,33.611,33.744,33.488,33.506,826144,0
20150622,33.715,33.925,33.593,33.905,702640,0
20150623,33.943,34.274,33.827,34.207,846654,0
20150624,34.138,34.425,33.987,34.104,919724,0
20150625,34.274,34.52,34.094,34.47,810706,0
20150626,34.547,34.944,34.319,34.688,1109103,0
20150629,34.251,34.404,33.831,34.023,1513408,0
20150630,34.366,34.509,34.072,34.175,1000279,0
20150701,34.423,35.032,34.423,34.917,1600776,0
20150702,34.755,34.936,34.233,34.376,1296097,0
20150706,33.947,34.376,33.786,34.271,1282849,0
20150707,34.261,34.394,33.576,34.28,1109272,0
20150708,33.983,34.072,33.69,33.851,620293,0
20150709,34.337,34.394,33.861,34.118,918139,0
20150710,34.594,34.718,34.347,34.603,472263,0
20150713,34.718,35.012,34.633,34.785,504329,0
20150714,34.679,35.108,34.585,35.042,860883,0
20150715,35.127,35.299,34.87,34.917,693414,0
20150716,35.137,35.346,34.765,35.164,1045351,0
20150717,35.127,35.203,34.357,34.575,571195,0
20150720,34.651,34.946,34.479,34.88,661401,0
20150721,34.87,35.498,34.765,34.85,428633,0
20150722,34.917,35.203,34.718,35.069,583284,0
20150723,34.737,35.336,34.384,34.566,1004557,0
20150724,34.613,34.831,34.394,34.461,1203789,0
20150727,34.317,34.461,33.823,34.003,911516,0
20150728,34.072,34.127,33.768,33.983,686631,0
20150729,34.052,34.347,33.804,34.317,451763,0
20150730,34.175,34.633,34.109,34.489,596217,0
20150731,34.566,34.821,34.337,34.737,1211569,0
20150803,34.613,34.84,34.251,34.479,583424,0
20150804,34.566,35.042,34.509,34.594,649520,0
20150805,34.746,35.211,34.613,34.956,616613,0
20150806,35.002,35.078,34.451,34.708,893270,0
20150807,34.831,35.309,34.785,35.117,1413532,0
20150810,35.364,35.764,35.184,35.705,725007,0
20150811,35.364,35.623,34.946,35.194,481919,0
20150812,34.917,34.956,33.871,34.718,1049873,0
20150813,34.737,35.259,34.479,35.22,719014,0
20150814,35.203,35.745,35.098,35.695,783672,0
20150817,35.603,36.001,35.24,35.83,692834,0
20150818,35.784,36.068,35.613,36.001,573299,0
20150819,35.847,35.945,35.498,35.593,1066692,0
20150820,35.203,35.372,34.795,34.821,1474720,0
20150821,34.317,34.585,33.851,34.127,1458319,0
20150824,32.5,33.633,32.15,32.417,1182326,0
20150825,33.167,33.167,31.607,31.778,1438239,0
20150826,32.073,32.652,31.456,32.643,1569867,0
20150827,33.109,33.576,32.892,33.518,1443284,0
20150828,33.339,33.814,33.339,33.661,591802,0
20150831,33.501,33.974,33.443,33.9,711864,0
20150901,33.272,33.376,32.264,32.407,803331,0
20150902,32.824,32.986,32.112,32.986,769793,0
20150903,33.091,33.509,32.844,33.299,789874,0
20150904,32.854,33.244,32.854,33.101,466272,0
20150908,33.339,34.033,33.339,33.974,562994,0
20150909,34.233,34.337,33.501,33.567,971335,0
20150910,33.501,34.233,33.396,34.195,596088,0
20150911,34.499,34.946,34.175,34.917,1176454,0
20150914,34.88,35.088,34.594,34.67,709236,0
20150915,34.821,35.289,34.613,35.098,750869,0
20150916,35.042,35.155,34.66,35.088,839287,0
20150917,35.032,35.471,34.09,34.243,826053,0
20150918,33.69,33.794,33.187,33.309,1527182,0
20150921,33.576,34.224,33.518,33.956,826041,0
20150922,33.451,33.841,33.406,33.748,648363,0
20150923,33.871,34.271,33.349,34.224,686842,0
20150924,33.947,34.28,33.386,34.251,652267,0
20150925,34.746,34.927,34.289,34.461,553532,0
20150928,34.271,34.289,33.491,33.528,794424,0
20150929,33.73,34.179,33.365,33.518,582215,0
20150930,33.892,34.237,33.73,34.208,711699,0
20151001,34.046,34.409,33.787,34.389,610327,0
20151002,33.432,33.73,32.583,33.548,995962,0
20151005,33.778,34.447,33.576,34.419,632937,0
20151006,34.38,34.447,33.95,34.208,477916,0
20151007,34.352,35.001,34.208,34.992,966700,0
20151008,35.088,35.729,34.735,35.68,593920,0
20151009,35.719,35.843,34.868,35.001,494950,0
20151012,35.001,35.443,34.829,35.211,556819,0
20151013,35.117,35.576,35.041,35.117,646801,0
20151014,35.011,35.203,34.342,34.542,630915,0
20151015,34.858,35.078,34.399,35.078,805026,0
20151016,35.26,35.318,34.725,35.001,877240,0
20151019,34.897,35.566,34.735,35.26,729833,0
20151020,35.26,36.009,35.072,35.843,769521,0
20151021,35.872,35.872,34.302,34.685,1864841,0
20151022,34.829,35.231,34.542,34.744,954053,0
20151023,34.982,35.616,34.839,35.566,603638,0
20151026,35.508,35.634,35.001,35.374,648054,0
20151027,35.164,35.318,34.735,34.974,650251,0
20151028,35.011,36.247,34.819,36.247,851635,0
20151029,35.979,36.687,35.817,36.524,1318997,0
20151030,36.475,36.801,35.365,35.576,791441,0
20151102,35.862,36.16,35.546,35.997,477448,0
20151103,35.921,36.351,35.69,36.322,799069,0
20151104,36.37,36.648,36.169,36.361,331470,0
20151105,36.064,37.194,36.006,36.964,1204037,0
20151106,37.807,38.246,37.338,37.644,1045811,0
20151109,37.757,37.901,37.366,37.594,755510,0
20151110,37.511,37.673,37.067,37.358,664671,0
20151111,37.52,37.664,36.994,37.05,374975,0
20151112,36.86,37.165,36.113,36.123,569152,0
20151113,35.834,36.217,35.586,35.834,784333,0
20151116,35.768,36.247,35.482,36.197,554624,0
20151117,36.123,36.437,35.901,35.921,845994,0
20151118,36.064,36.41,35.843,36.37,754862,0
20151119,36.15,36.303,35.882,36.14,452729,0
20151120,36.276,36.37,35.931,36.103,539575,0
20151123,36.103,36.524,35.852,35.997,1022298,0
20151124,35.862,36.39,35.759,36.303,709609,0
20151125,36.341,36.563,36.074,36.428,531422,0
20151127,36.465,36.485,36.025,36.455,304851,0
20151130,36.534,36.534,36.094,36.169,642411,0
20151201,36.4,36.446,35.69,36.131,738590,0
20151202,36.247,36.247,35.453,35.537,728192,0
20151203,35.739,35.817,35.041,35.137,1018335,0
20151204,35.251,36.37,35.059,36.217,1189825,0
20151207,36.084,36.123,35.537,36.016,1349511,0
20151208,35.69,35.807,35.155,35.518,988337,0
20151209,35.433,35.616,34.676,34.888,937438,0
20151210,34.897,36.054,34.715,35.709,843588,0
20151211,35.088,35.346,34.419,34.61,679825,0
20151214,34.582,35.031,34.085,35.021,1221968,0
20151215,35.413,35.997,35.29,35.556,942454,0
20151216,36.054,36.514,35.203,35.749,1205814,0
20151217,35.749,36.064,35.147,35.403,1405007,0
20151218,35.403,35.472,34.447,34.542,2050970,0
20151221,34.725,34.974,34.094,34.466,1485582,0
20151222,34.6,34.858,34.266,34.715,826189,0
20151223,34.935,34.982,34.62,34.868,621090,0
20151224,34.868,35.251,34.868,35.05,223044,0
20151228,34.935,34.935,34.293,34.829,659113,0
20151229,34.964,35.164,34.783,35.069,559021,0
20151230,35.059,35.078,34.667,34.735,597869,0
20151231,34.447,35.001,34.342,34.505,448783,0
20160104,33.815,33.981,33.288,33.95,1129670,0
20160105,34.026,34.251,33.824,33.922,863712,0
20160106,33.288,33.806,33.079,33.653,1144159,0
20160107,33.042,33.328,32.687,32.687,906959,0
20160108,33.042,33.079,32.017,32.179,1313200,0
20160111,32.237,32.599,32.027,32.247,1455622,0
20160112,32.573,32.657,32.084,32.361,1737625,0
20160113,32.351,33.17,31.187,31.253,1786257,0
20160114,32.035,32.361,31.489,32.101,1419987,0
20160115,31.187,31.812,30.995,31.745,1295171,0
20160119,32.15,32.226,31.283,31.523,1219098,0
20160120,30.955,31.591,30.295,31.168,1637765,0
20160121,32.284,33.622,31.486,31.851,1554710,0
20160122,32.381,32.467,31.476,31.764,1298846,0
20160125,31.62,31.668,29.969,30.05,1312194,0
20160126,30.271,31.119,30.06,31.061,1388952,0
20160127,30.995,31.88,30.86,31.552,1240520,0
20160128,31.908,32.207,31.532,31.697,724932,0
20160129,31.861,32.448,31.754,32.448,955114,0
20160201,32.197,32.639,31.947,32.351,684039,0
20160202,31.88,31.899,31.273,31.716,939862,0
20160203,31.986,32.082,30.995,31.917,844083,0
20160204,31.832,32.485,31.832,32.457,797514,0
20160205,32.371,32.629,31.851,31.947,1284921,0
20160208,31.427,31.427,29.857,30.503,1855222,0
20160209,29.964,30.831,29.876,30.618,1212092,0
20160210,30.916,31.342,30.493,30.503,618211,0
20160211,29.454,29.732,28.615,28.74,1498350,0
20160212,29.154,29.742,29.088,29.568,1714031,0
20160216,29.867,31.089,29.434,30.801,1574434,0
20160217,31.119,31.773,30.638,30.801,768191,0
20160218,30.87,30.945,30.291,30.503,576351,0
20160219,30.271,30.87,30.271,30.658,380295,0
20160222,31.005,31.532,31.005,31.504,767283,0
20160223,31.351,31.368,30.542,30.782,795958,0
20160224,30.369,30.628,29.848,30.579,488849,0
20160225,30.628,31.182,30.598,31.089,338664,0
20160226,31.378,31.908,31.178,31.62,804183,0
20160229,31.562,31.593,30.926,30.926,561694,0
20160301,31.129,32.035,30.985,32.025,568669,0
20160302,32.052,32.448,31.812,32.448,583910,0
20160303,32.371,33.19,32.14,33.111,700519,0
20160304,33.334,33.516,32.853,32.891,849103,0
20160307,32.689,33.709,32.583,33.69,810958,0
20160308,33.382,33.575,32.863,32.891,908515,0
20160309,33.083,33.083,32.669,32.803,490976,0
20160310,33.045,33.334,32.313,33.257,668524,0
20160311,33.603,34.181,33.334,34.066,1035363,0
20160314,33.959,34.531,33.66,34.325,991707,0
20160315,34.105,34.296,33.699,34.258,705479,0
20160316,34.171,34.566,33.468,33.536,685527,0
20160317,33.458,34.151,33.045,34.017,677161,0
20160318,34.161,34.605,33.977,34.315,1645291,0
20160321,34.239,34.441,33.719,33.997,646421,0
20160322,33.833,34.23,33.498,33.912,642410,0
20160323,33.795,33.891,33.228,33.402,745575,0
20160324,33.111,33.284,32.649,33.266,430842,0
20160328,33.412,33.69,32.91,33.199,580165,0
20160329,33.026,33.372,32.42,33.324,636800,0
20160330,33.488,34.047,33.275,33.412,386514,0
20160331,33.266,33.622,32.863,33.16,685448,0
20160401,32.929,33.19,32.709,33.121,742395,0
20160404,33.17,33.69,32.891,33.266,457643,0
20160405,32.938,33.045,32.592,32.756,667288,0
20160406,32.729,33.065,32.689,33.016,448230,0
20160407,32.699,32.793,31.957,32.159,772280,0
20160408,32.467,32.746,31.966,32.14,317651,0
20160411,32.188,32.639,31.947,32.188,723953,0
20160412,32.495,32.746,32.111,32.351,2060948,0
20160413,32.73,34.358,32.73,34.133,1106052,0
20160414,33.978,34.88,33.728,34.385,599274,0
20160415,34.464,34.545,33.843,34.038,661859,0
20160418,33.794,34.415,33.794,34.348,503639,0
20160419,34.503,34.986,34.27,34.949,870077,0
20160420,33.495,35.152,33.205,34.9,2375062,0
20160421,34.725,34.9,33.863,33.959,1282750,0
20160422,34.028,34.241,33.814,34.222,1218987,0
20160425,34.106,34.241,33.728,33.804,634920,0
20160426,33.922,34.415,33.767,34.298,1263947,0
20160427,34.25,34.25,33.708,34.193,823251,0
20160428,33.902,34.057,33.234,33.418,716582,0
20160429,33.33,33.485,32.991,33.427,787848,0
20160502,33.611,33.781,33.195,33.649,513525,0
20160503,33.098,33.295,32.73,33.254,857624,0
20160504,32.923,33.145,32.178,32.585,783551,0
20160505,32.701,32.895,32.05,32.187,904958,0
20160506,31.732,32.196,31.236,32.196,1071447,0
20160509,32.05,32.666,31.984,32.449,1126805,0
20160510,32.631,33.079,32.429,32.914,576396,0
20160511,32.836,33.04,32.4,32.526,1019397,0
20160512,32.73,32.942,32.013,32.089,945073,0
20160513,32.119,32.458,31.403,31.779,1264037,0
20160516,31.702,32.206,31.605,31.914,621878,0
20160517,31.848,32.206,31.363,31.46,782249,0
20160518,31.411,32.816,31.411,32.711,945493,0
20160519,32.023,32.245,31.246,32.139,2041915,0
20160520,32.178,32.486,31.914,32.07,1082334,0
20160523,32.08,32.089,31.509,31.769,1028848,0
20160524,31.944,32.4,31.877,32.196,861639,0
20160525,32.4,32.613,31.944,32.429,1388010,0
20160526,32.439,32.439,31.702,31.838,1237932,0
20160527,31.819,32.274,31.819,32.264,748911,0
20160531,32.506,32.536,31.897,32.07,1104830,0
20160601,31.914,32.168,31.547,31.974,1322885,0
20160602,31.954,32.294,31.732,32.294,1895752,0
20160603,31.914,31.914,31.131,31.722,1479919,0
20160606,31.654,32.425,31.654,32.322,1878113,0
20160607,32.274,32.631,32.129,32.361,1168022,0
20160608,32.294,32.671,32.178,32.486,1161753,0
20160609,32.351,32.351,31.863,32.149,880461,0
20160610,31.732,31.809,31.47,31.674,741363,0
20160613,31.47,31.908,31.256,31.372,1172192,0
20160614,31.246,31.537,30.587,30.705,1036010,0
20160615,30.792,31.306,30.647,30.657,680029,0
20160616,30.442,30.442,29.987,30.326,886094,0
20160617,30.317,30.705,30.317,30.569,1441816,0
20160620,31.111,31.537,30.772,30.782,686314,0
20160621,30.85,31.053,30.587,30.986,619248,0
20160622,30.927,31.345,30.927,31.006,846177,0
20160623,31.451,31.964,31.451,31.944,789254,0
20160624,29.833,30.571,29.262,29.338,2532580,0
20160627,28.961,28.999,26.983,27.255,3004969,0
20160628,27.817,28.34,27.546,28.292,1740199,0
20160629,28.698,29.145,28.379,29.027,938084,0
20160630,29.212,29.775,28.68,29.765,1854046,0
20160701,29.309,29.784,29.047,29.212,657312,0
20160705,28.922,28.951,28.098,28.36,741874,0
20160706,28.021,28.534,27.749,28.524,852222,0
20160707,28.534,29.027,28.501,28.747,796410,0
20160708,29.145,29.532,28.98,29.416,900099,0
20160711,29.61,30.045,29.56,29.91,905769,0
20160712,30.258,30.976,30.23,30.657,1098199,0
20160713,30.587,31.154,30.51,30.773,1066203,0
20160714,31.406,31.69,31.124,31.505,996449,0
20160715,31.699,31.96,31.431,31.671,884989,0
20160718,31.592,31.914,31.505,31.817,1475946,0
20160719,31.797,32.246,31.693,31.943,1275936,0
20160720,31.446,31.446,29.066,29.905,5205230,0
20160721,29.593,30.26,29.447,29.691,2067596,0
20160722,29.641,29.964,29.475,29.846,1577247,0
20160725,29.836,29.944,29.661,29.739,1255851,0
20160726,29.691,29.982,29.681,29.817,1745369,0
20160727,29.885,30.066,29.719,29.769,1101575,0
20160728,29.709,29.719,29.359,29.485,839838,0
20160729,29.466,30.227,29.145,29.281,1412879,0
20160801,29.329,29.505,28.823,28.861,841061,0
20160802,28.861,28.949,28.388,28.539,792195,0
20160803,28.559,28.92,28.481,28.657,1277394,0
20160804,28.647,28.851,28.589,28.744,627329,0
20160805,29.066,29.641,28.998,29.641,735446,0
20160808,29.729,29.798,29.329,29.525,673138,0
20160809,29.583,29.631,29.339,29.475,755723,0
20160810,29.388,29.583,28.989,29.046,719413,0
20160811,29.145,29.222,28.93,29.056,938527,0
20160812,28.851,29.017,28.705,28.949,573683,0
20160815,29.017,29.466,28.989,29.359,680556,0
20160816,29.183,29.45,29.076,29.272,581708,0
20160817,29.183,29.447,29.173,29.272,757020,0
20160818,29.252,29.631,29.183,29.631,938890,0
20160819,29.495,29.534,29.29,29.495,396276,0
20160822,29.485,29.671,29.359,29.613,454302,0
20160823,29.788,29.943,29.759,29.856,541541,0
20160824,29.827,30.051,29.754,29.875,661794,0
20160825,29.623,30.1,29.517,30.091,605182,0
20160826,30.168,30.715,30.11,30.558,900174,0
20160829,30.627,31.042,30.627,30.929,743069,0
20160830,30.998,31.515,30.998,31.397,1392620,0
20160831,31.436,31.612,30.685,31.358,1417049,0
20160901,30.392,31.008,30.002,30.247,2609189,0
20160902,30.285,30.909,30.071,30.793,1444092,0
20160906,30.763,30.881,29.925,30.042,1145548,0
20160907,30.002,30.685,29.895,30.617,1270155,0
20160908,30.695,30.958,30.617,30.783,751303,0
20160909,30.705,31.183,30.705,30.812,1783250,0
20160912,30.647,30.929,30.153,30.871,1225773,0
20160913,30.431,30.627,30.071,30.451,833157,0
20160914,30.481,30.695,30.11,30.148,783120,0
20160915,30.022,30.558,29.964,30.5,898740,0
20160916,30.217,30.536,29.972,30.421,1525517,0
20160919,30.431,30.637,29.836,29.875,861179,0
20160920,30.119,30.119,29.7,29.729,679415,0
20160921,29.935,30.032,29.378,29.495,1420274,0
20160922,29.661,29.885,29.466,29.856,1412596,0
20160923,29.681,30.103,29.603,29.7,1075426,0
20160926,29.408,29.515,29.066,29.153,873758,0
20160927,29.026,29.475,28.979,29.3,682185,0
20160928,29.29,29.623,29.153,29.525,1211058,0
20160929,29.398,29.827,28.979,29.173,1180044,0
20160930,29.368,29.623,29.066,29.456,779389,0
20161003,29.232,29.368,29.017,29.163,551183,0
20161004,29.153,29.515,29.13,29.408,969887,0
20161005,29.554,29.856,29.427,29.505,1674266,0
20161006,29.563,29.856,29.427,29.788,845226,0
20161007,29.7,29.783,29.247,29.437,1559353,0
20161010,29.613,29.817,29.593,29.671,664765,0
20161011,29.515,29.709,28.945,29.106,578836,0
20161012,29.046,29.242,28.91,28.939,558528,0
20161013,28.586,28.86,27.937,28.232,1019045,0
20161014,28.683,28.89,28.399,28.566,743731,0
20161017,28.586,28.683,28.089,28.164,1020401,0
20161018,28.508,28.576,28.134,28.448,880868,0
20161019,28.369,29.126,28.369,29.037,1650382,0
20161020,28.743,29.224,27.633,28.969,2079861,0
20161021,28.655,29.097,28.586,29.067,1264866,0
20161024,29.214,29.519,29.121,29.214,756612,0
20161025,29.194,29.312,28.669,28.802,900855,0
20161026,28.683,29.185,28.576,28.743,1967085,0
20161027,28.91,29.312,28.733,29.165,1003145,0
20161028,29.175,29.254,28.679,28.822,843534,0
20161031,28.86,28.939,28.438,28.625,736822,0
20161101,28.949,29.204,28.428,28.665,1312354,0
20161102,28.478,28.526,28.026,28.164,594247,0
20161103,28.251,28.389,27.947,28.036,690572,0
20161104,28.006,28.418,27.879,28.016,1024484,0
20161107,28.586,29.116,28.468,29.087,782200,0
20161108,28.85,29.116,28.645,28.723,510345,0
20161109,29.451,30.437,29.173,30.236,1002596,0
20161110,30.698,32.132,30.698,31.985,1565043,0
20161111,31.808,33.173,31.69,32.799,2229115,0
20161114,33.173,34.685,33.173,33.881,1755762,0
20161115,33.605,34.038,33.153,33.94,1186136,0
20161116,33.527,33.841,33.285,33.586,739167,0
20161117,33.547,34.499,33.547,34.469,713639,0
20161118,34.451,34.795,34.342,34.618,782793,0
20161121,34.715,34.842,34.028,34.401,702462,0
20161122,34.646,34.902,34.558,34.842,375584,0
20161123,35.176,35.296,34.775,34.962,502260,0
20161125,35.029,35.089,34.666,34.952,158101,0
20161128,34.755,34.833,34.067,34.145,604986,0
20161129,34.293,34.651,34.205,34.391,585030,0
20161130,34.735,35.119,34.421,34.805,517343,0
20161201,35.216,35.53,35.129,35.403,801565,0
20161202,35.206,35.393,34.862,35.246,445216,0
20161205,35.62,35.845,35.5,35.777,501569,0
20161206,36.857,36.857,36.405,36.621,685263,0
20161207,36.611,37.034,36.405,36.945,593163,0
20161208,37.229,37.79,36.798,37.544,742784,0
20161209,37.506,37.79,37.153,37.486,819669,0
20161212,37.329,37.602,36.724,36.838,622753,0
20161213,36.877,37.259,36.562,37.162,1024440,0
20161214,36.905,37.456,36.238,36.542,1045480,0
20161215,36.808,37.299,36.474,37.034,1073372,0
20161216,37.182,37.249,36.405,36.621,1253671,0
20161219,36.474,36.818,36.228,36.709,686953,0
20161220,37.034,37.191,36.641,37.044,532835,0
20161221,37.142,37.367,36.955,37.142,475765,0
20161222,37.112,37.359,36.862,37.015,634758,0
20161223,36.935,37.215,36.828,37.172,472136,0
20161227,37.359,37.496,37.201,37.436,228707,0
20161228,37.466,37.466,36.905,37.062,413857,0
20161229,37.062,37.229,36.651,36.857,507793,0
20161230,37.015,37.162,36.788,37.024,515617,0
20170103,37.653,37.869,36.591,37.015,764710,0
20170104,37.162,37.711,37.015,37.525,1162482,0
20170105,37.466,37.476,36.758,37.005,795953,0
20170106,37.172,37.456,36.818,36.828,573968,0
20170109,36.513,36.748,36.11,36.14,707412,0
20170110,36.179,36.552,35.907,36.277,773742,0
20170111,36.396,36.554,36.03,36.544,1083733,0
20170112,36.248,36.337,35.606,35.764,1194197,0
20170113,36.04,37.026,36.015,36.09,602198,0
20170117,35.576,35.648,34.864,34.944,881494,0
20170118,35.122,35.28,34.766,35.072,888810,0
20170119,35.18,35.318,34.736,34.854,475150,0
20170120,34.954,35.438,34.954,35.328,664604,0
20170123,35.23,35.468,34.854,35.112,423389,0
20170124,35.358,35.803,35.132,35.734,890034,0
20170125,36.682,37.819,36.05,36.85,2266493,0
20170126,37.295,38.105,36.86,37.877,1766543,0
20170127,37.897,38.895,37.581,38.796,1403511,0
20170130,38.53,38.579,37.947,38.213,1736006,0
20170131,37.987,38.313,37.631,37.739,1203879,0
20170201,37.977,38.194,36.949,37.087,1625198,0
20170202,36.732,36.88,36.445,36.811,900556,0
20170203,37.503,37.631,37.038,37.571,654381,0
20170206,37.364,37.887,37.265,37.877,1220219,0
20170207,38.026,38.15,37.631,37.858,991070,0
20170208,37.551,37.882,37.235,37.799,994185,0
20170209,37.987,38.431,37.887,38.322,740057,0
20170210,38.559,38.61,38.102,38.313,524969,0
20170213,38.579,38.935,38.313,38.372,520633,0
20170214,38.836,39.754,38.48,39.666,1640186,0
20170215,39.744,39.744,39.014,39.29,860856,0
20170216,39.132,39.38,38.994,39.35,643933,0
20170217,38.925,39.31,38.895,39.29,440279,0
20170221,39.428,39.726,39.212,39.656,661394,0
20170222,39.419,39.839,39.37,39.794,619137,0
20170223,39.834,39.913,39.4,39.814,858524,0
20170224,39.083,39.488,39.034,39.409,584800,0
20170227,39.4,39.726,39.29,39.726,579543,0
20170228,39.438,39.656,38.876,39.152,636177,0
20170301,40.258,40.506,39.744,40.348,756990,0
20170302,40.377,40.377,39.528,39.568,537523,0
20170303,39.686,40.14,39.538,39.716,380082,0
20170306,39.448,39.458,38.994,39.232,374071,0
20170307,39.162,39.488,39.004,39.024,428815,0
20170308,39.518,39.596,38.905,38.935,344665,0
20170309,39.024,39.33,38.796,38.806,468095,0
20170310,39.093,39.222,38.223,38.55,572458,0
20170313,38.648,38.708,38.313,38.372,426987,0
20170314,38.036,38.49,37.848,38.431,558618,0
20170315,38.53,38.619,38.036,38.055,632481,0
20170316,38.382,38.51,38.058,38.303,786556,0
20170317,38.362,38.436,37.69,37.937,1086896,0
20170320,37.858,38.036,37.335,37.393,539886,0
20170321,37.709,37.709,35.18,35.606,2078236,0
20170322,35.28,35.674,34.948,35.24,957320,0
20170323,35.31,36.06,35.22,35.338,798595,0
20170324,35.438,35.694,34.736,34.974,993558,0
20170327,34.133,35.18,33.936,35.17,1084573,0
20170328,34.854,35.932,34.825,35.813,865023,0
20170329,35.793,36.09,35.498,35.793,857562,0
20170330,35.734,37.245,35.704,37.147,1000416,0
20170331,37.038,37.196,36.771,36.86,796019,0
20170403,37.057,37.107,36.277,36.88,848787,0
20170404,36.613,36.999,36.485,36.771,663462,0
20170405,37.295,37.345,36.02,36.07,579114,0
20170406,36.159,36.613,35.635,36.248,795279,0
20170407,35.784,36.05,35.496,35.942,1081976,0
20170410,36.04,36.248,35.328,35.744,864039,0
20170411,35.625,36.171,35.446,36.171,878097,0
20170412,36.032,36.156,35.197,35.307,1149753,0
20170413,35.038,35.297,34.273,34.333,936296,0
20170417,34.402,34.78,33.985,34.78,767078,0
20170418,34.482,34.75,34.174,34.621,1014807,0
20170419,34.899,35.356,34.546,34.71,985819,0
20170420,34.989,35.53,34.74,35.525,815876,0
20170421,35.466,35.739,35.257,35.466,436893,0
20170424,36.439,36.524,35.813,35.863,921806,0
20170425,36.141,36.191,35.048,35.595,1504940,0
20170426,35.138,36.211,34.969,35.943,1272338,0
20170427,35.992,36.191,35.432,35.525,701433,0
20170428,35.585,35.714,34.919,35.068,1017102,0
20170501,35.267,35.267,34.681,35.038,668621,0
20170502,35.008,35.157,34.869,35.058,517228,0
20170503,34.839,35.207,34.492,34.77,769099,0
20170504,35.187,35.515,34.71,34.8,660428,0
20170505,34.879,34.959,34.512,34.591,413963,0
20170508,34.601,34.69,34.293,34.671,501918,0
20170509,34.74,34.998,34.313,34.452,582171,0
20170510,34.372,34.611,34.213,34.392,614243,0
20170511,34.283,34.442,33.717,33.756,1043424,0
20170512,33.518,33.935,33.318,33.915,856447,0
20170515,33.995,34.442,33.975,34.134,664122,0
20170516,34.223,34.243,33.756,34.194,512519,0
20170517,33.488,33.836,32.802,33.19,1388736,0
20170518,33.14,33.736,32.971,33.617,541701,0
20170519,33.577,33.915,33.319,33.329,865972,0
20170522,33.448,33.727,33.269,33.508,630167,0
20170523,33.587,33.985,33.25,33.866,595598,0
20170524,33.895,34.054,33.508,33.826,621197,0
20170525,33.866,34.045,33.359,33.577,736090,0
20170526,33.538,33.637,33.255,33.418,324767,0
20170530,33.289,33.354,32.922,33.021,431798,0
20170531,33.081,33.081,32.544,32.951,695629,0
20170601,33.2,33.25,32.773,33.22,748806,0
20170602,32.892,33.269,32.723,32.792,691379,0
20170605,32.703,33.17,32.658,32.882,595541,0
20170606,32.653,32.783,32.256,32.484,579238,0
20170607,32.534,32.882,32.484,32.514,669151,0
20170608,32.494,34.164,32.365,33.657,708214,0
20170609,33.876,34.77,33.727,34.69,652237,0
20170612,34.75,35.277,34.487,34.681,571497,0
20170613,34.78,34.994,34.512,34.77,703311,0
20170614,34.452,34.671,33.736,34.671,587123,0
20170615,34.392,34.929,34.124,34.243,431139,0
20170616,34.213,34.263,33.722,33.925,897050,0
20170619,34.154,34.333,33.746,33.965,663236,0
20170620,33.866,33.876,33.498,33.736,760561,0
20170621,33.816,33.816,33.13,33.17,822134,0
20170622,33.16,33.23,32.832,32.932,608326,0
20170623,32.892,33.021,32.191,32.296,1699798,0
20170626,32.375,32.703,32.127,32.494,1768830,0
20170627,32.743,33.071,32.554,32.663,2551001,0
20170628,32.852,33.16,32.703,33.071,859454,0
20170629,33.806,34.154,33.369,33.727,1534906,0
20170630,33.876,33.915,33.289,33.498,529397,0
20170703,33.687,34.571,33.607,34.442,219803,0
20170705,34.482,34.482,33.657,33.886,617312,0
20170706,33.915,34.273,33.836,33.945,860940,0
20170707,33.965,34.191,33.334,33.697,788911,0
20170710,33.577,33.717,33.046,33.071,837531,0
20170711,33.001,33.329,32.753,33.18,1120223,0
20170712,33.14,33.33,32.894,33.18,608491,0
20170713,33.21,33.48,32.835,33.21,872154,0
20170714,32.82,33.2,32.56,32.81,2296127,0
20170717,32.81,33.045,32.55,32.91,835959,0
20170718,32.73,32.99,32.59,32.92,502865,0
20170719,32.96,33.04,32.475,32.77,934703,0
20170720,32.85,32.99,32.634,32.96,673928,0
20170721,32.92,33.09,32.65,32.81,742077,0
20170724,32.87,33.19,32.87,33.16,896055,0
20170725,33.82,33.89,33.34,33.75,1337966,0
20170726,34,34.95,33.635,34.65,1986420,0
20170727,34.81,35.12,34.46,34.92,4043076,0
20170728,34.86,34.94,34.28,34.54,872524,0
20170731,34.6,34.72,34.28,34.42,785279,0
20170801,34.7,34.7,34.41,34.64,372879,0
