Date,Open,High,Low,Close,Volume,OpenInt
20120213,9.2879,9.701,9.2715,9.701,442962,0
20120214,9.735,9.829,9.618,9.785,106540,0
20120215,9.778,9.785,9.507,9.701,227764,0
20120216,9.659,9.785,9.541,9.701,21752,0
20120217,9.701,9.71,9.516,9.701,208729,0
20120221,9.701,9.778,9.659,9.693,29257,0
20120222,9.659,9.701,9.659,9.701,85111,0
20120223,9.76,9.87,9.4996,9.785,130339,0
20120224,10.065,10.065,9.727,9.785,47380,0
20120227,9.785,9.785,9.718,9.785,16261,0
20120228,9.785,9.811,9.753,9.753,35880,0
20120229,9.854,9.854,9.701,9.701,198552,0
20120301,9.701,9.836,9.701,9.743,17614,0
20120302,9.743,9.753,9.701,9.71,48261,0
20120305,9.743,9.743,9.727,9.727,59387,0
20120306,9.659,9.685,9.4996,9.575,1944,0
20120307,9.685,9.913,9.685,9.785,92804,0
20120308,9.803,9.879,9.651,9.879,38809,0
20120312,9.921,9.921,9.651,9.718,2845,0
20120313,9.829,9.829,9.583,9.829,1304,0
20120314,9.785,9.785,9.693,9.718,38407,0
20120315,9.701,9.701,9.583,9.701,2489,0
20120316,9.743,9.76,9.575,9.76,32358,0
20120319,9.87,9.87,9.633,9.633,32057,0
20120320,9.575,9.903,9.575,9.701,55872,0
20120321,9.803,9.803,9.618,9.701,2038,0
20120322,9.618,9.701,9.618,9.659,47707,0
20120323,9.701,9.71,9.1705,9.701,47179,0
20120326,9.743,9.743,9.618,9.701,30131,0
20120327,9.693,9.727,9.3216,9.727,23084,0
20120328,9.701,9.743,9.618,9.685,40276,0
20120329,9.651,9.71,9.608,9.618,84181,0
20120330,9.682,9.699,9.605,9.657,23352,0
20120402,9.778,10.293,9.778,10.097,37939,0
20120403,9.997,10.191,9.836,10.191,179407,0
20120404,10.091,10.275,10.091,10.241,6876,0
20120405,10.208,10.233,9.913,10.208,5691,0
20120409,10.225,10.233,10.208,10.208,2798,0
20120410,10.208,10.334,10.022,10.334,14272,0
20120411,10.426,10.528,10.419,10.419,428,0
20120412,10.385,10.495,9.971,10.47,54404,0
20120413,10.393,10.47,10.116,10.233,9601,0
20120416,10.275,10.401,10.123,10.401,191438,0
20120417,10.283,10.47,10.158,10.401,8654,0
20120418,10.351,10.452,10.165,10.452,6485,0
20120419,10.444,10.444,10.393,10.419,54175,0
20120420,10.452,10.773,10.426,10.773,49353,0
20120423,10.58,10.588,10.503,10.588,36799,0
20120424,10.528,10.714,10.419,10.706,2209,0
20120425,10.63,10.697,10.503,10.528,2288,0
20120426,10.47,10.662,10.275,10.495,3005,0
20120427,10.595,10.697,10.419,10.503,2467,0
20120430,10.486,10.512,10.259,10.318,42460,0
20120501,10.325,10.368,10.325,10.368,238,0
20120502,10.293,10.293,10.293,10.293,118,0
20120503,10.208,10.293,10.123,10.123,79380,0
20120504,10.208,10.58,10.123,10.165,62958,0
20120507,10.173,10.318,10.106,10.318,100165,0
20120508,10.241,10.241,9.626,9.98,212518,0
20120509,9.913,9.98,9.659,9.701,118440,0
20120510,9.701,9.955,9.533,9.955,35251,0
20120511,9.862,9.98,9.693,9.71,29265,0
20120514,9.727,9.921,9.516,9.659,4432,0
20120515,9.2388,9.685,9.0353,9.618,68159,0
20120516,9.601,9.76,9.533,9.608,130549,0
20120517,9.4486,9.836,9.3216,9.3476,115265,0
20120518,9.3129,9.618,9.3062,9.4486,21422,0
20120521,9.491,9.618,9.491,9.618,2787,0
20120522,9.592,9.592,9.1618,9.4486,28078,0
20120523,9.3813,9.44,9.1027,9.3216,18026,0
20120524,9.2205,9.3129,9.1955,9.3129,1460,0
20120525,9.3216,9.3986,8.9931,9.3476,20481,0
20120529,9.3639,9.3639,9.1369,9.3379,2016,0
20120530,9.2966,9.507,9.0605,9.3726,251747,0
20120531,9.491,9.491,9.1868,9.491,12318,0
20120601,9.4236,9.507,9.0857,9.3379,24095,0
20120604,9.2715,9.3639,9.0766,9.3562,12605,0
20120605,9.2966,9.2966,9.2042,9.2879,5097,0
20120606,9.4053,9.4996,9.2802,9.3216,186731,0
20120607,9.4149,9.4149,9.0515,9.2802,20637,0
20120608,9.2802,9.2802,9.1369,9.2292,2750,0
20120611,9.642,9.659,9.1197,9.1197,2176,0
20120612,9.2455,9.4563,9.0353,9.2542,5176,0
20120613,9.1955,9.1955,9.1197,9.1197,238,0
20120614,9.1278,9.1531,9.1108,9.1108,1687,0
20120615,9.1868,9.2802,9.1027,9.2802,39817,0
20120618,9.2128,9.3062,9.1705,9.2292,18971,0
20120619,9.2455,9.3379,8.7738,8.8583,53406,0
20120620,8.9419,9.1868,8.8583,8.9841,7705,0
20120621,8.9841,9.0766,8.9841,8.9841,78136,0
20120622,8.9338,8.9338,8.9338,8.9338,387,0
20120625,8.8583,8.9508,8.7316,8.7316,27775,0
20120626,8.808,8.808,8.419,8.4362,432851,0
20120627,8.4276,8.6893,8.3938,8.419,12148,0
20120628,8.4952,8.4952,8.4362,8.4362,120908,0
20120629,8.5366,8.6139,8.4857,8.6139,1067,0
20120702,8.5202,8.7226,8.4362,8.613,301601,0
20120703,8.6642,8.8754,8.6642,8.799,30353,0
20120705,8.7819,8.8835,8.7145,8.7738,4118,0
20120706,8.79,8.79,8.7738,8.7738,238,0
20120709,8.7649,8.7649,8.6893,8.7649,898,0
20120710,8.7649,8.7738,8.7568,8.7738,6758,0
20120711,8.8151,8.9508,8.7568,8.7738,40496,0
20120712,8.7738,9.0434,8.7316,8.7738,37521,0
20120713,8.7738,8.79,8.7568,8.7738,33856,0
20120716,8.7477,8.7477,8.7477,8.7477,356,0
20120717,8.8493,8.976,8.6642,8.7568,9461,0
20120718,8.7145,8.7819,8.6642,8.7477,3319,0
20120719,8.8242,8.8242,8.7819,8.7819,53106,0
20120720,8.968,8.968,8.5456,8.5456,4743,0
20120723,8.5456,8.7316,8.4362,8.5537,43400,0
20120724,8.4864,8.622,8.3176,8.4276,266236,0
20120725,8.5289,8.5289,8.4362,8.4786,1778,0
20120726,8.4786,8.4952,8.2675,8.4112,73601,0
20120730,8.4527,8.4952,8.2337,8.3514,286932,0
20120731,8.3055,8.3055,7.8444,7.887,1167872,0
20120801,7.9469,8.0143,7.8034,7.9806,90493,0
20120802,7.9216,7.9721,7.8878,7.8878,8727,0
20120803,7.9299,7.9721,7.8118,7.8118,181459,0
20120806,7.8456,7.9299,7.8203,7.9216,152167,0
20120807,7.9046,7.9384,7.9046,7.9132,30213,0
20120808,7.8203,7.9299,7.6769,7.9299,11667,0
20120809,7.8962,7.9299,7.8878,7.9299,234984,0
20120810,7.9299,7.9299,7.9132,7.9132,42315,0
20120813,7.9299,7.9299,7.8878,7.8878,49809,0
20120814,7.9806,8.0733,7.9046,7.9046,389403,0
20120815,7.9046,7.9299,7.8541,7.8541,166083,0
20120816,7.9216,7.9469,7.8794,7.8878,194480,0
20120817,7.8794,7.9384,7.8456,7.8456,507459,0
20120820,7.8456,7.9299,7.8456,7.8709,378096,0
20120821,7.9216,7.9469,7.8709,7.9132,206521,0
20120822,7.9299,7.9299,7.8878,7.8962,58548,0
20120823,7.9299,7.9974,7.9132,7.9299,275011,0
20120824,7.8878,7.9299,7.8878,7.9299,12879,0
20120827,7.9384,7.9721,7.8878,7.9132,28171,0
20120828,7.8878,7.9299,7.8034,7.8372,339296,0
20120829,7.8541,7.9132,7.7443,7.8372,250392,0
20120830,7.7361,7.8878,7.7361,7.8288,450918,0
20120831,7.87,7.8956,7.8187,7.8956,41473,0
20120904,7.9046,7.9721,7.8709,7.9046,8297,0
20120905,7.8878,7.9721,7.8624,7.9046,5773,0
20120906,7.9384,8.0397,7.8118,8.0397,19914,0
20120907,8.0818,8.3012,8.0818,8.2761,8388,0
20120910,8.2839,8.5456,8.2839,8.47,9410,0
20120911,8.4362,8.7405,8.4362,8.7226,109399,0
20120912,8.7649,9.1955,8.7649,9.1868,11628,0
20120913,9.1618,9.389,8.9005,9.3562,48083,0
20120914,9.3726,9.4053,9.2802,9.3476,26989,0
20120917,9.2966,9.3726,9.2802,9.2802,16122,0
20120918,9.2879,9.2879,9.2292,9.2542,949,0
20120919,9.2388,9.2802,9.1955,9.2629,5453,0
20120920,9.3129,9.3216,9.2388,9.3062,38766,0
20120921,9.3813,9.735,9.1955,9.575,299204,0
20120924,9.4736,9.659,9.44,9.44,21746,0
20120925,9.4313,9.71,9.4236,9.4236,51044,0
20120926,9.4072,9.4842,9.3572,9.4072,37390,0
20120927,9.4428,9.4515,9.3909,9.4515,235272,0
20120928,9.3909,9.605,9.3572,9.605,57752,0
20121001,9.55,9.811,9.4149,9.701,27960,0
20121002,9.743,9.743,9.567,9.567,3462,0
20121003,9.601,9.676,9.491,9.491,14902,0
20121004,9.567,9.626,9.558,9.608,24748,0
20121005,9.626,9.743,9.626,9.693,26265,0
20121008,9.701,9.71,9.524,9.701,6401,0
20121009,9.592,9.693,9.1705,9.2042,18626,0
20121010,9.3129,9.491,9.3129,9.4823,52252,0
20121011,9.4486,9.701,9.4236,9.608,43266,0
20121012,9.618,9.618,9.575,9.575,711,0
20121015,9.583,9.608,9.541,9.575,2608,0
20121016,9.601,9.803,9.592,9.735,27229,0
20121017,9.71,9.811,9.701,9.794,51090,0
20121018,9.768,9.811,9.743,9.785,86828,0
20121019,9.516,9.516,9.516,9.516,356,0
20121022,9.575,9.794,9.507,9.642,6041,0
20121023,9.605,9.673,9.571,9.631,3390,0
20121024,9.71,9.727,9.633,9.642,2327,0
20121025,9.642,9.642,9.533,9.533,1223,0
20121026,9.524,9.533,9.2455,9.2802,829,0
20121031,9.621,9.997,9.51,9.997,27972,0
20121101,9.929,10.123,9.76,10.047,12808,0
20121102,10.041,10.041,9.801,9.801,1304,0
20121105,9.921,9.921,9.829,9.903,2784,0
20121106,9.997,10.125,9.869,10.118,24063,0
20121107,9.997,10.125,9.955,10.125,6351,0
20121108,10.1,10.262,10.1,10.212,12171,0
20121109,10.458,10.458,10.169,10.425,26325,0
20121112,10.425,10.458,9.997,10.202,55860,0
20121113,10.255,10.458,10.16,10.458,8969,0
20121114,10.417,11.057,10.39,10.527,57520,0
20121115,10.587,10.827,10.382,10.382,2116,0
20121116,10.314,10.323,10.212,10.212,257929,0
20121119,10.306,10.861,10.288,10.682,10181,0
20121120,10.682,10.929,10.57,10.647,2223,0
20121121,10.656,10.836,10.228,10.792,51183,0
20121123,10.656,10.656,10.656,10.656,673,0
20121126,10.605,10.605,10.58,10.58,1609,0
20121127,10.682,11.023,10.682,10.938,20011,0
20121128,10.869,10.869,10.656,10.741,4096,0
20121129,10.776,10.955,10.595,10.929,120071,0
20121130,10.929,10.929,10.682,10.818,2116,0
20121203,11.202,11.356,10.98,11.108,12254,0
20121204,11.108,12.185,10.767,10.861,66687,0
20121205,10.946,11.194,10.673,10.682,279800,0
20121206,10.733,10.75,10.595,10.682,5231,0
20121207,10.57,11.229,10.553,11.108,105428,0
20121210,11.015,11.023,10.989,10.989,1054,0
20121211,10.989,11.374,10.776,11.125,37344,0
20121212,11.023,11.108,10.177,10.904,64156,0
20121213,10.801,11.006,10.638,10.75,48962,0
20121214,10.81,11.425,10.792,10.836,60229,0
20121217,10.938,11.22,10.844,10.912,21453,0
20121218,10.92,11.169,10.895,11.006,47614,0
20121219,11.041,11.066,10.972,10.98,11546,0
20121220,10.938,10.946,10.895,10.946,7256,0
20121221,10.895,11.143,10.895,11.066,122052,0
20121224,11.041,11.237,10.98,11.092,21341,0
20121226,11.229,11.518,10.98,11.298,9538,0
20121227,11.271,11.442,11.185,11.442,40149,0
20121228,11.33,11.698,11.323,11.339,18661,0
20121231,11.587,11.587,11.006,11.417,6086,0
20130102,11.595,11.663,11.433,11.528,15826,0
20130103,11.442,11.929,11.442,11.562,15333,0
20130104,11.622,12.134,11.569,12.134,23133,0
20130107,12.143,12.596,12.143,12.279,20828,0
20130108,12.373,12.373,11.997,12.211,15883,0
20130109,12.134,12.399,11.894,12.287,83911,0
20130110,12.134,12.134,11.835,11.989,14219,0
20130111,12.048,12.417,11.971,12.417,9944,0
20130114,12.605,12.605,11.887,11.963,12588,0
20130115,11.843,11.843,11.501,11.595,6127,0
20130116,11.698,11.706,11.349,11.349,3437,0
20130117,11.33,11.45,11.117,11.417,26580,0
20130118,11.339,12.168,11.339,11.81,78221,0
20130122,11.698,12.048,11.339,11.391,10519,0
20130123,11.51,11.766,11.349,11.349,9480,0
20130124,11.407,12.117,11.407,11.894,53751,0
20130125,11.818,11.938,11.724,11.894,20078,0
20130128,11.741,11.912,11.211,11.637,25219,0
20130129,11.501,11.689,11.485,11.501,2464,0
20130130,11.631,11.963,11.304,11.313,3569,0
20130131,11.202,11.647,11.202,11.468,32124,0
20130201,11.605,11.75,11.365,11.365,19949,0
20130204,11.339,11.51,11.237,11.254,27795,0
20130205,11.194,11.912,10.912,11.75,51296,0
20130206,11.689,11.75,11.631,11.631,10688,0
20130207,11.673,11.852,11.468,11.732,14862,0
20130208,11.792,11.894,11.459,11.468,15532,0
20130211,11.766,11.766,11.407,11.407,2107,0
20130212,11.33,11.622,11.237,11.622,1989,0
20130213,11.536,11.612,11.374,11.554,1170,0
20130219,11.554,11.75,11.279,11.339,7935,0
20130220,11.304,11.45,11.279,11.425,6549,0
20130221,11.349,11.784,11.349,11.622,57739,0
20130222,11.741,11.894,11.468,11.81,19579,0
20130225,11.835,12.433,11.536,11.878,12446,0
20130226,11.971,11.971,11.493,11.544,9853,0
20130227,11.595,11.622,11.356,11.569,559776,0
20130228,11.569,11.587,11.22,11.544,120236,0
20130301,11.528,11.544,11.51,11.536,5216,0
20130304,11.374,11.612,11.374,11.536,468,0
20130305,11.698,11.706,11.698,11.706,1287,0
20130306,11.554,12.066,11.554,12.066,7544,0
20130307,11.938,11.938,11.612,11.663,12312,0
20130308,11.673,11.706,11.673,11.706,14160,0
20130311,11.554,11.562,11.536,11.562,8192,0
20130312,11.673,11.784,11.656,11.75,106495,0
20130313,11.835,11.887,11.647,11.878,144997,0
20130314,11.955,12.407,11.835,12.151,263184,0
20130315,11.579,12.424,11.579,12.297,29479,0
20130318,12.168,12.399,12.074,12.177,59659,0
20130319,12.68,12.706,12.083,12.143,173216,0
20130320,12.441,12.56,12.134,12.304,42346,0
20130321,12.373,12.518,12.262,12.33,22982,0
20130322,12.417,12.938,12.381,12.605,249313,0
20130325,13.176,13.176,12.502,12.664,43652,0
20130326,12.621,12.63,12.33,12.553,16619,0
20130327,12.56,12.621,12.304,12.553,71824,0
20130328,12.433,12.724,12.365,12.689,11361,0
20130401,12.553,12.81,12.484,12.484,6384,0
20130402,12.57,12.57,11.989,12.203,29973,0
20130403,12.63,12.689,12.365,12.365,13352,0
20130404,12.817,12.817,12.433,12.502,13021,0
20130405,12.502,12.502,11.963,12.22,69667,0
20130408,12.099,12.391,12.099,12.287,44435,0
20130409,12.211,12.433,12.211,12.348,29176,0
20130410,11.98,12.304,11.98,12.143,1121,0
20130411,12.373,12.391,12.134,12.245,23974,0
20130412,12.297,12.297,12.091,12.203,13057,0
20130415,11.98,12.34,11.963,12.211,63436,0
20130416,12.143,12.177,12.015,12.177,3116,0
20130417,12.109,12.203,11.938,12.083,100551,0
20130418,13.082,13.082,12.134,12.177,2426,0
20130419,12.245,12.51,12.109,12.34,17118,0
20130422,12.177,12.177,12.117,12.125,676,0
20130423,12.211,12.262,11.724,11.989,98133,0
20130424,12.151,12.151,11.869,11.963,51583,0
20130425,11.98,12.117,11.963,12.109,20457,0
20130426,12.006,12.091,11.963,11.989,52380,0
20130429,11.963,12.313,11.955,11.955,66744,0
20130430,11.963,12.355,11.946,12.143,75995,0
20130501,12.134,12.355,12.066,12.168,8191,0
20130502,12.099,12.287,12.091,12.22,12976,0
20130503,12.279,12.287,12.134,12.143,7055,0
20130506,12.185,12.586,12.185,12.579,22134,0
20130507,12.57,12.579,12.57,12.579,702,0
20130508,12.817,12.817,12.399,12.664,13492,0
20130509,12.621,12.861,12.536,12.861,169415,0
20130510,12.861,13.014,12.843,12.903,17865,0
20130513,13.296,13.339,12.553,12.817,38304,0
20130514,12.81,12.817,12.399,12.673,20342,0
20130515,12.655,12.655,11.81,12.313,39460,0
20130516,12.211,12.245,11.81,11.835,24297,0
20130517,11.843,11.997,11.637,11.663,134707,0
20130520,11.673,11.92,11.663,11.835,22715,0
20130521,11.784,11.878,11.784,11.826,1463,0
20130522,11.792,12.048,11.792,11.963,2602,0
20130523,11.878,11.963,11.673,11.75,39583,0
20130524,11.818,11.98,11.631,11.631,22093,0
20130528,11.706,11.826,11.622,11.673,105892,0
20130529,11.622,11.741,11.365,11.442,61560,0
20130530,11.399,11.433,11.108,11.161,12671,0
20130531,11.374,11.374,10.887,10.895,15883,0
20130603,10.783,10.783,10.595,10.595,21198,0
20130604,10.682,11.279,10.638,10.98,4383,0
20130605,10.536,11.023,10.502,10.852,6278,0
20130606,10.938,11.083,10.689,10.689,3007,0
20130607,10.818,11.1,10.767,11.057,11538,0
20130610,11.108,11.288,11.006,11.108,64268,0
20130611,11.066,11.066,10.613,10.613,3175,0
20130612,10.733,10.946,10.733,10.946,36676,0
20130613,10.938,11.262,10.938,11.262,16184,0
20130614,11.339,11.339,11.117,11.117,6018,0
20130617,11.237,12.381,11.237,11.775,128058,0
20130618,11.706,11.741,11.706,11.732,927,0
20130619,11.81,11.81,11.45,11.45,16994,0
20130620,11.254,11.682,10.792,11.143,30209,0
20130621,11.202,11.202,10.255,10.536,91732,0
20130624,10.536,10.544,10.314,10.544,3933,0
20130625,10.527,10.869,10.255,10.553,7420,0
20130626,10.544,10.844,10.544,10.57,28678,0
20130627,10.682,10.836,10.682,10.836,702,0
20130628,10.938,10.938,10.553,10.878,5727,0
20130701,10.964,10.964,10.682,10.682,4459,0
20130702,11.057,11.057,10.433,10.595,214205,0
20130703,10.613,10.656,10.595,10.605,702,0
20130705,10.792,10.792,10.468,10.708,119651,0
20130708,10.519,10.562,10.417,10.417,4861,0
20130709,10.519,10.92,10.202,10.861,34832,0
20130710,10.767,10.852,10.237,10.339,8515,0
20130711,10.852,10.852,10.041,10.246,13914,0
20130712,10.16,10.417,10.16,10.28,52451,0
20130715,10.074,10.143,10.066,10.125,9279,0
20130716,9.836,10.451,9.502,10.255,54388,0
20130717,10.28,10.895,10.255,10.425,28092,0
20130718,10.511,10.621,10.468,10.536,14844,0
20130719,10.536,10.595,10.485,10.595,6730,0
20130722,10.955,10.997,10.536,10.708,55639,0
20130723,10.733,10.767,10.638,10.682,20995,0
20130724,10.544,10.767,10.297,10.511,49966,0
20130725,10.544,10.595,10.349,10.468,24330,0
20130726,10.741,10.741,10.468,10.544,1446,0
20130729,10.621,10.955,10.262,10.339,4388,0
20130730,10.314,10.443,10.314,10.425,8608,0
20130731,10.955,10.955,10.536,10.844,27143,0
20130801,11.135,11.135,10.852,10.98,12598,0
20130802,10.92,10.938,10.682,10.938,3976,0
20130805,10.844,10.938,10.682,10.938,800,0
20130806,10.852,10.989,10.767,10.929,4173,0
20130807,10.895,10.895,10.699,10.699,7849,0
20130808,10.861,10.869,10.638,10.638,4538,0
20130809,10.262,10.895,10.262,10.75,18627,0
20130812,10.125,11.023,10.125,10.98,39391,0
20130813,11.032,11.237,10.827,10.964,21304,0
20130814,10.92,11.151,10.776,11.1,137104,0
20130815,10.818,11.108,10.818,11.1,3881,0
20130816,11.169,11.279,11.032,11.229,7107,0
20130819,11.194,11.237,11.041,11.151,64210,0
20130820,11.528,11.528,10.904,11.202,27658,0
20130821,10.938,11.518,10.861,11.323,28430,0
20130822,11.33,11.493,10.989,11.493,33966,0
20130823,11.399,11.399,11.057,11.057,20157,0
20130826,10.741,10.989,10.741,10.878,3897,0
20130827,10.527,10.553,10.212,10.511,74247,0
20130828,10.852,10.852,10.255,10.39,7376,0
20130829,10.382,10.647,10.306,10.511,55783,0
20130830,10.733,10.733,10.262,10.595,28908,0
20130903,10.382,10.682,10.255,10.443,42269,0
20130904,10.527,10.682,10.468,10.682,8238,0
20130905,10.673,10.682,10.468,10.682,6129,0
20130906,10.511,10.605,10.425,10.605,14677,0
20130909,10.553,10.801,10.536,10.801,32451,0
20130910,10.715,10.758,10.595,10.638,1649,0
20130911,10.587,10.836,10.458,10.827,6957,0
20130912,10.836,10.895,10.682,10.708,13600,0
20130913,10.673,10.844,10.595,10.844,19704,0
20130916,10.682,10.895,10.682,10.767,35362,0
20130917,10.783,11.006,10.699,10.699,20766,0
20130918,10.699,10.929,10.562,10.758,33933,0
20130919,10.527,10.758,10.519,10.587,1787,0
20130920,10.647,10.818,10.083,10.083,15956,0
20130923,10.255,10.494,10.255,10.339,2870,0
20130924,10.663,11.092,10.425,10.433,7047,0
20130925,10.433,10.613,10.349,10.595,43418,0
20130926,10.519,10.519,10.093,10.194,24589,0
20130927,10.194,10.194,10.041,10.041,2645,0
20130930,10.041,10.049,9.913,9.997,9663,0
20131001,10.006,10.041,9.913,9.921,41788,0
20131002,9.913,10.125,9.913,10.083,1718,0
20131003,10.015,10.083,9.913,10.083,23649,0
20131004,10.143,10.382,10.1,10.1,1801,0
20131007,10.143,10.28,9.903,10.015,12166,0
20131008,10.015,10.058,9.708,9.725,14745,0
20131009,9.862,9.955,9.657,9.921,15507,0
20131010,10.058,10.109,10.006,10.006,25934,0
20131011,10.33,10.33,9.997,10.134,59641,0
20131014,10.212,10.22,10.212,10.22,511,0
20131015,10.255,10.297,9.878,9.878,24810,0
20131016,10.006,10.125,9.613,9.631,115772,0
20131017,9.613,9.827,9.613,9.613,3288,0
20131018,9.647,9.964,9.605,9.759,34672,0
20131021,9.613,9.903,9.613,9.785,10579,0
20131022,9.733,10.151,9.3062,9.657,350818,0
20131023,9.699,9.955,9.657,9.836,206873,0
20131024,9.801,9.913,9.801,9.903,15149,0
20131025,10.015,10.041,9.827,9.827,8192,0
20131028,9.929,10.288,9.913,10.288,90643,0
20131029,10.22,10.255,10.066,10.083,26136,0
20131030,10.074,10.1,10.066,10.083,937,0
20131031,10.212,10.212,10.151,10.151,1405,0
20131101,10.125,10.16,9.929,10.16,1748,0
20131104,10.125,10.143,9.853,10.109,2527,0
20131105,10.093,10.093,10.006,10.015,10032,0
20131106,10.041,10.125,9.955,10.041,145231,0
20131107,10.083,10.083,10.058,10.058,28153,0
20131108,10.109,10.151,9.955,9.981,5982,0
20131111,10.066,10.169,10.066,10.169,351,0
20131112,10.134,10.169,9.929,9.929,6061,0
20131113,10.015,10.015,9.903,9.903,7930,0
20131114,9.914,9.983,9.914,9.957,29493,0
20131115,9.957,10.113,9.948,9.991,10602,0
20131118,10.12,10.173,10.043,10.173,22484,0
20131119,10.173,10.19,9.914,9.965,46401,0
20131120,10.104,10.164,9.827,9.827,27735,0
20131121,9.836,9.836,9.532,9.532,1984,0
20131122,9.2032,9.645,9.082,9.636,22081,0
20131125,9.576,9.766,9.541,9.628,17873,0
20131126,9.576,9.636,9.3505,9.3938,4321,0
20131127,9.4631,9.68,9.4631,9.524,5579,0
20131129,9.4371,9.524,9.3158,9.3158,25577,0
20131202,9.2388,9.4631,9.0911,9.0991,13580,0
20131203,9.0911,9.1251,8.7442,8.9958,25758,0
20131204,9.0039,9.0299,8.8745,8.9086,24412,0
20131205,9.1772,9.1772,8.7963,8.8574,19475,0
20131206,8.8835,8.9176,8.7361,8.7361,22185,0
20131209,8.7792,8.7882,8.6408,8.7622,29383,0
20131210,8.7011,8.9527,8.658,8.9005,39761,0
20131211,8.8394,9.2552,8.7622,8.8745,34094,0
20131212,8.8835,8.8835,8.6058,8.6408,47502,0
20131213,8.7963,9.567,8.6147,9.2898,87545,0
20131216,9.0991,9.3938,9.0991,9.3245,12689,0
20131217,9.4631,9.862,9.2205,9.636,271812,0
20131218,9.723,9.948,9.558,9.671,55611,0
20131219,9.68,9.68,9.524,9.524,3677,0
20131220,9.567,9.697,9.4457,9.645,19826,0
20131223,9.827,9.827,9.4977,9.809,7390,0
20131224,9.593,9.706,9.593,9.688,801,0
20131226,9.766,10.199,9.697,10.087,19018,0
20131227,10.242,10.242,9.904,10.12,22446,0
20131230,10.017,10.225,9.749,9.974,22686,0
20131231,9.965,10.269,9.792,10.251,7080,0
20140102,10.208,10.337,9.792,9.792,17861,0
20140103,9.914,10.052,9.697,9.749,89179,0
20140106,9.862,10.017,9.749,9.792,3473,0
20140107,9.862,9.999,9.784,9.914,7930,0
20140108,9.974,10.12,9.74,9.922,41625,0
20140109,9.827,9.914,9.827,9.914,668,0
20140110,9.914,9.957,9.827,9.862,33631,0
20140113,9.749,9.896,9.749,9.862,9594,0
20140114,9.914,9.948,9.758,9.758,11425,0
20140115,9.836,10.104,9.758,9.957,45402,0
20140116,9.957,9.957,9.844,9.844,3748,0
20140117,9.957,9.957,9.904,9.922,2311,0
20140121,10.718,10.718,9.914,10.043,20566,0
20140122,9.957,9.957,9.68,9.775,110162,0
20140123,9.749,9.904,9.1685,9.3591,64432,0
20140124,9.1342,9.3591,9.1342,9.1772,25279,0
20140127,9.1685,9.1685,9.0389,9.0389,8394,0
20140128,9.065,9.082,8.4241,8.4588,88612,0
20140129,8.4761,8.5366,7.9567,8.2337,145734,0
20140130,8.2424,8.3981,8.2337,8.3116,60742,0
20140131,8.3116,8.3202,8.1384,8.2942,250055,0
20140203,8.2597,8.2942,8.0951,8.0951,40739,0
20140204,8.0865,8.1384,7.8701,7.896,212238,0
20140205,7.9393,8.1557,7.9393,8.0518,12381,0
20140206,8.0865,8.1384,7.9653,8.0605,26197,0
20140207,8.1124,8.3722,8.0086,8.1384,91729,0
20140210,8.1904,8.3895,8.1904,8.277,33225,0
20140211,8.2942,8.3722,8.0865,8.0865,21104,0
20140212,8.1817,8.3895,8.1039,8.1039,73594,0
20140213,8.277,8.3549,8.0778,8.0865,36780,0
20140214,8.0605,8.1557,8.0605,8.1039,21979,0
20140218,8.0518,8.1817,7.9479,7.9653,51268,0
20140219,8.0086,8.303,7.9653,8.0518,80115,0
20140220,8.1211,8.2249,7.9826,8.1211,73577,0
20140221,8.199,8.3981,8.1039,8.1471,57276,0
20140224,8.1904,8.4155,8.1904,8.3462,42569,0
20140225,8.2337,8.2337,7.9999,8.1298,15798,0
20140226,7.9999,8.1817,7.9999,8.0691,8023,0
20140227,8.199,8.199,8.0605,8.0605,2740,0
20140228,8.1817,8.2077,8.1817,8.2077,873,0
20140303,8.0865,8.1904,8.0865,8.1904,3713,0
20140304,8.2077,8.2077,7.9219,8.0346,8387,0
20140305,7.9219,7.9307,7.3592,7.6623,49332,0
20140306,7.8614,8.1211,7.8094,8.1211,24898,0
20140307,8.0691,8.1384,7.8786,7.9739,9941,0
20140310,8.0172,8.0518,8.0086,8.0258,4414,0
20140311,8.0691,8.0691,7.8441,7.9219,3787,0
20140312,7.9912,8.0518,7.8874,8.0086,8635,0
20140313,8.0518,8.0518,7.9219,8.0086,10863,0
20140314,7.9219,7.9219,7.8354,7.8701,2373,0
20140317,7.8354,7.9219,7.6363,7.7921,15170,0
20140318,7.7748,7.8008,7.5411,7.6623,55918,0
20140319,7.9219,8.2597,7.5756,7.8268,28862,0
20140320,7.7921,8.1644,7.6449,8.1644,32350,0
20140321,7.6795,8.199,7.6103,7.7834,18136,0
20140324,7.9653,7.9653,7.619,7.619,5191,0
20140325,7.619,7.7401,7.619,7.7055,25726,0
20140326,7.7055,7.7576,7.5844,7.7055,21484,0
20140327,7.7921,7.8094,7.5844,7.593,8042,0
20140328,7.6968,7.6968,7.5237,7.6016,27560,0
20140331,7.6363,7.7488,7.5844,7.5844,10594,0
20140401,7.6363,8.528,7.6363,7.896,28290,0
20140402,7.9912,8.0951,7.9219,7.9739,335673,0
20140403,8.0346,8.2249,7.8008,7.8701,63796,0
20140404,7.9739,8.1384,7.9653,8.0605,8690,0
20140407,8.1298,8.303,8.0951,8.2249,2404,0
20140408,8.1644,8.2337,7.8786,8.0432,20283,0
20140409,7.9826,8.1904,7.9393,8.1904,66198,0
20140410,8.0951,8.2509,8.0951,8.2249,26621,0
20140411,8.2249,8.2249,8.1384,8.1557,1734,0
20140414,8.1384,8.2249,8.1384,8.2249,14100,0
20140415,8.2249,8.2249,8.1384,8.1644,197053,0
20140416,8.2249,8.2249,8.0951,8.1384,16783,0
20140417,8.1471,8.2857,7.9912,7.9912,171776,0
20140421,8.0951,8.1298,8.0086,8.0432,6247,0
20140422,8.0432,8.0518,7.8354,8.0258,37450,0
20140423,8.0346,8.0518,7.8354,8.0518,38515,0
20140424,8.0258,8.0258,7.8354,7.9219,27737,0
20140425,7.9219,8.0951,7.7576,7.9912,76144,0
20140428,8.1904,8.1904,7.8786,7.896,85290,0
20140429,7.9739,7.9739,7.7488,7.8094,142107,0
20140430,7.7576,7.8786,7.6103,7.8354,103427,0
20140501,7.8008,7.8701,7.7748,7.8441,3855,0
20140502,7.8008,7.8874,7.7834,7.8614,10596,0
20140505,7.8786,7.8786,7.7921,7.8786,13206,0
20140506,7.8614,7.9653,7.8181,7.8268,52971,0
20140507,7.8701,7.8786,7.7748,7.7921,28348,0
20140508,7.8614,7.8614,7.8094,7.8094,1142,0
20140509,7.7921,7.8354,7.4891,7.6968,111717,0
20140512,7.7228,7.7921,7.619,7.7401,10911,0
20140513,7.5497,7.7488,7.5497,7.7055,8211,0
20140514,7.6623,7.7488,7.6276,7.6449,29413,0
20140515,7.593,7.6968,7.4978,7.5756,6640,0
20140516,7.5151,7.7055,7.5151,7.7055,4346,0
20140519,7.7055,7.7055,7.6103,7.619,8900,0
20140520,7.567,7.619,7.5063,7.567,3006,0
20140521,7.5323,7.619,7.4025,7.5323,17410,0
20140522,7.5323,7.5323,7.5323,7.5323,981,0
20140523,7.6103,7.619,7.5756,7.5756,32287,0
20140527,7.619,7.6968,7.6016,7.619,13700,0
20140528,7.6535,7.9479,7.619,7.6795,108259,0
20140529,7.6363,7.7748,7.6363,7.7661,2295,0
20140530,7.7834,7.9219,7.7748,7.8614,217574,0
20140602,7.8354,8.0086,7.619,8.0086,92599,0
20140603,7.9479,7.9479,7.896,7.896,10105,0
20140604,7.8786,7.9307,7.7055,7.7055,24099,0
20140605,8.1039,8.1039,7.7055,7.7488,19096,0
20140606,7.7921,7.8268,7.7142,7.7661,11675,0
20140609,7.7921,7.8614,7.6795,7.6968,168266,0
20140610,7.6883,7.7748,7.3592,7.6535,20907,0
20140611,7.6103,7.6623,7.5323,7.5756,34244,0
20140612,7.5583,7.6795,7.5583,7.5844,21134,0
20140613,7.6363,7.6363,7.4891,7.5237,12815,0
20140616,7.5151,7.6623,7.5063,7.6276,15547,0
20140617,7.6449,7.7921,7.4631,7.4631,22415,0
20140618,7.4458,7.4978,7.4458,7.4718,6386,0
20140619,7.5237,7.5237,7.4198,7.4458,7912,0
20140620,7.4198,7.4631,7.4025,7.4025,10691,0
20140623,7.4631,7.4631,7.238,7.4025,36380,0
20140624,7.3505,7.3765,7.2207,7.238,10150,0
20140625,7.316,7.3245,7.1428,7.1428,23897,0
20140626,7.2207,7.3072,7.0562,7.238,40451,0
20140627,7.238,7.316,7.2207,7.2727,5466,0
20140630,7.2553,7.3765,7.0822,7.2986,29336,0
20140701,7.316,7.4804,7.2553,7.3938,2561,0
20140702,7.3592,7.3592,7.316,7.316,5429,0
20140703,7.3678,7.5411,7.3245,7.5411,17829,0
20140707,7.7661,7.896,7.7661,7.7661,22768,0
20140708,7.8354,7.8441,7.5063,7.7228,8801,0
20140709,7.7921,7.9479,7.7315,7.8354,8906,0
20140710,7.6535,7.9479,7.6535,7.9479,2059,0
20140711,7.9653,7.9653,7.8441,7.896,5061,0
20140714,7.8094,8.2597,7.7834,7.9567,13707,0
20140715,8.0951,8.0951,7.9046,8.0865,11595,0
20140716,8.4502,8.5977,7.8354,8.0346,54783,0
20140717,8.1298,8.1384,8.0346,8.0346,4044,0
20140718,7.9219,7.9219,7.8441,7.8526,815,0
20140721,7.8874,7.8874,7.7315,7.7315,1734,0
20140722,8.1471,8.1471,7.8008,7.8094,2743,0
20140724,7.8268,8.0172,7.7228,7.7315,1749,0
20140725,7.593,7.593,7.3853,7.4718,5347,0
20140728,7.4371,7.4458,7.1774,7.1947,12558,0
20140729,7.1341,7.316,7.1341,7.2812,892,0
20140730,7.2121,7.7834,7.2121,7.619,11598,0
20140731,7.5497,7.7748,7.5323,7.7142,4534,0
20140801,7.9912,7.9912,7.6623,7.8786,8392,0
20140804,7.8354,7.9307,7.6795,7.8094,29526,0
20140805,7.7142,7.8786,7.6709,7.8786,935132,0
20140806,7.9999,7.9999,7.8354,7.9912,10324,0
20140807,7.9307,8.0086,7.6535,8.0086,8938,0
20140808,8.0258,8.0258,7.8268,7.9653,9015,0
20140811,8.0432,8.1039,7.9134,7.9307,45027,0
20140812,7.8441,8.199,7.8441,8.0691,62109,0
20140813,8.0172,8.2337,8.0172,8.0518,81271,0
20140814,8.1298,8.1384,8.0518,8.1384,20919,0
20140815,8.0605,8.1211,7.8786,7.9912,17834,0
20140818,8.2509,8.277,8.0086,8.277,6263,0
20140819,8.2337,8.2682,8.1124,8.1731,26340,0
20140820,8.1384,8.303,8.1211,8.1644,9144,0
20140821,8.0172,8.2597,8.0086,8.0865,11217,0
20140822,8.0778,8.2597,8.0086,8.1384,33502,0
20140825,8.1124,8.2682,8.0518,8.1124,39450,0
20140826,8.0518,8.1039,7.896,8.0518,14117,0
20140827,8.1211,8.1471,8.0605,8.0605,30582,0
20140828,8.0778,8.2249,8.0432,8.2249,80254,0
20140829,8.2857,8.2942,8.0258,8.1124,5041,0
20140902,8.0518,8.277,8.0432,8.0518,36622,0
20140903,8.1557,8.1557,8.0518,8.0518,21268,0
20140904,8.0951,8.2249,8.0518,8.0691,19838,0
20140905,8.0605,8.1904,8.0432,8.1471,15130,0
20140908,8.1904,8.1904,8.0778,8.1039,4902,0
20140909,8.1211,8.1731,8.1211,8.1731,5842,0
20140910,8.1817,8.2682,8.1644,8.2682,4851,0
20140911,8.1731,8.2249,8.1731,8.1731,31335,0
20140912,8.1731,8.277,8.1731,8.2337,40099,0
20140915,8.199,8.199,8.0778,8.0951,51528,0
20140916,8.1124,8.1904,8.0951,8.1557,12944,0
20140917,8.199,8.199,8.1039,8.1039,2889,0
20140918,8.0691,8.277,8.0172,8.1817,29244,0
20140919,8.1124,8.1124,7.9999,8.0951,11038,0
20140922,8.0258,8.0518,7.7921,8.0172,71906,0
20140923,8.1644,8.1644,8.0086,8.0605,3861,0
20140924,7.9307,8.0346,7.9219,7.9567,2080,0
20140925,7.9219,7.9912,7.9046,7.9653,195501,0
20140926,7.9826,7.9912,7.8614,7.8874,1561,0
20140929,7.8268,7.9134,7.7921,7.8874,14354,0
20140930,7.8701,7.9046,7.6363,7.7576,82709,0
20141001,7.7401,7.7401,7.5756,7.6363,23802,0
20141002,7.4371,7.6449,7.4371,7.5844,32873,0
20141003,7.4025,7.5411,7.4025,7.4891,5776,0
20141006,7.5411,7.567,7.238,7.2727,6854,0
20141007,7.2727,7.2986,7.2727,7.2812,1798,0
20141008,7.238,7.264,7.1428,7.1428,4152,0
20141009,7.1341,7.1688,7.0995,7.1688,109400,0
20141010,7.1688,7.1774,6.8571,7.1081,5680,0
20141013,7.186,7.3505,7.0562,7.2553,11518,0
20141014,6.883,7.3072,6.883,7.29,3951,0
20141016,7.4112,7.9567,7.3678,7.3678,44506,0
20141017,7.5323,7.9046,7.4371,7.9046,21457,0
20141020,7.8268,7.8268,7.4891,7.7661,36095,0
20141021,7.7921,7.8786,7.6363,7.6449,32716,0
20141022,7.6623,7.7315,7.5323,7.6449,12676,0
20141023,7.6623,7.7488,7.6623,7.7401,9709,0
20141024,7.7921,7.9653,7.7315,7.7921,11398,0
20141027,8.303,8.303,7.6363,7.6623,38693,0
20141028,7.6623,7.9653,7.1168,7.8181,275552,0
20141029,7.5844,7.7055,7.4545,7.5237,176230,0
20141030,7.7921,7.8614,7.619,7.8094,6464,0
20141031,7.6795,8.0086,7.593,7.7921,65670,0
20141103,7.8526,7.8614,7.7315,7.8268,30359,0
20141104,7.7228,7.8268,7.619,7.7055,22977,0
20141105,7.7834,7.7834,7.4718,7.6623,5794,0
20141106,7.5237,7.7228,7.2121,7.4804,11868,0
20141107,7.264,7.7228,7.238,7.4891,39856,0
20141110,7.5931,8.0424,7.5931,8.0424,45318,0
20141111,7.8177,8.0334,7.7728,8.0154,28612,0
20141112,7.9885,7.9885,7.7189,7.8716,45936,0
20141113,7.7369,7.9526,7.665,7.9435,15940,0
20141114,7.8716,7.9526,7.8716,7.9435,3513,0
20141117,7.9705,8.1053,7.9076,8.0693,2458,0
20141118,8.0334,8.0334,7.7728,7.9435,5155,0
20141119,7.7369,7.8986,7.7279,7.8716,6389,0
20141120,7.8627,7.9615,7.7369,7.7369,43693,0
20141121,7.8357,7.9256,7.7728,7.8447,6725,0
20141124,7.8627,8.1322,7.5392,7.683,30034,0
20141125,7.6291,7.7818,7.5572,7.6291,18843,0
20141126,7.6291,7.7369,7.5661,7.6291,10350,0
20141128,7.5302,7.9885,7.5302,7.62,20756,0
20141201,7.5931,7.5931,7.4223,7.5392,37044,0
20141202,7.5751,7.5751,7.4583,7.5302,22031,0
20141203,7.5751,7.5841,7.5392,7.5661,19915,0
20141204,7.5481,7.665,7.5302,7.665,90566,0
20141205,7.7638,7.7997,7.647,7.7458,48740,0
20141208,7.683,7.7099,7.5481,7.5481,1865,0
20141209,7.5572,7.9076,7.5481,7.8807,68308,0
20141210,7.7458,7.9166,7.7458,7.8716,30068,0
20141211,7.9346,7.9974,7.7099,7.7908,22363,0
20141212,7.7818,7.9705,7.7549,7.8357,118752,0
20141215,7.7638,7.8627,7.7279,7.7279,56059,0
20141216,7.62,7.7458,7.5751,7.6739,33947,0
20141217,7.3145,7.7997,7.3145,7.7908,7188,0
20141218,7.7009,7.9974,7.6739,7.9974,43328,0
20141219,7.9526,8.0244,7.9256,7.9885,3426,0
20141222,8.1142,8.1142,7.8807,7.9885,15781,0
20141223,7.7458,8.1232,7.7458,8.0154,79173,0
20141224,7.9974,8.1232,7.9346,7.9435,1593,0
20141229,7.5931,7.9795,7.5481,7.9166,14442,0
20141230,7.5841,7.9705,7.5572,7.8986,20797,0
20141231,7.8177,7.8986,7.7009,7.8447,5569,0
20150102,7.8986,7.8986,7.7099,7.8088,872,0
20150105,7.7279,7.8088,7.6291,7.7009,285329,0
20150106,7.656,7.656,7.4134,7.4762,27732,0
20150107,7.638,7.7279,7.638,7.7189,1908,0
20150108,7.7279,7.7638,7.6111,7.638,71941,0
20150109,7.647,7.647,7.4583,7.5481,13327,0
20150112,7.4853,7.5392,7.4314,7.4493,25919,0
20150113,7.4583,7.5033,7.4314,7.4762,17290,0
20150114,7.4403,7.4403,7.2785,7.3864,9727,0
20150115,7.4134,7.4134,7.3504,7.3595,16482,0
20150116,7.2965,7.3145,7.0539,7.2785,94392,0
20150120,7.3056,7.4134,7.1887,7.3954,36737,0
20150121,7.4853,7.683,7.2246,7.5212,52332,0
20150122,7.5033,7.5931,7.4403,7.5931,38518,0
20150123,7.5212,7.638,7.5212,7.5931,198171,0
20150126,7.5841,7.638,7.5841,7.6111,3282,0
20150127,7.4403,7.5661,7.4403,7.5122,6964,0
20150128,7.5122,7.5122,7.4493,7.4493,2744,0
20150129,7.5033,7.5841,7.4583,7.5122,35722,0
20150130,7.5122,7.638,7.5122,7.602,100994,0
20150202,7.683,7.7099,7.6291,7.6291,6467,0
20150203,7.6739,7.6739,7.5661,7.638,11793,0
20150204,7.5481,7.656,7.5212,7.638,102152,0
20150205,7.638,7.656,7.5033,7.638,82018,0
20150206,7.5481,7.7189,7.5481,7.656,89443,0
20150209,7.683,7.7728,7.5481,7.7728,6921,0
20150210,7.8177,7.8986,7.665,7.7009,7965,0
20150211,7.9076,7.9076,7.9076,7.9076,111,0
20150212,7.7369,7.7728,7.656,7.7279,84800,0
20150213,7.4223,7.7458,7.4223,7.4583,40417,0
20150217,7.683,7.8177,7.4942,7.656,32437,0
20150218,7.7099,8.0244,7.6291,7.9166,123357,0
20150219,8.0244,8.0783,7.7728,7.7997,29980,0
20150220,7.7818,7.7818,7.647,7.7369,6588,0
20150223,7.5572,7.5751,7.4853,7.4853,4568,0
20150224,7.4762,7.6739,7.4223,7.4223,65934,0
20150225,7.4942,7.5122,7.4942,7.5122,473,0
20150226,7.4223,7.5931,7.4223,7.5841,9176,0
20150227,7.5122,7.5481,7.4314,7.4673,6015,0
20150302,7.4583,7.5661,7.4134,7.5481,26819,0
20150303,7.62,7.62,7.4673,7.4673,5230,0
20150304,7.5033,7.5033,7.4942,7.4942,1892,0
20150305,7.4223,7.4223,7.4223,7.4223,334,0
20150306,7.4134,7.4134,7.1168,7.1258,43179,0
20150309,6.8562,7.036,6.8383,6.9102,54196,0
20150310,6.955,7.0269,6.9102,6.955,29491,0
20150311,6.973,6.973,6.7664,6.8383,310598,0
20150312,6.9011,7.018,6.8652,7.009,4674,0
20150313,6.8383,7.0988,6.8383,7.018,42065,0
20150316,6.8652,7.0539,6.7394,6.8652,35055,0
20150317,6.8383,7.009,6.8203,6.9011,25484,0
20150318,6.982,6.982,6.8023,6.8023,890,0
20150319,6.7844,6.8023,6.7753,6.7753,1335,0
20150320,7,7.009,6.5777,6.7394,20032,0
20150323,6.7844,6.8383,6.5597,6.6945,8681,0
20150324,6.9191,6.9191,6.7125,6.7753,3116,0
20150325,6.7844,6.7933,6.7484,6.7844,8903,0
20150326,6.9102,6.9102,6.6585,6.7933,6789,0
20150327,6.7664,6.7753,6.6585,6.7664,3227,0
20150330,6.7933,6.8383,6.7484,6.8383,890,0
20150331,6.7035,6.7933,6.7035,6.7394,1228,0
20150401,6.5597,6.7933,6.5597,6.7933,5676,0
20150402,6.7035,6.7844,6.7035,6.7844,1113,0
20150406,6.9461,7.009,6.8742,6.8742,12241,0
20150407,7,7.009,6.8742,6.8742,2942,0
20150408,6.9641,7.009,6.9011,6.9011,1892,0
20150409,6.8742,6.8922,6.8562,6.8922,4959,0
20150410,6.8742,6.9011,6.8742,6.8922,13354,0
20150413,6.8832,6.8832,6.8742,6.8742,4118,0
20150414,6.8292,6.955,6.8292,6.8832,9682,0
20150415,6.8292,6.8292,6.6945,6.7035,12132,0
20150416,6.7844,6.7844,6.6945,6.6945,267,0
20150417,6.6676,6.6676,6.2272,6.371,54196,0
20150420,6.3441,6.416,6.2183,6.2722,14322,0
20150421,6.2991,6.3261,6.2632,6.2632,10440,0
20150422,6.2632,6.2632,6.2003,6.2542,2857,0
20150423,6.2811,6.2991,6.1823,6.2991,55754,0
20150424,6.3081,6.3261,6.2722,6.2722,91588,0
20150427,6.4069,6.6137,6.3261,6.6137,57089,0
20150428,7.0539,7.0539,6.6496,6.7214,19141,0
20150429,6.9011,7.3325,6.8832,7.0899,18362,0
20150430,7,7.3954,6.9191,7.1438,9125,0
20150501,7.1348,7.1348,7.1348,7.1348,222,0
20150504,7.009,7.1258,6.9371,7.036,16805,0
20150505,6.8922,7.036,6.8742,6.982,23148,0
20150506,6.9371,7.1168,6.9371,7.0808,3916,0
20150507,7.1618,7.1618,6.982,7.009,29802,0
20150508,7,7.036,6.955,7.0269,206101,0
20150511,6.982,7.018,6.982,7.009,3895,0
20150512,6.982,7.1527,6.982,7.009,39502,0
20150513,6.982,7.0539,6.9011,6.9011,44959,0
20150514,6.9191,6.9641,6.9011,6.9641,29157,0
20150515,7.009,7.2426,6.9641,7.1438,314066,0
20150518,6.8383,7.2606,6.8383,7.0719,127180,0
20150519,7.1707,7.1707,6.4519,6.6496,709890,0
20150520,6.6046,6.8562,6.4519,6.6765,60540,0
20150521,6.8472,7,6.6765,6.6765,6565,0
20150522,6.7214,6.8113,6.6406,6.7484,7456,0
20150526,6.7573,6.8292,6.5597,6.7484,23579,0
20150527,6.7484,6.8562,6.6226,6.7035,3005,0
20150528,6.3081,6.8203,6.2902,6.6496,8354,0
20150529,6.6316,6.8652,6.4699,6.8292,35278,0
20150601,6.7933,6.9011,6.7394,6.7753,179440,0
20150602,6.9371,6.991,6.7753,6.8203,89639,0
20150603,6.8383,6.9191,6.8292,6.8292,7345,0
20150604,6.8832,6.9281,6.7035,6.8383,6900,0
20150605,6.6855,6.9011,6.416,6.6765,50524,0
20150608,6.6676,6.7933,6.6496,6.6585,13465,0
20150609,6.6496,6.8383,6.6046,6.6676,24511,0
20150610,6.7753,6.7933,6.6676,6.6676,9109,0
20150611,6.7035,6.8742,6.6676,6.7394,17233,0
20150612,6.6945,6.7933,6.6945,6.7304,3116,0
20150615,6.7394,6.7484,6.5687,6.7304,62876,0
20150616,6.6855,6.991,6.5957,6.7573,116405,0
20150617,6.8023,6.8023,6.5327,6.5418,109616,0
20150618,6.6585,6.7844,6.6496,6.7304,38171,0
20150619,6.7573,6.9102,6.7484,6.8562,67105,0
20150622,6.8383,7.1168,6.8113,7.0449,84577,0
20150623,7.1168,7.2067,7.0899,7.0988,34198,0
20150624,7.1707,7.3325,7.0808,7.1168,50302,0
20150625,7.1438,7.1438,6.991,7.0629,3784,0
20150626,7.0629,7.2606,7.0629,7.2157,13354,0
20150629,6.6406,7.1527,6.6406,7.018,7679,0
20150630,7.0539,7.0988,7.0539,7.0988,8828,0
20150701,7.0269,7.2785,7.0269,7.1168,24816,0
20150702,6.9461,7.3415,6.8472,6.982,48075,0
20150706,6.991,7.2157,6.7753,7.1258,23592,0
20150707,7.0899,7.1797,6.8652,6.973,44514,0
20150708,6.973,7.2157,6.8383,7.0719,7456,0
20150709,7.2876,7.3684,6.9641,7.0808,17249,0
20150710,7.0269,7.1707,6.9102,7.0988,10906,0
20150713,7.2246,7.3954,7.0719,7.1797,17138,0
20150714,7.036,7.2246,7.036,7.1887,3669,0
20150715,7.1887,7.4493,7,7.2246,92177,0
20150716,7.0808,7.5212,7.0808,7.3235,87026,0
20150717,7.4314,7.4314,7.2067,7.3235,1335,0
20150720,7.2696,7.3235,7.1977,7.2696,15357,0
20150721,7.2785,7.2785,7.1887,7.2606,15914,0
20150722,7.1079,7.6291,7.0808,7.3415,27376,0
20150723,7.2696,7.3595,7.018,7.2606,9459,0
20150724,7.1797,7.1797,6.8562,7.0539,40508,0
20150727,7.0629,7.1887,6.8203,6.9281,33942,0
20150728,6.955,7.0988,6.8292,6.9371,4786,0
20150729,6.9281,7.009,6.7035,6.9191,13243,0
20150730,6.9102,7.018,6.6945,7.018,3005,0
20150731,6.5597,7.2067,6.5597,7.018,11573,0
20150803,7.1079,7.1887,6.973,7.0899,7258,0
20150804,6.7484,7.0899,6.7484,7.0449,2671,0
20150805,6.4608,7.0539,6.4608,6.973,14245,0
20150806,6.9641,7.1168,6.7394,6.9281,37517,0
20150807,7.1348,7.4673,6.973,7.2876,62097,0
20150810,7.2426,7.3684,7.1887,7.2246,19586,0
20150811,6.9191,7.1977,6.8472,7.1168,20403,0
20150812,6.9102,7.1887,6.9102,7.0988,30048,0
20150813,7.1887,7.1887,6.6676,7.0719,5230,0
20150814,7.009,7.0539,6.6585,6.7933,49967,0
20150817,6.4519,6.7573,6.4519,6.5777,68440,0
20150818,6.6046,6.8292,6.1194,6.2991,206991,0
20150819,6.4699,6.4699,6.1733,6.2452,56088,0
20150820,6.1823,6.2272,5.8857,5.8857,31494,0
20150821,5.7959,6.3081,5.3915,5.5713,46518,0
20150824,5.3915,5.9396,5.1669,5.1938,9017,0
20150825,5.7959,5.7959,5.149,5.2118,113845,0
20150826,5.4095,5.6161,5.2837,5.3646,5564,0
20150827,5.4095,5.5892,5.4005,5.4544,104608,0
20150828,5.4634,5.7419,5.2388,5.4275,68107,0
20150831,5.3196,5.8318,5.3196,5.751,3784,0
20150901,5.3915,5.4903,5.149,5.1759,62654,0
20150902,5.3915,5.3915,4.6996,5.1669,37503,0
20150903,5.6611,5.6611,5.113,5.3107,67551,0
20150904,5.3646,5.4814,5.2029,5.2927,3562,0
20150908,5.4005,5.6971,5.3915,5.5622,124083,0
20150909,5.706,5.706,5.3287,5.4544,66772,0
20150910,5.4544,5.733,5.4095,5.4814,85573,0
20150911,5.4455,5.5713,5.4364,5.5443,4229,0
20150914,5.4994,6.0655,5.3196,5.4903,23592,0
20150915,5.5713,5.5713,5.3915,5.4275,35834,0
20150916,5.3915,5.4634,5.3287,5.4275,6789,0
20150917,5.3825,5.4994,5.3376,5.4364,13968,0
20150918,5.2568,5.5353,5.2568,5.4544,17027,0
20150921,5.4634,5.5533,5.4544,5.4634,7679,0
20150922,5.3736,5.724,5.3736,5.5533,9682,0
20150923,5.5263,5.5443,5.3825,5.4275,11797,0
20150924,5.3825,5.4364,5.3017,5.3017,8472,0
20150925,5.5892,5.8498,5.3466,5.3556,9348,0
20150928,5.3825,5.4455,5.2388,5.4095,87935,0
20150929,5.4455,5.6252,5.3376,5.3376,17917,0
20150930,5.4814,5.5173,5.2927,5.3646,34165,0
20151001,5.4669,5.4669,5.2936,5.3802,12676,0
20151002,5.2936,5.669,5.2936,5.3321,12468,0
20151005,5.2647,5.4957,5.2455,5.4476,11542,0
20151006,5.5054,5.5631,5.2551,5.3899,19533,0
20151007,5.2936,5.669,5.2647,5.669,63274,0
20151008,5.6786,5.6786,5.4957,5.5439,4156,0
20151009,5.669,5.669,5.5439,5.5439,727,0
20151012,5.5054,5.5054,5.5054,5.5054,119,0
20151013,5.5824,5.5824,5.5054,5.5054,1662,0
20151014,5.5824,5.6497,5.5535,5.6209,28053,0
20151015,5.669,6.5352,5.669,6.3042,28468,0
20151016,5.9673,6.4101,5.9289,6.054,10286,0
20151019,6.0636,6.4871,5.9096,5.9192,12364,0
20151020,6.1271,6.1271,5.8904,5.8904,7065,0
20151021,5.8807,6.0443,5.8711,5.9673,7481,0
20151022,5.9962,6.1502,5.8519,5.977,17663,0
20151023,6.0443,6.1117,5.9192,6.0251,7792,0
20151026,5.9577,6.285,5.9577,5.9962,9351,0
20151027,6.1021,6.2176,6.0058,6.0732,6026,0
20151028,6.0443,6.4293,6.0443,6.2368,6026,0
20151029,6.2561,6.439,6.2368,6.439,11117,0
20151030,6.1695,6.2753,6.0636,6.2753,18806,0
20151102,6.439,6.5256,6.2561,6.5256,3017,0
20151103,6.4486,6.4871,6.4293,6.4293,8208,0
20151104,6.3138,6.516,6.1598,6.4486,5441,0
20151105,6.3716,6.5256,6.1791,6.4582,9039,0
20151106,6.0732,6.4871,6.0058,6.4486,6546,0
20151109,6.439,7.1993,6.439,6.4678,21398,0
20151110,6.3523,6.4582,6.1213,6.4005,5922,0
20151111,6.3908,6.4775,6.3523,6.362,3740,0
20151112,6.2368,6.5256,6.2368,6.439,4364,0
20151113,6.5545,6.7277,6.1502,6.2946,35014,0
20151116,6.1887,6.5063,6.1887,6.3235,4675,0
20151117,6.5448,6.5448,6.3235,6.3235,935,0
20151119,6.3523,6.362,6.2561,6.2561,7481,0
20151120,6.4582,6.4582,6.2465,6.2753,13611,0
20151123,6.3523,6.3523,6.2753,6.2753,4364,0
20151124,6.2657,6.2946,5.9577,6.2368,48313,0
20151125,6.2272,6.2272,6.1117,6.1213,81664,0
20151127,6.1213,6.2561,6.0636,6.2561,7377,0
20151130,6.2465,6.439,6.0828,6.1887,14961,0
20151201,6.1502,6.1887,6.0636,6.131,11403,0
20151202,6.054,6.1502,6.054,6.1117,28797,0
20151203,6.1117,6.1117,5.9,5.9289,43930,0
20151204,5.9192,6.0251,5.9192,6.0251,38546,0
20151207,6.054,6.054,5.9673,6.0251,1558,0
20151208,6.285,6.8817,5.7845,6.8817,27389,0
20151209,6.4871,6.6603,6.0251,6.208,61300,0
20151210,6.0732,6.3716,6.0732,6.2368,9455,0
20151211,6.4101,6.824,6.1791,6.5256,19013,0
20151214,6.1021,6.67,6.1021,6.439,120376,0
20151215,6.1213,6.5737,6.1021,6.4871,52781,0
20151216,6.4293,6.4582,6.208,6.208,8831,0
20151217,6.1213,6.4582,6.0925,6.3523,73041,0
20151218,6.2465,7.3726,6.2465,6.7373,81664,0
20151221,6.824,7.2474,6.4101,7.0261,50079,0
20151222,6.7662,7.0549,6.3427,6.9972,39089,0
20151223,6.593,6.9779,6.5448,6.8432,36572,0
20151224,6.3908,6.8432,6.3908,6.7855,8449,0
20151228,6.5737,6.8432,6.2994,6.824,31270,0
20151229,6.6603,7.0549,6.4101,6.8047,45225,0
20151230,6.7662,7.0357,6.5256,7.0261,47377,0
20151231,7.1416,7.5266,6.7758,7.3629,23733,0
20160104,7.1031,7.3726,6.9106,6.9876,18610,0
20160105,6.9587,7.1704,6.8336,6.9587,23936,0
20160106,6.4678,7.3629,6.4678,6.6507,19296,0
20160107,6.4967,6.6411,6.3138,6.4293,21954,0
20160108,6.4101,6.5641,5.977,6.2368,16548,0
20160111,6.4678,6.8625,6.1983,6.1983,12857,0
20160112,6.2561,6.4967,6.2561,6.3908,9950,0
20160113,6.4101,6.5833,6.2946,6.439,7563,0
20160114,6.362,6.439,6.0197,6.3138,7100,0
20160115,6.3427,6.5448,5.9192,6.2465,9494,0
20160119,6.1887,6.2657,5.4091,6.1502,45819,0
20160120,6.1598,6.3908,6.0058,6.0828,13597,0
20160121,6.2176,6.5448,5.8327,6.1021,32187,0
20160122,5.9385,6.2272,5.8615,6.1791,10430,0
20160125,6.1406,6.3427,5.9,6.2176,43467,0
20160126,6.2272,6.4582,5.9289,6.1117,12808,0
20160127,6.1406,6.362,5.6209,6.2176,15486,0
20160128,6.1502,6.1598,5.9289,6.0155,5659,0
20160129,6.0155,6.1695,5.8904,6.1694,9722,0
20160201,5.8134,6.1887,5.6305,6.0443,4559,0
20160202,5.7941,6.054,5.7941,6.054,2679,0
20160203,6.0925,6.0925,5.7749,6.0636,18713,0
20160204,6.054,6.3716,5.9519,5.9673,15921,0
20160205,5.9673,6.208,5.8615,6.208,58295,0
20160208,6.2272,6.6026,5.669,6.1022,68473,0
20160209,5.9866,6.1887,5.9866,6.1887,7211,0
20160210,6.1887,6.4967,5.9192,6.4967,18645,0
20160211,6.5833,6.6988,6.0636,6.1406,98499,0
20160212,6.1598,6.4582,6.1213,6.2657,87201,0
20160216,6.3908,6.6507,6.0347,6.362,37583,0
20160217,6.4678,6.7085,6.3523,6.4486,10426,0
20160218,6.5833,6.7855,6.3331,6.4486,13342,0
20160219,6.4486,6.7855,6.0636,6.2753,24375,0
20160222,6.2561,6.4101,5.9673,6.4005,11619,0
20160223,6.5063,6.5063,6.1021,6.1021,5028,0
20160224,6.2465,6.2465,6.0058,6.1887,5862,0
20160225,6.208,6.3523,5.7941,6.1502,27796,0
20160226,6.3042,6.3812,6.0636,6.1598,4161,0
20160229,6.1695,6.3908,5.9673,6.1213,19356,0
20160301,6.1406,6.4005,6.131,6.2753,13858,0
20160302,6.3812,6.4293,6.2012,6.4197,6497,0
20160303,6.37,6.516,6.37,6.516,5523,0
20160304,6.4871,6.8913,6.2753,6.4486,36366,0
20160307,6.5833,6.8336,6.309,6.4967,41082,0
20160308,6.4967,6.8432,6.2946,6.7662,22175,0
20160309,6.8336,7.6132,6.8336,7.0068,25191,0
20160310,7.0742,7.3437,6.8143,7.0742,35563,0
20160311,7.1993,7.4592,6.9779,7.4592,50291,0
20160314,7.5939,7.6902,7.0261,7.0357,35767,0
20160315,7.2089,7.2474,7.0068,7.1993,4237,0
20160316,7.1319,7.1319,6.9779,7.0261,8772,0
20160317,7.2571,7.2571,6.9779,7.0838,16740,0
20160318,7.1031,7.4303,7.0549,7.4303,21112,0
20160321,7.4688,7.6806,7.1031,7.3727,39229,0
20160322,6.6026,7.6036,6.6026,7.2571,40303,0
20160323,7.4399,7.4399,7.1704,7.3533,45863,0
20160324,7.4207,7.4207,7.3244,7.3822,5474,0
20160328,7.4207,7.4207,7.2474,7.2474,2101,0
20160329,7.361,7.3629,7.2667,7.2763,698,0
20160330,7.2956,7.5554,7.0742,7.5554,78550,0
20160331,7.4592,7.6036,7.4399,7.5362,6743,0
20160401,7.5843,7.5938,7.3244,7.4688,6890,0
20160404,7.5266,7.5266,7.1223,7.2667,18230,0
20160405,7.0261,7.2089,6.9779,7.0357,3087,0
20160406,7.1512,7.4592,6.9876,7.0646,18607,0
20160407,7.1512,7.1512,6.824,7.1127,32327,0
20160408,7.1512,7.1512,6.593,6.8817,54951,0
20160411,6.9587,8.0752,6.9587,7.7191,126138,0
20160412,7.5362,8.2244,7.5052,8.1233,63609,0
20160413,8.1618,8.2381,7.9116,8.181,49982,0
20160414,8.1714,8.1714,7.7961,7.9597,17977,0
20160415,7.9404,8.2003,7.8442,8.0367,219544,0
20160418,8.2099,8.4698,8.0848,8.3254,17361,0
20160419,8.3254,9.1434,8.2484,8.4698,90654,0
20160420,8.4987,8.6238,8.489,8.489,3952,0
20160421,8.5564,8.6488,8.4409,8.489,6447,0
20160422,8.5853,8.5853,8.1532,8.2677,11896,0
20160425,8.3158,8.643,7.7672,7.8634,63790,0
20160426,7.9019,8.4024,7.9019,8.2677,15394,0
20160427,8.3254,8.5372,8.0222,8.3928,36103,0
20160428,8.4409,8.6142,8.1907,8.566,41978,0
20160429,8.5949,8.6142,8.2677,8.5853,16490,0
20160502,8.6142,8.6622,8.3062,8.6142,15862,0
20160503,8.3735,8.566,8.3735,8.566,691,0
20160504,8.5853,9.105,8.2292,9.105,68191,0
20160505,9.0954,9.0954,8.7875,8.9125,96398,0
20160506,8.8259,9.105,8.4217,8.7778,84675,0
20160509,8.8452,8.8452,8.566,8.6045,21290,0
20160510,8.364,8.8744,8.364,8.7682,14552,0
20160511,8.7104,8.8259,8.489,8.7585,12472,0
20160512,8.7008,8.9029,8.4698,8.8067,45521,0
20160513,8.7682,8.8067,8.72,8.797,5217,0
20160516,8.8452,8.874,8.412,8.874,7233,0
20160517,8.797,8.797,8.6142,8.7585,2115,0
20160518,8.6912,8.6912,8.4698,8.5468,13213,0
20160519,8.566,8.6045,8.5083,8.6045,10143,0
20160520,8.5468,8.7585,8.4698,8.7393,5790,0
20160523,8.6719,8.7104,8.489,8.7104,2043,0
20160524,8.7103,8.7585,8.6142,8.7585,4783,0
20160525,8.6623,8.7585,8.6623,8.7489,5495,0
20160526,8.7585,8.7585,8.566,8.7393,7806,0
20160527,8.6623,8.7585,8.5757,8.6527,8702,0
20160531,8.412,8.7297,8.412,8.6815,15396,0
20160601,8.7297,8.7297,8.4217,8.6623,9745,0
20160602,8.6623,8.6623,8.4361,8.566,7437,0
20160603,8.5563,8.7585,8.5468,8.7489,9520,0
20160606,8.9125,8.9125,8.4313,8.7104,41592,0
20160607,8.4024,8.7585,8.4024,8.7489,8555,0
20160608,8.6045,8.7585,8.6045,8.7489,8261,0
20160609,8.7488,8.7585,8.5179,8.7489,26985,0
20160610,8.6719,8.7585,8.6661,8.7585,2641,0
20160613,8.7489,8.7585,8.4987,8.4987,1429,0
20160614,8.5179,8.6623,8.412,8.6623,6267,0
20160615,8.566,8.7585,8.4024,8.4987,19173,0
20160616,8.4024,8.489,8.4024,8.489,536,0
20160617,8.5083,8.5083,8.3735,8.3735,5748,0
20160620,8.412,8.7393,8.412,8.7393,26800,0
20160621,8.6527,8.6882,8.3158,8.4409,4098,0
20160622,8.4217,8.4217,8.3543,8.3735,743,0
20160623,8.7104,8.7104,8.4313,8.566,731,0
20160624,8.4602,8.5083,8.2965,8.5083,3109,0
20160627,8.4987,8.6142,8.192,8.2484,3172,0
20160628,8.4889,8.6527,8.4024,8.6527,1981,0
20160629,8.6623,8.6623,8.3832,8.5757,2549,0
20160630,8.4149,8.6045,8.4149,8.5949,36261,0
20160701,8.3158,8.4505,8.3158,8.3735,1425,0
20160705,8.3798,8.4594,8.2869,8.4217,1820,0
20160706,8.4971,8.5949,8.2869,8.4313,7935,0
20160707,8.5179,8.5179,8.4024,8.4024,231,0
20160708,8.412,8.412,8.412,8.412,1143,0
20160711,8.7528,8.7528,8.1908,8.4217,2136,0
20160712,8.4313,8.6815,8.3735,8.6142,198988,0
20160713,8.7008,8.7585,8.5853,8.7489,43408,0
20160714,8.7489,9.0413,8.7489,9.0413,110328,0
20160715,8.8452,9.0954,8.8452,9.0858,19619,0
20160718,9.062,9.062,8.8837,8.9895,4164,0
20160719,8.9895,8.9991,8.9029,8.9029,727,0
20160720,8.874,8.9895,8.7778,8.7778,152266,0
20160721,8.9222,8.9222,8.7264,8.9029,17215,0
20160722,8.6238,9.0281,8.49,8.8837,283129,0
20160725,8.8548,8.8836,8.7585,8.8163,6393,0
20160726,8.8548,8.8548,8.7874,8.8269,3654,0
20160727,8.749,8.9029,8.6623,8.8259,5006,0
20160728,8.7682,8.8067,8.7489,8.8067,6252,0
20160729,8.8548,8.9509,8.643,8.643,23877,0
20160801,8.5275,8.797,8.5275,8.7393,22768,0
20160802,8.6912,8.6912,8.5275,8.6719,13204,0
20160803,8.6045,8.8067,8.6045,8.7778,68060,0
20160804,8.7295,9.1435,8.7295,9.1339,33559,0
20160805,9.0858,9.1435,8.6238,8.8837,47335,0
20160808,8.9318,8.9318,8.8548,8.8644,6322,0
20160809,8.9029,8.9125,8.9029,8.9125,860,0
20160810,8.951,9.0473,8.8548,8.9125,12356,0
20160811,8.874,9.028,8.8548,8.8644,126611,0
20160812,8.8355,9.1435,8.7874,8.8067,71374,0
20160815,8.7104,8.9847,8.6623,8.8452,25939,0
20160816,8.9414,8.9744,8.7682,8.8452,1455,0
20160817,8.8933,8.8933,8.6623,8.6623,9148,0
20160818,8.7778,8.874,8.7778,8.8452,811,0
20160819,8.7682,8.8355,8.7682,8.8259,1289,0
20160822,8.7682,8.9895,8.7682,8.9895,716,0
20160823,8.7683,9.259,8.7683,9.0473,68837,0
20160824,9.1338,9.1916,9.0473,9.182,2792,0
20160825,9.1435,9.1916,9.1435,9.1916,81769,0
20160826,9.2569,9.683,9.1743,9.3745,71168,0
20160829,9.336,9.3938,9.2301,9.3456,2410,0
20160830,9.4611,9.615,9.3268,9.3841,10872,0
20160831,9.3841,9.3938,9.1435,9.2301,37984,0
20160901,9.3746,9.4454,8.8355,8.9607,16853,0
20160902,9.1339,9.3071,9.0767,9.2013,8033,0
20160906,9.2301,9.914,9.1146,9.914,134743,0
20160907,10,10,9.5,9.65,44403,0
20160908,9.57,9.7,9.4262,9.7,22215,0
20160909,9.61,9.71,9.3,9.68,11971,0
20160912,9.41,9.57,9.37,9.5,28648,0
20160913,9.5,9.5,9.22,9.32,4572,0
20160914,9.37,9.46,9.37,9.46,1623,0
20160915,9.4899,9.4899,9.3205,9.3205,1469,0
20160916,9.32,9.54,9.3,9.53,4386,0
20160919,9.43,9.55,9.399,9.55,5101,0
20160920,9.36,9.91,9.36,9.64,7941,0
20160921,9.76,9.89,9.47,9.57,25691,0
20160922,9.73,9.8906,9.4201,9.72,55198,0
20160923,9.61,9.6899,9.57,9.58,1615,0
20160926,9.53,9.55,9.35,9.54,33897,0
20160927,9.62,9.71,9.38,9.38,62274,0
20160928,9.43,9.8,9.38,9.45,80054,0
20160929,9.46,9.67,9.4,9.52,70156,0
20160930,9.62,9.72,9.3865,9.43,100473,0
20161003,9.6848,9.6848,9.6848,9.6848,319,0
20161004,9.61,9.61,9,9.42,121554,0
20161005,9.46,9.46,9.35,9.35,28103,0
20161006,9.5,9.5,9.34,9.34,13611,0
20161007,9.42,9.42,9.24,9.4,15815,0
20161010,9.4999,9.4999,9.38,9.45,3066,0
20161011,9.49,9.77,9.23,9.23,5573,0
20161012,9.41,9.58,9.03,9.58,53505,0
20161013,9.56,9.63,9.41,9.5895,13575,0
20161014,9.5,9.6362,9.41,9.41,4310,0
20161017,9.53,9.6,9.5,9.57,9193,0
20161018,9.58,9.68,9.43,9.6,14896,0
20161019,9.6041,9.61,9.59,9.59,14910,0
20161020,9.6899,9.6899,9.44,9.6,217712,0
20161021,9.68,9.885,9.61,9.64,12947,0
20161024,9.66,9.8499,9.35,9.35,7851,0
20161025,9.5,9.66,9.46,9.65,8817,0
20161026,9.68,9.7,9.45,9.6,1316084,0
20161027,9.56,9.56,9.37,9.4348,38054,0
20161028,9.41,9.6,9.3966,9.54,124536,0
20161031,9.58,9.58,9.52,9.56,1534,0
20161101,9.5,9.5,9.5,9.5,151,0
20161102,9.48,9.55,9.3,9.32,29454,0
20161103,9.34,9.4599,9.34,9.36,3354,0
20161104,9.38,9.45,9.35,9.45,11098,0
20161107,9.45,9.48,9.31,9.31,25118,0
20161108,9.4,9.5,9.4,9.5,967,0
20161109,9.25,9.48,9.17,9.45,27817,0
20161110,9.49,9.49,9.49,9.49,676,0
20161111,9.37,9.57,9.25,9.57,10770,0
20161114,9.3101,9.41,9.3,9.3,19331,0
20161115,9.36,9.39,9.245,9.35,13873,0
20161116,9.2093,9.27,9.12,9.21,24938,0
20161117,9.15,9.34,9.06,9.08,2638,0
20161118,9.12,9.12,9.0192,9.05,8309,0
20161121,9.2236,9.27,9.15,9.17,25839,0
20161122,8.96,9.0794,8.86,8.94,12715,0
20161123,8.95,9.05,8.95,8.97,47213,0
20161125,8.99,9.18,8.95,9.07,96277,0
20161128,9.1,9.14,8.93,9.13,59881,0
20161129,9.04,9.15,8.52,9.03,22477,0
20161130,9.01,9.13,8.91,9.015,72217,0
20161201,9.04,9.28,9.04,9.095,72752,0
20161202,9.17,9.17,9.11,9.15,5328,0
20161205,9.14,9.2117,9.0767,9.11,25595,0
20161206,9.197,9.197,9.04,9.15,6606,0
20161207,9.1,9.17,8.91,9.1592,58925,0
20161208,9.07,9.1853,8.95,9.03,14744,0
20161209,9.1,9.21,9.01,9.01,15161,0
20161212,9.02,9.2,8.93,8.99,16547,0
20161213,8.91,9.19,8.91,9.05,48110,0
20161214,8.91,9.2054,8.91,9.1189,12610,0
20161215,9.18,9.18,8.95,9.1,6807,0
20161216,9.18,9.2,9.05,9.07,8514,0
20161219,9.1,9.169,8.97,9.16,23715,0
20161220,9.26,9.26,8.92,9.16,24666,0
20161221,9.08,9.19,9.05,9.14,36927,0
20161222,9.19,9.19,8.96,9.1635,9811,0
20161223,9.21,9.21,9.01,9.19,1222,0
20161227,9.09,9.17,8.9991,9.17,16224,0
20161228,9.18,9.21,9.11,9.17,9706,0
20161229,9.21,9.21,9.097,9.1992,31232,0
20161230,9.29,9.49,9.15,9.21,36172,0
20170103,9.55,9.55,9.045,9.218,33196,0
20170104,9.38,9.52,9.35,9.52,18228,0
20170105,9.6,9.6,9.31,9.5192,15083,0
20170106,9.45,9.5,9.3806,9.43,6722,0
20170109,9.48,9.56,9.31,9.52,12808,0
20170110,9.6,9.62,9.43,9.5297,9141,0
20170111,9.59,9.59,9.4714,9.57,4886,0
20170112,9.57,9.57,9.41,9.41,8057,0
20170113,9.5,9.51,9.39,9.39,3804,0
20170117,9.3566,9.51,9.3566,9.45,45119,0
20170118,9.49,9.53,9.4211,9.471,20974,0
20170119,9.55,9.55,9.32,9.44,12417,0
20170120,9.53,9.55,9.3508,9.4489,5997,0
20170123,9.3996,9.4621,9.3737,9.46,11661,0
20170124,9.56,9.56,9.4297,9.4297,6999,0
20170125,9.58,9.6501,9.47,9.585,54657,0
20170126,9.68,9.79,9.5399,9.57,9073,0
20170127,9.66,9.66,9.42,9.46,46952,0
20170130,9.67,9.67,9.3289,9.4,4122,0
20170131,9.55,9.55,9.3501,9.5,79093,0
20170201,9.63,10.09,9.55,9.9,66158,0
20170202,9.96,10.04,9.68,9.89,35145,0
20170203,10,10.015,9.93,9.94,8574,0
20170206,9.83,10.04,9.83,9.92,10532,0
20170207,9.74,9.95,9.73,9.77,13134,0
20170208,9.71,9.89,9.7,9.89,3637,0
20170209,9.99,9.99,9.82,9.82,926,0
20170210,9.95,9.95,9.625,9.69,11195,0
20170213,9.72,9.73,9.5,9.51,23800,0
20170214,9.471,9.5399,9.4,9.46,25572,0
20170215,9.39,9.507,9.2901,9.32,191219,0
20170216,9.4,9.51,9.042,9.28,62856,0
20170217,9.32,9.32,9.2,9.2,4814,0
20170221,9.3,9.3,9.1083,9.19,121839,0
20170222,9.22,9.36,9.0721,9.0721,79767,0
20170223,9.16,9.27,9.1,9.15,14033,0
20170224,9.18,9.246,9.09,9.15,5818,0
20170227,9.09,9.275,9.09,9.21,6059,0
20170228,9.25,9.33,9.24,9.24,2807,0
20170301,9.4,10.02,9.25,9.94,37055,0
20170302,9.69,10.21,9.69,10,490613,0
20170303,10.4,10.5078,10.2964,10.5078,1616,0
20170306,10.59,10.59,9.95,9.95,2321,0
20170307,9.6,10.09,9.6,10.03,1227,0
20170308,10.02,10.05,9.67,9.77,3728,0
20170309,9.86,9.92,9.61,9.87,10046,0
20170310,9.92,9.98,9.83,9.85,1470,0
20170313,9.76,9.86,9.7,9.85,3486,0
20170314,9.63,9.74,9.62,9.73,3251,0
20170315,9.93,10.1,9.93,10.1,6438,0
20170316,10.124,10.6899,10.124,10.51,5802,0
20170317,10.6,10.853,10.51,10.68,6596,0
20170320,10.76,10.855,10.6,10.855,11881,0
20170321,10.95,11.06,10.95,11.06,10314,0
20170322,11.33,11.4,10.85,11.15,31829,0
20170323,11.33,11.33,11.1,11.16,28824,0
20170324,11.24,11.4,11.17,11.4,40826,0
20170327,11.71,11.98,11.21,11.25,42257,0
20170328,11.25,11.3,11.11,11.11,11242,0
20170329,11.1101,11.31,11.1101,11.29,17895,0
20170330,11.19,11.38,10.91,11.11,21932,0
20170331,11.36,11.36,11.18,11.22,3662,0
20170403,11.46,11.46,11.16,11.2,3307,0
20170404,11.38,11.38,11.1201,11.19,1931,0
20170405,11.4,11.63,11.1578,11.41,21364,0
20170406,11.4,11.4,11.27,11.27,1415,0
20170407,11.2,11.3,11.01,11.13,12764,0
20170410,11.2,11.25,10.8801,11.25,2486,0
20170411,11.33,11.33,11.04,11.18,4220,0
20170412,11.14,11.14,10.87,10.96,5994,0
20170413,11.02,11.32,10.8775,11.28,3538,0
20170417,11.12,11.61,10.85,11.38,43472,0
20170418,11.48,11.48,11.12,11.36,12266,0
20170419,11.5,11.5,11.19,11.19,1831,0
20170420,11.33,11.33,10.9,11.04,2334,0
20170421,10.94,11.18,10.94,11.18,3150,0
20170424,11.13,11.13,10.79,10.8,13371,0
20170425,10.96,11.15,10.52,10.96,14103,0
20170426,10.84,10.84,10.51,10.66,7697,0
20170427,10.6278,10.78,10.6278,10.6597,2742,0
20170501,10.61,10.61,10.3,10.3,2855,0
20170502,10.02,10.45,10.02,10.3114,14866,0
20170503,10.53,10.53,10.32,10.5,10805,0
20170504,10.42,10.72,10.155,10.72,22933,0
20170505,10.8948,10.8948,10.6,10.65,4604,0
20170508,10.57,10.57,10.25,10.56,11903,0
20170509,10.48,10.8507,10.2714,10.84,39929,0
20170510,11,11.1339,10.67,11.1339,4099,0
20170511,11,11.19,10.95,10.96,22462,0
20170512,11.01,11.1,10.65,10.66,19311,0
20170515,10.86,11.12,10.86,10.86,16622,0
20170516,10.99,11.19,10.7,11.01,14926,0
20170517,10.61,11.2,10.61,11.2,9746,0
20170518,10.9348,11.04,10.9348,11.04,743,0
20170519,11.07,11.23,11.07,11.23,2541,0
20170522,11.15,11.24,11.15,11.24,1343,0
20170523,11.4999,11.4999,11.24,11.32,5247,0
20170524,11.36,11.65,11.36,11.55,15600,0
20170525,11.75,11.91,11.6,11.91,28719,0
20170526,11.7,11.95,11.63,11.9,24815,0
20170530,11.6,11.65,11.4001,11.5,3237,0
20170531,11.41,11.439,11.32,11.35,2312,0
20170601,10.95,11.51,10.7,11.48,4004,0
20170602,11.32,12,11.32,11.87,10913,0
20170605,11.9244,11.9244,11.41,11.53,2160,0
20170606,11.77,11.77,11.53,11.75,661,0
20170607,11.57,11.8,11.31,11.6001,9823,0
20170609,11.4001,11.41,10.6,11.37,15860,0
20170612,10.98,11.85,10.98,11.74,7502,0
20170614,11.72,11.82,11.51,11.565,33516,0
20170615,11.2201,11.29,11.2201,11.29,1777,0
20170616,11.44,11.44,11.44,11.44,16001,0
20170619,11.2122,11.57,11.2122,11.41,8151,0
20170620,11.36,11.51,11.36,11.48,8108,0
20170621,11.36,11.38,11.35,11.38,978,0
20170622,11.4,11.57,11.3,11.56,2823,0
20170626,11.47,11.54,11.47,11.54,200,0
20170627,11.22,11.54,11.22,11.54,200,0
20170628,11.14,11.44,10.8,11.2,7455,0
20170629,11.48,11.48,11.42,11.43,1147,0
20170630,11.2401,11.43,11.2401,11.43,393,0
20170703,11.3,11.3,11.3,11.3,240,0
20170705,11.28,11.3,11.11,11.11,2112,0
20170706,11.1503,11.57,11.1503,11.4,7810,0
20170710,11.19,11.27,11.19,11.2,1869,0
20170711,11.54,11.54,11.54,11.54,331,0
20170712,11.54,11.54,11.31,11.31,220,0
20170713,11.54,11.54,11.54,11.54,2680,0
20170717,11.25,11.25,11.25,11.25,291,0
20170718,11.6,11.99,11.23,11.55,17645,0
20170719,11.483,11.68,11.483,11.53,1405,0
20170720,11.59,11.59,11.59,11.59,305,0
20170721,11.89,11.89,11.89,11.89,584,0
20170724,11.56,11.83,11.3113,11.69,1465,0
20170725,11.93,11.93,11.61,11.9,7929,0
20170726,11.6827,11.6827,11.6827,11.6827,509,0
20170727,11.75,11.8399,11.3,11.3,5772,0
20170728,11.27,11.38,11.27,11.38,557,0
20170731,11.51,11.6347,11.51,11.51,2200,0
20170801,11.5,11.89,11.5,11.89,12144,0
