Date,Open,High,Low,Close,Volume,OpenInt
20151116,29.751,32.092,29.751,31.117,82733,0
20151117,31.399,32.618,31.399,32.164,148334,0
20151118,32.187,32.462,32.187,32.207,19377,0
20151119,32.376,32.376,31.701,31.701,465570,0
20151120,32.177,32.177,31.272,31.409,59870,0
20151123,31.701,31.789,31.457,31.652,33608,0
20151124,31.974,31.984,30.706,31.195,90749,0
20151125,31.223,31.223,29.262,29.642,2055983,0
20151127,28.394,30.228,28.366,28.492,5330746,0
20151130,28.667,31.799,28.337,30.735,8783363,0
20151201,30.744,30.744,29.244,29.82,3885023,0
20151202,29.332,30.405,29.262,30.004,3295465,0
20151203,30.043,30.043,26.833,28.677,8762921,0
20151204,28.1,29.302,27.936,28.288,5827747,0
20151207,28.288,28.492,27.772,27.927,3180680,0
20151208,27.469,28.044,26.062,27.224,4059373,0
20151209,27.224,28.044,26.289,27.39,2960057,0
20151210,27.087,28.074,26.922,27.837,4159132,0
20151211,27.478,28.492,27.224,28.209,2226938,0
20151214,28.229,28.512,27.45,27.722,1389147,0
20151215,27.623,28.229,26.775,26.853,2400403,0
20151216,27.077,27.37,26.141,26.766,2325563,0
20151217,26.746,27.156,25.722,26.015,2367083,0
20151218,25.78,27.068,25.614,26.785,2848618,0
20151221,27.156,27.44,26.111,26.687,1363823,0
20151222,26.513,27.077,26.181,26.414,1429968,0
20151223,26.454,26.756,26.239,26.345,1872218,0
20151224,26.131,27.732,26.025,27.33,742095,0
20151228,27.301,28.805,27.196,28.765,1167377,0
20151229,28.815,29.408,28.527,28.863,1648517,0
20151230,28.815,29.428,28.735,29.115,1322609,0
20151231,28.989,29.693,28.979,29.36,965904,0
20160104,28.94,29.113,28.246,28.56,1866456,0
20160105,28.382,28.853,27.409,27.903,2492215,0
20160106,27.463,27.757,27.276,27.463,1595476,0
20160107,27.071,27.511,26.758,26.885,2654989,0
20160108,27.12,27.463,26.611,27.1,2057819,0
20160111,27.228,27.609,26.777,27.492,2240839,0
20160112,27.492,28.49,27.218,28.402,1729896,0
20160113,28.46,28.685,27.834,28.147,1709657,0
20160114,28.363,28.675,28.011,28.53,1592311,0
20160115,27.932,28.031,27.325,27.814,2399327,0
20160119,27.951,28.53,27.873,28.206,3003581,0
20160120,27.873,28.021,26.533,27.325,2352266,0
20160121,27.472,27.648,26.081,26.229,1636003,0
20160122,26.523,27.354,25.926,27.256,1624492,0
20160125,27.061,27.061,25.857,25.935,1688366,0
20160126,25.975,26.738,25.505,26.239,1573638,0
20160127,26.239,26.239,24.213,25.554,2883672,0
20160128,25.525,25.916,25.055,25.339,1073229,0
20160129,25.525,26.345,25.162,26.209,1755347,0
20160201,26.171,26.484,25.818,26.239,1303180,0
20160202,25.896,26.053,25.465,25.896,1049081,0
20160203,26.015,26.053,24.947,25.612,931776,0
20160204,25.632,26.081,25.191,25.29,1483560,0
20160205,25.162,25.329,23.979,24.114,1633006,0
20160208,23.724,23.763,20.533,22.403,2890185,0
20160209,21.727,22.717,20.591,21.864,3179765,0
20160210,21.815,23.342,21.57,21.864,2746702,0
20160211,24.672,24.84,23.235,24.233,3837123,0
20160212,24.419,25.475,23.547,25.201,2786689,0
20160216,25.436,25.975,24.586,24.771,1800755,0
20160217,25.055,25.828,24.34,24.83,1580462,0
20160218,25.104,25.387,24.419,25.29,943362,0
20160219,25.329,25.799,25.133,25.574,1029860,0
20160222,26.024,26.865,25.612,26.121,1236526,0
20160223,25.995,26.355,24.927,25.642,1426493,0
20160224,25.965,26.091,24.359,25.201,1667913,0
20160225,25.545,25.995,24.82,25.975,1009962,0
20160226,26.024,26.905,25.75,26.034,984598,0
20160229,25.877,26.581,25.368,25.397,1029568,0
20160301,25.808,25.935,24.947,25.261,978791,0
20160302,25.162,25.769,25.006,25.251,906337,0
20160303,25.221,25.7,25.045,25.564,946232,0
20160304,25.74,25.779,24.888,25.27,859820,0
20160307,25.211,25.837,25.191,25.642,992376,0
20160308,25.406,25.642,24.947,24.966,1208251,0
20160309,25.446,25.446,24.399,24.79,939895,0
20160310,24.672,24.956,24.056,24.134,767760,0
20160311,24.409,24.692,24.194,24.477,935171,0
20160314,24.33,24.82,24.33,24.624,785957,0
20160315,24.437,24.761,24.144,24.536,913189,0
20160316,24.457,24.546,24.104,24.134,826837,0
20160317,24.194,24.732,24.134,24.273,1318352,0
20160318,24.409,24.653,23.93,23.989,3252450,0
20160321,24.095,24.447,23.781,24.066,1705526,0
20160322,23.93,24.213,23.676,23.676,1141241,0
20160323,23.155,23.743,23.155,23.656,1051244,0
20160324,23.517,24.208,23.382,23.84,1097340,0
20160328,23.87,25.554,23.841,25.309,1613034,0
20160329,25.368,26.111,24.942,25.995,1420179,0
20160330,26.181,27.11,26.176,26.611,2018441,0
20160331,26.562,26.851,25.955,26.327,1676225,0
20160401,26.09,26.877,25.984,26.789,1299889,0
20160404,26.837,26.837,26.365,26.405,1152148,0
20160405,26.219,26.385,25.517,25.924,1335769,0
20160406,25.984,26.249,25.787,25.984,755800,0
20160407,25.835,25.875,25.247,25.295,1322713,0
20160408,25.453,25.639,25.05,25.227,980620,0
20160411,25.374,25.806,25.168,25.728,1107616,0
20160412,25.718,25.954,25.443,25.689,1147821,0
20160413,25.767,26.043,25.512,26.023,1175775,0
20160414,26.004,26.505,25.698,26.465,1472044,0
20160415,26.435,26.73,26.259,26.7,1118097,0
20160418,26.67,26.799,26.415,26.67,686376,0
20160419,26.7,26.809,26.45,26.651,693650,0
20160420,26.641,26.76,25.964,26.014,936652,0
20160421,25.934,26.365,25.934,26.13,616834,0
20160422,26.061,26.229,25.894,26.19,528006,0
20160425,26.13,26.631,26.07,26.534,527293,0
20160426,26.475,26.77,25.974,26.023,950899,0
20160427,26.061,26.327,25.964,26.11,544663,0
20160428,26.043,26.465,25.826,26.12,818818,0
20160429,26.023,26.023,25.383,25.502,809088,0
20160502,25.482,25.816,25.325,25.571,615755,0
20160503,25.433,25.433,24.804,24.883,744205,0
20160504,24.824,25.197,24.559,25.079,647288,0
20160505,25.041,25.079,24.53,24.716,1133721,0
20160506,24.647,25.355,24.47,25.355,636086,0
20160509,25.365,25.797,25.364,25.757,504735,0
20160510,25.855,25.855,25.355,25.679,618592,0
20160511,25.492,25.629,24.736,24.736,758739,0
20160512,24.598,24.618,23.356,23.801,1772222,0
20160513,23.811,24.057,23.656,23.841,613512,0
20160516,23.941,24.294,23.841,24,511246,0
20160517,23.99,24.077,23.646,23.715,745870,0
20160518,23.753,24.131,23.429,23.99,666481,0
20160519,23.871,24.284,23.811,24.146,737723,0
20160520,24.215,24.794,24.097,24.569,661033,0
20160523,24.618,24.844,24.412,24.431,799191,0
20160524,24.46,25.084,24.45,24.991,1035073,0
20160525,24.902,25.32,24.539,25.187,1837236,0
20160526,25.443,25.443,23.636,23.743,3414089,0
20160527,23.596,24.686,23.262,24.44,3157602,0
20160531,24.47,24.53,23.985,24.332,2155818,0
20160601,24.332,24.686,24.027,24.686,1451192,0
20160602,24.716,25.222,24.637,25.217,932362,0
20160603,25.109,25.168,24.549,24.874,1171248,0
20160606,24.814,24.814,24.417,24.49,1245457,0
20160607,24.47,24.598,24.313,24.342,2556535,0
20160608,24.284,24.421,23.763,24.077,2668438,0
20160609,24.067,24.126,23.291,23.381,3412247,0
20160610,23.202,24.003,23.035,23.933,1268165,0
20160613,23.783,24.219,23.468,23.527,1394661,0
20160614,23.439,23.672,23.202,23.291,1379736,0
20160615,23.222,23.361,22.846,22.856,1099897,0
20160616,22.758,22.886,22.551,22.73,930546,0
20160617,22.74,22.876,22.304,22.364,1653752,0
20160620,22.453,22.74,22.453,22.58,1589786,0
20160621,22.66,23.478,22.66,23.381,1394655,0
20160622,23.381,24.366,23.366,24.04,2516118,0
20160623,24.307,24.425,24.011,24.279,1830305,0
20160624,23.429,23.923,23.084,23.114,5660529,0
20160627,22.876,22.966,21.772,21.851,1961226,0
20160628,22.048,22.255,21.654,22.048,1571284,0
20160629,22.137,22.374,22.038,22.364,1244685,0
20160630,22.394,23.124,22.264,23.114,1180635,0
20160701,22.946,23.331,22.946,23.172,703706,0
20160705,23.055,23.114,22.768,22.866,1052914,0
20160706,22.788,23.498,22.66,23.301,1166347,0
20160707,23.301,23.517,22.856,23.449,1198198,0
20160708,23.607,23.745,23.361,23.687,942906,0
20160711,23.647,24.09,23.222,24.06,1237016,0
20160712,24.169,24.968,24.129,24.86,1873422,0
20160713,24.958,25.047,24.642,24.741,895547,0
20160714,24.86,25.008,24.435,24.554,759834,0
20160715,24.554,24.554,24.07,24.179,821386,0
20160718,24.259,24.79,24.05,24.761,884523,0
20160719,24.662,24.82,24.376,24.593,828741,0
20160720,24.672,24.968,24.662,24.82,901795,0
20160721,24.692,24.978,24.642,24.79,1378688,0
20160722,24.87,25.264,24.741,25.215,944543,0
20160725,25.245,25.797,25.245,25.56,1187942,0
20160726,25.609,26.306,25.506,26.241,1497879,0
20160727,26.281,26.596,26.062,26.498,1211943,0
20160728,26.557,26.724,26.266,26.645,1071219,0
20160729,26.684,26.862,26.408,26.557,1303616,0
20160801,26.566,26.664,26.142,26.211,1556707,0
20160802,26.102,26.303,25.303,25.501,1343458,0
20160803,25.501,25.945,25.432,25.748,1182503,0
20160804,25.708,25.856,25.471,25.501,1586176,0
20160805,25.541,26.122,25.531,25.886,1842241,0
20160808,25.945,26.132,25.353,25.491,1821663,0
20160809,25.541,25.836,25.392,25.471,1929415,0
20160810,25.452,26.092,25.452,25.925,3374985,0
20160811,26.635,27.119,25.995,26.142,2270396,0
20160812,25.905,25.923,25.323,25.589,1805929,0
20160815,25.728,26.019,25.363,25.787,1307703,0
20160816,25.777,25.777,25.023,25.038,1391529,0
20160817,24.889,25.136,24.662,24.83,2108290,0
20160818,24.81,24.914,24.623,24.87,1191045,0
20160819,24.781,25.215,24.672,25.156,676648,0
20160822,25.185,25.313,24.86,25.076,815985,0
20160823,25.156,25.787,25.156,25.708,1475262,0
20160824,25.738,25.748,25.298,25.412,785776,0
20160825,25.245,25.619,25.225,25.452,859476,0
20160826,25.56,25.694,25.215,25.422,713983,0
20160829,25.244,25.719,25.189,25.204,785865,0
20160830,25.273,25.422,25.065,25.293,453739,0
20160831,25.224,25.412,25.046,25.145,776713,0
20160901,25.333,26.274,25.313,25.838,1007676,0
20160902,25.937,26.224,25.937,26.145,805171,0
20160906,26.244,26.304,25.704,25.868,858835,0
20160907,25.788,26.412,25.739,26.362,988458,0
20160908,26.254,26.541,26.155,26.512,1090763,0
20160909,26.314,26.442,25.858,25.947,1196869,0
20160912,25.907,26.541,25.778,26.521,1430000,0
20160913,26.304,26.611,25.753,26.065,1405510,0
20160914,26.026,26.304,25.778,26.095,1716789,0
20160915,26.075,26.115,25.6,25.66,990239,0
20160916,25.561,25.878,25.343,25.442,5275063,0
20160919,25.491,26.267,25.447,25.947,925913,0
20160920,26.085,26.205,25.66,25.699,521806,0
20160921,25.878,26.699,25.828,26.669,1044942,0
20160922,26.739,26.947,26.472,26.868,1629477,0
20160923,26.947,27.016,26.829,26.858,1049705,0
20160926,26.729,26.829,26.462,26.492,701357,0
20160927,26.392,26.689,26.224,26.611,600482,0
20160928,26.659,26.848,26.412,26.829,496281,0
20160929,26.799,27.051,26.621,26.799,1362758,0
20160930,26.976,27.036,26.352,26.64,921920,0
20161003,26.502,26.794,26.442,26.729,612340,0
20161004,26.689,26.917,26.576,26.669,917528,0
20161005,26.848,26.947,26.334,26.352,1102816,0
20161006,26.224,26.63,26.165,26.362,895117,0
20161007,26.462,26.512,25.848,25.977,643579,0
20161010,26.055,26.274,26.016,26.155,451502,0
20161011,26.055,26.105,25.645,25.798,633008,0
20161012,25.868,25.937,25.68,25.69,694894,0
20161013,25.461,25.818,25.432,25.68,428599,0
20161014,25.758,26.105,25.521,25.937,716547,0
20161017,26.045,26.105,25.61,25.64,627586,0
20161018,25.868,26.065,25.709,25.878,352287,0
20161019,25.977,26.17,25.68,26.075,849720,0
20161020,26.055,26.105,25.62,25.947,663555,0
20161021,25.828,26.036,25.818,25.957,627197,0
20161024,26.075,26.254,25.808,25.868,489822,0
20161025,25.768,25.907,25.303,25.313,872642,0
20161026,25.075,25.471,24.966,25.056,972605,0
20161027,25.155,25.229,24.239,24.372,1443424,0
20161028,24.382,24.858,24.274,24.709,1189760,0
20161031,24.738,24.966,24.61,24.848,1312712,0
20161101,24.927,25.204,24.838,25.085,1384066,0
20161102,25.075,25.402,25.075,25.313,1258425,0
20161103,25.313,25.64,25.194,25.561,1027536,0
20161104,25.6,25.848,25.491,25.521,1191046,0
20161107,25.937,26.145,25.749,26.085,1590972,0
20161108,26.095,26.521,25.927,26.195,1630606,0
20161109,25.709,27.591,25.472,27.126,2789854,0
20161110,28.462,29.938,27.828,29.66,5069259,0
20161111,29.69,30.19,29.413,30.126,3226398,0
20161114,30.146,31.711,30.098,31.641,4607050,0
20161115,31.661,32.175,30.997,31.117,2448827,0
20161116,30.938,31.196,30.819,31.136,1143107,0
20161117,31.156,31.883,31.107,31.77,1448930,0
20161118,31.859,32.156,31.334,31.364,1342192,0
20161121,30.79,31.156,30.473,31.007,2632171,0
20161122,31.117,31.711,31.047,31.443,2049876,0
20161123,31.384,31.701,31.294,31.424,2386982,0
20161125,31.493,31.701,31.354,31.621,404165,0
20161128,31.601,31.746,31.304,31.523,1891029,0
20161129,31.631,32.507,31.354,32.137,1584160,0
20161130,31.978,32.166,31.581,31.701,1417944,0
20161201,31.731,31.82,31.414,31.542,1842099,0
20161202,31.552,31.83,31.334,31.523,909163,0
20161205,31.77,32.068,31.641,31.751,1140319,0
20161206,31.868,32.068,31.394,31.888,1216881,0
20161207,31.888,31.978,31.691,31.721,1894212,0
20161208,31.82,32.463,31.731,32.295,1904210,0
20161209,32.156,32.522,31.928,32.385,1505239,0
20161212,32.365,32.463,31.176,31.344,1947001,0
20161213,31.591,31.671,31.206,31.354,929712,0
20161214,31.334,31.731,31.057,31.117,1521845,0
20161215,31.136,31.523,30.988,31.186,1217516,0
20161216,31.226,31.611,31.146,31.374,2146532,0
20161219,31.334,32.205,31.294,32.018,1235444,0
20161220,32.008,32.078,31.78,31.958,658784,0
20161221,31.82,31.85,31.591,31.691,593320,0
20161222,31.661,31.78,31.294,31.562,1142173,0
20161223,31.621,31.621,31.216,31.581,374994,0
20161227,31.631,31.8,31.611,31.711,901172,0
20161228,31.671,31.908,31.265,31.384,819055,0
20161229,31.344,31.771,31.344,31.732,504905,0
20161230,31.791,31.831,31.533,31.632,890221,0
20170103,31.811,32.288,31.662,31.831,1019150,0
20170104,31.99,32.348,31.861,32.188,783199,0
20170105,31.99,32.228,31.771,31.88,1481955,0
20170106,31.88,32.119,31.632,31.95,913347,0
20170109,31.97,31.99,31.622,31.791,572353,0
20170110,31.761,31.831,31.652,31.742,567496,0
20170111,31.692,32.437,31.582,32.378,1013160,0
20170112,32.407,33.321,32.178,32.754,1239111,0
20170113,32.784,33.082,32.676,32.834,669465,0
20170117,32.616,32.686,32.369,32.496,618791,0
20170118,32.486,32.784,32.388,32.586,892677,0
20170119,32.586,32.616,32.109,32.228,769156,0
20170120,32.348,32.456,32.01,32.328,784119,0
20170123,32.308,32.388,31.682,31.87,1267588,0
20170124,32.04,32.084,31.463,32.01,668507,0
20170125,32.278,32.398,31.88,31.91,675738,0
20170126,32.08,32.168,31.582,31.682,562393,0
20170127,31.791,31.93,31.314,31.453,721409,0
20170130,31.324,31.324,30.778,30.867,829790,0
20170131,30.897,30.967,30.509,30.817,521823,0
20170201,30.817,31.384,30.708,31.344,809691,0
20170202,31.255,31.87,31.076,31.602,1299929,0
20170203,31.682,32.218,31.558,32.149,996347,0
20170206,31.9,32.278,31.781,32.089,1309280,0
20170207,32.01,32.378,31.702,32.338,1639975,0
20170208,30.45,31.006,28.91,30.103,6639883,0
20170209,30.171,31.016,30.103,30.361,2129464,0
20170210,30.401,31.051,30.381,30.817,2173262,0
20170213,31.026,31.096,30.44,30.45,901841,0
20170214,30.371,30.579,29.785,29.795,2754945,0
20170215,29.834,30.251,29.675,30.152,2637413,0
20170216,30.351,30.679,29.903,30.181,1225151,0
20170217,30.181,30.331,29.735,29.825,1042622,0
20170221,29.933,30.544,29.844,30.43,1483548,0
20170222,30.341,30.748,30.181,30.649,1286693,0
20170223,30.768,30.768,29.844,29.853,1612280,0
20170224,29.725,30.132,29.397,30.132,1107347,0
20170227,30.033,30.48,29.903,30.42,1172391,0
20170228,30.271,30.271,29.54,29.625,1102420,0
20170301,29.943,30.301,29.805,30.152,942635,0
20170302,30.063,30.063,29.665,29.923,1004567,0
20170303,29.815,29.903,29.625,29.745,896470,0
20170306,29.307,29.417,28.225,28.473,1408752,0
20170307,28.493,28.543,28.115,28.314,1167087,0
20170308,28.393,28.538,28.155,28.413,866154,0
20170309,28.393,28.423,27.956,28.195,790696,0
20170310,28.095,28.463,28.006,28.235,916146,0
20170313,28.215,28.632,28.15,28.622,994347,0
20170314,28.513,28.741,28.473,28.731,712000,0
20170315,28.771,29.009,28.671,28.92,913687,0
20170316,29.009,29.109,28.89,28.959,665487,0
20170317,28.989,29.129,28.582,29.069,1947109,0
20170320,29.109,29.174,28.751,29.109,893647,0
20170321,29.297,29.387,28.691,28.761,973324,0
20170322,28.821,28.881,28.369,28.671,886505,0
20170323,28.612,29.149,28.274,29.109,839772,0
20170324,29.129,29.337,29.079,29.238,1182678,0
20170327,28.871,28.979,28.518,28.871,979239,0
20170328,28.771,29.357,28.493,29.307,1127781,0
20170329,29.169,29.427,29.079,29.407,742567,0
20170330,29.257,29.735,29.159,29.605,1384951,0
20170331,29.635,29.635,28.969,29.099,1124070,0
20170403,29.049,29.129,27.967,28.102,1249810,0
20170404,28.012,28.132,27.713,27.863,1237380,0
20170405,28.301,28.371,27.813,27.883,1438787,0
20170406,27.913,28.012,27.783,27.942,1108452,0
20170407,27.942,28.182,27.763,27.982,662896,0
20170410,27.992,28.341,27.972,28.082,463770,0
20170411,27.883,28.102,27.723,28.102,596576,0
20170412,28.032,28.132,27.803,27.893,875946,0
20170413,27.743,27.982,27.564,27.594,431765,0
20170417,27.813,28.431,27.683,28.431,790194,0
20170418,28.212,28.59,28.187,28.401,1098384,0
20170419,28.491,28.78,28.466,28.62,623576,0
20170420,28.8,28.979,28.69,28.83,552538,0
20170421,28.81,28.86,28.6,28.83,458761,0
20170424,29.159,29.258,28.79,28.929,807107,0
20170425,29.119,29.248,28.949,28.999,888496,0
20170426,29.069,29.248,28.959,29.149,645332,0
20170427,29.248,29.463,29.009,29.099,517181,0
20170428,29.029,29.029,28.536,28.989,1268075,0
20170501,29.169,29.228,28.929,29.069,919751,0
20170502,29.119,29.228,28.855,29.189,626753,0
20170503,29.039,29.059,28.78,28.929,494843,0
20170504,29.099,29.418,28.83,29.398,745145,0
20170505,29.518,29.627,29.378,29.537,359762,0
20170508,29.478,29.647,29.368,29.547,393450,0
20170509,29.607,29.607,28.919,29.029,921526,0
20170510,28.949,29.388,28.82,29.338,617856,0
20170511,29.228,29.228,28.8,29.228,448881,0
20170512,29.129,29.149,28.78,28.999,841763,0
20170515,29.009,29.418,28.919,29.208,2135774,0
20170516,29.258,29.697,28.999,29.657,899429,0
20170517,29.278,29.388,28.65,28.7,690719,0
20170518,28.521,28.81,28.152,28.58,878010,0
20170519,28.75,29.109,28.521,28.66,668985,0
20170522,28.65,28.989,28.65,28.949,807904,0
20170523,29.049,29.238,28.889,29.169,1453843,0
20170524,29.268,29.777,29.112,29.547,1895855,0
20170525,31.372,31.751,30.119,30.913,1784032,0
20170526,30.744,30.873,30.295,30.365,1008847,0
20170530,30.185,30.355,30.016,30.126,805119,0
20170531,30.245,30.355,29.871,30.066,1283518,0
20170601,30.066,30.674,29.956,30.584,1388279,0
20170602,30.594,30.654,30.205,30.345,780030,0
20170605,30.774,31.083,30.684,30.853,1318300,0
20170606,30.843,31.028,30.584,30.823,1868941,0
20170607,30.833,31.113,30.744,31.033,1065241,0
20170608,31.043,31.641,30.953,31.362,920749,0
20170609,31.362,31.721,31.103,31.352,904639,0
20170612,31.342,31.96,31.337,31.92,1210392,0
20170613,31.97,32.31,31.75,32.31,951547,0
20170614,32.31,32.51,32.16,32.47,1465705,0
20170615,32.11,32.55,32.02,32.4,1161141,0
20170616,32.33,32.495,32.22,32.35,2203105,0
20170619,32.5,32.78,32.3,32.47,1297324,0
20170620,32.35,32.35,32,32.16,762805,0
20170621,32.21,32.37,31.85,31.95,628890,0
20170622,31.88,31.953,31.54,31.65,833568,0
20170623,31.69,32.11,31.51,31.91,2060827,0
20170626,31.96,32.23,31.76,31.79,639825,0
20170627,31.79,31.9,31.4,31.48,669923,0
20170628,31.681,31.91,31.48,31.84,750814,0
20170629,31.9,32.03,31.4,31.7,1033296,0
20170630,31.7,31.94,31.7,31.75,1048143,0
20170703,31.94,32.19,31.83,31.87,275435,0
20170705,31.93,32.11,31.69,31.93,1022027,0
20170706,31.8,31.82,31.33,31.34,626702,0
20170707,31.46,31.97,31.44,31.96,761984,0
20170710,31.96,32.17,31.76,31.86,1466427,0
20170711,31.88,32.24,31.8123,32.18,897206,0
20170712,32.34,32.91,32.34,32.82,1143183,0
20170713,32.82,32.9215,32.73,32.8,554394,0
20170714,32.83,32.91,32.6714,32.82,337101,0
20170717,32.78,32.94,32.52,32.89,708694,0
20170718,32.86,32.99,32.74,32.87,715014,0
20170719,32.9,33.18,32.88,33.14,602364,0
20170720,33.26,33.61,33.12,33.58,795102,0
20170721,33.57,33.67,33.47,33.66,825818,0
20170724,33.6,33.67,33.42,33.48,557382,0
20170725,33.64,33.66,33.42,33.44,531719,0
20170726,33.45,33.47,33.1,33.19,419518,0
20170727,33.25,33.25,32.57,32.83,574797,0
20170728,32.76,32.8,32.58,32.69,538270,0
20170731,32.84,32.94,32.39,32.61,463583,0
20170801,32.78,33.01,32.46,32.93,529976,0
