Date,Open,High,Low,Close,Volume,OpenInt
20120626,18.257,18.395,18.205,18.263,1066966,0
20120627,18.272,18.33,18.193,18.263,749139,0
20120628,18.229,18.294,18.222,18.285,606981,0
20120629,18.308,18.474,18.285,18.474,923857,0
20120702,18.474,18.525,18.38,18.438,438139,0
20120703,18.438,18.474,18.409,18.474,130137,0
20120705,18.481,18.525,18.438,18.525,287269,0
20120706,18.502,18.566,18.489,18.547,154210,0
20120709,18.598,18.674,18.547,18.66,734851,0
20120710,18.705,18.762,18.654,18.717,611365,0
20120711,18.734,18.734,18.642,18.705,765867,0
20120712,18.693,18.762,18.693,18.734,283118,0
20120713,18.768,18.82,18.743,18.775,392730,0
20120716,18.775,18.82,18.734,18.755,555137,0
20120717,18.793,18.812,18.693,18.793,1239241,0
20120718,18.775,18.835,18.724,18.75,333350,0
20120719,18.8,18.812,18.624,18.784,355693,0
20120720,18.835,18.906,18.642,18.826,443165,0
20120723,18.8,18.921,18.712,18.885,215458,0
20120724,18.914,18.972,18.812,18.928,332635,0
20120725,18.906,18.906,18.762,18.8,566589,0
20120726,18.885,18.893,18.775,18.835,243491,0
20120727,18.893,19.087,18.85,19.05,611211,0
20120730,19.1,19.303,19.05,19.15,349234,0
20120731,19.404,19.404,19.023,19.29,355098,0
20120801,19.24,19.252,19.074,19.074,119056,0
20120802,19.087,19.267,18.964,19.267,200388,0
20120803,19.267,19.341,19.26,19.334,166771,0
20120806,19.341,19.341,19.166,19.334,149523,0
20120807,19.303,19.341,19.209,19.325,339098,0
20120808,19.233,19.303,19.183,19.303,103752,0
20120809,19.303,19.303,19.166,19.225,158727,0
20120810,19.267,19.303,19.166,19.284,135432,0
20120813,19.317,19.317,19.1,19.284,211748,0
20120814,19.233,19.36,19.195,19.317,298299,0
20120815,19.303,19.334,19.1,19.245,148638,0
20120816,19.245,19.341,19.139,19.183,176675,0
20120817,19.124,19.225,19.007,19.05,83235,0
20120820,19.115,19.124,18.943,19.115,145331,0
20120821,19.131,19.174,19.094,19.1,147787,0
20120822,19.087,19.124,18.964,19.023,130996,0
20120823,19.023,19.074,18.979,19.014,144536,0
20120824,19.081,19.108,19.023,19.05,81853,0
20120827,19.1,19.144,19.081,19.139,91219,0
20120828,19.159,19.195,19.124,19.195,109519,0
20120829,19.19,19.303,19.166,19.26,113458,0
20120830,19.267,19.284,19.195,19.275,102034,0
20120831,19.297,19.317,19.202,19.245,64537,0
20120904,19.341,19.341,19.252,19.31,65626,0
20120905,19.341,19.441,19.29,19.419,121850,0
20120906,19.432,19.449,19.347,19.383,108348,0
20120907,19.432,19.483,19.383,19.476,121349,0
20120910,19.463,19.527,19.426,19.527,103317,0
20120911,19.542,19.542,19.476,19.542,75551,0
20120912,19.419,19.491,19.391,19.47,69491,0
20120913,19.383,19.513,19.383,19.498,125059,0
20120914,19.521,19.548,19.463,19.513,62727,0
20120917,19.542,19.542,19.341,19.375,87027,0
20120918,19.412,19.463,19.341,19.375,93049,0
20120919,19.419,19.455,19.354,19.404,174698,0
20120920,19.412,19.521,19.412,19.483,64319,0
20120921,19.548,19.556,19.419,19.533,58925,0
20120924,19.548,19.548,19.209,19.26,154112,0
20120925,19.303,19.449,19.24,19.449,128759,0
20120926,19.195,19.267,18.885,18.985,137847,0
20120927,18.956,19.124,18.956,19.124,129007,0
20120928,19.202,19.202,19,19.036,87118,0
20121001,19.139,19.245,19.057,19.245,71153,0
20121002,19.166,19.297,19.124,19.174,88833,0
20121003,19.108,19.225,19.087,19.144,92170,0
20121004,19.195,19.195,18.979,19.05,111048,0
20121005,19.115,19.124,19.036,19.124,52591,0
20121008,19.233,19.233,19.007,19.065,54250,0
20121009,19.057,19.131,18.985,19.05,62428,0
20121010,19.087,19.144,19.057,19.057,82050,0
20121011,19.087,19.368,19.087,19.31,174196,0
20121012,19.368,19.426,19.297,19.419,82856,0
20121015,19.398,19.398,19.195,19.252,107213,0
20121016,19.317,19.334,19.252,19.275,51674,0
20121017,19.325,19.412,19.216,19.375,80581,0
20121018,19.368,19.432,19.325,19.412,86680,0
20121019,19.412,19.412,19.275,19.317,132835,0
20121022,19.303,19.334,19.087,19.087,162441,0
20121023,19.057,19.087,18.972,18.994,183685,0
20121024,19.023,19.065,18.8,18.87,290802,0
20121025,18.921,18.994,18.8,18.842,201002,0
20121026,18.877,18.964,18.842,18.964,78676,0
20121031,19,19.081,18.943,19.043,64669,0
20121101,19.081,19.144,19.043,19.139,46930,0
20121102,19.195,19.195,19.087,19.115,69570,0
20121105,19.166,19.202,19.108,19.202,87581,0
20121106,19.202,19.202,19.1,19.183,71632,0
20121107,19.202,19.233,19.1,19.233,71091,0
20121108,19.26,19.36,19.115,19.252,61639,0
20121109,19.216,19.275,19.094,19.233,39830,0
20121112,19.29,19.29,19.124,19.15,48998,0
20121113,19.174,19.267,19.043,19.087,113016,0
20121114,19.043,19.209,18.66,18.734,112778,0
20121115,18.906,18.906,18.401,18.608,116423,0
20121116,18.684,18.899,18.438,18.877,81622,0
20121119,19.065,19.081,18.877,19.036,118567,0
20121120,19.081,19.267,18.994,19.19,113655,0
20121121,19.252,19.297,19.057,19.209,83742,0
20121123,19.216,19.233,19.183,19.233,27012,0
20121126,19.233,19.267,18.994,19.159,78948,0
20121127,19.225,19.275,19.124,19.216,54546,0
20121128,19.252,19.252,19.05,19.216,61304,0
20121129,19.245,19.245,19.081,19.124,112298,0
20121130,19.19,19.24,19.057,19.19,58506,0
20121203,19.1,19.166,18.762,18.964,183263,0
20121204,18.994,19.108,18.95,18.972,125648,0
20121205,19.023,19.1,18.985,19.074,58382,0
20121206,19.131,19.131,18.979,19.036,58502,0
20121207,19.144,19.174,19.007,19.05,48123,0
20121210,19.081,19.233,18.964,19.036,117564,0
20121211,19.081,19.1,18.885,19.014,126258,0
20121212,19.065,19.065,18.835,19.036,62353,0
20121213,19.05,19.108,18.994,19.074,46851,0
20121214,19.065,19.065,18.928,18.928,49473,0
20121217,19.036,19.043,18.95,18.994,39325,0
20121218,19.043,19.043,18.906,18.964,65265,0
20121219,19.074,19.139,18.95,19.139,54324,0
20121220,19.216,19.267,19.057,19.139,58385,0
20121221,18.914,19.05,18.914,19,68095,0
20121224,19.245,19.245,18.985,19.094,34688,0
20121226,19.05,19.065,19.007,19.036,43041,0
20121227,19.226,19.246,18.97,18.982,53474,0
20121228,18.977,19.099,18.977,19.079,40847,0
20121231,18.97,19.217,18.97,19.072,40847,0
20130102,19.21,19.402,19.15,19.167,68685,0
20130103,19.277,19.454,19.195,19.416,51183,0
20130104,19.402,19.548,19.15,19.313,91715,0
20130107,19.396,19.556,19.343,19.416,69920,0
20130108,19.46,19.475,19.387,19.446,133511,0
20130109,19.46,19.52,19.446,19.497,124110,0
20130110,19.548,19.578,19.292,19.387,120841,0
20130111,19.43,19.469,19.313,19.438,138006,0
20130114,19.46,19.556,19.409,19.505,82587,0
20130115,19.556,19.563,19.43,19.52,71980,0
20130116,19.548,19.666,19.475,19.615,70770,0
20130117,19.659,19.711,19.635,19.711,122351,0
20130118,19.703,19.873,19.694,19.873,124359,0
20130122,19.884,19.961,19.781,19.813,96515,0
20130123,19.775,19.857,19.591,19.754,91033,0
20130124,19.781,19.832,19.563,19.805,95709,0
20130125,19.842,19.85,19.703,19.775,66396,0
20130128,19.739,19.832,19.703,19.73,93942,0
20130129,19.746,19.813,19.585,19.725,95054,0
20130130,19.762,19.762,19.666,19.725,47883,0
20130131,19.73,19.769,19.599,19.599,103188,0
20130201,19.754,19.754,19.599,19.739,78502,0
20130204,19.775,19.781,19.608,19.746,47591,0
20130205,19.805,19.85,19.739,19.832,60880,0
20130206,19.85,19.85,19.599,19.651,75160,0
20130207,19.725,19.878,19.694,19.769,120938,0
20130208,19.842,19.842,19.687,19.813,67539,0
20130211,19.878,19.878,19.643,19.762,70788,0
20130212,19.791,19.798,19.666,19.73,81116,0
20130213,19.781,19.805,19.643,19.694,79998,0
20130214,19.541,19.541,19.005,19.079,688982,0
20130215,19.079,19.131,18.931,18.998,227654,0
20130219,19.029,19.298,18.998,19.21,100874,0
20130220,19.298,19.365,19.167,19.246,65740,0
20130221,19.343,19.343,19.195,19.246,66211,0
20130222,19.277,19.46,19.246,19.371,185439,0
20130225,19.438,19.532,19.409,19.454,49099,0
20130226,19.563,19.563,19.402,19.469,63316,0
20130227,19.532,19.651,19.38,19.585,100069,0
20130228,19.497,19.666,19.497,19.52,67312,0
20130301,19.578,19.591,19.446,19.475,57384,0
20130304,19.591,19.591,19.454,19.475,41001,0
20130305,19.578,19.628,19.481,19.532,46816,0
20130306,19.532,19.674,19.512,19.578,47914,0
20130307,19.541,19.687,19.541,19.572,31951,0
20130308,19.703,19.703,19.599,19.615,30314,0
20130311,19.563,19.666,19.489,19.572,42847,0
20130312,19.497,19.674,19.475,19.489,44923,0
20130313,19.532,19.674,19.526,19.628,37202,0
20130314,19.694,19.694,19.526,19.572,46032,0
20130315,19.666,19.725,19.532,19.703,63162,0
20130318,19.711,19.725,19.585,19.725,50931,0
20130319,19.725,19.769,19.623,19.717,50600,0
20130320,19.694,19.746,19.578,19.615,53562,0
20130321,19.666,19.791,19.623,19.717,62791,0
20130322,19.842,19.873,19.711,19.805,50421,0
20130325,19.813,19.842,19.725,19.813,82960,0
20130326,19.929,19.988,19.89,19.967,35509,0
20130327,19.929,19.942,19.89,19.899,36814,0
20130328,19.882,20.055,19.882,20.011,53339,0
20130401,20.132,20.132,19.936,19.988,28193,0
20130402,20.091,20.091,19.936,19.936,25084,0
20130403,20.026,20.091,19.967,20.063,35188,0
20130404,20.116,20.116,19.922,19.988,40209,0
20130405,20.034,20.072,19.882,20.072,48429,0
20130408,20.063,20.108,19.824,19.824,42525,0
20130409,19.855,19.871,19.697,19.786,88217,0
20130410,19.871,19.942,19.766,19.839,172548,0
20130411,19.922,19.922,19.766,19.862,46631,0
20130412,19.929,20.003,19.824,20.003,42475,0
20130415,19.936,20.132,19.908,20.085,63479,0
20130416,20.063,20.196,20.063,20.151,57762,0
20130417,20.176,20.309,20.124,20.309,47502,0
20130418,20.334,20.34,20.282,20.316,23455,0
20130419,20.347,20.497,20.19,20.196,91313,0
20130422,20.294,20.294,20.085,20.143,58554,0
20130423,20.282,20.282,19.871,20.026,39046,0
20130424,20.072,20.143,19.936,20.072,34000,0
20130425,20.16,20.16,20.079,20.079,13211,0
20130426,20.132,20.347,20.079,20.325,48917,0
20130429,20.393,20.516,20.36,20.497,69862,0
20130430,20.497,20.497,20.282,20.282,55599,0
20130501,20.294,20.446,20.273,20.369,34394,0
20130502,20.457,20.504,20.325,20.437,37468,0
20130503,20.378,20.504,20.378,20.474,42371,0
20130506,20.352,20.497,20.352,20.497,34374,0
20130507,20.464,20.669,20.421,20.669,61341,0
20130508,20.72,20.861,20.669,20.75,54060,0
20130509,20.833,20.861,20.698,20.817,45479,0
20130510,20.877,20.877,20.621,20.72,45446,0
20130513,20.817,20.817,20.399,20.43,146337,0
20130514,20.248,20.489,19.952,20.003,266825,0
20130515,20.072,20.264,20.039,20.213,96601,0
20130516,20.294,20.294,20.108,20.16,51545,0
20130517,20.221,20.255,20.176,20.228,21449,0
20130520,20.124,20.255,20.124,20.196,24965,0
20130521,20.228,20.325,20.16,20.309,49400,0
20130522,20.399,20.399,20.185,20.316,61067,0
20130523,20.248,20.248,20.072,20.203,35987,0
20130524,20.143,20.36,20.143,20.36,40442,0
20130528,20.34,20.399,20.213,20.248,50872,0
20130529,20.185,20.185,19.839,19.929,68671,0
20130530,19.988,20.026,19.877,19.995,38057,0
20130531,20.048,20.048,19.548,19.548,62998,0
20130603,19.624,19.624,19.034,19.376,75010,0
20130604,19.376,19.645,19.324,19.4,51773,0
20130605,19.347,19.4,19.237,19.288,38069,0
20130606,19.258,19.4,19.258,19.4,64973,0
20130607,19.393,19.445,19.341,19.445,55036,0
20130610,19.355,19.585,19.333,19.564,66990,0
20130611,19.541,19.541,19.086,19.212,76918,0
20130612,19.16,19.237,18.25,18.571,189726,0
20130613,18.606,19.212,18.466,19.079,85952,0
20130614,19.071,19.532,19.056,19.488,54229,0
20130617,19.436,19.749,19.16,19.376,101254,0
20130618,19.288,19.421,19.151,19.384,103397,0
20130619,19.452,19.556,19.176,19.296,77136,0
20130620,19.243,19.243,18.757,18.809,112721,0
20130621,18.884,19.056,18.665,18.726,60558,0
20130624,18.674,18.803,18.02,18.684,96491,0
20130625,18.693,18.877,18.579,18.877,66850,0
20130626,19.027,19.338,18.974,19.277,81007,0
20130627,19.307,19.58,19.179,19.445,51093,0
20130628,19.843,20.06,19.526,20.06,32578,0
20130701,19.672,19.678,19.405,19.496,25816,0
20130702,19.527,19.527,19.321,19.452,54026,0
20130703,19.414,19.452,19.232,19.313,15210,0
20130705,19.277,19.277,18.942,18.974,35453,0
20130708,19.01,19.086,18.654,18.799,52645,0
20130709,18.799,19.041,18.706,18.898,71074,0
20130710,18.904,19.163,18.865,19.048,81823,0
20130711,19.374,19.374,19.063,19.063,80428,0
20130712,19.08,19.169,18.965,19.01,62375,0
20130715,18.957,19.169,18.957,19.154,63134,0
20130716,19.101,19.179,19.027,19.027,55454,0
20130717,19.14,19.292,19.048,19.086,82024,0
20130718,19.187,19.187,19.041,19.08,50638,0
20130719,19.101,19.24,18.987,19.232,51170,0
20130722,19.147,19.321,19.14,19.2,66378,0
20130723,19.2,19.398,19.169,19.307,49507,0
20130724,19.24,19.277,19.101,19.192,58616,0
20130725,19.034,19.224,18.942,19.086,50820,0
20130726,19.041,19.147,19.041,19.072,33187,0
20130729,19.109,19.147,18.987,19.048,51391,0
20130730,19.019,19.163,19.01,19.072,56470,0
20130731,18.996,19.163,18.996,19.163,54727,0
20130801,19.08,19.14,18.912,18.927,80962,0
20130802,19.117,19.24,19.027,19.169,47433,0
20130805,19.207,19.207,19.01,19.063,34800,0
20130806,18.996,19.027,18.836,18.927,84070,0
20130807,19.041,19.041,18.912,18.927,75207,0
20130808,18.95,19.034,18.836,19.019,56720,0
20130809,19.08,19.08,18.86,18.865,58860,0
20130812,18.974,18.974,18.774,18.927,50083,0
20130813,18.792,18.851,18.685,18.759,58323,0
20130814,18.7,18.799,18.595,18.706,85327,0
20130815,18.56,18.56,18.229,18.41,101755,0
20130816,18.44,18.685,18.251,18.479,96602,0
20130819,18.426,18.456,17.706,18.008,108927,0
20130820,17.923,18.142,17.634,17.764,128655,0
20130821,17.68,18.09,17.553,18.054,106920,0
20130822,17.949,18.275,17.856,18.185,85271,0
20130823,18.222,18.525,18.222,18.426,59626,0
20130826,18.488,18.541,18.213,18.304,42431,0
20130827,18.176,18.488,18.008,18.488,55122,0
20130828,18.366,18.601,18.328,18.601,38785,0
20130829,18.471,18.694,18.456,18.648,51881,0
20130830,18.923,19.062,18.923,19,38659,0
20130903,18.578,18.713,18.372,18.66,45002,0
20130904,18.606,18.7,18.464,18.685,44084,0
20130905,18.713,18.713,18.494,18.601,48568,0
20130906,18.632,18.719,18.534,18.606,37397,0
20130909,18.56,18.729,18.501,18.525,39914,0
20130910,18.541,18.606,18.357,18.508,57636,0
20130911,18.419,18.64,18.387,18.554,43429,0
20130912,18.57,18.632,18.456,18.488,44009,0
20130913,18.525,18.525,18.403,18.494,39337,0
20130916,18.622,18.632,18.381,18.501,80046,0
20130917,18.419,18.525,18.343,18.426,59909,0
20130918,18.426,18.606,18.343,18.578,71235,0
20130919,18.675,18.729,18.456,18.554,92081,0
20130920,18.471,18.57,18.334,18.396,51455,0
20130923,18.396,18.479,18.304,18.464,78453,0
20130924,18.396,18.613,18.387,18.606,67376,0
20130925,18.587,18.666,18.501,18.57,64924,0
20130926,18.664,18.775,18.521,18.646,80994,0
20130927,18.575,18.674,18.297,18.498,62513,0
20130930,18.373,18.619,18.188,18.592,101873,0
20131001,18.511,18.76,18.511,18.674,71315,0
20131002,18.592,18.793,18.592,18.793,74275,0
20131003,18.793,18.814,18.748,18.748,52662,0
20131004,18.822,18.9,18.694,18.76,49502,0
20131007,18.684,18.706,18.566,18.619,37608,0
20131008,18.55,18.659,18.458,18.566,64569,0
20131009,18.381,18.443,18.312,18.319,62303,0
20131010,18.373,18.443,18.351,18.358,34041,0
20131011,18.373,18.404,18.242,18.257,94315,0
20131014,18.181,18.297,18.141,18.235,78623,0
20131015,18.202,18.334,18.065,18.065,53755,0
20131016,18.128,18.188,18.08,18.119,57199,0
20131017,18.135,18.297,18.135,18.202,239960,0
20131018,18.228,18.421,18.202,18.202,125774,0
20131021,18.319,18.538,18.297,18.521,69682,0
20131022,18.604,18.971,18.604,18.916,91325,0
20131023,18.978,19.07,18.9,18.916,44421,0
20131024,18.923,18.993,18.768,18.868,63044,0
20131025,18.854,18.916,18.775,18.847,34802,0
20131028,18.847,18.939,18.719,18.923,48490,0
20131029,18.907,18.953,18.808,18.939,59402,0
20131030,18.946,19.086,18.876,19.086,115996,0
20131031,19,19.133,18.939,19.032,77298,0
20131101,19.154,19.154,18.971,19.025,40310,0
20131104,19.032,19.039,18.893,18.939,33202,0
20131105,18.931,18.993,18.822,18.984,75899,0
20131106,18.993,18.993,18.907,18.939,73481,0
20131107,18.923,19.055,18.876,19.055,30325,0
20131108,18.9,18.984,18.829,18.884,75131,0
20131111,18.8,18.946,18.8,18.916,37351,0
20131112,18.884,18.953,18.884,18.931,49130,0
20131113,18.893,18.946,18.783,18.8,64761,0
20131114,18.814,18.939,18.76,18.916,56818,0
20131115,18.884,18.916,18.719,18.916,113478,0
20131118,18.923,19.016,18.753,18.993,67162,0
20131119,18.9,18.971,18.793,18.862,68316,0
20131120,18.808,18.907,18.638,18.694,60256,0
20131121,18.646,18.76,18.6,18.684,49048,0
20131122,18.684,18.854,18.659,18.854,62043,0
20131125,18.876,18.876,18.694,18.838,53930,0
20131126,18.748,18.984,18.748,18.854,50457,0
20131127,18.847,18.971,18.783,18.854,44836,0
20131129,18.76,18.876,18.76,18.876,8388,0
20131202,18.876,18.876,18.76,18.775,40370,0
20131203,18.76,18.822,18.629,18.706,115203,0
20131204,18.719,18.719,18.373,18.373,88627,0
20131205,18.264,18.373,17.932,17.956,88927,0
20131206,17.956,18.093,17.956,17.995,72765,0
20131209,18.011,18.128,17.896,17.95,113155,0
20131210,17.971,18.033,17.849,17.903,137093,0
20131211,17.94,17.94,17.601,17.716,78956,0
20131212,17.67,17.67,17.26,17.539,118060,0
20131213,17.5,17.794,17.423,17.794,120375,0
20131216,17.747,18.08,17.738,18.019,117341,0
20131217,17.956,18.202,17.903,18.093,75799,0
20131218,18.033,18.303,17.932,18.242,91825,0
20131219,18.088,18.195,17.841,17.849,83861,0
20131220,17.878,18.141,17.809,18.065,77962,0
20131223,18.088,18.228,17.762,17.77,102419,0
20131224,17.693,17.738,17.638,17.67,51473,0
20131226,17.629,17.663,17.5,17.539,41502,0
20131227,17.442,17.536,17.228,17.418,105397,0
20131230,17.362,17.464,17.181,17.213,126740,0
20131231,17.134,17.284,16.859,17.251,249214,0
20140102,17.244,17.617,17.095,17.617,141400,0
20140103,17.638,18.01,17.629,17.994,96656,0
20140106,18.088,18.42,18.066,18.294,82291,0
20140107,18.349,18.484,18.113,18.334,106257,0
20140108,18.254,18.397,18.214,18.381,66229,0
20140109,18.387,18.553,18.365,18.499,47785,0
20140110,18.54,18.704,18.54,18.54,43094,0
20140113,18.54,18.854,18.505,18.602,61742,0
20140114,18.56,18.813,18.56,18.607,62930,0
20140115,18.624,18.759,18.54,18.759,77274,0
20140116,18.718,18.932,18.718,18.893,48964,0
20140117,18.885,19.011,18.829,18.829,83698,0
20140121,18.918,19.011,18.829,18.941,106104,0
20140122,19.011,19.139,18.955,19.075,69698,0
20140123,19.034,19.208,19.011,19.043,132423,0
20140124,18.964,19.122,18.932,19.067,76883,0
20140127,19.003,19.114,18.932,19.02,43841,0
20140128,18.996,19.122,18.973,19.02,67895,0
20140129,18.964,19.05,18.932,18.941,54771,0
20140130,18.98,19.114,18.98,19.034,97577,0
20140131,19.02,19.106,19.011,19.011,126867,0
20140203,19.043,19.114,19.011,19.02,109343,0
20140204,19.034,19.084,19.02,19.067,51704,0
20140205,19.02,19.084,18.932,18.948,70035,0
20140206,18.973,19.003,18.941,18.964,36658,0
20140207,18.973,19.084,18.973,19.084,59124,0
20140210,19.05,19.225,19.05,19.139,68564,0
20140211,19.131,19.216,19.131,19.161,47158,0
20140212,19.208,19.288,19.131,19.186,83472,0
20140213,19.139,19.336,19.139,19.336,50684,0
20140214,19.336,19.484,19.297,19.461,60652,0
20140218,19.461,19.594,19.461,19.484,82457,0
20140219,19.517,19.675,19.517,19.587,85390,0
20140220,19.556,19.635,19.556,19.587,120082,0
20140221,19.62,19.69,19.62,19.626,141328,0
20140224,19.626,19.682,19.58,19.603,40096,0
20140225,19.611,19.682,19.54,19.58,66850,0
20140226,19.587,19.682,19.587,19.611,90622,0
20140227,19.62,19.775,19.62,19.697,98844,0
20140228,19.69,19.848,19.69,19.762,80069,0
20140303,19.762,19.823,19.682,19.728,121181,0
20140304,19.8,19.856,19.745,19.793,43115,0
20140305,19.848,19.848,19.728,19.745,65406,0
20140306,19.783,19.829,19.737,19.737,42766,0
20140307,19.775,19.775,19.594,19.594,56526,0
20140310,19.682,19.697,19.587,19.594,71309,0
20140311,19.476,19.793,19.476,19.793,66851,0
20140312,19.728,20.005,19.728,19.982,60395,0
20140313,20.005,20.091,19.974,20.091,35792,0
20140314,20.069,20.227,20.052,20.227,120148,0
20140317,20.21,20.312,20.181,20.248,74798,0
20140318,20.227,20.504,20.227,20.496,75294,0
20140319,20.448,20.47,20.189,20.312,83578,0
20140320,20.248,20.303,20.099,20.241,72569,0
20140321,20.275,20.321,20.193,20.237,44429,0
20140324,20.248,20.487,20.237,20.461,56727,0
20140325,20.432,20.534,20.414,20.448,57101,0
20140326,20.461,20.516,20.432,20.479,75680,0
20140327,20.494,20.502,20.278,20.298,165870,0
20140328,20.325,20.42,20.325,20.334,24046,0
20140331,20.355,20.363,20.221,20.229,48858,0
20140401,20.238,20.429,20.238,20.429,71199,0
20140402,20.391,20.453,20.391,20.391,67867,0
20140403,20.438,20.467,20.382,20.459,158532,0
20140404,20.485,20.485,20.404,20.42,30698,0
20140407,20.41,20.467,20.41,20.429,49221,0
20140408,20.453,20.453,20.391,20.404,44151,0
20140409,20.398,20.453,20.355,20.41,50447,0
20140410,20.398,20.446,20.355,20.382,27454,0
20140411,20.372,20.404,20.242,20.242,115562,0
20140414,20.268,20.341,20.268,20.307,21855,0
20140415,20.325,20.355,20.278,20.298,18996,0
20140416,20.315,20.347,20.298,20.341,51455,0
20140417,20.307,20.341,20.221,20.221,223969,0
20140421,20.242,20.341,20.238,20.242,27854,0
20140422,20.259,20.404,20.242,20.398,42049,0
20140423,20.41,20.446,20.382,20.382,40919,0
20140424,20.404,20.42,20.347,20.391,22748,0
20140425,20.363,20.459,20.363,20.438,49576,0
20140428,20.453,20.558,20.446,20.558,60143,0
20140429,20.605,20.676,20.589,20.636,26163,0
20140430,20.75,20.782,20.693,20.758,79041,0
20140501,20.805,20.901,20.798,20.894,59911,0
20140502,20.894,20.901,20.838,20.894,63774,0
20140505,20.886,20.983,20.861,20.87,50714,0
20140506,20.861,20.942,20.861,20.894,71823,0
20140507,20.901,21.006,20.901,20.926,49308,0
20140508,20.926,20.998,20.926,20.942,31967,0
20140509,21.006,21.006,20.909,20.956,31580,0
20140512,21.013,21.013,20.942,20.956,21949,0
20140513,20.95,21.046,20.95,21.022,19745,0
20140514,21.022,21.039,20.998,21.039,32834,0
20140515,21.055,21.062,20.975,21.022,50945,0
20140516,21.022,21.022,20.956,20.975,58934,0
20140519,20.956,21.006,20.95,20.965,44394,0
20140520,20.926,20.965,20.901,20.956,23543,0
20140521,20.909,20.975,20.909,20.926,16518,0
20140522,20.942,20.965,20.83,20.846,27050,0
20140523,20.782,20.813,20.558,20.589,62501,0
20140527,20.654,20.95,20.621,20.909,95079,0
20140528,20.918,20.956,20.838,20.886,40036,0
20140529,20.901,21.022,20.87,20.991,68442,0
20140530,20.991,21.022,20.942,21.013,38210,0
20140602,20.965,20.991,20.918,20.942,61384,0
20140603,20.942,20.983,20.87,20.879,62556,0
20140604,20.886,20.886,20.589,20.838,93113,0
20140605,20.822,20.901,20.717,20.894,56615,0
20140606,20.861,20.983,20.861,20.918,27596,0
20140609,20.87,20.942,20.789,20.838,75975,0
20140610,20.846,20.846,20.693,20.701,20065,0
20140611,20.782,20.782,20.614,20.733,38248,0
20140612,20.71,20.879,20.71,20.879,33795,0
20140613,20.789,21.022,20.789,21.022,44094,0
20140616,20.998,21.062,20.998,21.062,44529,0
20140617,21.055,21.294,21.006,21.255,70614,0
20140618,21.294,21.391,21.239,21.328,46570,0
20140619,21.303,21.328,21.167,21.223,56699,0
20140620,21.223,21.223,21.151,21.183,21167,0
20140623,21.223,21.239,21.079,21.19,34327,0
20140624,21.151,21.255,21.111,21.255,28575,0
20140625,21.207,21.383,21.207,21.336,31043,0
20140626,21.349,21.414,21.276,21.341,28445,0
20140627,21.365,21.375,21.26,21.341,15029,0
20140630,21.309,21.375,21.137,21.137,71658,0
20140701,21.333,21.333,21.194,21.242,38464,0
20140702,21.325,21.325,21.211,21.211,13483,0
20140703,21.284,21.284,21.089,21.097,28761,0
20140707,21.071,21.112,20.892,20.901,48415,0
20140708,20.991,21.023,20.892,20.935,45502,0
20140709,20.941,21.007,20.925,20.991,43213,0
20140710,20.991,21.032,20.935,20.956,29207,0
20140711,21.014,21.291,20.925,21.242,59843,0
20140714,21.284,21.39,21.242,21.3,38190,0
20140715,21.268,21.407,21.268,21.407,25321,0
20140716,21.341,21.39,21.22,21.268,83377,0
20140717,21.341,21.375,21.081,21.194,28025,0
20140718,21.064,21.39,21.007,21.39,43559,0
20140721,21.291,21.365,21.186,21.211,44015,0
20140722,21.203,21.242,21.112,21.162,15716,0
20140723,21.17,21.242,21.147,21.235,31150,0
20140724,21.227,21.276,21.17,21.26,20948,0
20140725,21.235,21.358,21.235,21.349,16688,0
20140728,21.349,21.39,21.26,21.317,24767,0
20140729,21.383,21.471,21.341,21.414,64855,0
20140730,21.439,21.439,21.26,21.284,27151,0
20140731,21.26,21.26,20.991,20.999,55204,0
20140801,20.975,21.089,20.852,20.991,68330,0
20140804,20.965,21.014,20.803,20.811,45452,0
20140805,20.868,20.925,20.803,20.901,39225,0
20140806,20.86,21.048,20.86,20.956,39844,0
20140807,20.983,21.112,20.983,21.112,40223,0
20140808,21.121,21.147,21.055,21.097,27335,0
20140811,21.112,21.162,20.983,21.112,42281,0
20140812,21.089,21.186,21.089,21.153,8595,0
20140813,21.147,21.341,21.147,21.3,19716,0
20140814,21.291,21.358,21.276,21.333,16309,0
20140815,21.309,21.39,21.3,21.39,15856,0
20140818,21.39,21.455,21.3,21.349,35754,0
20140819,21.325,21.431,21.325,21.431,31242,0
20140820,21.383,21.439,21.3,21.39,21720,0
20140821,21.448,21.448,21.375,21.383,34201,0
20140822,21.39,21.39,21.268,21.3,12327,0
20140825,21.309,21.407,21.3,21.365,21499,0
20140826,21.341,21.431,21.341,21.431,29984,0
20140827,21.383,21.513,21.383,21.488,21741,0
20140828,21.465,21.497,21.398,21.398,17450,0
20140829,21.39,21.455,21.317,21.317,22414,0
20140902,21.341,21.398,21.252,21.358,36267,0
20140903,21.309,21.448,21.309,21.439,16214,0
20140904,21.423,21.431,21.129,21.137,62129,0
20140905,21.147,21.235,20.983,20.983,81770,0
20140908,20.999,21.097,20.941,20.975,20370,0
20140909,20.965,21.032,20.95,21.007,42484,0
20140910,20.965,21.023,20.935,20.941,27147,0
20140911,20.908,21.014,20.885,20.975,44823,0
20140912,20.892,20.935,20.835,20.901,34578,0
20140915,20.885,20.956,20.885,20.956,14148,0
20140916,20.991,21.014,20.975,20.975,14100,0
20140917,21.014,21.064,20.983,21.048,21545,0
20140918,21.032,21.203,21.007,21.162,27167,0
20140919,21.194,21.235,21.112,21.153,14451,0
20140922,21.194,21.194,20.868,20.917,82547,0
20140923,20.908,20.975,20.843,20.917,36343,0
20140924,20.877,20.917,20.82,20.885,20467,0
20140925,20.828,20.975,20.828,20.86,30259,0
20140926,20.891,20.916,20.817,20.883,65674,0
20140929,20.858,20.907,20.858,20.907,56202,0
20140930,20.875,20.949,20.858,20.883,118226,0
20141001,20.883,20.916,20.833,20.866,51930,0
20141002,20.833,20.916,20.833,20.9,60156,0
20141003,20.94,20.956,20.849,20.883,44232,0
20141006,20.875,20.991,20.875,20.965,31156,0
20141007,20.965,21.041,20.949,21.041,30304,0
20141008,20.975,21.123,20.975,21.057,99150,0
20141009,21.073,21.123,20.949,21.007,45373,0
20141010,20.975,21.082,20.94,21.082,54069,0
20141013,21.033,21.123,21.033,21.098,19573,0
20141014,21.041,21.123,21.041,21.123,42606,0
20141015,21.115,21.149,21.041,21.132,76077,0
20141016,21.132,21.282,21.073,21.239,42995,0
20141017,21.223,21.364,21.073,21.082,80771,0
20141020,21.274,21.289,21.173,21.207,35204,0
20141021,21.215,21.347,21.215,21.289,42960,0
20141022,21.347,21.347,21.274,21.297,27109,0
20141023,21.356,21.356,21.314,21.314,65009,0
20141024,21.314,21.356,21.289,21.289,37759,0
20141027,21.248,21.356,21.248,21.306,30374,0
20141028,21.265,21.373,21.256,21.364,27275,0
20141029,21.373,21.373,21.265,21.289,33731,0
20141030,21.289,21.382,21.265,21.382,23762,0
20141031,21.382,21.455,21.347,21.356,35310,0
20141103,21.356,21.587,21.356,21.514,25933,0
20141104,21.455,21.571,21.455,21.48,26639,0
20141105,21.48,21.514,21.439,21.48,14208,0
20141106,21.498,21.53,21.465,21.506,27539,0
20141107,21.431,21.579,21.431,21.498,56086,0
20141110,21.471,21.547,21.471,21.506,37045,0
20141111,21.498,21.564,21.498,21.538,26197,0
20141112,21.547,21.564,21.498,21.53,21518,0
20141113,21.514,21.606,21.514,21.606,20541,0
20141114,21.521,21.664,21.521,21.664,23242,0
20141117,21.664,21.705,21.587,21.664,36872,0
20141118,21.636,21.695,21.571,21.571,28238,0
20141119,21.579,21.664,21.564,21.636,33569,0
20141120,21.655,21.68,21.636,21.646,34694,0
20141121,21.68,21.787,21.646,21.695,52513,0
20141124,21.764,21.764,21.664,21.723,24217,0
20141125,21.695,21.737,21.68,21.686,44294,0
20141126,21.673,21.871,21.673,21.854,42055,0
20141128,21.821,21.871,21.821,21.845,11606,0
20141201,21.829,21.854,21.686,21.705,19872,0
20141202,21.713,21.764,21.686,21.723,19516,0
20141203,21.686,21.78,21.614,21.68,26530,0
20141204,21.606,21.655,21.506,21.547,36079,0
20141205,21.556,21.713,21.514,21.629,33002,0
20141208,21.597,21.68,21.587,21.636,31622,0
20141209,21.579,21.686,21.564,21.673,21603,0
20141210,21.614,21.705,21.579,21.629,29423,0
20141211,21.597,21.713,21.538,21.571,25555,0
20141212,21.579,21.579,21.465,21.465,21135,0
20141215,21.471,21.506,21.34,21.414,28494,0
20141216,21.398,21.521,21.389,21.465,32574,0
20141217,21.439,21.521,21.431,21.489,31358,0
20141218,21.514,21.655,21.514,21.579,28444,0
20141219,21.646,21.813,21.579,21.78,18927,0
20141222,21.713,21.813,21.713,21.78,28752,0
20141223,21.829,21.845,21.723,21.737,18217,0
20141224,21.723,21.813,21.664,21.695,15444,0
20141226,21.705,21.888,21.606,21.73,21608,0
20141229,21.72,21.838,21.72,21.829,19601,0
20141230,21.82,21.964,21.794,21.964,14573,0
20141231,21.955,22.048,21.895,21.904,39690,0
20150102,22.048,22.075,21.973,22.056,25854,0
20150105,22.056,22.099,21.955,22.015,28755,0
20150106,22.015,22.083,21.997,22.048,36527,0
20150107,22.048,22.115,22.031,22.075,24900,0
20150108,22.099,22.208,22.09,22.115,47134,0
20150109,22.156,22.156,22.075,22.156,17174,0
20150112,22.115,22.149,22.099,22.099,14173,0
20150113,22.115,22.134,22.031,22.075,18814,0
20150114,22.031,22.115,22.031,22.083,34788,0
20150115,22.125,22.125,21.964,22.075,38813,0
20150116,22.039,22.125,21.964,22.065,49576,0
20150120,21.997,22.065,21.989,22.056,27498,0
20150121,22.024,22.083,21.871,21.964,133150,0
20150122,22.015,22.083,21.98,22.056,56255,0
20150123,22.039,22.156,22.039,22.156,23891,0
20150126,22.106,22.216,22.106,22.2,31731,0
20150127,22.166,22.258,22.166,22.252,23678,0
20150128,22.252,22.335,22.225,22.285,64038,0
20150129,22.31,22.343,22.225,22.252,25257,0
20150130,22.225,22.353,22.134,22.134,62060,0
20150202,22.134,22.185,22.048,22.083,31801,0
20150203,22.141,22.266,22.115,22.243,30091,0
20150204,22.326,22.326,22.216,22.258,30835,0
20150205,22.235,22.316,22.235,22.31,16064,0
20150206,22.258,22.316,22.075,22.083,55947,0
20150209,22.065,22.134,22.005,22.134,20083,0
20150210,22.09,22.175,22.09,22.175,24356,0
20150211,22.156,22.243,22.149,22.225,14403,0
20150212,22.208,22.285,22.166,22.216,13872,0
20150213,22.243,22.303,22.216,22.285,13025,0
20150217,22.225,22.303,22.216,22.225,14081,0
20150218,22.115,22.185,21.871,21.98,48523,0
20150219,21.895,22.099,21.879,22.065,13957,0
20150220,22.099,22.193,22.099,22.106,9871,0
20150223,22.2,22.243,22.125,22.185,17602,0
20150224,22.156,22.362,22.156,22.303,37189,0
20150225,22.258,22.394,22.258,22.285,18642,0
20150226,22.252,22.386,22.243,22.386,20691,0
20150227,22.335,22.453,22.31,22.31,42059,0
20150302,22.421,22.444,22.362,22.436,19073,0
20150303,22.386,22.495,22.386,22.472,26419,0
20150304,22.462,22.581,22.436,22.572,16822,0
20150305,22.512,22.581,22.512,22.572,27839,0
20150306,22.512,22.512,22.225,22.225,21206,0
20150309,22.243,22.326,22.056,22.235,29143,0
20150310,22.235,22.368,22.106,22.316,28314,0
20150311,22.343,22.412,22.343,22.403,18125,0
20150312,22.368,22.394,22.235,22.266,17059,0
20150313,22.243,22.276,22.2,22.266,10306,0
20150316,22.258,22.316,22.208,22.235,16585,0
20150317,22.2,22.2,22.115,22.149,19903,0
20150318,22.065,22.285,22.065,22.208,18363,0
20150319,22.2,22.285,22.185,22.235,20495,0
20150320,22.252,22.453,22.252,22.368,21442,0
20150323,22.353,22.545,22.353,22.444,25353,0
20150324,22.512,22.512,22.386,22.453,24285,0
20150325,22.479,22.529,22.479,22.495,17534,0
20150326,22.512,22.562,22.421,22.562,29194,0
20150327,22.56,22.739,22.56,22.69,43914,0
20150330,22.647,22.749,22.647,22.733,22259,0
20150331,22.663,22.921,22.663,22.741,29948,0
20150401,22.767,22.784,22.698,22.749,25752,0
20150402,22.723,22.774,22.708,22.733,10254,0
20150406,22.749,22.749,22.611,22.631,34376,0
20150407,22.631,22.655,22.611,22.638,15022,0
20150408,22.647,22.733,22.638,22.647,37640,0
20150409,22.647,22.767,22.647,22.749,15373,0
20150410,22.714,22.749,22.56,22.603,25521,0
20150413,22.611,22.611,22.499,22.509,18995,0
20150414,22.491,22.611,22.468,22.527,17712,0
20150415,22.509,22.741,22.509,22.723,21111,0
20150416,22.723,22.767,22.698,22.723,14930,0
20150417,22.723,22.723,22.621,22.621,55934,0
20150420,22.621,22.655,22.611,22.621,10511,0
20150421,22.596,22.733,22.57,22.733,19081,0
20150422,22.714,22.741,22.698,22.723,15273,0
20150423,22.784,22.792,22.723,22.741,21909,0
20150424,22.698,22.759,22.611,22.611,19228,0
20150427,22.638,22.663,22.527,22.542,26335,0
20150428,22.527,22.655,22.527,22.57,18878,0
20150429,22.356,22.647,22.356,22.621,9555,0
20150430,22.698,22.698,22.58,22.58,21791,0
20150501,22.527,22.611,22.226,22.226,43699,0
20150504,22.278,22.448,22.278,22.389,30297,0
20150505,22.37,22.37,22.175,22.175,34144,0
20150506,22.14,22.253,21.805,21.874,72421,0
20150507,21.883,22.185,21.883,22.175,42209,0
20150508,22.217,22.509,22.217,22.424,20159,0
20150511,22.38,22.389,22.054,22.105,22374,0
20150512,22.088,22.365,22.088,22.295,43470,0
20150513,22.305,22.536,22.305,22.44,20393,0
20150514,22.44,22.638,22.44,22.56,32394,0
20150515,22.527,22.587,22.37,22.448,40827,0
20150518,22.37,22.519,22.356,22.519,16324,0
20150519,22.499,22.499,22.431,22.431,11303,0
20150520,22.431,22.519,22.417,22.448,26102,0
20150521,22.448,22.509,22.44,22.491,12235,0
20150522,22.431,22.509,22.431,22.491,20159,0
20150526,22.448,22.536,22.448,22.527,21608,0
20150527,22.519,22.621,22.491,22.58,15149,0
20150528,22.611,22.631,22.491,22.621,20129,0
20150529,22.536,22.587,22.431,22.468,24239,0
20150601,22.483,22.499,22.424,22.499,9982,0
20150602,22.417,22.56,22.312,22.536,39220,0
20150603,22.468,22.468,22.417,22.417,8740,0
20150604,22.519,22.519,22.458,22.483,12235,0
20150605,22.431,22.536,22.417,22.509,11070,0
20150608,22.491,22.491,22.417,22.44,13634,0
20150609,22.389,22.389,22.236,22.356,16179,0
20150610,22.26,22.338,22.26,22.329,12949,0
20150611,22.329,22.397,22.319,22.338,13337,0
20150612,22.26,22.38,22.26,22.38,14683,0
20150615,22.356,22.424,22.312,22.424,11769,0
20150616,22.417,22.475,22.37,22.458,12235,0
20150617,22.397,22.468,22.397,22.44,13518,0
20150618,22.397,22.519,22.397,22.407,13283,0
20150619,22.38,22.431,22.38,22.407,14100,0
20150622,22.475,22.475,22.356,22.407,15967,0
20150623,22.37,22.417,22.278,22.389,18418,0
20150624,22.38,22.458,22.312,22.365,21791,0
20150625,22.356,22.458,22.356,22.389,20860,0
20150626,22.467,22.665,22.249,22.519,56373,0
20150629,22.415,22.474,22.387,22.395,17873,0
20150630,22.429,22.543,22.422,22.457,20590,0
20150701,22.474,22.633,22.439,22.543,25206,0
20150702,22.665,22.692,22.571,22.665,23373,0
20150706,22.718,22.718,22.571,22.604,21653,0
20150707,22.571,22.613,22.509,22.561,21653,0
20150708,22.499,22.656,22.377,22.439,13750,0
20150709,22.467,22.588,22.467,22.552,29332,0
20150710,22.536,22.727,22.536,22.718,24176,0
20150713,22.665,22.806,22.665,22.779,16154,0
20150714,22.718,22.841,22.718,22.797,23362,0
20150715,22.763,22.841,22.754,22.824,16620,0
20150716,22.849,23.051,22.849,23.051,18561,0
20150717,23.005,23.033,22.929,22.991,30362,0
20150720,23.033,23.095,22.945,23.058,19363,0
20150721,23.043,23.043,22.945,23.005,22916,0
20150722,23.005,23.067,22.991,23.033,21311,0
20150723,23.085,23.085,23.005,23.015,19592,0
20150724,22.998,23.076,22.998,23.043,11228,0
20150727,23.015,23.085,22.998,23.051,10083,0
20150728,23.043,23.095,22.981,23.033,24977,0
20150729,23.111,23.111,23.015,23.015,12488,0
20150730,23.005,23.051,22.981,22.991,20395,0
20150731,22.981,23.015,22.962,23.015,9968,0
20150803,22.972,23.015,22.972,23.005,6291,0
20150804,22.981,23.015,22.929,22.962,9166,0
20150805,22.929,22.998,22.91,22.962,8937,0
20150806,22.91,22.953,22.824,22.938,359958,0
20150807,22.962,22.962,22.901,22.919,11687,0
20150810,22.991,23.005,22.938,22.998,23602,0
20150811,22.981,23.033,22.981,23.033,17080,0
20150812,23.015,23.015,22.919,22.972,23832,0
20150813,22.938,22.972,22.919,22.945,11456,0
20150814,22.919,22.953,22.919,22.953,10426,0
20150817,22.929,22.945,22.884,22.893,23032,0
20150818,22.893,22.919,22.789,22.867,30820,0
20150819,22.831,22.858,22.831,22.849,6187,0
20150820,22.815,22.841,22.779,22.824,38611,0
20150821,22.831,22.831,22.779,22.779,10998,0
20150824,22.429,22.597,22.256,22.597,31431,0
20150825,22.474,22.685,22.447,22.623,16269,0
20150826,22.561,22.613,22.499,22.613,22226,0
20150827,22.597,22.824,22.536,22.824,9280,0
20150828,22.754,22.797,22.711,22.797,4928,0
20150831,22.727,22.841,22.727,22.841,38038,0
20150901,22.552,22.831,22.543,22.745,37351,0
20150902,22.779,22.867,22.779,22.815,20508,0
20150903,22.779,22.867,22.779,22.867,17873,0
20150904,22.849,22.858,22.754,22.858,9166,0
20150908,22.849,22.849,22.824,22.841,12261,0
20150909,22.815,22.884,22.797,22.877,21082,0
20150910,22.831,22.884,22.588,22.754,47905,0
20150911,22.718,22.727,22.597,22.727,188934,0
20150914,22.797,22.797,22.685,22.702,9968,0
20150915,22.718,22.779,22.702,22.727,24176,0
20150916,22.727,22.737,22.65,22.711,21082,0
20150917,22.613,22.806,22.613,22.77,184352,0
20150918,22.65,22.849,22.65,22.815,10541,0
20150921,22.797,22.867,22.789,22.867,10312,0
20150922,22.806,22.867,22.806,22.867,11917,0
20150923,22.867,22.91,22.858,22.91,12029,0
20150924,22.858,22.91,22.824,22.867,15745,0
20150925,22.849,22.972,22.849,22.972,20967,0
20150928,22.989,22.989,22.863,22.916,17015,0
20150929,22.898,22.989,22.873,22.882,27040,0
20150930,22.882,22.989,22.767,22.767,51378,0
20151001,22.8,22.907,22.8,22.882,26478,0
20151002,22.773,22.898,22.773,22.863,11717,0
20151005,22.926,23.013,22.926,23.013,19754,0
20151006,22.989,23.095,22.989,23.075,17464,0
20151007,23.075,23.119,23.013,23.032,11493,0
20151008,23.013,23.119,22.997,23.075,4844,0
20151009,23.075,23.128,23.066,23.105,21971,0
20151012,23.128,23.148,23.105,23.119,7961,0
20151013,23.105,23.128,23.057,23.128,12395,0
20151014,23.191,23.191,23.085,23.085,8676,0
20151015,23.075,23.158,23.075,23.095,21858,0
20151016,23.066,23.158,22.989,23.158,30308,0
20151019,23.164,23.218,23.158,23.158,10928,0
20151020,23.164,23.234,23.128,23.218,10050,0
20151021,23.164,23.297,23.164,23.28,12167,0
20151022,23.28,23.423,23.264,23.404,40450,0
20151023,23.36,23.466,23.36,23.431,7887,0
20151026,23.404,23.457,23.396,23.449,6084,0
20151027,23.37,23.449,23.37,23.44,8676,0
20151028,23.387,23.52,23.387,23.52,9578,0
20151029,23.387,23.484,23.387,23.457,6535,0
20151030,23.404,23.466,23.378,23.44,25914,0
20151102,23.413,23.52,23.396,23.511,24779,0
20151103,23.423,23.52,23.423,23.493,18930,0
20151104,23.511,23.609,23.484,23.573,19742,0
20151105,23.6,23.609,23.573,23.582,13182,0
20151106,23.573,23.573,23.342,23.449,17915,0
20151109,23.404,23.404,23.271,23.342,34694,0
20151110,23.307,23.387,23.264,23.333,35379,0
20151111,23.342,23.44,23.289,23.413,19717,0
20151112,23.423,23.423,23.264,23.413,16901,0
20151113,23.404,23.457,23.378,23.431,6084,0
20151116,23.457,23.457,23.342,23.36,18590,0
20151117,23.297,23.378,23.271,23.317,22308,0
20151118,23.289,23.378,23.264,23.297,27268,0
20151119,23.317,23.325,23.218,23.264,17238,0
20151120,23.211,23.325,23.211,23.297,30196,0
20151123,23.244,23.36,23.244,23.289,18365,0
20151124,23.264,23.36,23.264,23.36,18479,0
20151125,23.404,23.44,23.404,23.44,8676,0
20151127,23.431,23.493,23.431,23.493,9915,0
20151130,23.511,23.511,23.396,23.396,21520,0
20151201,23.387,23.466,23.387,23.457,16013,0
20151202,23.431,23.476,23.423,23.457,20062,0
20151203,23.431,23.44,23.396,23.396,16034,0
20151204,23.396,23.44,23.325,23.387,15548,0
20151207,23.387,23.423,23.35,23.404,9464,0
20151208,23.297,23.423,23.297,23.378,8182,0
20151209,23.289,23.431,23.289,23.423,13408,0
20151210,23.413,23.431,23.325,23.413,25125,0
20151211,23.396,23.431,23.297,23.333,20505,0
20151214,23.307,23.307,22.651,22.677,42565,0
20151215,22.783,22.989,22.527,22.588,64561,0
20151216,22.498,22.907,22.498,22.907,25239,0
20151217,22.907,23.095,22.907,23.032,34478,0
20151218,22.989,23.003,22.916,22.969,12395,0
20151221,23.013,23.119,22.989,23.111,23322,0
20151222,23.148,23.164,23.128,23.148,6603,0
20151223,23.119,23.158,23.075,23.075,21520,0
20151224,23.075,23.148,23.075,23.148,4681,0
20151228,23.138,23.164,23.032,23.163,25532,0
20151229,23.28,23.28,23.18,23.271,18851,0
20151230,23.226,23.415,23.226,23.381,19462,0
20151231,23.514,23.514,23.371,23.452,8496,0
20160104,23.135,23.731,23.135,23.677,41351,0
20160105,23.632,23.921,23.632,23.767,31770,0
20160106,23.74,23.74,23.443,23.632,24176,0
20160107,23.343,23.65,23.343,23.587,23020,0
20160108,23.686,23.686,23.578,23.623,18248,0
20160111,23.658,23.659,23.488,23.552,10428,0
20160112,23.497,23.577,23.434,23.488,15983,0
20160113,23.415,23.46,23.297,23.317,17021,0
20160114,23.334,23.415,23.218,23.389,18970,0
20160115,23.326,23.326,23.017,23.081,26281,0
20160119,23.189,23.243,23.155,23.171,15399,0
20160120,23.017,23.032,22.616,22.963,54109,0
20160121,23.027,23.091,22.883,22.969,14808,0
20160122,23.037,23.171,23.017,23.145,13941,0
20160125,23.081,23.081,22.783,22.811,66710,0
20160126,22.747,22.891,22.747,22.846,14078,0
20160127,22.792,23.017,22.792,23,13608,0
20160128,23.117,23.253,23.017,23.253,28424,0
20160129,23.199,23.506,23.163,23.46,25106,0
20160201,23.488,23.488,23.351,23.415,22566,0
20160202,23.209,23.397,23.209,23.361,12330,0
20160203,23.343,23.38,23.279,23.38,29232,0
20160204,23.243,23.406,23.243,23.406,9676,0
20160205,23.263,23.406,23.263,23.297,20921,0
20160208,23.145,23.18,22.909,22.993,31988,0
20160209,22.773,22.9,22.631,22.685,34800,0
20160210,22.828,22.996,22.748,22.846,21305,0
20160211,22.801,22.801,21.998,22.43,62078,0
20160212,22.557,22.729,22.523,22.611,27092,0
20160216,23.062,23.062,22.693,22.747,28158,0
20160217,22.811,22.945,22.773,22.9,32309,0
20160218,22.855,23.027,22.801,22.821,48014,0
20160219,22.621,22.875,22.621,22.792,104799,0
20160222,22.938,22.963,22.792,22.792,30008,0
20160223,22.821,22.837,22.685,22.719,52501,0
20160224,22.703,22.783,22.621,22.767,25863,0
20160225,22.747,22.993,22.747,22.993,27827,0
20160226,22.883,23.008,22.875,23,29159,0
20160229,22.993,23.101,22.963,22.993,32679,0
20160301,22.983,23.297,22.983,23.117,38955,0
20160302,23.037,23.185,22.938,23.008,37725,0
20160303,22.983,23.062,22.954,23.017,17753,0
20160304,22.938,23.101,22.938,23.081,11385,0
20160307,23.037,23.155,23.037,23.109,25193,0
20160308,23.125,23.145,22.983,22.983,57291,0
20160309,22.993,23.189,22.993,23.163,34467,0
20160310,23.253,23.253,23.008,23.081,66721,0
20160311,23.062,23.234,23.062,23.209,32964,0
20160314,23.226,23.28,23.164,23.199,37140,0
20160315,23.163,23.171,23.062,23.125,27643,0
20160316,23.117,23.145,22.945,23.037,166115,0
20160317,23.037,23.135,23,23.047,62912,0
20160318,23.047,23.092,22.994,23.027,27709,0
20160321,23.017,23.037,22.993,23,45252,0
20160322,23.027,23.135,22.987,23.055,50457,0
20160323,23.117,23.117,23.062,23.091,29654,0
20160324,23.055,23.125,23.001,23.081,31911,0
20160328,23.121,23.238,23.109,23.218,39070,0
20160329,23.241,23.397,23.241,23.397,33903,0
20160330,23.351,23.397,23.334,23.371,53655,0
20160331,23.334,23.397,23.334,23.397,37970,0
20160401,23.233,23.416,23.233,23.306,59229,0
20160404,23.271,23.279,23.003,23.096,43717,0
20160405,23.076,23.169,23.031,23.113,31646,0
20160406,23.151,23.206,23.131,23.151,16979,0
20160407,23.113,23.113,22.986,23.067,40426,0
20160408,23.067,23.196,23.067,23.151,16535,0
20160411,23.196,23.279,23.141,23.224,22516,0
20160412,23.224,23.288,23.224,23.288,14963,0
20160413,23.306,23.407,23.288,23.407,28692,0
20160414,23.351,23.481,23.343,23.481,23017,0
20160415,23.453,23.508,23.279,23.279,90568,0
20160418,23.334,23.397,23.326,23.351,33642,0
20160419,23.326,23.361,23.316,23.326,38914,0
20160420,23.361,23.361,23.279,23.296,75346,0
20160421,23.351,23.397,23.306,23.326,42611,0
20160422,23.351,23.397,23.326,23.361,23346,0
20160425,23.397,23.397,23.316,23.343,27888,0
20160426,23.397,23.462,23.365,23.416,32964,0
20160427,23.371,23.487,23.371,23.462,25460,0
20160428,23.471,23.471,23.397,23.453,25163,0
20160429,23.447,23.517,23.416,23.416,43984,0
20160502,23.5,23.591,23.486,23.563,20105,0
20160503,23.581,23.673,23.555,23.581,15899,0
20160504,23.563,23.692,23.563,23.673,22562,0
20160505,23.646,23.673,23.491,23.536,50872,0
20160506,23.566,23.646,23.508,23.627,22374,0
20160509,23.581,23.627,23.563,23.563,16420,0
20160510,23.546,23.665,23.526,23.536,52449,0
20160511,23.563,23.618,23.517,23.563,22037,0
20160512,23.546,23.583,23.536,23.546,22410,0
20160513,23.572,23.572,23.462,23.491,31325,0
20160516,23.529,23.601,23.491,23.601,18957,0
20160517,23.601,23.692,23.591,23.656,19916,0
20160518,23.669,23.72,23.627,23.72,24659,0
20160519,23.601,23.683,23.508,23.683,36324,0
20160520,23.646,23.766,23.646,23.766,28989,0
20160523,23.692,23.968,23.692,23.931,46036,0
20160524,23.968,23.977,23.793,23.977,16130,0
20160525,23.922,24.042,23.912,24.042,34665,0
20160526,24.004,24.068,23.931,24.068,58661,0
20160527,24.042,24.105,24.013,24.075,34038,0
20160531,24.05,24.206,24.05,24.206,32684,0
20160601,24.142,24.188,24.065,24.142,15213,0
20160602,24.142,24.188,24.105,24.188,24789,0
20160603,24.142,24.473,24.142,24.426,28970,0
20160606,24.39,24.426,24.363,24.426,9824,0
20160607,24.454,24.454,24.253,24.253,40002,0
20160608,24.206,24.426,24.206,24.253,52690,0
20160609,24.334,24.334,24.133,24.151,53015,0
20160610,24.227,24.227,24.087,24.114,27700,0
20160613,24.211,24.215,24.151,24.206,9058,0
20160614,24.207,24.215,24.124,24.16,28905,0
20160615,24.234,24.279,24.169,24.27,21202,0
20160616,24.27,24.27,24.197,24.197,11007,0
20160617,24.289,24.334,24.188,24.334,12147,0
20160620,24.334,24.464,24.325,24.445,36295,0
20160621,24.417,24.473,24.41,24.451,22070,0
20160622,24.426,24.482,24.39,24.39,38639,0
20160623,24.464,24.555,24.454,24.545,16290,0
20160624,24.179,24.444,24.105,24.114,46418,0
20160627,24.208,24.261,24.068,24.097,16721,0
20160628,24.243,24.383,24.171,24.383,21941,0
20160629,24.392,24.402,24.346,24.355,23837,0
20160630,24.374,24.527,24.336,24.346,42563,0
20160701,24.318,24.486,24.318,24.346,36603,0
20160705,24.346,24.346,24.215,24.336,23662,0
20160706,24.309,24.449,24.262,24.374,25895,0
20160707,24.365,24.486,24.365,24.467,14669,0
20160708,24.551,24.579,24.402,24.467,24614,0
20160711,24.523,24.523,24.355,24.421,22093,0
20160712,24.433,24.635,24.421,24.561,32014,0
20160713,24.556,24.626,24.514,24.617,20654,0
20160714,24.551,24.635,24.472,24.533,32302,0
20160715,24.533,24.71,24.514,24.589,43373,0
20160718,24.691,24.734,24.571,24.654,25017,0
20160719,24.691,24.739,24.561,24.561,20593,0
20160720,24.627,24.664,24.523,24.607,21740,0
20160721,24.607,24.729,24.574,24.729,9491,0
20160722,24.739,24.739,24.477,24.607,50970,0
20160725,24.533,24.682,24.533,24.673,14736,0
20160726,24.682,24.747,24.654,24.719,14212,0
20160727,24.736,24.86,24.701,24.757,19233,0
20160728,24.775,24.795,24.747,24.762,15851,0
20160729,24.757,24.841,24.682,24.682,27143,0
20160801,24.766,24.887,24.729,24.757,16730,0
20160802,24.747,24.785,24.71,24.766,17439,0
20160803,24.663,24.774,24.589,24.729,40770,0
20160804,24.654,24.739,24.654,24.738,12034,0
20160805,24.654,24.739,24.597,24.663,31455,0
20160808,24.653,24.795,24.597,24.795,33575,0
20160809,24.76,24.76,24.701,24.731,19589,0
20160810,24.729,24.747,24.597,24.654,16253,0
20160811,24.607,24.607,24.262,24.28,70523,0
20160812,24.309,24.514,24.298,24.514,24753,0
20160815,24.551,24.551,24.421,24.523,14602,0
20160816,24.514,24.514,24.355,24.467,41498,0
20160817,24.466,24.486,24.382,24.486,22520,0
20160818,24.486,24.57,24.427,24.486,10580,0
20160819,24.411,24.43,24.336,24.346,17231,0
20160822,24.383,24.439,24.336,24.364,9266,0
20160823,24.439,24.439,24.355,24.365,10925,0
20160824,24.383,24.439,24.346,24.355,14863,0
20160825,24.392,24.43,24.346,24.365,14070,0
20160826,24.355,24.421,24.336,24.402,19452,0
20160829,24.43,24.43,24.365,24.374,9167,0
20160830,24.411,24.458,24.402,24.439,8870,0
20160831,24.458,24.467,24.393,24.43,33952,0
20160901,24.399,24.467,24.374,24.458,7490,0
20160902,24.467,24.467,24.43,24.467,12166,0
20160906,24.467,24.682,24.411,24.682,20633,0
20160907,24.635,24.729,24.551,24.719,29829,0
20160908,24.729,24.822,24.663,24.795,29527,0
20160909,24.682,24.887,24.682,24.878,34565,0
20160912,24.747,25.009,24.739,25.009,64687,0
20160913,24.851,24.999,24.739,24.851,96932,0
20160914,24.757,25.177,24.757,25.177,75480,0
20160915,25.177,25.457,25.054,25.373,73631,0
20160916,25.308,25.308,25.055,25.158,382015,0
20160919,25.065,25.131,24.99,25.121,21200,0
20160920,25.065,25.158,24.999,24.999,19735,0
20160921,25.065,25.187,24.963,25.009,16957,0
20160922,25.196,25.26,25.177,25.196,12559,0
20160923,25.187,25.28,25.187,25.28,11159,0
20160926,25.177,25.299,25.158,25.299,33456,0
20160927,25.204,25.326,25.204,25.317,32877,0
20160928,25.476,25.476,25.096,25.22,37541,0
20160929,25.2,25.229,24.925,25.039,37233,0
20160930,25.008,25.03,24.925,24.925,18540,0
20161003,24.821,25.153,24.821,25.001,23040,0
20161004,24.907,25.068,24.878,24.878,19186,0
20161005,25.068,25.068,24.869,24.869,11840,0
20161006,24.85,24.869,24.746,24.746,7244,0
20161007,24.726,24.726,24.656,24.689,16612,0
20161010,24.707,24.726,24.584,24.632,20992,0
20161011,24.594,24.597,24.508,24.537,18369,0
20161012,24.518,24.549,24.508,24.508,9052,0
20161013,24.47,24.518,24.386,24.47,42244,0
20161014,24.487,24.545,24.432,24.54,31231,0
20161017,24.537,24.575,24.443,24.518,19385,0
20161018,24.56,24.689,24.545,24.689,21274,0
20161019,24.679,24.707,24.518,24.518,16011,0
20161020,24.518,24.594,24.394,24.404,19323,0
20161021,24.508,24.726,24.429,24.726,46862,0
20161024,24.537,24.575,24.461,24.47,29902,0
20161025,24.518,24.689,24.518,24.612,24590,0
20161026,24.584,24.641,24.584,24.641,7066,0
20161027,24.565,24.698,24.543,24.698,10851,0
20161028,24.689,24.693,24.632,24.632,15929,0
20161031,24.632,24.641,24.461,24.488,19570,0
20161101,24.461,24.478,24.233,24.27,18576,0
20161102,24.271,24.293,24.043,24.043,8669,0
20161103,24.081,24.144,23.919,23.939,18438,0
20161104,23.939,24.043,23.939,24.005,10611,0
20161107,24.189,24.189,23.948,23.986,11365,0
20161108,24.024,24.024,23.948,23.967,18510,0
20161109,23.948,23.988,23.778,23.948,53436,0
20161110,23.957,24.005,23.235,23.948,63885,0
20161111,23.862,23.948,23.721,23.948,30171,0
20161114,23.882,23.882,23.625,23.825,66754,0
20161115,23.778,23.996,23.607,23.884,35904,0
20161116,23.862,24.147,23.861,24.128,19554,0
20161117,24.138,24.138,23.872,23.929,34444,0
20161118,24.062,24.062,23.701,23.711,26713,0
20161121,23.721,23.91,23.701,23.796,27527,0
20161122,23.827,24.048,23.786,24.033,22102,0
20161123,23.957,23.957,23.729,23.748,27027,0
20161125,23.872,23.897,23.839,23.853,6355,0
20161128,23.862,23.891,23.748,23.862,30794,0
20161129,23.786,23.835,23.748,23.835,23166,0
20161130,23.778,23.835,23.729,23.815,20059,0
20161201,23.744,23.805,23.729,23.805,21068,0
20161202,23.825,23.843,23.729,23.729,29511,0
20161205,23.74,23.808,23.729,23.748,16679,0
20161206,23.815,23.853,23.796,23.815,23333,0
20161207,23.868,23.925,23.796,23.835,33985,0
20161208,23.882,23.882,23.729,23.729,18572,0
20161209,23.796,23.865,23.729,23.825,36505,0
20161212,23.825,23.825,23.54,23.54,54861,0
20161213,23.62,23.682,23.55,23.682,24215,0
20161214,23.607,23.748,23.568,23.568,26350,0
20161215,23.587,23.835,23.568,23.748,32946,0
20161216,23.778,23.9,23.754,23.815,38625,0
20161219,23.861,23.957,23.786,23.853,21118,0
20161220,23.805,23.862,23.748,23.786,17323,0
20161221,23.786,23.91,23.778,23.891,14712,0
20161222,23.882,23.981,23.864,23.976,12869,0
20161223,23.976,23.996,23.939,23.986,9048,0
20161227,23.996,24.014,23.758,23.835,40928,0
20161228,23.86,23.86,23.677,23.793,44763,0
20161229,23.784,23.86,23.774,23.822,18510,0
20161230,23.812,23.878,23.706,23.706,30269,0
20170103,23.764,23.928,23.706,23.918,30635,0
20170104,23.957,24.421,23.957,24.421,56179,0
20170105,24.556,24.638,24.208,24.614,25787,0
20170106,24.479,24.624,24.479,24.576,16427,0
20170109,24.402,24.527,24.351,24.389,26154,0
20170110,24.382,24.537,24.372,24.537,14904,0
20170111,24.411,24.537,24.218,24.382,63475,0
20170112,24.382,24.464,24.382,24.44,12315,0
20170113,24.4,24.469,24.382,24.469,18379,0
20170117,24.508,24.508,24.392,24.469,16152,0
20170118,24.469,24.469,24.353,24.382,11863,0
20170119,24.344,24.344,24.083,24.16,46187,0
20170120,24.218,24.295,23.88,23.88,90589,0
20170123,24.034,24.372,24.034,24.324,40183,0
20170124,24.359,24.45,24.344,24.421,25514,0
20170125,24.363,24.411,24.334,24.411,19494,0
20170126,24.421,24.43,24.363,24.402,16275,0
20170127,24.392,24.556,24.392,24.45,16250,0
20170130,24.412,24.421,24.353,24.37,12136,0
20170131,24.334,24.402,24.286,24.402,60662,0
20170201,24.382,24.518,24.305,24.518,22608,0
20170202,24.527,24.527,24.372,24.469,11379,0
20170203,24.411,24.576,24.411,24.466,14888,0
20170206,24.537,24.585,24.479,24.508,13328,0
20170207,24.565,24.585,24.478,24.527,18847,0
20170208,24.575,24.604,24.538,24.604,14516,0
20170209,24.568,24.614,24.506,24.614,11172,0
20170210,24.624,24.691,24.508,24.669,14260,0
20170213,24.624,24.711,24.537,24.537,10904,0
20170214,24.564,24.58,24.421,24.451,13109,0
20170215,24.556,24.576,24.411,24.43,40125,0
20170216,24.421,24.508,24.421,24.421,30722,0
20170217,24.45,24.497,24.43,24.45,24111,0
20170221,24.45,24.498,24.45,24.479,25887,0
20170222,24.469,24.518,24.469,24.508,19404,0
20170223,24.518,24.576,24.469,24.566,17318,0
20170224,24.488,24.576,24.488,24.576,17348,0
20170227,24.595,24.595,24.527,24.546,11459,0
20170228,24.531,24.556,24.504,24.518,20569,0
20170301,24.479,24.537,24.45,24.537,25566,0
20170302,24.44,24.518,24.392,24.421,19597,0
20170303,24.402,24.534,24.402,24.503,21795,0
20170306,24.518,24.527,24.44,24.527,26070,0
20170307,24.44,24.537,24.44,24.527,21138,0
20170308,24.488,24.518,24.392,24.392,31470,0
20170309,24.392,24.44,24.218,24.344,23419,0
20170310,24.247,24.392,24.247,24.392,12908,0
20170313,24.392,24.44,24.392,24.421,15434,0
20170314,24.425,24.595,24.392,24.595,17990,0
20170315,24.546,24.672,24.537,24.653,11441,0
20170316,24.672,24.769,24.657,24.764,23766,0
20170317,24.817,24.856,24.734,24.826,65674,0
20170320,24.73,24.797,24.729,24.74,20723,0
20170321,24.783,24.783,24.546,24.566,18919,0
20170322,24.728,24.728,24.479,24.566,24659,0
20170323,24.662,24.662,24.558,24.624,20410,0
20170324,24.653,24.741,24.624,24.691,9333,0
20170327,24.624,24.689,24.624,24.633,10646,0
20170328,24.659,24.749,24.599,24.747,29770,0
20170329,24.751,24.816,24.737,24.816,17079,0
20170330,24.835,24.855,24.757,24.855,13880,0
20170331,24.884,24.884,24.796,24.875,10031,0
20170403,24.904,25.13,24.874,25.022,38454,0
20170404,25.101,25.12,24.926,25.071,23935,0
20170405,25.13,25.13,24.963,25.022,26914,0
20170406,25.012,25.012,24.973,25.012,19399,0
20170407,24.963,25.012,24.943,24.943,8273,0
20170410,24.963,25.043,24.963,24.973,9483,0
20170411,24.963,24.963,24.894,24.934,6073,0
20170412,24.884,24.943,24.875,24.943,7980,0
20170413,24.884,24.963,24.884,24.963,8643,0
20170417,24.963,25.022,24.904,25.01,14268,0
20170418,25.002,25.002,24.816,24.924,15793,0
20170419,24.894,24.916,24.884,24.904,1960,0
20170420,24.983,25.002,24.924,25.002,14697,0
20170421,24.983,24.983,24.894,24.953,27059,0
20170424,24.904,24.963,24.897,24.953,8073,0
20170425,24.914,24.928,24.884,24.914,16484,0
20170426,24.904,24.934,24.875,24.894,16710,0
20170427,24.855,24.977,24.855,24.973,14510,0
20170428,25,25,24.904,24.904,10762,0
20170501,24.924,24.983,24.914,24.973,11345,0
20170502,24.924,24.983,24.914,24.973,14215,0
20170503,24.969,25.022,24.904,25.022,25707,0
20170504,24.985,24.985,24.884,24.914,11879,0
20170505,24.875,24.983,24.875,24.894,9616,0
20170508,24.993,24.993,24.865,24.953,7246,0
20170509,24.953,24.973,24.835,24.884,50626,0
20170510,24.943,24.963,24.875,24.914,10110,0
20170511,24.914,24.914,24.865,24.884,7859,0
20170512,24.875,24.963,24.875,24.914,5542,0
20170515,24.904,25.002,24.904,24.973,16002,0
20170516,24.946,25.012,24.904,25.012,11194,0
20170517,24.943,24.953,24.934,24.953,4663,0
20170518,24.924,24.983,24.924,24.983,8680,0
20170519,24.963,24.973,24.924,24.934,5470,0
20170522,24.943,24.973,24.924,24.973,13225,0
20170523,24.963,24.978,24.943,24.973,10836,0
20170524,24.966,25.032,24.924,25.002,10818,0
20170525,25.032,25.055,25.032,25.051,15114,0
20170526,25.032,25.071,24.973,24.983,17985,0
20170530,24.993,25.042,24.973,24.983,11332,0
20170531,24.973,25.001,24.924,24.924,31237,0
20170601,24.934,24.983,24.924,24.953,9921,0
20170602,24.963,25.042,24.963,25.042,17313,0
20170605,25.034,25.14,25.032,25.14,10050,0
20170606,25.061,25.15,25.048,25.071,16152,0
20170607,25.012,25.14,25.012,25.088,10776,0
20170608,25.071,25.16,25.067,25.111,10462,0
20170609,25.124,25.124,25.061,25.061,4480,0
20170612,25.052,25.111,25.022,25.052,18119,0
20170613,25.052,25.111,25.052,25.071,17735,0
20170614,25.071,25.13,25.071,25.081,17923,0
20170615,25.12,25.15,25.061,25.14,32601,0
20170616,25.14,25.15,25.032,25.071,65008,0
20170619,25.071,25.081,25.042,25.071,21003,0
20170620,25.061,25.091,25.052,25.052,17633,0
20170621,25.061,25.11,25.022,25.091,8601,0
20170622,25.079,25.111,25.032,25.101,27323,0
20170623,25.111,25.111,25.052,25.091,54304,0
20170626,25.111,25.179,25.081,25.16,30724,0
20170627,25.179,25.209,25.124,25.14,12619,0
20170628,25.15,25.21,25.15,25.21,10799,0
20170629,25.24,25.26,25.2,25.22,31624,0
20170630,25.26,25.31,25.23,25.31,11048,0
20170703,25.37,25.37,25.27,25.36,13043,0
20170705,25.36,25.45,25.2706,25.45,29506,0
20170706,25.45,25.45,25.34,25.34,21342,0
20170707,25.36,25.45,25.32,25.35,10969,0
20170710,25.43,25.45,25.31,25.45,30263,0
20170711,25.37,25.43,25.36,25.38,14875,0
20170712,25.38,25.46,25.38,25.38,40079,0
20170713,25.33,25.38,25.33,25.35,18029,0
20170714,25.39,25.43,25.3601,25.4,93446,0
20170717,25.39,25.46,25.39,25.425,76528,0
20170718,25.41,25.51,25.37,25.5,34324,0
20170719,25.5,25.52,25.38,25.38,57056,0
20170720,25.47,25.5,25.45,25.5,19228,0
20170721,25.45,25.49,25.29,25.46,106485,0
20170724,25.4232,25.44,25.4,25.43,8117,0
20170725,25.37,25.46,25.37,25.46,9094,0
20170726,25.4173,25.46,25.4,25.43,10470,0
20170727,25.415,25.45,25.415,25.45,7703,0
20170728,25.4,25.48,25.4,25.46,11187,0
20170731,25.4714,25.5,25.46,25.49,17148,0
20170801,25.4838,25.5,25.46,25.5,9481,0
