Date,Open,High,Low,Close,Volume,OpenInt
20160819,48.562,48.571,48.039,48.41,395198,0
20160822,49.322,49.322,48.324,48.438,257245,0
20160823,48.894,48.894,48.324,48.324,425380,0
20160824,48.277,48.533,48.267,48.467,417520,0
20160825,48.588,48.79,48.495,48.713,392977,0
20160826,48.457,49.065,47.953,47.992,566638,0
20160829,48.485,48.485,48.01,48.418,872597,0
20160830,48.552,48.599,48.133,48.18,297625,0
20160831,48.133,48.324,47.92,48.324,523468,0
20160901,48.277,48.343,48.051,48.163,521697,0
20160902,48.296,48.59,47.972,48.486,10391,0
20160906,48.59,48.847,48.445,48.818,167527,0
20160907,48.467,48.856,48.457,48.733,144859,0
20160908,48.818,48.847,48.533,48.685,563613,0
20160909,48.571,48.609,47.421,47.516,240893,0
20160912,48.23,48.23,47.516,48.116,672481,0
20160913,47.93,47.982,47.668,47.896,471922,0
20160914,47.707,48.16,47.707,48.01,34258,0
20160915,48.467,48.467,47.754,48.21,166908,0
20160916,48.22,48.676,47.915,48.676,173047,0
20160919,48.59,48.847,48.314,48.827,228776,0
20160920,48.847,49.141,48.542,48.542,276475,0
20160921,48.656,49.18,48.638,48.942,56348,0
20160922,49.245,49.416,49.017,49.217,27958,0
20160923,49.294,49.367,48.98,48.999,43686,0
20160926,49.274,49.274,48.894,49.113,30779,0
20160927,49.111,49.173,48.657,48.663,116602,0
20160928,49.18,49.18,48.304,48.671,76388,0
20160929,48.485,48.655,48.153,48.23,347577,0
20160930,48.418,48.418,47.421,47.421,171557,0
20161003,47.915,47.915,47.355,47.441,545813,0
20161004,47.64,47.773,46.792,46.908,269887,0
20161005,47.278,47.317,46.867,47.117,316627,0
20161006,47.231,47.327,46.937,46.994,260366,0
20161007,47.079,47.174,46.784,46.784,381283,0
20161010,46.985,47.145,46.66,46.994,306058,0
20161011,49.231,49.231,46.699,46.804,94967,0
20161012,47.042,47.213,46.898,47.042,9207,0
20161013,47.212,47.754,47.179,47.459,34446,0
20161014,48.153,48.153,47.36,47.459,9659,0
20161017,47.602,47.611,47.288,47.469,41478,0
20161018,47.516,47.821,47.381,47.563,98916,0
20161019,47.575,48.628,47.458,48.324,810913,0
20161020,47.791,47.801,47.488,47.488,94911,0
20161021,47.488,47.544,47.392,47.544,54941,0
20161024,47.982,48.296,47.392,48.296,334975,0
20161025,48.039,48.086,47.488,47.488,510947,0
20161026,47.773,47.801,47.474,47.801,56877,0
20161027,47.697,47.697,47.421,47.611,107361,0
20161028,47.562,48.23,47.516,48.23,170122,0
20161031,47.659,48.519,47.659,47.944,528489,0
20161101,48.04,48.133,47.754,47.754,26531,0
20161102,47.896,48.173,47.46,47.725,118255,0
20161103,47.775,47.962,47.668,47.677,222744,0
20161104,47.555,48.22,47.555,47.944,56351,0
20161107,47.754,48.067,47.421,47.848,15989,0
20161108,47.697,48.38,47.697,48.257,69087,0
20161109,47.951,48.223,47.275,47.662,382851,0
20161110,47.353,48.193,46.386,46.434,770141,0
20161111,46.434,46.656,46.293,46.293,129305,0
20161114,46.532,46.686,45.671,46.009,1246378,0
20161115,45.903,46.448,45.903,46.386,12769,0
20161116,45.884,46.386,45.701,46.386,49056,0
20161117,46.444,46.482,46.135,46.376,10438,0
20161118,46.492,46.492,46.033,46.338,5734,0
20161121,46.502,46.686,46.454,46.686,107532,0
20161122,46.686,47.237,46.686,47.227,4401,0
20161123,46.492,47.227,46,47.053,8394,0
20161125,46.88,47.681,46.88,47.399,6142,0
20161128,47.787,48.396,47.787,48.309,62207,0
20161129,47.944,48.689,47.943,48.518,13591,0
20161130,47.797,48.503,47.459,47.459,227363,0
20161201,47.194,47.498,47.13,47.295,6654,0
20161202,48.271,48.319,47.517,48.319,36300,0
20161205,49.238,49.238,47.362,47.546,77650,0
20161206,47.412,48.802,47.188,48.029,204489,0
20161207,47.836,47.84,47.542,47.836,418938,0
20161208,47.401,47.836,47.401,47.604,3608,0
20161209,47.893,48.299,47.742,48.174,502798,0
20161212,48.309,48.656,48.309,48.329,111758,0
20161213,48.764,48.764,48.319,48.474,114511,0
20161214,48.792,48.802,47.807,47.807,175987,0
20161215,47.933,48.116,47.855,47.855,10160,0
20161216,48.213,48.561,48.155,48.561,32846,0
20161219,48.715,48.947,48.561,48.928,101132,0
20161220,48.709,48.957,48.638,48.638,41879,0
20161221,48.792,48.976,48.715,48.88,50968,0
20161222,48.85,49.16,48.541,49.082,59156,0
20161223,49.188,49.188,48.619,48.918,40445,0
20161227,48.866,49.256,48.802,49.112,3012,0
20161228,49.188,49.188,48.899,48.928,23774,0
20161229,48.996,49.256,48.678,48.841,63769,0
20161230,48.622,49.15,48.622,48.899,37933,0
20170103,48.609,48.712,48.59,48.59,6020,0
20170104,48.706,48.938,48.657,48.85,213387,0
20170105,48.822,48.85,48.454,48.57,160433,0
20170106,48.483,49.122,48.474,48.812,141839,0
20170109,48.715,49.246,48.561,48.561,2279,0
20170110,48.609,48.609,48.406,48.503,6312,0
20170111,48.425,48.667,48.357,48.599,9517,0
20170112,48.474,48.686,48.311,48.609,8750,0
20170113,48.309,49.246,48.271,48.319,253275,0
20170117,49.139,49.139,48.735,48.957,2866,0
20170118,49.044,49.17,48.852,49.015,6131,0
20170119,48.918,49.034,48.493,48.838,109473,0
20170120,48.889,48.889,48.613,48.831,910,0
20170123,48.85,48.85,48.367,48.686,9535,0
20170124,48.696,48.734,48.493,48.599,6452,0
20170125,48.715,48.88,48.664,48.85,4975,0
20170126,48.464,48.87,48.464,48.802,5169,0
20170127,48.706,48.82,48.425,48.464,8514,0
20170130,48.696,48.822,48.261,48.387,10079,0
20170131,48.309,49.044,48.309,49.044,97643,0
20170201,48.609,48.609,47.12,47.14,280713,0
20170202,47.16,48.117,46.714,46.986,176466,0
20170203,47.285,49.411,46.918,46.918,73185,0
20170206,47.16,47.674,47.053,47.391,279766,0
20170207,47.353,47.488,47.034,47.304,394114,0
20170208,47.855,47.855,47.454,47.594,79027,0
20170209,47.933,47.933,47.198,47.401,267488,0
20170210,47.936,48.172,47.591,48.032,234114,0
20170213,48.034,48.265,47.798,47.985,309277,0
20170214,48.014,48.304,47.611,47.778,495939,0
20170215,47.788,47.788,47.297,47.365,455737,0
20170216,47.847,47.985,47.739,47.945,600698,0
20170217,48.181,48.181,47.774,48.162,7165,0
20170221,48.083,49.411,47.886,48.594,18124,0
20170222,49.116,49.116,48.368,48.909,123053,0
20170223,48.968,49.332,48.771,49.273,191265,0
20170224,49.299,49.568,49.165,49.568,9822,0
20170227,49.284,49.568,49.284,49.568,112919,0
20170228,49.165,50.05,49.165,50.05,120627,0
20170301,49.902,50.109,49.411,50.109,555312,0
20170302,49.371,50.266,49.371,49.971,96836,0
20170303,50.128,50.128,49.4,49.479,15655,0
20170306,49.47,49.755,49.47,49.627,13736,0
20170307,49.656,49.676,49.302,49.322,457807,0
20170308,49.273,49.312,48.792,49.017,218217,0
20170309,49.391,49.42,48.909,49.057,16421,0
20170310,49.302,49.43,48.998,49.204,11129,0
20170313,49.479,49.548,49.253,49.529,201939,0
20170314,49.676,49.932,49.234,49.234,35973,0
20170315,49.558,50.835,49.558,49.991,41552,0
20170316,49.863,50.286,49.568,49.784,14911,0
20170317,49.745,53.255,49.607,50.079,293570,0
20170320,49.932,51.013,49.814,49.873,16043,0
20170321,49.676,51.466,49.676,50.492,144848,0
20170322,50.738,50.83,50.522,50.62,38145,0
20170323,50.482,52.085,50.276,50.305,219384,0
20170324,50.178,50.905,50.109,50.148,621853,0
20170327,50.158,50.227,49.833,49.883,368259,0
20170328,50.093,50.335,49.902,49.902,213641,0
20170329,49.886,50.148,49.735,49.735,83507,0
20170330,49.706,49.883,49.519,49.597,111141,0
20170331,49.706,50.148,49.666,50.03,162670,0
20170403,49.696,50.01,49.656,49.951,15986,0
20170404,49.804,50.079,49.656,49.745,32998,0
20170405,49.656,50.05,49.656,49.774,327021,0
20170406,50.03,50.178,49.875,49.981,691472,0
20170407,50.276,50.286,49.802,49.843,176160,0
20170410,49.666,50.06,49.607,49.951,153918,0
20170411,49.725,49.974,49.509,49.509,96564,0
20170412,49.597,50.05,49.597,49.853,10657,0
20170413,50.06,50.06,49.755,49.833,265707,0
20170417,49.411,50.178,49.411,49.912,100375,0
20170418,49.951,50.207,49.883,49.951,359402,0
20170419,49.912,49.951,49.597,49.814,18713,0
20170420,49.519,49.951,49.361,49.824,111774,0
20170421,49.971,50.178,49.45,49.45,360256,0
20170424,49.735,50.128,49.725,49.814,316637,0
20170425,49.854,49.854,49.755,49.794,35287,0
20170426,49.991,50.341,49.735,49.735,86295,0
20170427,49.873,49.883,49.411,49.863,274987,0
20170428,49.824,49.863,49.647,49.647,271690,0
20170501,49.724,49.724,49.558,49.558,73667,0
20170502,49.824,49.824,49.637,49.666,61352,0
20170503,49.666,49.676,49.411,49.411,23912,0
20170504,49.696,49.774,49.517,49.739,37297,0
20170505,49.666,50.128,49.666,50.089,269179,0
20170508,50.305,50.335,49.942,50.187,328938,0
20170509,50.197,50.355,49.666,49.666,21589,0
20170510,50.41,50.41,49.8,49.84,224273,0
20170511,50.09,50.09,49.8,50.03,13472,0
20170512,49.99,50.3,49.99,50.12,18900,0
20170515,50.05,50.38,49.92,50.17,73008,0
20170516,50.26,50.26,49.77,49.77,32643,0
20170517,49.97,50.31,49.74,49.81,122477,0
20170518,50,50.32,49.9,50.3,14837,0
20170519,50.39,50.44,49.93,50.44,8916,0
20170522,50.44,50.94,50.39,50.91,64918,0
20170523,50.74,51.05,50.74,50.78,152777,0
20170524,50.94,51.08,50.75,51.04,21882,0
20170525,51.79,51.79,50.974,51.27,246879,0
20170526,51.42,51.53,51.14,51.25,315073,0
20170530,51.24,51.4799,51.12,51.33,56504,0
20170531,51.41,51.8399,51.38,51.38,73694,0
20170601,51.34,51.97,51.25,51.72,499468,0
20170602,51.95,52.07,51.59,52.07,171029,0
20170605,52.32,52.32,51.57,51.75,11107,0
20170606,51.91,51.91,51.41,51.51,78232,0
20170607,51.32,51.81,51.32,51.7,52437,0
20170608,51.43,52.03,51.05,51.46,19554,0
20170609,52,52,50.87,51.05,332925,0
20170612,51.25,51.75,51.12,51.26,113933,0
20170613,51.29,51.45,51.14,51.42,92420,0
20170614,51.7,51.7,51.37,51.48,60821,0
20170615,51.65,51.77,51.3326,51.52,228002,0
20170616,51.62,51.95,51.62,51.92,343750,0
20170619,51.67,51.87,51.553,51.87,449716,0
20170620,51.93,51.93,51.68,51.86,70840,0
20170621,51.94,51.94,51.124,51.18,175294,0
20170622,51.3329,51.489,51.09,51.11,58231,0
20170623,51.11,51.34,50.88,51.27,979160,0
20170626,51.2,51.5799,50.9,50.99,18228,0
20170627,51.18,51.21,50.68,50.81,14381,0
20170628,51.089,51.1299,50.49,50.49,282306,0
20170629,50.3904,50.66,50.3904,50.52,257994,0
20170630,50.52,50.78,50.245,50.32,18718,0
20170703,50.24,50.49,50.1909,50.25,11640,0
20170705,50.21,50.29,50.0935,50.1778,284825,0
20170706,50.43,50.43,50.05,50.05,277616,0
20170707,50.01,50.27,50,50.1,69266,0
20170710,50.05,50.37,50,50.28,348092,0
20170711,50.59,50.59,50.169,50.23,257388,0
20170712,50.24,50.84,50.24,50.5,68313,0
20170713,50.44,50.64,50.28,50.34,273019,0
20170714,50.84,50.84,50.43,50.52,95072,0
20170717,50.69,50.94,50.5,50.61,65826,0
20170718,50.62,50.98,50.62,50.64,108936,0
20170719,50.66,50.98,50.6,50.85,99492,0
20170720,50.64,51.08,50.64,50.93,64056,0
20170721,50.93,51.19,50.75,51.19,215504,0
20170724,51.29,51.29,50.45,50.45,139299,0
20170725,50.87,51.76,50.5,50.7,20684,0
20170726,50.7,53.1499,50.5701,50.9,17069,0
20170727,51.78,51.78,50.6,50.76,38258,0
20170728,51.05,51.05,50.6532,50.81,61868,0
20170731,50.8199,50.99,50.7,50.98,19855,0
20170801,51.16,51.16,50.76,51,81114,0
