Date,Open,High,Low,Close,Volume,OpenInt
20090513,19,19,19,19,0,0
20090514,23,25,21.14,21.5,12200745,0
20090515,21.86,22.25,20.35,20.5,2039217,0
20090518,20.91,21.2,19.4,19.51,1403348,0
20090519,19.81,19.81,17.75,18.25,4192961,0
20090520,18.68,18.75,17.51,18.1,2312141,0
20090521,17.97,18.25,17,17.7,1357841,0
20090522,17.94,18.95,17.7,18.8,908988,0
20090526,18.64,19.45,18.31,18.75,1112202,0
20090527,18.75,18.75,17.5,17.72,784338,0
20090528,18.18,18.3,17.52,17.75,408027,0
20090529,17.75,18.75,17.7,18.03,307367,0
20090601,18.15,18.77,17.75,17.96,432227,0
20090602,18.04,18.25,17.76,17.89,290408,0
20090603,17.76,18.06,17.76,18.03,208923,0
20090604,18.25,18.43,17.88,17.94,190424,0
20090605,18,18.3,17.9,18.22,236842,0
20090608,17.87,18.2,17.87,18.19,248417,0
20090609,18.12,18.2,17.8,17.99,336902,0
20090610,18,18.2,17.91,18.1,197172,0
20090611,18.15,18.19,17.95,18.01,153685,0
20090612,18,18.13,17.8,18.13,142559,0
20090615,18.04,18.05,17.7,17.77,137500,0
20090616,17.65,17.92,17.01,17.05,537573,0
20090617,17.09,17.18,16.95,16.99,188638,0
20090618,17.14,17.88,17,17.63,140346,0
20090619,17.83,18.08,17.64,18.08,238950,0
20090622,17.9,18.08,17.51,17.63,186108,0
20090623,18.01,18.39,17.56,18.09,336795,0
20090624,18.2,18.75,18.09,18.62,396837,0
20090625,18.62,18.84,17.83,18.43,466124,0
20090626,18.29,19.22,18.19,19.14,1793191,0
20090629,19,19.12,18.58,19.12,229027,0
20090630,19.12,19.2,18.56,19.2,155687,0
20090701,19.24,19.64,18.97,19.03,275395,0
20090702,18.85,19.03,18.1,18.15,283986,0
20090706,18.45,18.45,17.91,18.07,119632,0
20090707,18.02,18.22,17.92,18.12,66038,0
20090708,18.06,18.15,17.76,18.05,222021,0
20090709,18.2,18.69,17.1,17.31,598580,0
20090710,17.25,17.49,17.12,17.4,217426,0
20090713,17.44,17.92,17.3,17.92,73568,0
20090714,17.95,18.12,17.88,18.12,64747,0
20090715,18.33,18.72,18.13,18.72,211370,0
20090716,18.51,18.87,18.5,18.7,169994,0
20090717,18.65,18.65,18.16,18.23,94291,0
20090720,18.44,18.53,18.17,18.41,77939,0
20090721,18.56,18.56,17.92,17.97,188607,0
20090722,17.88,18.28,17.81,17.97,139578,0
20090723,17.86,18.21,17.51,18.02,237828,0
20090724,17.78,18.25,17.78,17.98,100451,0
20090727,17.86,18.18,17.86,18,109185,0
20090728,17.98,18.05,17.75,17.92,164017,0
20090729,17.74,18.17,17.74,18.1,120727,0
20090730,18.29,18.4,17.97,18.02,252343,0
20090731,17.89,18.3,17.89,18.2,140568,0
20090803,18.2,18.7,18.11,18.62,410179,0
20090804,18.61,18.61,18.22,18.57,135160,0
20090805,18.59,18.59,17.91,17.99,127258,0
20090806,17.96,18.1,17.87,18.02,75412,0
20090807,18.29,18.75,18.05,18.61,228057,0
20090810,18.44,18.95,18.24,18.93,224459,0
20090811,19,19.38,18.5,18.73,378631,0
20090812,18.61,18.99,18.44,18.76,233658,0
20090813,18.4,19.07,18.27,19.06,401949,0
20090814,19.06,19.06,18.64,18.91,205529,0
20090817,18.65,19.44,18.38,19.08,411631,0
20090818,19.25,19.99,19.11,19.98,521284,0
20090819,19.8,20.12,19.5,20.07,383252,0
20090820,20.2,20.2,19.9,20.06,329791,0
20090821,20.18,20.7,20.01,20.66,315834,0
20090824,20.66,20.7,20.2,20.3,226833,0
20090825,20.26,20.5,19.79,19.84,149535,0
20090826,19.72,20.15,19.67,20.13,111044,0
20090827,20.23,20.23,19.7,20.1,115103,0
20090828,20.13,20.29,19.99,20.22,105946,0
20090831,20.13,20.13,19.92,20.06,79474,0
20090901,20.02,20.2,19.71,19.78,162031,0
20090902,19.58,19.78,19.5,19.71,86352,0
20090903,19.63,19.92,19.51,19.9,159445,0
20090904,19.8,20.04,19.77,19.95,100778,0
20090908,20.02,20.06,19.88,20.04,69457,0
20090909,20.02,20.02,19.65,19.89,118468,0
20090910,19.89,20.98,19.89,20.88,186632,0
20090911,20.73,20.79,20.11,20.39,123884,0
20090914,20.15,20.29,19.5,19.84,254164,0
20090915,20.3,21,20.14,20.89,244521,0
20090916,21.23,21.38,20.53,21.12,171108,0
20090917,21.02,21.04,20.57,20.95,86447,0
20090918,20.86,21.72,20.86,21.59,330414,0
20090921,21.49,21.84,21.09,21.81,132576,0
20090922,21.9,22.32,21.56,22.23,306490,0
20090923,22.48,22.62,22.09,22.13,247341,0
20090924,22.12,22.12,21.1,21.43,278808,0
20090925,21.49,21.6,21.26,21.35,234314,0
20090928,21.45,21.99,21.35,21.43,178398,0
20090929,21.35,21.55,21,21.27,169243,0
20090930,21.16,22.84,20.75,22.37,365696,0
20091001,22.35,22.54,21.25,21.33,266416,0
20091002,21.21,22.24,21.08,22.15,161570,0
20091005,22.21,22.92,22,22.62,162094,0
20091006,22.87,23,22.29,22.96,359418,0
20091007,23.19,24.24,22.58,23.02,1344302,0
20091008,24.11,24.43,21.66,22.22,753411,0
20091009,22.32,23.83,21.52,23.55,903395,0
20091012,23.6,23.9,23.21,23.43,259779,0
20091013,23.62,24.08,23.51,23.97,266480,0
20091014,24.16,24.2,23.77,23.98,114275,0
20091015,23.99,23.99,23.39,23.64,209762,0
20091016,23.6,23.96,23.37,23.9,305805,0
20091019,24.02,24.24,23.52,24.04,147892,0
20091020,24.2,25,23.82,25,318847,0
20091021,24.84,25.22,24.2,24.23,185968,0
20091022,24.26,24.49,23.5,24.09,226042,0
20091023,24.24,24.85,24.21,24.23,116265,0
20091026,24.19,24.28,22.92,22.96,138675,0
20091027,22.92,23.35,22.75,23.02,106666,0
20091028,22.84,23.36,22,22.01,177732,0
20091029,22.34,22.67,21.84,22.56,229811,0
20091030,22.5,22.55,22.07,22.33,152662,0
20091102,22.33,22.33,21.84,21.98,95453,0
20091103,21.75,21.98,21.57,21.84,218579,0
20091104,22,22.11,21.11,21.19,214073,0
20091105,21.28,22.32,21.28,22.24,297972,0
20091106,22.06,22.59,22,22.59,81290,0
20091109,22.73,23.45,22.51,23.4,142000,0
20091110,24.34,24.65,23.5,23.59,406067,0
20091111,23.93,24.1,23,23.98,257283,0
20091112,24.05,24.2,23.47,23.72,176984,0
20091113,23.89,25.08,23.25,25.04,446970,0
20091116,24.9,25.65,24.12,25.33,393024,0
20091117,25.16,25.9,25.07,25.79,150121,0
20091118,25.64,26,25.61,25.96,179815,0
20091119,25.88,25.96,25,25.41,233734,0
20091120,25.51,25.52,25.17,25.28,95994,0
20091123,25.45,26.02,25.45,25.56,242387,0
20091124,25.5,25.62,23.84,24.59,303996,0
20091125,24.76,25.08,24.49,25,97302,0
20091127,24.22,24.4,23.41,23.49,384148,0
20091130,23.56,24.12,22.98,23.01,771177,0
20091201,23.37,23.37,22.7,23,428358,0
20091202,22.97,23.2,22.82,22.98,322984,0
20091203,23,23.5,22.88,23.2,158676,0
20091204,23.64,23.8,22.92,23.26,160466,0
20091207,24.03,24.03,22.77,23,169395,0
20091208,22.73,23,22.5,22.88,299135,0
20091209,22.82,23,22.73,22.89,179906,0
20091210,22.92,22.99,22.7,22.9,169044,0
20091211,23,23.24,22.75,23.05,275225,0
20091214,23.14,23.44,22.95,23.38,324133,0
20091215,23.42,23.75,23.09,23.54,228328,0
20091216,23.48,24.07,23.48,23.89,449831,0
20091217,24.25,24.47,23.76,24.25,560855,0
20091218,24.54,24.54,23.75,24.01,377603,0
20091221,24.03,24.1,23.78,23.93,179777,0
20091222,24.09,24.14,23.88,24.01,105741,0
20091223,24.01,24.1,23.78,23.86,53451,0
20091224,23.85,24.12,23.8,24.04,116745,0
20091228,24,24.35,23.75,24.24,192360,0
20091229,24.23,24.7,24.2,24.25,55241,0
20091230,24.21,24.44,24.03,24.4,75206,0
20091231,24.42,24.47,24.2,24.2,117811,0
20100104,24.24,25.72,23.81,25.67,244939,0
20100105,25.6,25.79,24.9,25.29,367878,0
20100106,25.22,25.75,25.08,25.46,235956,0
20100107,25.63,25.68,25.06,25.58,112749,0
20100108,25.5,26.39,25.21,25.92,736111,0
20100111,26.26,26.26,25.87,26.05,299329,0
20100112,25.78,26,25.63,25.78,435122,0
20100113,25.75,25.9,25.57,25.57,105917,0
20100114,25.56,25.76,25.26,25.31,40767,0
20100115,25.24,25.37,24.75,24.9,241782,0
20100119,24.8,25.2,24.52,25.15,183733,0
20100120,25.01,25.01,24.28,24.77,167874,0
20100121,24.87,24.87,23.78,24.07,152179,0
20100122,23.93,24.03,23.26,23.42,127148,0
20100125,23.56,23.57,23.05,23.45,126523,0
20100126,23.28,23.44,22.71,22.77,79511,0
20100127,22.61,24.81,22.6,24.33,270305,0
20100128,24.26,24.45,23.31,23.81,123553,0
20100129,23.76,23.9,23.25,23.53,226484,0
20100201,23.56,23.68,22.55,23.22,247348,0
20100202,23.15,23.21,23.01,23.15,158416,0
20100203,22.97,23.12,22.84,23.04,122870,0
20100204,22.85,22.88,21.83,21.87,253493,0
20100205,21.98,22.8,20.69,22.71,325440,0
20100208,22.65,22.65,21.58,21.7,112562,0
20100209,21.9,22.06,21.48,21.73,215350,0
20100210,21.7,22.09,21.55,22.03,132584,0
20100211,21.89,22.26,21.79,22.03,142008,0
20100212,21.87,21.87,21.39,21.74,276017,0
20100216,21.85,22.41,21.83,22.26,148908,0
20100217,22.44,22.68,22.34,22.36,77190,0
20100218,22.21,22.3,21.95,22.13,161918,0
20100219,22.15,22.25,21.95,22.14,155819,0
20100222,22.11,22.47,22.1,22.15,91453,0
20100223,22.18,22.33,21.8,21.91,152569,0
20100224,22.05,22.21,21.68,21.69,479484,0
20100225,20.42,23.59,20.3,23.59,1532869,0
20100226,23.49,24.45,23.06,23.86,844283,0
20100301,23.76,24.6,23.73,24.1,329109,0
20100302,24.03,24.48,23.86,24.18,394958,0
20100303,24.1,24.25,23.88,24.03,166506,0
20100304,24.2,24.4,23.68,23.98,203217,0
20100305,24.02,24.5,23.92,24.42,134609,0
20100308,24.53,24.53,24.3,24.39,75949,0
20100309,24.27,24.65,24.07,24.6,135737,0
20100310,24.67,24.79,23.86,23.91,102048,0
20100311,24.11,24.93,23.73,24.93,228768,0
20100312,24.95,25,24.23,25,149440,0
20100315,25,25.06,24.81,25.05,243741,0
20100316,25.19,25.7,25,25.62,345898,0
20100317,25.56,25.81,25.01,25.37,244037,0
20100318,25.41,25.73,25.16,25.59,153851,0
20100319,25.58,25.69,24.95,25.51,355034,0
20100322,25.31,25.66,25.27,25.63,179933,0
20100323,25.51,25.9,25.43,25.83,92004,0
20100324,25.68,26.21,25.48,25.87,208187,0
20100325,25.97,26.17,25.71,25.94,228838,0
20100326,25.98,27.96,25.87,27.49,570585,0
20100329,27.4,28.2,27.2,28.15,430597,0
20100330,28.05,28.7,28.02,28.23,466134,0
20100331,28.17,28.9,27.81,27.95,384189,0
20100401,28.01,28.49,26.98,27.86,210292,0
20100405,27.9,28.25,27.71,28.13,115801,0
20100406,28,28.08,27.81,28,168929,0
20100407,27.83,28.16,27.27,27.68,167692,0
20100408,27.6,27.9,27.36,27.5,103328,0
20100409,27.52,27.93,27.5,27.7,139332,0
20100412,27.79,28.12,26.99,27.09,287782,0
20100413,26.98,26.98,26.22,26.55,117431,0
20100414,26.76,27.93,26.57,27.92,204813,0
20100415,27.92,28.18,27.78,27.83,196508,0
20100416,27.93,28.1,26.79,27.17,118415,0
20100419,26.87,27.15,26.84,26.92,116336,0
20100420,26.9,28.1,26.9,28.08,160685,0
20100421,28.13,28.55,28.02,28.45,236716,0
20100422,28.17,28.34,27.68,27.99,216228,0
20100423,27.91,28.31,27.43,27.76,177657,0
20100426,27.81,28.45,27.67,28.09,190639,0
20100427,27.89,28.51,27.57,27.6,71788,0
20100428,27.68,28,27.03,27.35,49470,0
20100429,27.59,28.18,27.18,28.09,48403,0
20100430,28.02,28.1,26.5,26.56,119460,0
20100503,26.56,27.39,26.13,27.3,134013,0
20100504,27,27,26.16,26.6,172498,0
20100505,26.9,28.51,26.6,28.47,578638,0
20100506,28.2,28.7,26.8,27.25,401918,0
20100507,27.08,27.4,26.26,26.39,412849,0
20100510,27.35,28.17,27.25,28.17,173639,0
20100511,27.89,28.55,27.7,28.48,180623,0
20100512,28.63,28.83,28.41,28.75,207158,0
20100513,28.65,28.85,28.65,28.8,165853,0
20100514,28.57,28.8,28.48,28.73,381796,0
20100517,28.68,28.8,27.93,28.45,109712,0
20100518,28.5,29.1,28.17,28.4,279257,0
20100519,28.36,28.36,27.52,28.02,168420,0
20100520,27.59,27.59,25.95,25.99,229846,0
20100521,25.72,25.92,25.05,25.4,302920,0
20100524,25.3,26.68,25.15,26.1,151960,0
20100525,25.62,26.37,25.39,26.3,215751,0
20100526,26.37,27.7,26.36,27.23,508774,0
20100527,27.81,28.06,27.61,28,221994,0
20100528,27.96,28.09,27.63,27.97,201560,0
20100601,27.68,28.13,27.17,27.17,145164,0
20100602,27.19,27.75,26.95,27.67,156397,0
20100603,27.95,28,27.52,27.91,97828,0
20100604,27.38,27.47,26.06,26.17,131956,0
20100607,26.34,26.34,25.02,25.13,183853,0
20100608,25.14,25.43,24.31,24.66,209812,0
20100609,24.86,25.24,24.72,25.03,117932,0
20100610,25.4,25.88,25.35,25.59,701447,0
20100611,25.35,25.84,25.35,25.84,269351,0
20100614,25.96,26.45,25.67,26.04,112363,0
20100615,26.12,26.8,25.9,26.53,182613,0
20100616,26.34,26.5,26,26.13,80375,0
20100617,26.13,26.75,26.02,26.67,82001,0
20100618,26.64,27.29,26.53,27.12,149857,0
20100621,27.35,27.62,26.28,26.45,150960,0
20100622,26.46,27,26.42,26.55,75900,0
20100623,26.44,27.24,26.38,27,104267,0
20100624,26.91,27.31,26.65,26.91,121574,0
20100625,26.95,27.81,26.8,27.69,1283411,0
20100628,27.64,27.9,27.27,27.3,190050,0
20100629,27.02,27.05,26.02,26.3,230189,0
20100630,26.36,26.92,26.05,26.3,110036,0
20100701,26.21,26.88,25.89,26.81,266848,0
20100702,26.89,27.07,26.52,26.74,155941,0
20100706,27.18,27.47,26.14,26.15,179233,0
20100707,26.18,26.24,25.58,26.05,246645,0
20100708,26.15,26.5,25.79,26.1,130029,0
20100709,25.98,26.4,25.58,25.85,134141,0
20100712,25.7,25.79,25.2,25.48,181864,0
20100713,25.75,25.86,25.54,25.62,295152,0
20100714,25.49,25.84,25.23,25.59,198197,0
20100715,25.54,25.99,25.54,25.82,160850,0
20100716,25.73,25.88,25.11,25.13,167266,0
20100719,25.23,25.5,25.06,25.48,74011,0
20100720,25.18,25.64,25.06,25.5,195763,0
20100721,25.72,25.75,25.19,25.27,181971,0
20100722,25.64,26.4,25.55,26.32,227494,0
20100723,26.14,27.12,26.06,26.93,97274,0
20100726,27.08,27.24,26.83,27.24,132250,0
20100727,27.34,27.73,27.25,27.69,167138,0
20100728,27.55,27.95,27.28,27.52,166982,0
20100729,27.8,27.97,27.03,27.25,147209,0
20100730,27,27.4,26.97,27.26,219250,0
20100802,27.71,27.92,27.34,27.52,279172,0
20100803,27.5,27.79,27.14,27.25,176947,0
20100804,27.25,28,27.1,27.83,303533,0
20100805,27.6,27.74,27.36,27.63,96841,0
20100806,27.2,27.74,27.12,27.72,157158,0
20100809,30.81,32.19,30.47,31.44,2257905,0
20100810,30.54,30.8,29.61,30.09,636838,0
20100811,29.43,29.8,29.02,29.38,230207,0
20100812,29.03,30.1,28.66,29.15,290273,0
20100813,29.07,29.64,29,29.52,306258,0
20100816,29.51,30.18,29.29,30,264346,0
20100817,30.19,30.46,29.96,30.32,168491,0
20100818,30.18,30.48,29.72,30.34,262034,0
20100819,30.83,30.83,30.35,30.71,391592,0
20100820,30.54,31.39,30.41,31.38,304688,0
20100823,31.19,31.2,30.34,30.57,230105,0
20100824,29.98,30.91,29.75,30.88,256952,0
20100825,30.52,30.97,30.31,30.7,187205,0
20100826,30.89,30.9,30.22,30.24,118644,0
20100827,30.59,31.04,30,31,135699,0
20100830,30.97,31,30.63,30.73,131672,0
20100831,30.67,30.92,30.4,30.67,189263,0
20100901,31.13,31.5,30.98,31.5,257672,0
20100902,31.34,31.56,31.17,31.32,170427,0
20100903,31.54,31.59,31.11,31.44,236067,0
20100907,31.43,31.92,31.2,31.66,161339,0
20100908,31.69,31.96,31.68,31.88,103102,0
20100909,32.03,32.18,31.26,31.72,118886,0
20100910,31.87,32.13,31.76,32.11,114913,0
20100913,32.47,32.5,32.02,32.24,133015,0
20100914,31.41,31.54,30.81,31.37,325585,0
20100915,30.73,31.17,30.27,30.6,470760,0
20100916,30.85,30.97,30,30.49,3407782,0
20100917,30.37,32.19,30.2,32.13,805441,0
20100920,32.13,32.5,31.5,32.46,537328,0
20100921,32.5,32.6,32.32,32.38,299964,0
20100922,32.14,32.35,31.57,31.9,190185,0
20100923,31.6,31.6,30.89,31.07,316000,0
20100924,31.31,31.5,30.81,31.39,356849,0
20100927,32.19,32.19,31.05,31.1,367594,0
20100928,31.46,31.47,30.25,30.76,431989,0
20100929,30.6,30.85,30.43,30.61,363975,0
20100930,30.7,30.8,30.12,30.4,437258,0
20101001,30.64,30.74,30.19,30.61,354100,0
20101004,30.46,30.65,30.3,30.57,292173,0
20101005,30.78,31.91,30.73,31.8,414903,0
20101006,31.7,31.95,30.52,30.93,352238,0
20101007,30.94,31.77,30.85,31.7,307595,0
20101008,31.78,31.97,31.55,31.76,213176,0
20101011,31.67,31.95,31.46,31.64,105864,0
20101012,31.68,32,31.51,31.78,221866,0
20101013,32,33.08,31.92,32.95,592649,0
20101014,33.01,33.16,32.59,32.88,432368,0
20101015,32.92,32.93,32.48,32.58,274175,0
20101018,32.64,32.7,32.39,32.53,179637,0
20101019,32.2,32.7,32.04,32.23,256996,0
20101020,32.39,32.6,32.06,32.27,73643,0
20101021,32.3,32.55,32.05,32.26,121957,0
20101022,32.22,32.25,31.75,32.11,80715,0
20101025,32.18,32.6,32.13,32.44,164585,0
20101026,32.39,32.73,32.16,32.41,86029,0
20101027,32.14,32.36,31.82,32.27,88415,0
20101028,32.49,32.61,32.02,32.37,165859,0
20101029,32.38,32.85,32.19,32.65,328392,0
20101101,32.7,33.05,32.16,32.5,255341,0
20101102,32.73,32.84,32.1,32.66,293528,0
20101103,32,32.4,29.75,30.75,2164120,0
20101104,30.9,31.12,30.79,30.88,500781,0
20101105,30.72,31.09,30.61,30.71,272427,0
20101108,30.56,31.15,30.52,30.99,173793,0
20101109,31.09,31.14,30.54,30.62,210223,0
20101110,30.57,30.66,30,30.25,252314,0
20101111,30.05,30.69,29.83,30.31,239513,0
20101112,30.23,30.56,29.75,30.38,277715,0
20101115,30.53,30.54,29.63,29.67,250578,0
20101116,29.52,29.56,28.8,29.08,200053,0
20101117,28.78,29.06,28.21,28.71,702766,0
20101118,29.04,30.18,28.92,30.16,454335,0
20101119,30.24,30.55,29.86,30.51,246743,0
20101122,30.28,30.73,30.13,30.58,170559,0
20101123,30.32,30.64,30.25,30.45,262696,0
20101124,30.7,30.85,30.48,30.63,130173,0
20101126,30.45,30.81,30.43,30.58,32591,0
20101129,30.41,30.41,29.81,30.1,113407,0
20101130,29.95,29.99,29.5,29.53,271339,0
20101201,29.75,30.11,29.49,29.98,251926,0
20101202,30.12,30.79,30.09,30.59,170580,0
20101203,30.65,30.69,30.38,30.58,101662,0
20101206,30.57,30.65,30.42,30.6,112753,0
20101207,30.81,31.15,30.66,31.1,180033,0
20101208,31.05,31.26,30.93,30.96,157836,0
20101209,31.07,31.07,30.59,30.7,131268,0
20101210,30.84,31.14,30.4,31,152168,0
20101213,31,31.41,30.88,31.12,235544,0
20101214,31.28,31.28,31.02,31.24,291464,0
20101215,31.44,31.58,31.04,31.51,288975,0
20101216,31.48,31.66,30.75,31.11,264236,0
20101217,31.15,31.64,31.01,31.64,204157,0
20101220,31.63,31.85,31.19,31.31,283984,0
20101221,31.49,31.93,31.43,31.67,268381,0
20101222,31.61,31.97,31.33,31.76,147683,0
20101223,31.72,31.76,31.4,31.68,67252,0
20101227,31.61,31.92,31.5,31.76,61681,0
20101228,31.77,31.85,31.23,31.59,94917,0
20101229,31.7,31.73,31.18,31.19,70197,0
20101230,31.23,31.53,31.16,31.3,133984,0
20101231,31.37,31.77,31.31,31.71,87445,0
20110103,31.61,31.84,31.17,31.18,356449,0
20110104,31.21,31.26,30.1,30.5,329474,0
20110105,30.5,30.75,30.43,30.56,383131,0
20110106,30.5,30.68,30.34,30.54,523342,0
20110107,30.38,30.63,30.08,30.46,405986,0
20110110,30.28,30.52,30.03,30.05,346496,0
20110111,30.26,30.29,29.89,30.06,422145,0
20110112,30.14,30.25,29.9,30.14,337778,0
20110113,30.21,31.94,30.21,31.23,409810,0
20110114,31.29,31.43,31.06,31.1,155108,0
20110118,31,31.57,30.95,31.17,225048,0
20110119,31.22,31.32,30.72,30.77,307779,0
20110120,30.58,31.21,30.51,30.99,281479,0
20110121,30.97,31.14,30.74,30.97,198820,0
20110124,30.88,31.08,30.75,30.83,85461,0
20110125,30.79,31.04,30.7,30.9,202199,0
20110126,30.83,31.1,30.72,30.9,221642,0
20110127,30.83,30.98,30.52,30.79,112124,0
20110128,30.81,30.86,30.24,30.57,297108,0
20110131,30.66,30.89,30.28,30.71,121947,0
20110201,30.88,31.26,30.66,30.99,249698,0
20110202,30.86,31.18,30.3,30.41,174429,0
20110203,30.35,30.35,30.03,30.12,133930,0
20110204,30.02,30.1,29.85,29.93,91621,0
20110207,30,30.16,29.64,29.86,235749,0
20110208,29.82,29.95,29.63,29.8,118585,0
20110209,29.71,29.8,29.24,29.48,133542,0
20110210,29.3,29.79,29.2,29.65,162772,0
20110211,29.64,30.15,29.51,29.96,187002,0
20110214,30.01,30.67,29.78,30.52,153726,0
20110215,30.49,30.81,30.35,30.39,144043,0
20110216,30.43,30.55,30.05,30.51,87446,0
20110218,30.69,31.81,30.23,31.58,316167,0
20110222,31.37,31.63,30.54,30.78,191191,0
20110223,30.7,30.91,29.3,29.6,194532,0
20110224,29.61,29.99,29.02,29.93,185968,0
20110225,30.24,32.5,30.14,32.5,491931,0
20110228,32.5,32.82,31.84,32.28,409373,0
20110301,29.62,31.31,29.03,31.31,1574622,0
20110302,31.08,31.08,29.57,30.17,510241,0
20110303,30.71,31.53,30.24,31.02,357063,0
20110304,30.89,31.07,30.55,30.88,307157,0
20110307,30.85,30.98,29.85,30.25,276412,0
20110308,30.32,30.45,29.96,30.13,314187,0
20110309,30.12,30.35,29.89,30.09,128733,0
20110310,29.76,29.98,29.29,29.61,229076,0
20110311,29.46,29.96,29.1,29.7,217090,0
20110314,29.43,29.8,29.24,29.62,288565,0
20110315,29.11,29.69,28.79,29.24,337566,0
20110316,29.21,29.5,28.99,29.11,360622,0
20110317,29.52,29.86,29.35,29.52,373985,0
20110318,29.7,29.77,29.28,29.73,286561,0
20110321,29.95,30.58,29.48,29.62,589336,0
20110322,29.52,29.62,28.85,29.08,377393,0
20110323,29,29.18,28.59,28.82,420134,0
20110324,29.02,29.19,28.74,29.02,296748,0
20110325,29.1,29.24,28.74,28.79,236456,0
20110328,28.8,29.07,28.65,28.73,326008,0
20110329,28.62,28.62,28.11,28.29,330958,0
20110330,28.41,28.56,28.21,28.35,167233,0
20110331,28.18,28.43,28,28.03,282949,0
20110401,28.35,28.74,28.06,28.39,278557,0
20110404,28.25,28.26,27.3,27.42,358124,0
20110405,27.42,28.09,26.97,27.98,196488,0
20110406,28.04,28.3,27.96,28.29,200099,0
20110407,28.29,28.44,28.1,28.25,190955,0
20110408,28.41,28.41,28.13,28.3,211153,0
20110411,28.25,28.33,27.92,28.28,312898,0
20110412,28.05,28.52,27.88,28.42,273489,0
20110413,28.48,28.5,28.05,28.33,240070,0
20110414,28.13,28.66,27.97,28.4,316499,0
20110415,28.35,28.54,28.13,28.51,326199,0
20110418,28.15,28.37,27.98,28.35,212901,0
20110419,28.39,28.53,28.05,28.32,318080,0
20110420,29.16,29.16,28.16,28.68,259560,0
20110421,28.73,29.09,28.65,28.95,223889,0
20110425,28.55,28.95,28.54,28.81,80599,0
20110426,28.9,29.04,28.8,28.89,144896,0
20110427,28.99,29.26,28.83,28.94,328526,0
20110428,29.02,29.16,28.87,28.99,180041,0
20110429,29.07,29.34,28.96,29,155347,0
20110502,29.17,29.39,28.61,28.61,245170,0
20110503,28.28,28.75,28.11,28.72,352451,0
20110504,25.26,26.45,25.23,25.83,2117928,0
20110505,25.54,26.13,25.32,25.82,527747,0
20110506,25.96,26.18,25.14,25.23,363056,0
20110509,25.26,25.43,24.81,24.95,385405,0
20110510,25.1,25.17,24.82,24.97,250240,0
20110511,24.87,24.98,24.33,24.39,205741,0
20110512,24.26,24.8,23.96,24.54,398975,0
20110513,24.52,24.6,24.11,24.33,234614,0
20110516,24.3,24.36,23.6,23.6,279305,0
20110517,23.45,24.28,23.31,24.19,292340,0
20110518,24.23,24.87,24.16,24.84,349922,0
20110519,24.74,25.17,24.74,24.97,310830,0
20110520,25,25,24.48,24.64,251496,0
20110523,24.39,24.68,24.22,24.6,616839,0
20110524,24.6,24.6,24,24.04,217706,0
20110525,24.01,24.46,23.91,24.34,247735,0
20110526,24.21,24.44,24.17,24.35,257448,0
20110527,24.48,24.83,24.34,24.51,147824,0
20110531,24.79,24.92,24.26,24.62,409093,0
20110601,24.54,24.65,23.99,24.01,215738,0
20110602,24.07,24.18,23.94,24.07,286593,0
20110603,23.75,24.07,23.72,23.9,183245,0
20110606,24.56,24.76,24.15,24.5,353813,0
20110607,24.64,24.76,24.45,24.67,270881,0
20110608,24.58,24.82,24.45,24.5,212534,0
20110609,24.5,24.74,24.35,24.72,176935,0
20110610,24.57,24.8,24.37,24.4,195706,0
20110613,24.52,24.63,24.31,24.31,188253,0
20110614,24.58,24.75,24.45,24.65,235242,0
20110615,24.46,24.54,23.98,24.1,314017,0
20110616,24.11,24.32,23.99,24.01,374070,0
20110617,24.07,24.31,23.56,23.59,521644,0
20110620,23.54,23.86,23.54,23.85,263494,0
20110621,24.01,24.26,23.94,24.05,153751,0
20110622,23.91,24.33,23.87,24.04,148876,0
20110623,23.78,24.21,23.51,23.96,167751,0
20110624,23.99,24.3,23.84,24.24,869120,0
20110627,24.27,25.1,24.26,25.05,195228,0
20110628,25.02,25.45,24.92,25.45,179615,0
20110629,25.53,25.6,25.21,25.33,151508,0
20110630,25.29,25.7,25.29,25.41,150579,0
20110701,25.43,25.85,25.1,25.76,160504,0
20110705,25.74,25.85,25.43,25.63,274305,0
20110706,25.58,25.75,25.42,25.55,119151,0
20110707,25.8,26.11,25.39,26.05,129044,0
20110708,25.71,26.01,25.42,25.54,127376,0
20110711,25.27,25.27,24.92,25.04,125952,0
20110712,25.05,25.54,25.01,25.09,353833,0
20110713,25.27,25.27,24.89,25.04,272870,0
20110714,25.15,25.15,24.47,24.62,179974,0
20110715,24.74,24.84,23.79,24.05,454141,0
20110718,24.37,24.87,23.6,24.13,376250,0
20110719,24.37,24.57,24.13,24.57,199335,0
20110720,24.65,24.98,24.47,24.87,371933,0
20110721,24.99,25.5,24.98,25.36,141095,0
20110722,26.14,26.14,25.45,25.95,241328,0
20110725,25.69,25.72,25.25,25.3,95979,0
20110726,25.3,27.31,25.3,26.78,546447,0
20110727,26.48,26.78,25.9,26.3,293633,0
20110728,26.3,26.6,26.1,26.15,163202,0
20110729,26.15,26.45,25.66,26.12,281576,0
20110801,26.37,26.5,25.42,25.53,285216,0
20110802,25.45,25.89,24.41,24.44,479129,0
20110803,26.44,27.42,25.52,26.53,703103,0
20110804,26.18,26.66,24.62,24.7,640369,0
20110805,25.01,25.26,23.47,23.56,512949,0
20110808,22.57,23.05,20.8,20.81,801105,0
20110809,21.24,21.45,19.8,20.65,754633,0
20110810,20.26,20.5,18.8,18.82,782143,0
20110811,18.94,19.15,18,18.77,1414764,0
20110812,18.95,19.94,18.71,19.73,802226,0
20110815,20.02,20.97,19.8,20.91,234471,0
20110816,20.65,20.94,20.33,20.77,311595,0
20110817,20.88,21.61,20.84,21.26,351666,0
20110818,20.6,20.6,19.83,20,340132,0
20110819,19.66,20.31,19.5,19.68,320203,0
20110822,20.19,20.51,20.01,20.19,382323,0
20110823,20.32,21,20.15,20.99,233760,0
20110824,20.9,21.02,20.25,20.84,185693,0
20110825,21.06,21.2,20.35,20.54,182524,0
20110826,20.41,20.87,20.09,20.86,137682,0
20110829,21.24,22.43,21.11,22.34,207654,0
20110830,22.25,22.8,22.12,22.62,189062,0
20110831,22.73,23,22.47,22.66,221371,0
20110901,22.64,22.77,21.72,21.86,308895,0
20110902,21.07,21.79,20.85,20.93,305892,0
20110906,20.31,20.76,20.18,20.69,194861,0
20110907,21.08,21.66,20.96,21.66,149766,0
20110908,21.47,21.67,20.55,20.73,226092,0
20110909,20.57,20.69,19.86,20.21,218348,0
20110912,19.85,20.48,19.63,20.41,229119,0
20110913,20.43,20.89,20.06,20.83,205384,0
20110914,20.99,21.5,20.59,21.24,156005,0
20110915,21.48,21.48,20.9,21.18,137435,0
20110916,21.27,21.53,20.93,21.5,364896,0
20110919,21.06,21.06,20.48,20.73,149777,0
20110920,20.85,21.08,20.45,20.7,200170,0
20110921,20.7,20.76,19.99,20.14,272981,0
20110922,19.52,20.05,19.52,19.75,416704,0
20110923,19.75,20.35,19.74,20.27,209520,0
20110926,20.43,20.49,19.81,20.42,197463,0
20110927,20.73,21.36,20.45,20.69,198874,0
20110928,20.74,20.74,19.64,19.65,138060,0
20110929,20.07,20.53,19.45,20.02,119958,0
20110930,19.72,20.02,19.34,19.43,213115,0
20111003,19.32,19.62,18.3,18.33,251902,0
20111004,18.14,19.07,17.89,19,274627,0
20111005,19.08,19.98,18.88,19.94,297571,0
20111006,19.88,20.5,19.85,20.36,298580,0
20111007,20.42,20.68,19.83,20.17,518329,0
20111010,20.56,20.9,20.38,20.88,364680,0
20111011,20.77,20.86,20.48,20.7,150532,0
20111012,20.92,21.58,20.71,21.38,212653,0
20111013,21.18,21.18,20.29,20.55,137979,0
20111014,20.82,20.98,20.66,20.83,175527,0
20111017,20.66,20.73,19.48,19.56,216859,0
20111018,19.63,19.99,19.35,19.79,229342,0
20111019,19.74,20.1,19.47,19.5,182110,0
20111020,19.55,19.55,18.84,19.44,141482,0
20111021,19.81,19.97,19.54,19.96,123131,0
20111024,20.04,20.44,19.84,20.19,230456,0
20111025,20.15,20.15,19.36,19.42,137065,0
20111026,19.8,19.84,19.35,19.68,203762,0
20111027,20.34,22,20.21,21.88,469890,0
20111028,21.88,22.08,21.36,21.42,180528,0
20111031,21.09,21.09,20.4,20.4,194740,0
20111101,19.58,19.58,17.61,18.25,848818,0
20111102,19.13,19.69,18.11,18.26,398343,0
20111103,18.63,18.72,17.75,18.31,254836,0
20111104,18.09,18.17,17.51,17.66,196121,0
20111107,17.75,17.77,17.21,17.44,294938,0
20111108,17.51,17.58,16.97,17.44,329546,0
20111109,17.02,17.02,16.51,16.76,307015,0
20111110,17.03,17.19,16.69,17.02,333048,0
20111111,17.23,17.76,17.16,17.6,312566,0
20111114,17.43,17.66,16.79,16.91,343085,0
20111115,16.84,17.23,16.84,16.94,395508,0
20111116,16.75,16.91,16.69,16.81,572494,0
20111117,16.81,16.81,16.05,16.13,254630,0
20111118,16.13,16.25,15.87,16.04,466168,0
20111121,15.72,15.94,15.63,15.76,262160,0
20111122,15.75,16,15.4,15.4,154000,0
20111123,15.21,15.3,14.57,14.65,182679,0
20111125,14.55,14.73,14.23,14.23,107130,0
20111128,14.77,15.24,14.6,15.1,272729,0
20111129,15.09,15.18,13.59,14.02,860760,0
20111130,14.5,14.93,14.42,14.9,769318,0
20111201,15.01,15.17,14.9,15.04,460724,0
20111202,15.26,15.65,15.09,15.4,532797,0
20111205,15.7,16.11,15.48,15.99,374862,0
20111206,15.85,16.02,15.53,15.73,257748,0
20111207,15.6,16.24,15.6,16.08,282457,0
20111208,15.89,16.04,15.15,15.2,247415,0
20111209,15.2,15.77,15.1,15.57,262269,0
20111212,15.35,15.45,15.09,15.34,180910,0
20111213,15.51,16.07,15.51,15.79,475294,0
20111214,15.67,15.95,15.41,15.51,435787,0
20111215,15.76,15.92,15.55,15.79,180030,0
20111216,15.73,16.27,15.54,16.24,445611,0
20111219,16.32,16.49,15.5,15.55,387563,0
20111220,15.91,16.19,15.84,16.1,224376,0
20111221,16.02,16.02,15.54,15.89,320398,0
20111222,15.91,16.34,15.89,16.29,464281,0
20111223,16.38,16.4,16.14,16.17,150687,0
20111227,16.25,16.82,16.1,16.59,291392,0
20111228,16.56,16.57,16.3,16.38,160125,0
20111229,16.47,16.76,16.47,16.7,223613,0
20111230,16.62,17.29,16.6,17.11,279412,0
20120103,17.52,17.59,16.12,16.2,640677,0
20120104,16.14,16.33,15.72,15.83,261127,0
20120105,15.76,16.31,15.54,16.26,359147,0
20120106,16.28,16.36,15.97,16.05,234025,0
20120109,16.16,16.81,16,16.55,237184,0
20120110,16.79,17.17,16.64,17.08,183055,0
20120111,17,17.23,16.77,16.96,142867,0
20120112,16.9,17.08,16.36,17.05,251701,0
20120113,16.81,16.98,16.41,16.45,120163,0
20120117,16.61,16.89,16.28,16.31,110500,0
20120118,16.25,16.79,16.25,16.73,135734,0
20120119,16.77,17.08,16.46,16.94,211843,0
20120120,16.98,17.35,16.73,16.82,165980,0
20120123,16.82,16.82,16.34,16.45,203515,0
20120124,16.37,16.47,16.15,16.29,142839,0
20120125,16.33,16.35,16.1,16.27,145746,0
20120126,16.38,16.41,16.03,16.1,90349,0
20120127,16.02,16.12,15.68,15.75,332700,0
20120130,15.62,15.93,15.5,15.78,421053,0
20120131,15.92,16.06,15.58,15.69,202438,0
20120201,15.85,16.13,15.66,16.06,421952,0
20120202,16.05,16.23,15.9,16.02,295415,0
20120203,16.31,16.34,15.99,16,272357,0
20120206,15.96,16.09,15.86,16.01,237897,0
20120207,16.03,16.95,15.97,16.77,234045,0
20120208,16.76,16.93,16.59,16.7,203247,0
20120209,16.78,16.87,16.71,16.78,122378,0
20120210,16.56,16.75,16.52,16.67,171072,0
20120213,16.74,17.18,16.73,17.06,260119,0
20120214,17.04,17.27,16.91,17.27,242835,0
20120215,17.34,17.36,13.78,15.55,3029430,0
20120216,16.43,16.89,16.06,16.57,780044,0
20120217,16.52,16.84,16.32,16.44,444204,0
20120221,16.49,16.49,16.02,16.08,358669,0
20120222,16.03,16.18,15.84,15.84,249588,0
20120223,15.93,16.04,15.59,15.9,209713,0
20120224,15.87,16.03,15.74,15.76,171239,0
20120227,15.67,15.67,15.43,15.48,202339,0
20120228,15.51,15.81,15.4,15.52,220640,0
20120229,15.67,15.83,15.38,15.38,227423,0
20120301,14.12,14.4,12.93,12.96,2665077,0
20120302,13.05,13.23,12.35,12.41,1730158,0
20120305,12.44,12.56,12.17,12.21,599489,0
20120306,12.16,12.28,11.69,11.8,556564,0
20120307,11.95,12,11.75,11.9,325520,0
20120308,12.01,12.19,11.86,12.13,838768,0
20120309,12.16,12.96,12.15,12.87,1575335,0
20120312,12.89,13.21,12.67,12.69,566833,0
20120313,12.89,13.19,12.81,13.09,1448595,0
20120314,13.35,13.7,13.14,13.24,1116128,0
20120315,13.33,13.65,13.17,13.45,568717,0
20120316,13.43,13.57,13.3,13.38,385080,0
20120319,13.75,14.13,13.53,13.8,740596,0
20120320,13.67,13.89,13.39,13.8,413845,0
20120321,13.79,13.9,13.52,13.81,333636,0
20120322,13.67,13.69,13.29,13.56,292672,0
20120323,13.54,13.98,13.5,13.93,351556,0
20120326,14.2,14.36,13.73,13.79,476395,0
20120327,13.83,13.86,13.41,13.42,253738,0
20120328,13.47,13.68,13.26,13.3,306338,0
20120329,13.23,13.38,13.03,13.34,228534,0
20120330,13.43,13.61,13.31,13.34,276394,0
20120402,13.35,13.68,13.26,13.38,329413,0
20120403,13.35,13.51,13.09,13.19,241068,0
20120404,13,13.09,12.84,13,275412,0
20120405,12.98,12.98,12.74,12.78,135316,0
20120409,12.61,12.68,12.38,12.58,382390,0
20120410,12.59,12.64,11.78,12.22,544251,0
20120411,12.35,13.14,12.29,12.57,570137,0
20120412,12.61,13.2,12.59,12.92,626620,0
20120413,12.88,12.88,12.45,12.63,411202,0
20120416,12.69,12.81,12.43,12.46,233852,0
20120417,12.54,12.8,12.5,12.6,282220,0
20120418,12.55,12.68,12.32,12.34,296909,0
20120419,12.35,12.5,12.15,12.2,203260,0
20120420,12.35,12.59,12.15,12.19,293161,0
20120423,11.99,12.1,11.61,11.83,375764,0
20120424,11.84,12.25,11.73,12.15,213223,0
20120425,12.38,12.5,12.14,12.36,241907,0
20120426,12.37,12.41,12.19,12.3,135490,0
20120427,12.36,12.46,12.23,12.31,262139,0
20120430,12.3,12.44,12.17,12.27,411097,0
20120501,12.24,12.48,12.21,12.28,435900,0
20120502,13.38,13.74,13,13.57,1817324,0
20120503,13.6,13.75,13.26,13.52,802964,0
20120504,15.99,16.67,15.04,16.44,4691420,0
20120507,15.48,15.88,14.85,15.06,1454734,0
20120508,14.9,15.51,14.76,15.45,956212,0
20120509,15.35,16.5,15.22,16.44,1057741,0
20120510,16.56,16.58,16.02,16.14,487773,0
20120511,16,16.41,15.57,16.37,883402,0
20120514,16.14,16.61,16.02,16.36,407798,0
20120515,16.42,16.48,16,16.31,358161,0
20120516,16.34,16.46,15.73,15.85,335167,0
20120517,15.74,15.93,15.08,15.29,426994,0
20120518,15.26,15.6,15.26,15.45,357867,0
20120521,15.5,15.63,15.35,15.53,378290,0
20120522,15.56,15.9,15.41,15.82,308446,0
20120523,15.66,15.87,15.27,15.86,224362,0
20120524,15.51,15.72,15.51,15.69,110077,0
20120525,15.74,17.31,15.74,16.76,927468,0
20120529,16.93,17.21,16.16,16.33,227708,0
20120530,16.23,16.4,15.89,16.17,286525,0
20120531,16.2,16.33,15.92,16.16,124012,0
20120601,15.77,15.81,15.28,15.4,286350,0
20120604,15.43,15.43,15.17,15.34,227179,0
20120605,14.73,15.9,14.64,15.6,317519,0
20120606,15.87,16.25,15.78,16.24,280231,0
20120607,16.36,16.39,15.73,15.77,130783,0
20120608,15.75,15.83,15.43,15.57,193278,0
20120611,15.79,15.99,14.58,14.61,283632,0
20120612,14.7,15.11,14.58,14.77,566731,0
20120613,14.75,15.24,14.6,14.93,167513,0
20120614,14.97,15.16,14.76,15.05,201669,0
20120615,14.96,15.22,14.82,15.05,257640,0
20120618,15.71,15.96,15.33,15.61,299252,0
20120619,15.65,16.19,15.59,16.04,236397,0
20120620,16.05,16.05,15.36,15.47,240552,0
20120621,15.5,15.71,15,15.22,149767,0
20120622,15.34,15.63,15.11,15.6,586326,0
20120625,14.97,15.4,14.65,15.34,381760,0
20120626,15.4,15.4,14.75,14.86,381212,0
20120627,15.06,15.28,14.74,15,222671,0
20120628,14.84,15.05,14.4,14.65,286841,0
20120629,15.03,15.2,14.8,15.16,304461,0
20120702,15.23,16.1,15.21,16,218266,0
20120703,16.05,16.45,15.91,16.39,102816,0
20120705,16.18,16.19,15.03,15.5,342576,0
20120706,15.36,15.7,15.17,15.36,171217,0
20120709,15.29,15.48,15.09,15.17,171935,0
20120710,15.32,15.68,15.23,15.31,140370,0
20120711,15.36,15.43,15.09,15.31,104195,0
20120712,15.15,15.39,15.06,15.23,114933,0
20120713,15.3,15.39,14.99,15.01,118073,0
20120716,15.04,15.2,14.77,14.86,48900,0
20120717,14.9,15.04,14.42,14.47,124325,0
20120718,14.52,14.71,14.24,14.46,118849,0
20120719,14.48,14.61,14.39,14.58,120262,0
20120720,14.46,14.66,14.2,14.22,99285,0
20120723,15.83,16,13.99,15.04,2781170,0
20120724,15.15,17.6,15,17.57,3589468,0
20120725,17.28,17.75,17.07,17.73,2057267,0
20120726,18.04,18.7,17.83,18.55,1652545,0
20120727,18.57,19.1,18.25,18.63,1406116,0
20120730,18.69,18.88,18.4,18.66,715468,0
20120731,18.66,19.77,18.05,19.47,1910687,0
20120801,20.15,20.15,18,18.42,1933117,0
20120802,18.37,18.8,18.14,18.7,935000,0
20120803,18.8,18.97,18.21,18.66,762773,0
20120806,18.7,19.13,18.65,18.84,550075,0
20120807,18.9,19.88,18.62,19.49,1141431,0
20120808,19.38,20.19,19.33,20.04,910935,0
20120809,19.99,20.21,19.92,20.07,722070,0
20120810,20.08,20.25,19.83,20.16,821099,0
20120813,20.16,20.25,19.9,20.11,476679,0
20120814,20.26,21,19.98,20.66,595789,0
20120815,20.59,21.04,20.46,20.89,818788,0
20120816,20.83,21.15,20.83,21.05,783825,0
20120817,21.1,21.16,20.76,21.01,495464,0
20120820,21,21,20.72,20.73,446895,0
20120821,20.83,20.92,20.58,20.7,555302,0
20120822,20.71,20.71,20.07,20.26,686507,0
20120823,20.1,20.39,19.79,20.29,600310,0
20120824,20.3,20.46,19.95,20.36,389264,0
20120827,20.41,20.57,20.09,20.3,284395,0
20120828,20.12,20.34,20.09,20.27,309321,0
20120829,20.34,20.5,20.17,20.49,288489,0
20120830,20.33,20.43,20.19,20.22,338956,0
20120831,20.42,20.85,20.17,20.77,384480,0
20120904,20.63,20.84,20.11,20.36,400543,0
20120905,20.61,21.02,20.5,20.81,508509,0
20120906,20.84,21.31,20.7,21.19,395852,0
20120907,21.22,21.43,20.99,21.07,245897,0
20120910,21.02,21.2,20.85,20.9,318675,0
20120911,20.86,21.29,20.83,20.91,235548,0
20120912,21.01,21.16,20.34,20.38,460410,0
20120913,20.42,20.67,20.37,20.55,377953,0
20120914,20.61,20.69,20.5,20.69,421944,0
20120917,20.65,20.89,20.61,20.76,269000,0
20120918,20.62,20.75,20.62,20.7,247467,0
20120919,20.8,21.01,20.75,20.87,302887,0
20120920,20.72,20.84,20.68,20.81,259896,0
20120921,20.95,21.81,20.91,21.74,880366,0
20120924,21.42,21.49,21,21.06,581436,0
20120925,21.18,21.3,20.81,20.83,416395,0
20120926,20.86,21.03,20.45,20.48,377975,0
20120927,20.55,20.94,20.32,20.56,286846,0
20120928,20.48,20.51,20.28,20.39,370455,0
20121001,20.45,20.87,20.42,20.78,420796,0
20121002,20.89,21.55,20.82,21.53,748957,0
20121003,21.56,21.67,21,21.08,434572,0
20121004,21.16,21.36,21,21.33,436212,0
20121005,21.38,21.62,21.1,21.15,242312,0
20121008,21.11,21.15,21,21.11,334435,0
20121009,21.09,21.26,21.01,21.02,155375,0
20121010,21.01,21.06,20.66,20.7,410927,0
20121011,20.77,21.13,20.77,21.11,414005,0
20121012,21.08,21.26,21.04,21.21,812763,0
20121015,21.27,22.57,21.17,22.5,827995,0
20121016,22.59,23.84,22.59,23.7,1054490,0
20121017,23.85,24,23.11,23.72,417770,0
20121018,23.79,23.8,23.19,23.31,324222,0
20121019,23.07,23.11,21.95,22.82,449524,0
20121022,22.8,22.8,22.2,22.59,315997,0
20121023,22.15,22.87,22.12,22.82,259250,0
20121024,22.97,23.41,22.88,23.35,539997,0
20121025,23.46,23.53,22.86,23.01,610333,0
20121026,23.04,23.77,23.04,23.47,609419,0
20121031,25.5,27,24.4,25.94,1595463,0
20121101,26.1,26.44,25.8,26.28,1198468,0
20121102,26.35,26.47,25.74,25.96,616561,0
20121105,25.65,26.14,25.56,26.03,494607,0
20121106,26.1,26.35,25.95,26.07,309593,0
20121107,25.78,26.02,25.63,25.89,438019,0
20121108,25.84,26,25.49,25.55,430993,0
20121109,25.55,25.77,25.09,25.16,379078,0
20121112,25.27,25.93,25.13,25.27,220580,0
20121113,25.16,25.2,24.62,24.65,515632,0
20121114,24.76,25.09,24.23,24.29,572868,0
20121115,24.34,24.4,23.66,23.85,333453,0
20121116,23.8,24.11,23.54,24.04,388300,0
20121119,24.29,24.85,24.29,24.64,262498,0
20121120,24.59,24.74,24.17,24.36,223454,0
20121121,24.4,24.52,24.11,24.48,234360,0
20121123,24.51,24.77,24.42,24.58,121762,0
20121126,24.59,24.82,24.48,24.65,227923,0
20121127,24.69,25.31,24.58,24.6,360138,0
20121128,24.57,24.64,24.07,24.58,295692,0
20121129,24.58,25.33,24.58,25,287615,0
20121130,25.07,25.5,24.72,24.94,281140,0
20121203,24.95,25.05,24.33,24.71,230602,0
20121204,24.65,24.96,24.22,24.57,498816,0
20121205,24.72,25.09,24.51,24.53,275254,0
20121206,24.5,26.33,24.28,26.11,446648,0
20121207,26.16,26.17,25.02,25.35,320497,0
20121210,25.4,25.65,25.19,25.31,196382,0
20121211,25.51,26.31,25.51,25.95,387027,0
20121212,26.08,26.14,25.74,25.81,130288,0
20121213,25.83,26.61,25.62,25.78,194196,0
20121214,25.78,26.48,25.62,25.82,213874,0
20121217,25.85,26.5,25.83,26.33,433575,0
20121218,26.35,26.88,25.51,25.61,417165,0
20121219,25.58,25.79,24.46,24.81,385515,0
20121220,24.78,25.36,24.44,24.98,408110,0
20121221,24.48,24.99,24.02,24.26,575958,0
20121224,24.31,24.68,23.96,24.55,187332,0
20121226,24.55,24.89,24.36,24.53,152319,0
20121227,24.59,24.83,24.18,24.39,241359,0
20121228,24.3,25.31,24.19,24.73,316939,0
20121231,24.67,24.87,24.11,24.44,449210,0
20130102,24.78,26.02,24.62,26.02,491638,0
20130103,25.98,26.11,25.55,25.6,306386,0
20130104,25.75,25.79,25.3,25.55,216224,0
20130107,25.58,26.28,25.28,26.28,431504,0
20130108,26.22,27.84,26.19,27.2,911242,0
20130109,27.51,29.45,27.25,28.84,2065972,0
20130110,28.79,29.12,28.03,28.23,772565,0
20130111,28.29,28.32,27.44,27.85,550911,0
20130114,27.81,28.22,27.49,28.22,861744,0
20130115,28.1,28.97,28.05,28.75,1007002,0
20130116,28.71,29.03,28.28,28.41,548437,0
20130117,28.48,29.01,28.48,28.66,461567,0
20130118,28.57,28.8,28.31,28.41,288733,0
20130122,28.4,28.94,27.71,28.2,716343,0
20130123,28.2,29.18,27.34,28.9,1155800,0
20130124,29.19,30.5,28.92,29.58,1181670,0
20130125,30,30.02,28.15,28.41,749616,0
20130128,28.51,28.7,27.76,28.22,797265,0
20130129,28.26,28.89,28.11,28.8,521154,0
20130130,28.72,28.9,28.08,28.3,517212,0
20130131,28.26,28.55,27.97,27.97,657839,0
20130201,28.56,29.43,28.3,29.02,883332,0
20130204,28.86,28.94,27.57,27.62,755952,0
20130205,27.8,28.12,27.41,27.62,593610,0
20130206,28,28.54,27.7,28.24,645134,0
20130207,28.44,28.9,28,28.38,688118,0
20130208,28.45,28.53,27.75,27.89,674898,0
20130211,27.97,27.98,26.69,27.81,1101460,0
20130212,27.88,27.94,27.26,27.52,760257,0
20130213,27.59,28.17,27.57,27.92,757588,0
20130214,27.88,27.94,27.47,27.72,541620,0
20130215,27.78,28.33,27.57,27.9,517600,0
20130219,27.93,28.42,27.22,27.6,569270,0
20130220,27.62,27.96,26.8,27.1,645726,0
20130221,27.06,27.06,26.1,26.52,1136727,0
20130222,26.56,26.6,25.96,26.31,881881,0
20130225,26.53,26.75,25.54,25.54,803094,0
20130226,25.55,27.24,25.21,27,2260706,0
20130227,27,28,26.46,27.01,2537229,0
20130228,26.6,26.98,26.02,26.08,3884839,0
20130301,26.05,27.35,25.78,26.41,1890735,0
20130304,26.42,27.16,26.37,26.91,980081,0
20130305,27,28.3,26.83,28.21,1094932,0
20130306,28.3,29.58,28.1,29.42,1546101,0
20130307,28.19,29.8,28.19,29.29,1868125,0
20130308,28.97,29.65,28.75,29.41,1903740,0
20130311,29.41,29.41,28.86,29.08,804549,0
20130312,29.05,29.25,28.66,29,652749,0
20130313,29.03,29.4,28.78,29.08,809000,0
20130314,29.04,29.43,28.9,29.37,623025,0
20130315,29.35,29.73,29.1,29.67,1250846,0
20130318,29.27,29.69,29.27,29.47,446614,0
20130319,29.46,30.37,29.33,29.68,825113,0
20130320,29.71,29.89,29.29,29.39,464341,0
20130321,29.28,29.88,29.01,29.09,591066,0
20130322,29.28,29.58,28.94,29,347751,0
20130325,29.12,29.35,28.62,29.11,442987,0
20130326,29.18,29.23,28.74,28.86,389419,0
20130327,28.63,29.42,28.21,29.25,675555,0
20130328,29.35,29.46,28.91,28.91,748798,0
20130401,28.92,29.1,28.25,28.43,598075,0
20130402,28.39,28.57,27.86,28.3,740832,0
20130403,28.31,28.38,27.12,27.59,698774,0
20130404,27.73,28.09,27.5,27.63,520302,0
20130405,27.34,27.9,27.22,27.74,392116,0
20130408,27.87,27.88,27.62,27.71,401568,0
20130409,27.76,27.98,27.63,27.66,470809,0
20130410,27.69,27.95,27.25,27.71,1068195,0
20130411,27.75,28,27.69,27.7,580763,0
20130412,27.58,27.7,27.35,27.56,471651,0
20130415,27.36,27.45,26.48,26.5,808094,0
20130416,26.71,27.29,26.61,27.24,855894,0
20130417,27.07,27.07,26.51,26.98,753475,0
20130418,26.96,27.58,26.8,27.4,615614,0
20130419,27.41,28.11,27.35,28.03,602735,0
20130422,28.1,28.21,27.24,27.79,543848,0
20130423,27.85,28.17,27.75,28.15,582763,0
20130424,28.16,28.47,27.98,28.19,655233,0
20130425,28.19,29.93,27.96,29.86,1319342,0
20130426,29.67,29.76,29.18,29.33,682416,0
20130429,29.37,29.82,29.04,29.34,682879,0
20130430,29.27,29.48,28.92,29.19,602864,0
20130501,28.89,29.03,28.25,28.26,827129,0
20130502,28.4,29.06,28.22,28.61,631032,0
20130503,28.86,29.36,28.55,29.1,543593,0
20130506,29.26,29.6,28.93,29.5,963585,0
20130507,29.5,29.6,27.89,28.77,1453558,0
20130508,28,29.73,28,29.09,1955565,0
20130509,29.09,29.13,27.66,27.77,1559911,0
20130510,27.73,27.82,27.12,27.56,2673682,0
20130513,27.56,28.01,27.52,27.97,1027787,0
20130514,27.97,28.19,27.6,27.82,1096379,0
20130515,27.77,28.05,27.32,27.77,1081180,0
20130516,27.69,27.75,27.37,27.5,880715,0
20130517,27.59,28.53,27.44,28.5,1300935,0
20130520,28.51,28.7,28.1,28.31,1058963,0
20130521,28.28,28.69,28.21,28.6,1415157,0
20130522,28.59,29.2,27.88,28.02,916807,0
20130523,27.75,27.96,27.56,27.7,589290,0
20130524,27.6,28.31,27.39,28.27,530039,0
20130528,28.59,29.82,28.56,29.67,1280483,0
20130529,29.4,30.29,29.04,29.77,1278280,0
20130530,29.78,30.63,29.68,30.43,663094,0
20130531,30,30.54,29.85,30.23,661078,0
20130603,30.29,30.84,30.2,30.79,1080533,0
20130604,30.8,30.95,30.07,30.19,744350,0
20130605,30.12,30.17,29.47,29.73,416764,0
20130606,29.59,30.02,29.5,29.76,486540,0
20130607,30,31,29.76,30.93,1088752,0
20130610,30.93,31.39,30.55,31.38,468890,0
20130611,30.94,31.47,30.55,30.98,445644,0
20130612,31.15,31.21,30.09,30.15,357486,0
20130613,30.13,30.9,30.13,30.68,551964,0
20130614,30.7,30.97,30.18,30.22,319234,0
20130617,30.56,31.58,30.39,31.44,723222,0
20130618,31.4,32.09,31.3,32.05,936193,0
20130619,32.08,32.13,31.37,31.61,446729,0
20130620,31.11,31.24,30.55,30.79,438359,0
20130621,30.86,31.15,29.92,30.76,624906,0
20130624,30.37,30.66,29.65,30.35,579725,0
20130625,30.61,30.61,29.97,30.26,338703,0
20130626,30.46,30.5,30.01,30.25,553230,0
20130627,30.52,31.01,30.31,30.83,756378,0
20130628,30.67,31.16,30.34,31.01,2883949,0
20130701,30.91,31.7,30.64,31.38,869920,0
20130702,31.27,31.43,30.73,31.02,886424,0
20130703,30.71,31.01,30.52,30.81,451524,0
20130705,30.9,31.22,30.52,31.21,696804,0
20130708,31.4,31.6,31.19,31.5,714984,0
20130709,31.69,31.75,31.36,31.5,565186,0
20130710,31.56,31.66,31.09,31.4,537445,0
20130711,31.75,31.85,30.99,31.47,652602,0
20130712,31.4,32.03,31.34,31.97,617887,0
20130715,32.05,32.76,32,32.42,528129,0
20130716,32.4,32.57,32.26,32.45,553416,0
20130717,32.6,32.81,32.21,32.31,460585,0
20130718,32.33,32.9,32.33,32.81,446216,0
20130719,32.8,33,32.51,32.8,607919,0
20130722,32.75,32.83,32.23,32.33,498584,0
20130723,32.39,32.68,32.13,32.64,617704,0
20130724,32.75,33.4,32.75,32.92,746441,0
20130725,32.89,33.08,32.42,32.96,472929,0
20130726,32.67,32.68,32.16,32.56,257023,0
20130729,32.62,32.85,31.96,32.03,273440,0
20130730,32.24,32.24,31.71,31.92,429978,0
20130731,32,32.65,31.99,32.4,389336,0
20130801,32.83,33.09,32.43,32.62,533482,0
20130802,32.48,32.72,32.09,32.25,510418,0
20130805,32.26,32.65,32.03,32.13,500284,0
20130806,32.05,32.21,31.7,32.02,624527,0
20130807,31.67,33.33,31.29,33.14,1005217,0
20130808,33.24,33.25,32.49,32.76,887460,0
20130809,32.64,33,32.57,32.81,386291,0
20130812,32.79,32.79,32.09,32.12,444418,0
20130813,32.15,32.21,31.64,31.79,264825,0
20130814,31.79,31.83,30.99,31.01,634171,0
20130815,30.88,31.22,30.59,30.78,570389,0
20130816,30.62,30.86,30.33,30.38,348357,0
20130819,30.45,31.09,30.45,30.72,583062,0
20130820,30.82,31.13,30.67,31.02,342703,0
20130821,30.89,31.68,30.52,31.41,566084,0
20130822,31.47,31.67,31.17,31.41,509512,0
20130823,31.4,31.52,31.26,31.44,353655,0
20130826,31.44,31.64,31.17,31.45,370622,0
20130827,31.12,31.17,30.49,30.82,562938,0
20130828,30.74,31.28,30.43,30.6,496740,0
20130829,30.6,30.99,30.46,30.5,266734,0
20130830,30.4,30.72,30.12,30.2,327933,0
20130903,30.87,31.06,29.88,30.51,737687,0
20130904,30.58,31.3,30.47,31.27,441754,0
20130905,31.36,31.51,31,31.04,226505,0
20130906,31.21,32.15,30.5,32,775624,0
20130909,31.94,32.69,31.85,32.69,460887,0
20130910,32.79,33.63,32.69,33.4,773541,0
20130911,33.28,34.29,33.27,34.07,686128,0
20130912,34,34.25,33.85,33.99,390022,0
20130913,33.99,33.99,33.1,33.23,696698,0
20130916,33.71,33.95,32.78,33.42,1110699,0
20130917,33.34,33.63,33.23,33.38,553948,0
20130918,33.3,33.48,33.1,33.46,802558,0
20130919,33.64,33.67,33.25,33.3,568875,0
20130920,33.49,33.5,32.53,32.65,777573,0
20130923,32.55,32.58,31.5,32.35,876593,0
20130924,32.32,33.15,32.05,32.89,427794,0
20130925,32.98,33.17,32.49,32.52,357198,0
20130926,32.62,32.82,32.31,32.6,381929,0
20130927,32.43,32.9,31.88,32.18,813166,0
20130930,31.83,32.36,31.56,31.62,942178,0
20131001,31.53,31.89,31.2,31.85,983826,0
20131002,31.67,31.83,30.52,31.75,1198128,0
20131003,31.6,31.6,30.07,30.66,1635486,0
20131004,30.67,30.87,30.42,30.6,799927,0
20131007,30.25,30.75,30.16,30.5,701026,0
20131008,30.42,30.62,29.79,30.02,921283,0
20131009,30.04,30.19,29.16,29.72,1535353,0
20131010,30.06,30.86,30.06,30.83,1076070,0
20131011,30.81,30.83,30.32,30.75,1059018,0
20131014,30.42,30.56,30.15,30.37,722116,0
20131015,30.38,30.56,29.95,30.09,934730,0
20131016,30.21,30.54,29.98,30.5,638836,0
20131017,30.35,30.89,30.25,30.75,714511,0
20131018,30.93,31.5,30.64,31.49,2115436,0
20131021,31.46,31.5,30.84,31.14,844664,0
20131022,31.33,31.42,30.9,31.3,694407,0
20131023,31.13,31.57,31.03,31.11,506244,0
20131024,30.99,31.21,30.65,31.02,734620,0
20131025,31.1,31.19,30.51,31.04,1219745,0
20131028,31.1,31.14,30.58,30.95,664141,0
20131029,30.95,31.13,30.38,30.85,1496819,0
20131030,30.83,31.11,30.39,30.52,1045487,0
20131031,30.66,33.03,30.56,31.82,4225200,0
20131101,32.34,34.2,32.12,34.01,2560352,0
20131104,34.03,35.02,33.89,35.01,1306909,0
20131105,35.24,36.69,34.78,36.02,2132060,0
20131106,36.15,36.67,35.18,35.3,939848,0
20131107,35.53,35.67,34.47,34.58,724737,0
20131108,34.57,34.94,34.48,34.7,637603,0
20131111,34.75,35.42,34.53,35.33,841922,0
20131112,35.3,35.3,34.89,35,732690,0
20131113,34.75,35.43,34.61,35.42,642054,0
20131114,35.4,35.64,35.18,35.52,665559,0
20131115,35.52,37.3,35.52,36.81,1270658,0
20131118,36.95,37.22,35.88,36.09,1282400,0
20131119,35.94,36.5,35.59,35.79,673493,0
20131120,35.93,36.87,35.87,36.31,793242,0
20131121,36.6,38.25,36.31,38.1,1312094,0
20131122,38.03,38.6,37.84,38.25,891876,0
20131125,38.33,38.85,38.11,38.78,668492,0
20131126,38.8,39.32,38.59,39.11,840448,0
20131127,39.15,39.64,38.4,39.59,563686,0
20131129,39.76,39.9,39.23,39.6,439289,0
20131202,39.51,40.27,39.5,40.27,1404329,0
20131203,40.08,40.71,40.08,40.61,1075031,0
20131204,40.31,40.52,39.47,39.98,826081,0
20131205,39.91,40.61,39.75,40.16,644264,0
20131206,40.59,40.65,39.88,40.4,702843,0
20131209,40.33,40.8,39.74,40.57,690070,0
20131210,40.61,41.32,40.59,41.3,777680,0
20131211,41.24,41.84,40.84,40.99,859731,0
20131212,40.91,41.61,40.91,41.47,1090118,0
20131213,41.47,41.91,41.33,41.8,1077211,0
20131216,41.92,42.17,41.57,41.69,1463413,0
20131217,41.6,41.96,41.35,41.84,716633,0
20131218,42,42.18,41.4,42.09,869756,0
20131219,41.92,42.35,41.59,41.81,688962,0
20131220,41.75,41.88,41.02,41.43,2352488,0
20131223,41.49,41.74,40.85,40.9,1029957,0
20131224,41.01,41.29,40.79,41.08,967277,0
20131226,41.15,42.01,41.15,41.97,1112057,0
20131227,42.16,42.42,41.17,41.27,717859,0
20131230,41.22,41.53,41.01,41.36,386261,0
20131231,41.57,41.91,40.96,41.15,675354,0
20140102,40.92,41.45,40.56,40.89,582550,0
20140103,40.99,41.21,40.18,40.22,533893,0
20140106,40.44,40.88,40.33,40.53,431299,0
20140107,40.79,41.5,40.66,41.02,331624,0
20140108,40.82,41.19,40.59,40.97,369095,0
20140109,41.18,41.75,41,41.37,587071,0
20140110,41.64,42.96,41.55,42.67,638984,0
20140113,42.6,43.13,41.7,41.91,738769,0
20140114,41.99,42.53,41.9,41.94,415366,0
20140115,41.9,42.22,41.77,41.99,410192,0
20140116,42.01,42.13,41.78,42,312599,0
20140117,41.99,42.43,41.97,42,443812,0
20140121,42.36,42.5,40.99,41.09,845840,0
20140122,41.12,41.67,41,41.15,547663,0
20140123,41.09,41.09,40.33,40.36,425429,0
20140124,40.1,40.16,38.69,39.08,1049669,0
20140127,39.36,39.6,38.43,38.57,675000,0
20140128,38.62,39.07,38.21,39.06,726727,0
20140129,38.63,38.75,37.86,38,472589,0
20140130,38.44,38.75,38.16,38.48,656259,0
20140131,37.7,38.92,37.7,38.18,546947,0
20140203,38.11,38.48,37.16,37.32,878038,0
20140204,37.42,37.83,37.08,37.59,575202,0
20140205,37.35,37.75,36.68,37.37,638112,0
20140206,37.42,38.14,37.31,37.91,474114,0
20140207,38.19,38.96,37.82,38.93,674504,0
20140210,38.95,38.95,38.22,38.53,435301,0
20140211,38.54,39.01,38.33,38.92,335353,0
20140212,39.18,39.6,39.06,39.29,528395,0
20140213,38.88,40.1,38.82,39.71,523552,0
20140214,39.69,40.49,39.26,40.36,449699,0
20140218,40.42,40.95,40.31,40.82,513190,0
20140219,40.97,41.14,40.27,40.27,531170,0
20140220,40.33,40.99,40.24,40.88,433219,0
20140221,41.05,41.59,40.67,41.12,527918,0
20140224,41.1,42.55,40.95,42.38,725441,0
20140225,42.36,42.73,40.9,41.12,980892,0
20140226,38,38,29.02,29.91,12731716,0
20140227,30.02,31.67,29.75,31.49,4293033,0
20140228,31.39,31.74,30.66,31.08,2306046,0
20140303,30.84,31.32,30.65,31.15,1013617,0
20140304,31.76,33.15,31.66,32.59,2453878,0
20140305,32.43,32.47,31.44,31.49,1017944,0
20140306,31.5,32.27,31.45,32.12,1472569,0
20140307,32.2,32.41,31.8,32.01,1377607,0
20140310,32.12,32.78,32.04,32.5,1084593,0
20140311,32.32,32.48,31.66,31.86,1387094,0
20140312,31.66,32.06,31.61,32.01,564177,0
20140313,32.17,32.24,31.17,31.5,828719,0
20140314,31.48,31.77,31.3,31.38,693811,0
20140317,31.58,31.89,31.28,31.33,463772,0
20140318,31.37,31.65,31.34,31.55,446298,0
20140319,31.5,31.68,31.19,31.25,482776,0
20140320,31.2,31.6,31.11,31.23,487990,0
20140321,31.37,31.59,30.76,30.82,1219120,0
20140324,30.88,31.12,30.7,30.89,789277,0
20140325,31.02,31.3,30.6,30.83,558917,0
20140326,30.94,31,29.48,29.69,1454300,0
20140327,29.6,29.82,28,28.21,2173231,0
20140328,28.22,28.83,27.86,28.21,1527313,0
20140331,28.38,29.04,28.22,29.01,952159,0
20140401,29.06,29.73,28.93,29.72,1054841,0
20140402,29.82,30.47,29.56,30.28,950228,0
20140403,30.25,30.39,29.84,29.89,667621,0
20140404,30.24,30.31,29.11,29.24,844221,0
20140407,29.12,29.24,28.5,28.71,1038003,0
20140408,27.8,27.88,26.95,27.48,2226566,0
20140409,27.46,28.16,27.32,27.84,1183691,0
20140410,27.72,27.84,26.9,27.02,899271,0
20140411,26.82,27.12,26.02,26.14,941905,0
20140414,26.5,27.28,26.38,26.78,530303,0
20140415,26.86,27.57,26.74,27.49,926770,0
20140416,28.07,29.05,28,28.91,1230523,0
20140417,29.19,29.74,29.01,29.6,827234,0
20140421,29.63,29.79,29.03,29.58,589032,0
20140422,29.63,30.05,29.43,29.47,635245,0
20140423,29.49,29.74,29.25,29.41,608358,0
20140424,29.5,29.58,29.03,29.34,384956,0
20140425,29.31,29.41,28.67,29.01,446154,0
20140428,29.01,29.09,28.34,28.82,660750,0
20140429,29.05,29.5,28.73,29.16,544144,0
20140430,29.14,30.09,29,29.78,883316,0
20140501,29.89,30.87,29.42,30.14,1171620,0
20140502,34.28,34.61,30.5,32.52,2388405,0
20140505,32.44,33.05,31.84,32.9,956120,0
20140506,32.7,32.75,31.41,31.95,1271236,0
20140507,31.86,32.48,31.45,32.03,786785,0
20140508,31.92,32.23,31.57,31.85,771517,0
20140509,31.69,32.11,31.32,31.6,516161,0
20140512,31.67,32.42,31.67,32.37,585161,0
20140513,32.3,32.51,31.96,32.23,713804,0
20140514,32.25,32.26,31.4,31.51,447018,0
20140515,31.36,31.51,30.71,31.38,403642,0
20140516,31.32,31.49,30.97,31.42,309659,0
20140519,31.39,31.63,31.2,31.45,305165,0
20140520,31.35,31.45,29.68,29.9,867639,0
20140521,30.04,30.6,30.01,30.35,397237,0
20140522,30.35,30.79,30.2,30.55,427781,0
20140523,30.63,30.98,30.3,30.67,328837,0
20140527,30.66,30.7,29.76,30.3,661829,0
20140528,30.2,30.69,30.12,30.33,351218,0
20140529,30.49,30.67,30.26,30.62,448667,0
20140530,30.7,30.85,30.05,30.36,414567,0
20140602,30.51,30.51,30.02,30.4,268412,0
20140603,30.29,30.5,30.02,30.34,384614,0
20140604,30.33,30.47,30.11,30.33,251636,0
20140605,30.37,31.35,30.3,31.35,372363,0
20140606,31.56,31.74,31.21,31.31,381279,0
20140609,31.26,32,31.18,31.84,375564,0
20140610,31.83,31.99,30.35,30.58,1002800,0
20140611,31.83,32.52,31.21,31.58,979781,0
20140612,31.44,31.54,29.95,30.09,597024,0
20140613,30.14,30.52,29.45,30.11,702158,0
20140616,30.02,30.62,29.64,30.53,411834,0
20140617,30.58,31.4,30.32,30.43,672780,0
20140618,30.36,31.17,29.98,30.94,559301,0
20140619,31,31.31,30.82,31,331190,0
20140620,29.72,29.94,28.85,29.05,1634715,0
20140623,29.03,29.05,27.87,28.1,1322573,0
20140624,28.08,28.08,26.77,26.85,1150506,0
20140625,26.7,26.93,26.42,26.7,1099674,0
20140626,26.85,28.06,26.64,27.57,1121363,0
20140627,27.57,27.98,27.25,27.88,1032927,0
20140630,27.88,27.98,27.23,27.8,685904,0
20140701,27.9,28.5,27.77,28.27,508680,0
20140702,28.19,28.68,28.19,28.62,411600,0
20140703,28.67,28.84,28.56,28.64,231390,0
20140707,28.5,28.64,27.96,28.03,395363,0
20140708,28,28,27.53,27.77,711240,0
20140709,27.92,28.41,27.92,28.22,397043,0
20140710,27.79,28.18,27.5,28.01,430969,0
20140711,27.95,28.21,27.71,27.73,306276,0
20140714,27.93,27.99,27.72,27.78,245857,0
20140715,27.8,27.98,27.15,27.41,274306,0
20140716,27.58,27.58,27.03,27.41,311482,0
20140717,27.2,27.39,26.63,26.7,394549,0
20140718,26.69,27.46,26.69,27.43,521437,0
20140721,27.23,27.51,26.96,27.49,263105,0
20140722,27.62,27.7,27.28,27.61,256376,0
20140723,27.62,27.75,27.41,27.51,271417,0
20140724,27.62,27.68,27.19,27.31,608789,0
20140725,27.11,27.22,26.65,26.96,411793,0
20140728,26.99,27.19,26.66,27.1,393918,0
20140729,27.11,27.59,26.93,27.1,465664,0
20140730,27.26,27.41,26.87,26.9,359429,0
20140731,26.54,26.6,26.08,26.15,549116,0
20140801,27.51,29.88,27.51,29.17,1982760,0
20140804,29.24,29.27,28.5,28.86,648278,0
20140805,28.73,28.85,28.22,28.31,430299,0
20140806,28.07,28.49,28.05,28.11,752908,0
20140807,28.26,28.39,27.78,28,341545,0
20140808,27.94,28.24,27.69,28.2,323319,0
20140811,28.31,28.78,28.15,28.7,230486,0
20140812,28.63,28.63,28.06,28.11,247603,0
20140813,28.17,28.5,28.01,28.48,430893,0
20140814,28.48,28.95,28.43,28.81,288604,0
20140815,29.06,29.42,28.71,29.36,544479,0
20140818,29.51,30,29.33,29.97,519323,0
20140819,29.93,30,29.5,29.66,212872,0
20140820,29.59,29.87,29.18,29.86,271672,0
20140821,29.84,30.1,29.69,30.09,389227,0
20140822,30.05,30.42,29.88,30.29,420665,0
20140825,30.35,30.5,30.18,30.26,322123,0
20140826,30.28,30.7,30.07,30.37,721483,0
20140827,30.34,30.34,29.75,30.09,518421,0
20140828,30.09,30.29,30,30.21,359850,0
20140829,30.26,30.43,30.1,30.37,357280,0
20140902,30.49,31.38,30.2,31.19,600688,0
20140903,31.26,31.34,30.88,31.29,858612,0
20140904,31.38,31.46,31,31.19,555552,0
20140905,31.07,31.51,30.81,31.49,614527,0
20140908,31.45,31.68,30.98,31.26,425879,0
20140909,31.21,31.21,30.85,31.13,354807,0
20140910,31.18,31.19,30.76,31.09,347670,0
20140911,30.97,31.75,30.9,31.61,311632,0
20140912,31.66,31.66,30.59,31.13,648760,0
20140915,31.65,31.82,31.34,31.52,537208,0
20140916,31.53,31.53,30.87,31.39,251738,0
20140917,31.39,31.48,30.81,31.1,239769,0
20140918,31.26,31.34,31.01,31.28,239329,0
20140919,31.29,31.4,30.46,30.51,524328,0
20140922,30.35,30.38,29.6,29.84,297552,0
20140923,29.72,29.96,29.49,29.49,272443,0
20140924,29.48,29.74,29.24,29.39,302593,0
20140925,29.26,29.38,28.82,29.07,344306,0
20140926,29.09,29.41,29.03,29.37,245684,0
20140929,29,29.37,28.71,28.74,326668,0
20140930,28.79,28.97,28.07,28.5,1111730,0
20141001,28.46,28.73,28.01,28.52,534659,0
20141002,28.47,28.9,28.08,28.58,299050,0
20141003,28.92,29.47,28.75,29.08,255059,0
20141006,29.13,29.31,28.47,28.5,300259,0
20141007,28.28,28.63,27.89,27.9,243115,0
20141008,27.94,28.22,27.57,28.14,722225,0
20141009,28.13,28.32,27.72,27.75,479720,0
20141010,27.53,27.75,26.73,26.84,480965,0
20141013,27.24,27.71,26.64,26.76,521965,0
20141014,27,28.26,26.81,28.05,578607,0
20141015,27.64,28.41,27.55,28.14,606581,0
20141016,27.68,28.37,27.54,27.56,641667,0
20141017,27.97,28.16,27.75,27.97,350092,0
20141020,27.84,28.26,27.76,28.23,351297,0
20141021,28.35,29.13,28.3,28.84,382097,0
20141022,28.87,29.03,28.61,28.8,356458,0
20141023,29.01,29.61,28.88,29.14,259064,0
20141024,29.25,29.41,28.84,29.28,233758,0
20141027,29.08,29.97,28.89,29.81,260808,0
20141028,29.85,30.9,29.71,30.86,409155,0
20141029,30.92,31.29,30.63,31.02,379289,0
20141030,30.86,31.05,28.77,30.88,497631,0
20141031,29.82,29.99,27.23,28.59,2310819,0
20141103,28.6,29.33,28.6,29.04,1027042,0
20141104,29.01,29.55,29,29.38,650443,0
20141105,29.56,29.56,28.4,28.53,630585,0
20141106,28.52,28.75,27.81,28.74,606185,0
20141107,28.71,28.97,28.57,28.95,463000,0
20141110,28.93,29,28.28,28.64,687189,0
20141111,28.62,28.71,28.2,28.29,434608,0
20141112,28.16,28.42,27.93,28.32,242871,0
20141113,28.32,28.32,27.6,28.03,438229,0
20141114,27.99,28,27.48,27.54,334196,0
20141117,27.58,27.66,26.7,26.75,485845,0
20141118,26.75,27.07,26.29,26.45,816914,0
20141119,26.73,27.14,26.46,26.94,512459,0
20141120,27.03,28,26.99,27.7,565357,0
20141121,27.94,27.97,27.5,27.66,447552,0
20141124,27.78,28.44,27.75,27.98,610384,0
20141125,27.99,28.3,27.74,27.8,366638,0
20141126,27.78,28.06,27.41,27.52,367812,0
20141128,27.56,27.76,27,27.01,268997,0
20141201,26.95,27,26.28,26.3,486883,0
20141202,26.27,26.68,26.17,26.48,538697,0
20141203,26.54,27.39,26.38,26.91,712789,0
20141204,26.93,27.15,26.29,26.4,384179,0
20141205,26.38,26.76,26.38,26.48,574381,0
20141208,26.36,26.51,25.21,25.34,743280,0
20141209,25.01,25.28,24.78,25.12,1216605,0
20141210,25.18,25.35,24.17,24.33,1553852,0
20141211,24.48,24.85,23.94,24.07,962985,0
20141212,23.9,25.14,23.85,25.01,1344384,0
20141215,25.08,25.52,24.48,24.87,571669,0
20141216,24.89,26.32,24.81,26.1,1037147,0
20141217,26.18,27.51,26.12,27.48,1257558,0
20141218,27.97,30.03,27.87,29.43,1106382,0
20141219,29.42,30.02,29.41,30.01,903463,0
20141222,29.96,30.7,29.93,30.23,647035,0
20141223,30.3,30.85,30.22,30.58,424650,0
20141224,30.6,30.92,30.45,30.85,227802,0
20141226,30.99,31.74,30.9,31.34,391451,0
20141229,31.33,31.69,31.03,31.29,462782,0
20141230,31.27,31.49,30.83,31.08,379545,0
20141231,31.15,31.79,30.88,30.97,620527,0
20150102,31,31.49,30.63,30.88,541390,0
20150105,30.61,30.9,29.86,29.98,457011,0
20150106,30,30.28,29.35,29.55,526739,0
20150107,29.7,30.24,29.46,30.1,409748,0
20150108,30.29,31.03,30.12,30.94,450343,0
20150109,31.13,31.45,30.79,30.82,490680,0
20150112,30.76,30.99,30.03,30.51,296092,0
20150113,30.68,31.13,30.17,30.61,304617,0
20150114,30.3,30.96,29.7,29.92,550917,0
20150115,29.99,30.16,28.97,29.03,430491,0
20150116,28.84,29.26,28.39,29.17,497294,0
20150120,29.11,29.11,27.87,28.27,475076,0
20150121,28.25,28.66,27.64,27.69,471539,0
20150122,27.94,28.3,27.5,28.06,319806,0
20150123,28.07,28.45,27.87,28.09,183348,0
20150126,28.11,28.26,27.81,28.07,183955,0
20150127,27.77,27.95,27.29,27.75,323369,0
20150128,27.9,28.01,27.17,27.23,506751,0
20150129,27.25,27.86,27.05,27.84,522938,0
20150130,27.75,27.75,26.85,26.89,422256,0
20150202,26.99,27.85,26.88,27.72,491569,0
20150203,27.91,29.47,27.91,29.28,686182,0
20150204,29.19,29.88,28.66,28.76,472612,0
20150205,28.82,29.42,28.7,29.31,306183,0
20150206,29.4,29.85,29.16,29.46,271026,0
20150209,29.29,29.65,28.77,28.84,336367,0
20150210,29.18,29.36,28.61,29.17,291035,0
20150211,29.07,29.12,28.61,28.8,190370,0
20150212,28.92,29.74,28.71,29.71,266619,0
20150213,29.75,30.37,29.44,30.16,431622,0
20150217,30.19,30.49,29.58,29.74,274125,0
20150218,29.61,30.31,29.61,30.1,340842,0
20150219,30.07,30.97,29.91,30.55,460655,0
20150220,30.41,30.73,30.09,30.62,343556,0
20150223,30.47,30.48,29.57,29.63,589173,0
20150224,29.51,29.74,28.7,29.33,495028,0
20150225,29.31,29.42,28.66,28.73,536905,0
20150226,28.7,28.87,27.7,28.45,1267936,0
20150227,30,34.29,29.9,33.25,4124927,0
20150302,33.25,34.48,33.18,34.38,1085500,0
20150303,33.98,35.46,33.88,35.18,1448900,0
20150304,35.01,35.28,34.52,34.94,542700,0
20150305,35.01,35.25,34.6,34.73,554400,0
20150306,34.39,35.15,34.33,34.65,801100,0
20150309,34.68,35.24,34.51,34.74,695200,0
20150310,34.43,35,34.15,34.67,756700,0
20150311,34.73,35,34.53,34.76,660600,0
20150312,34.96,35.02,34.07,34.11,783500,0
20150313,34.15,34.81,34.14,34.57,1021100,0
20150316,34.69,34.95,34.35,34.75,765600,0
20150317,34.69,34.88,34.51,34.62,382400,0
20150318,34.62,34.74,34.17,34.6,432900,0
20150319,34.5,35.09,34.5,34.71,376700,0
20150320,34.7,34.86,34.54,34.75,771400,0
20150323,34.82,35.91,34.82,35.07,664900,0
20150324,35.12,35.4,34.84,34.96,286200,0
20150325,34.92,35.23,34.23,34.32,445500,0
20150326,34.22,34.53,33.66,34.07,524900,0
20150327,34.13,34.46,33.66,34.12,323600,0
20150330,34.29,34.67,34.14,34.42,376500,0
20150331,34.24,34.87,34.04,34.07,412820,0
20150401,34.07,34.37,33.38,34.07,407600,0
20150402,33.99,34.84,33.94,34.6,364900,0
20150406,34.47,35.7,34.4,35.22,476200,0
20150407,35.22,35.5,35.03,35.03,373524,0
20150408,34.97,35.06,34.63,34.86,201600,0
20150409,34.78,35.02,34.65,34.82,207129,0
20150410,34.97,34.97,34.4,34.79,186100,0
20150413,34.79,35,34.59,34.62,187100,0
20150414,34.63,34.78,34.33,34.57,151200,0
20150415,34.72,34.98,34.21,34.23,466454,0
20150416,34.14,34.42,33.9,34.05,438820,0
20150417,33.56,34.01,33.16,33.72,360500,0
20150420,33.83,34.09,33.74,34,222750,0
20150421,34.07,34.93,34.05,34.1,270317,0
20150422,34.04,34.2,33.31,33.65,220944,0
20150423,33.54,34.11,33.43,33.79,244400,0
20150424,33.81,34.07,32.94,33.16,434379,0
20150427,33.18,33.87,32.83,33.3,345500,0
20150428,33.04,33.41,32.84,32.94,445100,0
20150429,32.8,33.09,32.59,32.65,203400,0
20150430,32.29,32.62,31.93,32.17,471100,0
20150501,31.22,31.82,28.69,31.65,1360900,0
20150504,31.65,31.91,31.06,31.1,353300,0
20150505,31,31.26,30.57,30.61,564400,0
20150506,30.81,31.36,30.38,30.72,940552,0
20150507,30.76,31.06,30.52,30.79,545996,0
20150508,31.06,31.36,30.27,30.75,588300,0
20150511,30.84,31.71,30.61,31.25,494700,0
20150512,31.1,31.48,30.52,31.34,391774,0
20150513,31.56,32.06,31.28,31.49,406600,0
20150514,31.72,32.24,31.66,31.83,607700,0
20150515,31.79,32.03,31.06,31.68,480978,0
20150518,31.61,31.85,31.16,31.61,238315,0
20150519,31.71,32.05,31.52,31.59,216795,0
20150520,31.68,31.99,31.31,31.32,413300,0
20150521,31.46,32.13,31.46,31.91,396500,0
20150522,31.88,32.15,31.44,31.57,150400,0
20150526,31.43,31.43,30.75,30.8,337849,0
20150527,30.84,31.15,30.62,30.86,402800,0
20150528,30.76,30.91,30.4,30.78,412991,0
20150529,30.67,30.78,29.65,30,662700,0
20150601,30.08,30.29,29.85,30.19,346432,0
20150602,30.14,30.34,29.93,30.24,358286,0
20150603,30.05,30.18,29.81,29.91,476200,0
20150604,29.72,29.93,29.25,29.35,493700,0
20150605,29.3,29.88,29.04,29.79,281300,0
20150608,29.8,30.04,29.56,29.71,361100,0
20150609,29.67,29.91,29.52,29.64,254176,0
20150610,29.86,30.53,29.86,30.35,339024,0
20150611,30.38,30.5,30.07,30.19,264095,0
20150612,30.04,30.17,29.81,29.86,269700,0
20150615,29.57,30.24,29.28,29.95,404900,0
20150616,29.87,30.39,29.67,30.18,299000,0
20150617,30.3,30.32,29.74,29.82,255400,0
20150618,29.93,30.4,29.75,30.2,316900,0
20150619,30.27,30.3,29.54,29.66,433500,0
20150622,30.09,30.09,29.5,29.54,310000,0
20150623,29.55,29.64,29.05,29.32,408787,0
20150624,29.32,29.53,29.06,29.07,271800,0
20150625,29.02,29.13,28.74,28.89,335100,0
20150626,28.98,29.23,28.77,28.91,979400,0
20150629,28.77,28.98,27.87,27.91,451200,0
20150630,28.17,28.24,27.59,27.79,516519,0
20150701,28.06,28.32,27.09,27.18,975600,0
20150702,27.28,27.74,26.85,27.04,779000,0
20150706,26.83,27.41,26.79,27.19,724000,0
20150707,27.26,27.26,26.4,27.1,713300,0
20150708,26.88,27.2,26.33,26.36,606300,0
20150709,26.64,26.98,26.23,26.23,534700,0
20150710,26.49,26.69,26.04,26.09,432000,0
20150713,26.25,26.61,26.14,26.54,460100,0
20150714,26.55,26.84,26.47,26.77,388907,0
20150715,26.79,26.91,26,26.02,358230,0
20150716,26.19,26.41,25.95,26.03,408800,0
20150717,26.02,26.14,25.79,25.98,347700,0
20150720,26.04,26.12,25.74,25.91,356200,0
20150721,25.83,26.04,25.33,25.39,566400,0
20150722,25.21,25.3,24.34,24.44,692100,0
20150723,24.51,25,24.48,24.88,810800,0
20150724,24.93,25.01,24.6,24.65,596500,0
20150727,24.46,24.57,23.2,23.35,484700,0
20150728,23.45,24.49,23.28,24.37,796900,0
20150729,24.57,25.09,24.3,24.73,704300,0
20150730,24.61,24.94,24.43,24.76,563200,0
20150731,25.15,26.31,21,21.18,2165100,0
20150803,21.32,23,21.2,22.51,1585727,0
20150804,22.47,23.02,22.28,22.93,1153900,0
20150805,23.18,23.34,22.8,22.93,674300,0
20150806,22.99,23.79,22.97,23.5,674943,0
20150807,23.41,23.96,23.33,23.7,639800,0
20150810,23.87,25.09,23.68,25.07,927000,0
20150811,24.91,25.35,24.63,25.19,941682,0
20150812,24.97,25.1,24.17,24.81,1216500,0
20150813,24.77,25.04,24.38,24.86,557500,0
20150814,24.8,25.23,24.69,25.04,414300,0
20150817,24.96,25.52,24.96,25.37,380000,0
20150818,25.27,25.45,24.65,24.84,559500,0
20150819,24.63,24.72,24.11,24.4,575700,0
20150820,24.17,24.49,23.73,23.75,755700,0
20150821,23.34,23.62,22.71,22.75,1003300,0
20150824,21.82,23.53,21.73,22.1,997124,0
20150825,22.68,22.72,21.56,21.57,653700,0
20150826,22.01,22.56,21.59,22.42,669200,0
20150827,22.64,23.3,22.27,23.16,472700,0
20150828,23.13,23.65,22.99,23.19,346000,0
20150831,23.02,23.55,22.85,23.06,281700,0
20150901,22.65,22.9,22.04,22.13,585200,0
20150902,22.42,22.63,22.05,22.62,254300,0
20150903,22.65,22.96,22.45,22.69,307400,0
20150904,22.33,22.48,22.23,22.33,322200,0
20150908,22.63,23.07,22.51,23,284800,0
20150909,23.2,23.44,22.89,23.05,398300,0
20150910,23.03,23.43,22.85,23.16,275080,0
20150911,23.04,23.04,22.5,22.88,349000,0
20150914,22.89,22.95,22.65,22.79,252500,0
20150915,22.9,23.43,22.82,23.25,273700,0
20150916,23.21,23.4,22.78,23.17,516900,0
20150917,23.16,23.39,22.61,22.71,514082,0
20150918,22.34,22.85,21.82,22.61,961700,0
20150921,22.76,22.76,22.26,22.3,407200,0
20150922,21.99,22.14,21.47,21.74,305800,0
20150923,21.59,21.84,20.6,20.65,640364,0
20150924,19.98,19.98,18.48,19,1191579,0
20150925,19.15,19.24,18.06,18.26,729500,0
20150928,18.25,18.27,17.78,18.05,947147,0
20150929,18.29,19.17,18.04,18.67,1010100,0
20150930,18.88,19.13,18.38,19.02,766200,0
20151001,19.05,19.28,18.61,19.02,551300,0
20151002,18.89,20.14,18.75,20.09,725600,0
20151005,20.26,20.98,20.09,20.9,554696,0
20151006,20.9,21.3,20.81,21.25,549000,0
20151007,21.42,22.22,21.11,21.44,467500,0
20151008,21.32,21.57,21.15,21.53,311400,0
20151009,21.54,21.9,21.34,21.38,409100,0
20151012,21.4,21.4,20.91,21.06,281014,0
20151013,20.92,21.15,20.76,20.78,293900,0
20151014,20.78,21.03,20.45,20.48,359000,0
20151015,20.54,21.06,20.45,21,262000,0
20151016,21.05,21.05,20.18,20.5,218400,0
20151019,20.38,20.58,20.16,20.49,170793,0
20151020,20.49,20.95,20.33,20.76,243433,0
20151021,20.88,21.17,20,20.02,295800,0
20151022,20.12,20.38,19.85,20.15,434300,0
20151023,20.33,20.64,20.09,20.43,387900,0
20151026,20.4,20.47,19.91,19.94,236000,0
20151027,19.88,19.9,18.73,19.16,716600,0
20151028,19.28,20.13,19.08,20,871300,0
20151029,20.03,20.82,19.7,19.9,906400,0
20151030,15.63,15.63,12.41,14.93,7336800,0
20151102,14.93,16.29,14.89,15.84,1658176,0
20151103,15.8,16.59,15.75,16.32,1461200,0
20151104,16.62,17,16.44,16.62,1846360,0
20151105,16.63,16.9,16.49,16.78,2073400,0
20151106,16.71,17.22,16.68,17.09,1295800,0
20151109,17,17.2,16.78,16.97,1054198,0
20151110,16.91,17.1,16.62,16.68,770700,0
20151111,16.69,16.81,16.4,16.53,732500,0
20151112,16.39,16.65,16.25,16.39,930500,0
20151113,16.29,16.77,16.26,16.47,893300,0
20151116,16.48,16.83,16.3,16.54,1065900,0
20151117,16.57,17.04,16.5,16.76,1298300,0
20151118,16.76,17.5,16.75,17.15,1057000,0
20151119,17.19,17.19,16.65,16.71,468800,0
20151120,16.8,17.15,16.56,16.87,892300,0
20151123,16.81,17.23,16.72,16.81,573500,0
20151124,16.74,17.1,16.66,16.96,377400,0
20151125,16.91,17.17,16.78,16.89,524800,0
20151127,16.89,17.06,16.76,16.92,209500,0
20151130,16.93,17.24,16.83,16.9,721900,0
20151201,16.9,17.04,16.57,16.6,777223,0
20151202,16.55,16.81,16.44,16.58,475088,0
20151203,16.59,16.73,16.05,16.16,349392,0
20151204,16.15,16.48,15.95,16.27,904200,0
20151207,16.24,16.24,15.37,15.56,594700,0
20151208,15.31,15.85,15.09,15.73,860662,0
20151209,15.7,15.9,15.39,15.58,482300,0
20151210,15.61,16.03,15.54,16.02,417100,0
20151211,15.78,15.88,15.15,15.23,484800,0
20151214,15.28,15.39,14.82,14.97,586337,0
20151215,15.03,15.27,14.96,15.05,574400,0
20151216,15.05,15.1,14.52,14.76,778300,0
20151217,14.93,15.12,14.56,15.01,1163300,0
20151218,14.92,15.03,14.6,14.64,921500,0
20151221,14.75,14.8,14.38,14.54,633400,0
20151222,14.67,14.75,14.29,14.47,661669,0
20151223,14.55,15.57,14.51,15.4,820200,0
20151224,15.39,15.9,15.19,15.68,883182,0
20151228,15.57,15.71,15.145,15.36,879716,0
20151229,15.48,16.08,15.4,15.93,652828,0
20151230,15.85,16.07,15.58,15.64,622283,0
20151231,15.56,15.95,15.52,15.66,869095,0
20160104,15.43,15.8,15.19,15.67,659541,0
20160105,15.73,15.96,15.51,15.9,780314,0
20160106,15.51,15.77,15.3,15.61,788391,0
20160107,15.33,15.4,14.62,14.73,596017,0
20160108,14.79,14.94,14.07,14.18,576232,0
20160111,14.26,14.39,13.67,13.89,678282,0
20160112,13.99,14.37,13.54,13.9,646957,0
20160113,13.91,14.23,13.1621,13.27,651844,0
20160114,13.36,13.66,12.94,13.44,690766,0
20160115,12.81,13.17,12.52,13,741920,0
20160119,13.19,13.21,12.23,12.52,653900,0
20160120,12.28,12.7,11.8,12.5,1062522,0
20160121,12.52,13.21,12.43,12.83,1029131,0
20160122,13.05,13.51,12.87,13.33,713706,0
20160125,13.17,13.28,12.71,12.76,496630,0
20160126,12.84,13.41,12.65,13.15,730681,0
20160127,13.11,13.12,12.65,12.79,568042,0
20160128,12.97,13.23,12.59,12.64,428894,0
20160129,12.73,13.2496,12.73,13.1,1227004,0
20160201,13.02,13.65,12.7,13.49,847665,0
20160202,13.27,13.43,13.2,13.39,799426,0
20160203,13.49,14.15,13.36,14.08,798612,0
20160204,14.01,14.87,14.01,14.46,997625,0
20160205,14.37,14.65,14.19,14.3,666369,0
20160208,14.14,14.25,13.935,14.19,831921,0
20160209,14.01,14.15,13.45,13.68,772002,0
20160210,13.82,14.2,13.41,13.54,640164,0
20160211,13.23,13.46,12.97,13.39,396302,0
20160212,13.46,13.77,13.34,13.58,387990,0
20160216,13.77,14.415,13.66,14.37,394155,0
20160217,14.52,15.01,14.42,14.99,826978,0
20160218,14.97,14.99,14.2,14.41,687387,0
20160219,14.33,14.44,13.93,14.37,599483,0
20160222,14.68,14.96,14.32,14.49,737638,0
20160223,14.41,14.56,14.07,14.32,470383,0
20160224,14.18,14.665,13.91,14.63,507023,0
20160225,14.73,15.01,14.67,14.98,745048,0
20160226,14.52,14.6,13.32,14.24,1074558,0
20160229,14.38,15.32,14.27,15.04,630283,0
20160301,15.09,15.62,14.89,15.61,734245,0
20160302,15.91,17,15.69,15.89,909564,0
20160303,15.89,16.23,15.77,16.22,574864,0
20160304,16.29,16.7,16.01,16.24,436465,0
20160307,16.23,16.76,16.1,16.75,492572,0
20160308,16.64,16.64,15.87,15.93,506341,0
20160309,16.05,16.51,15.99,16.19,369426,0
20160310,16.23,16.46,16,16.05,683378,0
20160311,16.21,16.54,15.87,16,592864,0
20160314,15.87,16.12,15.72,15.98,396109,0
20160315,15.81,15.94,15.425,15.9,556445,0
20160316,15.87,16.87,15.84,16.68,652872,0
20160317,16.65,17.35,16.57,17.22,524395,0
20160318,17.37,17.92,17.3101,17.91,1292891,0
20160321,17.84,18.21,17.81,18.03,635651,0
20160322,17.92,17.92,17.24,17.48,578470,0
20160323,17.41,17.495,16.46,16.51,601404,0
20160324,16.46,17.04,16.09,17.03,655004,0
20160328,17.05,17.195,16.55,16.84,448566,0
20160329,16.76,17.42,16.5,17.4,505499,0
20160330,17.51,17.7,16.79,16.94,435489,0
20160331,16.96,17.44,16.72,17.3,1579126,0
20160401,17.07,17.21,16.58,17.2,438994,0
20160404,17.23,17.46,16.95,16.97,366378,0
20160405,16.8,17.22,16.66,17.13,470375,0
20160406,17.14,17.445,16.76,17.38,507906,0
20160407,17.23,17.61,17.12,17.43,707951,0
20160408,17.64,17.81,17.46,17.66,557342,0
20160411,17.76,18.09,17.58,17.64,551190,0
20160412,17.66,18.17,17.66,18.04,501786,0
20160413,18.08,18.31,18.08,18.22,673200,0
20160414,18.2,18.3,17.97,18.1,665787,0
20160415,18.04,18.19,17.96,18,627031,0
20160418,17.83,18.19,17.79,18,596663,0
20160419,18.13,18.41,18.01,18.19,685389,0
20160420,18.2,18.44,18.06,18.29,369865,0
20160421,18.35,18.79,18.35,18.45,333701,0
20160422,18.47,19.16,18.47,19.08,318917,0
20160425,19.05,19.07,18.59,18.61,526418,0
20160426,18.7,19.02,18.7,18.97,419512,0
20160427,19.06,19.22,18.86,18.9,683986,0
20160428,19.93,23.203,19.93,21.51,2478114,0
20160429,21.46,22.27,21.46,22.16,955366,0
20160502,22.16,22.25,21.32,22.11,559719,0
20160503,21.85,21.97,21.42,21.65,526010,0
20160504,21.6,22.23,21.35,21.49,475199,0
20160505,21.75,21.97,21.1,21.14,440901,0
20160506,21.11,21.43,20.94,21.28,422678,0
20160509,21.13,21.29,20.91,21,320951,0
20160510,21.2,21.85,21.16,21.55,416573,0
20160511,21.57,21.77,21.17,21.25,321939,0
20160512,21.38,21.58,20.88,21.05,208875,0
20160513,21,21.37,20.83,21.04,275140,0
20160516,21.17,21.55,20.945,21.3,200337,0
20160517,20.71,21.45,20.59,21.12,639028,0
20160518,21.07,21.63,20.835,21.09,533317,0
20160519,20.89,21.19,20.45,21.05,404811,0
20160520,21.14,21.83,21.08,21.79,542869,0
20160523,21.74,21.74,21.26,21.28,619280,0
20160524,21.3,21.52,21,21.43,468650,0
20160525,21.52,21.6,21.2,21.32,1008873,0
20160526,21.39,21.45,20.97,21.22,569138,0
20160527,21.25,21.61,21.03,21.14,322518,0
20160531,21.21,21.36,20.65,20.93,615630,0
20160601,20.8,20.88,20.455,20.71,541260,0
20160602,20.63,21.2101,20.62,21.01,659192,0
20160603,21.03,21.16,20.74,20.96,529185,0
20160606,21.02,21.59,20.87,21.4,371506,0
20160607,21.41,21.69,21.31,21.5,375787,0
20160608,21.65,21.92,21.43,21.61,377323,0
20160609,21.45,21.75,21.16,21.43,608803,0
20160610,21.19,21.315,20.35,20.4,721717,0
20160613,20.28,20.49,19.94,19.99,598592,0
20160614,19.82,20.16,19.55,19.87,462249,0
20160615,19.96,20.52,19.81,19.96,632055,0
20160616,19.85,20.1,19.44,20.08,451902,0
20160617,20.13,20.5,19.86,20.15,838364,0
20160620,20.36,20.87,20.36,20.74,374614,0
20160621,20.69,20.93,20.54,20.89,378897,0
20160622,20.95,20.96,20.18,20.24,485947,0
20160623,20.41,21.22,20.41,21.2,357963,0
20160624,20.27,20.54,19.99,20.12,947633,0
20160627,19.92,19.92,19.5,19.78,758510,0
20160628,20,21.015,20,20.93,784176,0
20160629,21.16,21.28,20.8,21.13,577765,0
20160630,21.29,21.43,20.94,21.39,448019,0
20160701,21.42,21.96,21.42,21.9,380938,0
20160705,21.68,21.81,21.1,21.29,471924,0
20160706,21.17,21.355,20.85,21.33,404263,0
20160707,21.36,22.08,21.34,21.85,486778,0
20160708,22.12,22.685,22.1151,22.4,464575,0
20160711,22.52,22.81,22.47,22.5,359459,0
20160712,22.81,22.93,22.47,22.52,572717,0
20160713,22.67,22.74,22.4,22.52,332003,0
20160714,22.75,22.88,22.55,22.56,181691,0
20160715,22.69,22.76,22.5,22.58,251467,0
20160718,22.6,22.92,22.55,22.84,279801,0
20160719,22.81,22.98,22.55,22.92,457087,0
20160720,22.97,23.76,22.95,23.71,509891,0
20160721,23.76,23.8625,22.71,22.9,426906,0
20160722,22.93,23.2,22.71,23.14,317505,0
20160725,23.07,23.27,22.98,23.17,246058,0
20160726,23.19,23.54,23.14,23.37,340684,0
20160727,23.49,23.5686,23.17,23.28,305461,0
20160728,23.28,23.31,22.94,23.12,298961,0
20160729,24.54,27.25,24.53,26.96,1602898,0
20160801,26.95,27.14,26.61,27.09,627431,0
20160802,27.07,27.22,26.76,26.88,511950,0
20160803,26.85,27.09,26.74,26.91,453801,0
20160804,26.92,27.22,26.84,26.98,240487,0
20160805,27.24,27.5,27.16,27.3,365817,0
20160808,27.34,27.646,27.34,27.5,160763,0
20160809,27.52,27.66,27.35,27.38,199673,0
20160810,27.37,27.45,26.61,26.99,360270,0
20160811,27.09,27.21,27.01,27.03,241821,0
20160812,27.01,27.17,26.94,27.01,179367,0
20160815,27.09,27.3,27,27.03,213333,0
20160816,26.97,26.98,26.435,26.85,589900,0
20160817,26.89,27.145,26.8401,27.08,515297,0
20160818,27.15,27.31,26.98,27.09,141787,0
20160819,27.01,27.29,26.79,27.24,228283,0
20160822,27.2,27.44,27.11,27.34,180456,0
20160823,27.42,27.7,27.33,27.61,178448,0
20160824,27.55,27.835,27.48,27.79,275357,0
20160825,27.79,28.33,27.73,28.2,353976,0
20160826,28.2,28.32,27.37,27.9,520764,0
20160829,27.99,28.24,27.89,28.01,177730,0
20160830,28,28.16,27.79,27.88,130183,0
20160831,27.93,27.93,27.06,27.09,413959,0
20160901,27.08,27.1,26.33,26.56,381502,0
20160902,26.81,27.15,26.77,27.08,237001,0
20160906,27.14,27.4199,26.92,26.97,240320,0
20160907,27.01,27.1,26.745,26.85,231636,0
20160908,26.93,26.98,26.58,26.64,288552,0
20160909,26.39,26.51,25.89,25.89,352799,0
20160912,25.75,26.4,25.61,26.21,379303,0
20160913,25.97,26.0285,25.12,25.16,512369,0
20160914,25.16,25.6,24.94,25.04,308216,0
20160915,25.15,25.38,24.92,25.25,181400,0
20160916,25.16,25.26,24.57,24.59,546731,0
20160919,24.84,25.64,24.7,25.38,292078,0
20160920,25.7,25.96,25.29,25.82,328084,0
20160921,25.81,26.53,25.53,26.45,332795,0
20160922,26.72,27.47,26.69,27.45,286171,0
20160923,27.25,27.31,26.93,26.99,270575,0
20160926,26.78,27.19,26.67,26.92,189655,0
20160927,26.87,27.41,26.87,27.23,140956,0
20160928,27.31,27.74,27.03,27.52,589208,0
20160929,27.51,27.635,27.25,27.26,226584,0
20160930,27.45,27.69,27.04,27.5,281543,0
20161003,27.37,27.66,27.23,27.62,230541,0
20161004,27.62,27.82,27.18,27.38,169109,0
20161005,27.53,27.6801,27.38,27.4,160364,0
20161006,27.21,27.25,26.78,27.05,215202,0
20161007,26.96,27,26.58,26.85,214691,0
20161010,26.9,27.22,26.69,26.86,171289,0
20161011,26.9,27.04,26.39,26.7,214620,0
20161012,26.76,26.97,26.515,26.54,161334,0
20161013,26.22,26.48,25.92,26.26,151869,0
20161014,26.43,26.81,26.26,26.28,160415,0
20161017,26.35,26.425,26.15,26.35,153330,0
20161018,26.5,26.725,26.25,26.5,168319,0
20161019,26.5,26.85,26.3,26.55,155084,0
20161020,26.45,26.7,26.2,26.35,221251,0
20161021,25.95,26.3,25.8,26.25,256997,0
20161024,26.55,27,26.15,26.25,217156,0
20161025,26.15,26.4,25.75,25.95,223982,0
20161026,28.35,28.55,26.35,26.6,933542,0
20161027,26.5,26.85,23.95,24.75,716179,0
20161028,24.7,25.15,24.65,24.9,483031,0
20161031,25.1,25.2,24.825,25.1,298813,0
20161101,25.2,25.34,24.4,24.5,389564,0
20161102,24.45,25.5,24.25,24.95,649161,0
20161103,25.15,25.45,24.9,25.1,297063,0
20161104,25.3,26.4,25.15,25.5,580516,0
20161107,26.1,26.675,26,26.15,446820,0
20161108,26.15,26.65,26.05,26.3,375963,0
20161109,25.85,27.8,25.5,27.8,683706,0
20161110,28.1,28.9,27.805,28.45,596566,0
20161111,28.5,29.5,28.45,29.1,561992,0
20161114,29.95,30.6,29.2,29.9,761143,0
20161115,30,31.3,29.7,31.25,667476,0
20161116,31.05,32.4,30.85,32.35,829349,0
20161117,32.45,33.05,32.05,32.1,1056734,0
20161118,32.2,32.55,31.75,31.8,625989,0
20161121,31.95,32.0928,31.65,31.75,393034,0
20161122,31.9,32.75,31.8,32.55,602340,0
20161123,32.55,32.95,32.1,32.55,390278,0
20161125,32.6,32.6,32.1,32.45,163380,0
20161128,32.2,32.65,31.85,32,316241,0
20161129,32.15,32.85,31.9,32.35,493434,0
20161130,32.5,32.75,32.15,32.15,389049,0
20161201,32.15,32.4,31.375,31.6,337472,0
20161202,31.45,32.3,31.4,32.15,406288,0
20161205,32.55,32.7,31.95,32.2,334740,0
20161206,32.35,32.35,31.9,32,440089,0
20161207,31.8,32.35,31.8,32.15,416152,0
20161208,32.15,32.55,32,32.35,447358,0
20161209,32.5,32.5,32.15,32.3,408690,0
20161212,32.15,32.15,29.95,30.1,860598,0
20161213,30.25,30.55,29.45,29.8,400216,0
20161214,29.7,30.05,29.425,29.5,281260,0
20161215,29.6,30.55,29.35,29.9,344480,0
20161216,29.9,30.1,28.95,29.05,924330,0
20161219,29.15,29.975,29,29.85,242830,0
20161220,30.05,31.15,30,30.9,568113,0
20161221,30.95,30.95,29.45,29.5,287227,0
20161222,29.65,29.7,29.2,29.6,192400,0
20161223,29.55,29.95,29.35,29.95,185109,0
20161227,30,30.2,29.4,29.6,136454,0
20161228,29.5,29.75,29,29.25,169052,0
20161229,29.35,29.35,28.8,29,124575,0
20161230,29.1,29.1,28.45,28.65,140026,0
20170103,29.1,29.75,28.8,29.65,252628,0
20170104,29.8,30,29.5,29.75,261144,0
20170105,30.05,30.4,29.4,29.55,244270,0
20170106,29.45,29.65,28.9,28.95,184767,0
20170109,28.75,29.45,28.5,28.9,274344,0
20170110,29,29.3,28.65,29.15,257928,0
20170111,29.25,29.35,28.8,29.15,212688,0
20170112,28.95,29.1,28.3,29.05,229528,0
20170113,29.2,29.75,29.2,29.45,124095,0
20170117,29.35,29.45,28.9,29,232855,0
20170118,28.95,29.15,28.55,28.8,174070,0
20170119,28.9,29.05,28.2,28.8,415356,0
20170120,28.9,28.95,28.3,28.45,176471,0
20170123,28.45,28.7165,27.95,28.35,157325,0
20170124,28.35,28.75,28.1,28.5,238381,0
20170125,28.65,28.85,28.35,28.8,260883,0
20170126,28.75,29.15,28.75,28.9,135005,0
20170127,29,29.5,28.85,29.45,234216,0
20170130,29.15,29.5,28,28.15,304496,0
20170131,28,28.25,27.6,28.05,355654,0
20170201,28.1,28.65,28.1,28.6,229154,0
20170202,28.6,28.85,28.15,28.6,241235,0
20170203,28.95,29.6,28.75,29.55,181769,0
20170206,29.45,29.55,28.75,28.8,203321,0
20170207,28.9,29.4,28.725,28.75,265429,0
20170208,28.75,28.75,27.95,28.25,145178,0
20170209,28.2,28.95,28.05,28.8,264619,0
20170210,29,29.2,28.7,29,242406,0
20170213,29.05,29.25,28.95,29.15,227502,0
20170214,29,29.5,29,29.4,225254,0
20170215,29.25,30,29.25,29.85,181333,0
20170216,29.85,30,29.2,29.6,224222,0
20170217,29.6,35.95,29.3,35,3248883,0
20170221,34.1,34.8,33.2,34,1995804,0
20170222,33.95,34.25,33.5,34,842720,0
20170223,34.15,34.4,33.4,34.05,752107,0
20170224,31.5,32.4,31.05,31.25,9896012,0
20170227,31.35,32.05,31.3,31.5,4728088,0
20170228,31.55,31.9,31.4,31.65,3121648,0
20170301,31.85,32.1,31.75,31.9,3076024,0
20170302,31.8,32.2,31.5,31.6,2086304,0
20170303,31.65,31.85,31.4,31.5,1260390,0
20170306,31.4,31.8,31.3,31.75,986854,0
20170307,31.6,32.1,31.4,31.8,1270819,0
20170308,31.9,32.1,31.55,31.55,737071,0
20170309,31.6,31.9,31.5,31.7,592431,0
20170310,31.85,32.125,31.55,31.9,950328,0
20170313,31.9,31.95,31.6,31.75,573219,0
20170314,31.65,31.8,31.45,31.55,622743,0
20170315,31.65,32.15,31.55,32.1,438580,0
20170316,32.15,32.35,31.9,31.95,333455,0
20170317,32.15,32.425,31.95,32.2,616980,0
20170320,32.15,32.425,31.85,32,740334,0
20170321,32.1,32.15,31.5,31.55,880612,0
20170322,31.5,32.2,31.45,31.75,768787,0
20170323,31.75,32.5,31.65,32.35,863784,0
20170324,32.35,32.5,32.05,32.35,474790,0
20170327,32.05,32.45,31.9,32.2,412795,0
20170328,32.25,32.65,32.2,32.5,317788,0
20170329,32.45,32.65,32.4,32.6,231423,0
20170330,32.55,32.9,32.525,32.65,394342,0
20170331,32.6,32.875,32.5,32.75,347506,0
20170403,32.7,33.3,32.4,33.15,719618,0
20170404,33.1,33.8,32.95,33.7,795194,0
20170405,33.75,33.75,32.725,32.85,669945,0
20170406,32.85,33.35,32.75,33,366366,0
20170407,32.9,33.05,32.725,32.85,456020,0
20170410,32.8,33.35,32.75,33.25,215401,0
20170411,33.15,33.45,32.95,33.35,264774,0
20170412,33.25,33.35,32.875,33,275785,0
20170413,32.95,33.1,32.7,32.75,299301,0
20170417,32.8,33.25,32.7,33.2,392672,0
20170418,33.1,33.1,32.75,33,377841,0
20170419,33,33.05,32.65,32.65,369137,0
20170420,32.75,33.1,32.65,33,281032,0
20170421,32.9,33.15,32.75,32.95,251079,0
20170424,33.2,33.45,32.95,33.3,372773,0
20170425,33.4,33.45,33.1,33.2,262686,0
20170426,33.2,33.475,32.95,33,247168,0
20170427,33.05,33.05,32.05,32.15,423959,0
20170428,32.25,32.45,32,32.2,237150,0
20170501,32.2,32.5,32.1,32.25,588382,0
20170502,32.25,32.45,31.85,32.1,604779,0
20170503,32,32,31.5,31.75,451007,0
20170504,31.8,31.85,31.45,31.8,215682,0
20170505,31.8,31.9,31.65,31.8,293282,0
20170508,31.55,31.85,31.55,31.75,280058,0
20170509,31.7,32,31.6,31.7,364654,0
20170510,31.7,31.9,31.6,31.6,413744,0
20170511,31.55,31.65,31.4,31.45,609663,0
20170512,31.4,31.55,31.25,31.3,350554,0
20170515,31.4,31.9,31.4,31.6,445226,0
20170516,31.65,31.95,31.5,31.65,567640,0
20170517,31.55,31.55,30.8,30.95,634079,0
20170518,30.85,31.4,30.85,31.1,273941,0
20170519,31.1,31.4,31.1,31.25,207200,0
20170522,31.25,31.55,31.15,31.5,244504,0
20170523,31.5,31.55,31.25,31.45,253485,0
20170524,31.4,31.55,31.35,31.4,203941,0
20170525,31.5,31.55,31.05,31.15,163182,0
20170526,31.15,31.325,31.1,31.2,131544,0
20170530,31.15,31.275,31.025,31.2,1111532,0
20170531,31.2,31.2,31,31.15,220241,0
20170601,31.15,31.65,31.15,31.65,450273,0
20170602,31.55,31.7,31.25,31.6,281561,0
20170605,31.5,31.775,31.5,31.7,233210,0
20170606,31.6,31.775,31.45,31.65,331220,0
20170607,31.65,31.8,31.5,31.7,392783,0
20170608,31.7,31.75,31.1,31.25,365770,0
20170609,31.35,31.825,31.3,31.6,327337,0
20170612,31.5,31.85,31.4,31.8,296211,0
20170613,31.75,32.25,31.7,32.05,346468,0
20170614,32.1,32.1,31.75,31.95,297043,0
20170615,31.75,31.85,31.55,31.75,400471,0
20170616,31.65,31.725,31.35,31.55,1041288,0
20170619,31.6,32.35,31.5,32.3,570344,0
20170620,32.2,32.3,31.75,32.25,417419,0
20170621,32.1,32.35,32.1,32.1,618062,0
20170622,32.15,32.55,32.075,32.45,373146,0
20170623,32.45,32.45,32.15,32.25,711715,0
20170626,32.35,32.8,32.25,32.65,683975,0
20170627,32.65,32.9,32.525,32.65,699922,0
20170628,32.7,33.9,32.7,33.8,1341396,0
20170629,33.8,33.8,33.45,33.7,242840,0
20170630,33.75,33.75,33.2,33.3,758607,0
20170703,33.3,33.45,33.15,33.4,137285,0
20170705,33.4,33.675,33.3,33.45,370786,0
20170706,33.35,33.4,32.975,33.05,308919,0
20170707,33.1,33.4,33.05,33.4,405200,0
20170710,33.3,33.5,33.2,33.3,512807,0
20170711,33.35,33.45,33.15,33.25,289952,0
20170712,33.35,33.5,33.3,33.4,380384,0
20170713,33.3,33.45,33.1,33.4,414191,0
20170714,33.35,33.7,33.35,33.55,231295,0
20170717,33.45,33.65,33.25,33.3,386736,0
20170718,33.3,33.45,33.15,33.35,216619,0
20170719,33.45,33.75,33.45,33.5,224644,0
20170720,33.6,33.65,33.45,33.55,189218,0
20170721,34.15,34.2,33.35,33.4,257416,0
20170724,33.35,33.55,33.2,33.3,368027,0
20170725,33.3,33.65,33.3,33.5,301928,0
20170726,33.5,33.575,33.3,33.45,148289,0
20170727,33.5,33.55,32.9,32.9,268060,0
20170728,32.8,34.6,32.8,34.25,721870,0
20170731,34.3,34.9,34.25,34.9,420061,0
20170801,34.85,34.9,34.575,34.75,171558,0
