Date,Open,High,Low,Close,Volume,OpenInt
20141224,13.961,14.19,13.711,13.977,102554,0
20141226,13.925,13.984,13.66,13.78,161389,0
20141229,13.312,13.702,13.312,13.568,190408,0
20141230,13.474,13.609,13.474,13.609,120467,0
20141231,13.474,13.584,13.157,13.157,215954,0
20150102,13.184,13.387,12.953,13.106,233768,0
20150105,12.96,13.064,12.841,12.987,230732,0
20150106,13.14,13.14,12.868,12.978,150785,0
20150107,13.14,13.225,13.029,13.148,160349,0
20150108,13.276,13.355,13.225,13.268,161043,0
20150109,13.363,13.363,13.148,13.148,95062,0
20150112,13.184,13.184,12.995,13.029,141548,0
20150113,13.166,13.243,12.841,12.937,207640,0
20150114,12.833,12.911,12.706,12.833,199141,0
20150115,12.937,12.937,12.774,12.8,279743,0
20150116,12.868,13.097,12.868,13.088,186287,0
20150120,13.157,13.157,12.944,13.047,199581,0
20150121,13.074,13.14,12.978,13.088,130378,0
20150122,13.14,13.345,13.106,13.304,238898,0
20150123,13.304,13.312,13.225,13.225,178369,0
20150126,13.208,13.276,13.175,13.268,113207,0
20150127,13.14,13.14,13.012,13.106,111363,0
20150128,13.217,13.217,13.012,13.037,106807,0
20150129,13.037,13.184,12.978,13.148,105215,0
20150130,13.005,13.157,12.978,12.987,66019,0
20150202,13.055,13.055,12.911,13.047,91709,0
20150203,13.115,13.217,13.106,13.148,124830,0
20150204,13.148,13.217,13.115,13.133,80667,0
20150205,13.148,13.304,13.148,13.276,71160,0
20150206,13.312,13.345,13.243,13.268,97768,0
20150209,13.268,13.284,13.201,13.208,117653,0
20150210,13.225,13.335,13.225,13.304,71931,0
20150211,13.304,13.355,13.235,13.345,69274,0
20150212,13.345,13.414,13.335,13.387,105812,0
20150213,13.363,13.414,13.32,13.372,97383,0
20150217,13.372,13.414,13.304,13.345,122238,0
20150218,13.363,13.363,13.252,13.32,106733,0
20150219,13.312,13.355,13.235,13.268,97576,0
20150220,13.175,13.32,13.175,13.294,105027,0
20150223,13.235,13.312,13.235,13.312,134142,0
20150224,13.208,13.414,13.208,13.414,210998,0
20150225,13.414,13.439,13.396,13.414,94796,0
20150226,13.396,13.448,13.355,13.422,86276,0
20150227,13.387,13.456,13.363,13.372,120484,0
20150302,13.414,13.464,13.379,13.456,115906,0
20150303,13.456,13.456,13.363,13.439,63519,0
20150304,13.439,13.439,13.32,13.43,89185,0
20150305,13.43,13.464,13.406,13.439,71257,0
20150306,13.406,13.422,13.252,13.294,111100,0
20150309,13.312,13.379,13.304,13.363,71959,0
20150310,13.235,13.32,13.14,13.184,95044,0
20150311,13.274,13.274,13.137,13.153,95711,0
20150312,13.153,13.44,13.137,13.319,79588,0
20150313,13.25,13.319,13.143,13.24,94907,0
20150316,13.326,13.423,13.214,13.423,74174,0
20150317,13.302,13.311,13.214,13.283,65075,0
20150318,13.153,13.396,13.153,13.379,83963,0
20150319,13.344,13.387,13.25,13.363,68299,0
20150320,13.319,13.44,13.319,13.363,94791,0
20150323,13.283,13.415,13.283,13.319,81315,0
20150324,13.302,13.372,13.24,13.24,60813,0
20150325,13.283,13.283,13.068,13.092,70949,0
20150326,13.049,13.143,13.024,13.129,38240,0
20150327,13.129,13.197,13.129,13.18,89148,0
20150330,13.197,13.354,13.197,13.344,102163,0
20150331,13.334,13.334,13.172,13.172,161248,0
20150401,13.24,13.24,13.049,13.12,116213,0
20150402,13.006,13.153,13.006,13.101,152495,0
20150406,12.989,13.189,12.989,13.153,100895,0
20150407,13.197,13.266,13.162,13.18,110960,0
20150408,13.172,13.259,13.153,13.189,76822,0
20150409,13.18,13.232,13.143,13.197,82231,0
20150410,13.197,13.224,13.153,13.197,121398,0
20150413,13.197,13.25,13.172,13.197,137522,0
20150414,13.214,13.24,13.153,13.189,129459,0
20150415,13.205,13.302,13.205,13.283,117463,0
20150416,13.283,13.311,13.224,13.283,90167,0
20150417,13.18,13.197,13.076,13.137,101011,0
20150420,13.137,13.266,13.137,13.232,151731,0
20150421,13.259,13.266,13.18,13.197,144408,0
20150422,13.205,13.266,13.172,13.24,70189,0
20150423,13.224,13.311,13.18,13.266,75441,0
20150424,13.311,13.311,13.232,13.25,96059,0
20150427,13.283,13.311,13.205,13.214,96403,0
20150428,13.172,13.283,13.143,13.214,57012,0
20150429,13.205,13.292,13.162,13.18,63693,0
20150430,13.172,13.189,13.032,13.049,122550,0
20150501,13.153,13.189,13.092,13.162,141784,0
20150504,13.197,13.259,13.197,13.197,112758,0
20150505,13.197,13.232,13.101,13.153,125544,0
20150506,13.24,13.24,13.11,13.143,119549,0
20150507,13.143,13.224,13.11,13.172,62479,0
20150508,13.266,13.354,13.266,13.319,88340,0
20150511,13.319,13.363,13.283,13.283,50678,0
20150512,13.205,13.283,13.18,13.24,73538,0
20150513,13.24,13.311,13.24,13.25,90529,0
20150514,13.292,13.396,13.292,13.379,47454,0
20150515,13.379,13.415,13.319,13.344,97229,0
20150518,13.354,13.449,13.354,13.449,69708,0
20150519,13.466,13.474,13.44,13.458,113104,0
20150520,13.44,13.571,13.431,13.458,129691,0
20150521,13.519,13.527,13.423,13.502,78436,0
20150522,13.502,13.544,13.396,13.415,85463,0
20150526,13.372,13.44,13.18,13.189,182702,0
20150527,13.25,13.344,13.224,13.334,112875,0
20150528,13.292,13.302,13.25,13.274,75285,0
20150529,13.302,13.302,13.214,13.224,115062,0
20150601,13.302,13.311,13.232,13.232,89838,0
20150602,13.162,13.25,13.162,13.214,98895,0
20150603,13.232,13.326,13.232,13.266,111490,0
20150604,13.302,13.302,13.12,13.129,152149,0
20150605,13.101,13.172,13.101,13.153,63462,0
20150608,13.083,13.172,13.083,13.129,76822,0
20150609,13.092,13.162,13.083,13.143,89257,0
20150610,13.172,13.266,13.172,13.25,117491,0
20150611,13.318,13.37,13.271,13.289,80815,0
20150612,13.264,13.281,13.201,13.201,59867,0
20150615,13.176,13.193,13.085,13.147,67787,0
20150616,13.147,13.255,13.132,13.209,76503,0
20150617,13.246,13.299,13.209,13.255,87367,0
20150618,13.264,13.431,13.264,13.386,61791,0
20150619,13.378,13.405,13.289,13.299,59075,0
20150622,13.333,13.431,13.333,13.352,75370,0
20150623,13.281,13.431,13.281,13.37,151904,0
20150624,13.362,13.405,13.289,13.289,93025,0
20150625,13.325,13.362,13.236,13.255,106266,0
20150626,13.246,13.362,13.228,13.228,123694,0
20150629,13.176,13.176,13.016,13.025,123469,0
20150630,13.113,13.123,13.025,13.123,210085,0
20150701,13.362,13.362,13.185,13.236,110340,0
20150702,13.209,13.264,13.176,13.236,75711,0
20150706,13.166,13.219,13.103,13.201,30216,0
20150707,13.289,13.289,13.095,13.255,76164,0
20150708,13.079,13.166,13.042,13.085,58622,0
20150709,13.236,13.246,13.034,13.042,63601,0
20150710,13.147,13.209,13.147,13.185,40288,0
20150713,13.246,13.318,13.246,13.289,52964,0
20150714,13.325,13.386,13.264,13.342,47116,0
20150715,13.352,13.378,13.342,13.378,71405,0
20150716,13.475,13.475,13.414,13.458,51040,0
20150717,13.449,13.449,13.333,13.37,108530,0
20150720,13.342,13.378,13.325,13.325,56472,0
20150721,13.308,13.318,13.264,13.271,80238,0
20150722,13.219,13.281,13.201,13.228,67110,0
20150723,13.289,13.289,13.193,13.193,59414,0
20150724,13.185,13.193,13.079,13.139,56926,0
20150727,13.051,13.085,12.998,13.085,97553,0
20150728,13.085,13.193,13.034,13.193,90988,0
20150729,13.132,13.271,13.132,13.271,66658,0
20150730,13.185,13.219,13.113,13.219,109888,0
20150731,13.176,13.228,13.139,13.228,70391,0
20150803,13.185,13.185,13.034,13.132,62393,0
20150804,13.085,13.139,13.06,13.103,77861,0
20150805,13.103,13.139,13.007,13.042,60885,0
20150806,12.99,13.051,12.9,12.971,109178,0
20150807,12.937,12.962,12.884,12.918,101513,0
20150810,12.954,13.06,12.954,13.007,55227,0
20150811,12.875,12.962,12.831,12.918,75487,0
20150812,12.813,12.962,12.751,12.937,97779,0
20150813,12.892,12.981,12.884,12.918,44929,0
20150814,12.848,12.971,12.848,12.928,63827,0
20150817,12.884,12.998,12.838,12.962,84537,0
20150818,12.937,12.962,12.918,12.962,56245,0
20150819,12.91,12.945,12.803,12.875,74805,0
20150820,12.786,12.786,12.662,12.671,79333,0
20150821,12.565,12.565,12.192,12.284,282697,0
20150824,11.48,11.964,10.188,11.665,643121,0
20150825,11.842,11.973,11.751,11.85,419632,0
20150826,11.894,12.071,11.769,12.071,129806,0
20150827,12.192,12.379,12.149,12.309,153459,0
20150828,12.255,12.353,12.212,12.353,84537,0
20150831,12.265,12.327,12.212,12.284,54775,0
20150901,12.061,12.105,11.894,11.956,102191,0
20150902,12.141,12.159,12.018,12.159,37911,0
20150903,12.202,12.317,12.124,12.168,123808,0
20150904,12.018,12.043,11.928,11.973,147799,0
20150908,12.168,12.291,12.141,12.291,87141,0
20150909,12.336,12.362,12.097,12.097,100834,0
20150910,12.097,12.284,12.097,12.202,129430,0
20150911,12.119,12.298,12.119,12.298,43952,0
20150914,12.298,12.298,12.198,12.198,40957,0
20150915,12.252,12.389,12.243,12.29,67260,0
20150916,12.262,12.352,12.243,12.307,143511,0
20150917,12.272,12.488,12.252,12.415,214766,0
20150918,12.252,12.326,12.198,12.272,157384,0
20150921,12.272,12.398,12.252,12.398,150169,0
20150922,12.262,12.272,12.164,12.272,101333,0
20150923,12.272,12.282,12.183,12.262,93009,0
20150924,12.173,12.19,12.01,12.19,103503,0
20150925,12.272,12.29,12.128,12.237,85352,0
20150928,12.227,12.227,11.983,12.046,170467,0
20150929,12.046,12.055,11.894,11.992,121756,0
20150930,12.046,12.144,12.019,12.144,175808,0
20151001,12.218,12.218,11.992,12.144,159049,0
20151002,11.965,12.237,11.911,12.237,197229,0
20151005,12.29,12.415,12.282,12.407,133793,0
20151006,12.407,12.47,12.379,12.398,80358,0
20151007,12.461,12.587,12.442,12.532,187018,0
20151008,12.523,12.615,12.497,12.587,89901,0
20151009,12.561,12.687,12.561,12.659,80690,0
20151012,12.677,12.677,12.615,12.659,58520,0
20151013,12.578,12.731,12.578,12.615,84907,0
20151014,12.615,12.659,12.523,12.523,66815,0
20151015,12.532,12.704,12.532,12.64,72478,0
20151016,12.659,12.687,12.615,12.687,89236,0
20151019,12.677,12.704,12.615,12.677,56049,0
20151020,12.704,12.731,12.65,12.687,48771,0
20151021,12.668,12.749,12.595,12.605,88458,0
20151022,12.74,12.876,12.722,12.831,126639,0
20151023,12.885,12.974,12.885,12.93,117650,0
20151026,12.838,12.901,12.838,12.857,94119,0
20151027,12.857,12.866,12.794,12.794,72143,0
20151028,12.812,12.939,12.812,12.92,81799,0
20151029,12.831,12.911,12.831,12.885,54830,0
20151030,12.885,12.92,12.831,12.831,62266,0
20151102,12.831,13.028,12.831,13.001,116386,0
20151103,12.956,13.119,12.939,13.1,169037,0
20151104,13.1,13.154,13.074,13.109,113644,0
20151105,13.129,13.154,13.036,13.1,107216,0
20151106,13.09,13.144,13.019,13.065,84686,0
20151109,13.036,13.055,12.866,12.946,81391,0
20151110,12.857,13.001,12.857,12.992,77915,0
20151111,12.974,13.01,12.92,12.939,70922,0
20151112,12.885,12.885,12.722,12.722,94674,0
20151113,12.64,12.74,12.632,12.668,64707,0
20151116,12.65,12.831,12.65,12.821,44063,0
20151117,12.821,12.92,12.802,12.831,63265,0
20151118,12.901,13.055,12.885,13.036,79136,0
20151119,12.984,13.055,12.984,13.01,54496,0
20151120,13.019,13.1,13.019,13.082,74252,0
20151123,13.173,13.208,13.09,13.137,102333,0
20151124,13.109,13.191,13.082,13.173,52054,0
20151125,13.109,13.217,13.109,13.173,47392,0
20151127,13.082,13.137,13.074,13.109,20089,0
20151130,13.109,13.154,13.074,13.082,70590,0
20151201,13.082,13.182,13.082,13.154,78891,0
20151202,13.154,13.163,13.074,13.082,50281,0
20151203,13.082,13.109,12.893,12.984,141131,0
20151204,12.984,13.2,12.984,13.173,64929,0
20151207,13.2,13.2,13.01,13.129,75585,0
20151208,12.956,13.109,12.956,13.055,68174,0
20151209,13.055,13.182,12.893,12.93,100445,0
20151210,12.956,13.074,12.893,12.939,80358,0
20151211,12.694,12.713,12.488,12.523,108992,0
20151214,12.515,12.523,12.415,12.506,97273,0
20151215,12.578,12.687,12.578,12.632,74918,0
20151216,12.668,12.857,12.668,12.821,72478,0
20151217,12.821,12.831,12.704,12.731,125195,0
20151218,12.731,12.731,12.568,12.587,94341,0
20151221,12.668,12.668,12.568,12.605,66927,0
20151222,12.605,12.776,12.605,12.757,64594,0
20151223,12.876,12.901,12.821,12.901,70700,0
20151224,12.946,12.965,12.885,12.946,23838,0
20151228,13.055,13.055,12.885,12.974,82601,0
20151229,12.974,13.082,12.974,13.065,102303,0
20151230,12.984,13.065,12.984,13.019,71600,0
20151231,13.019,13.036,12.911,12.939,208547,0
20160104,12.838,12.838,12.515,12.659,150215,0
20160105,12.74,12.757,12.64,12.64,70748,0
20160106,12.595,12.64,12.515,12.541,76369,0
20160107,12.415,12.452,12.19,12.19,140070,0
20160108,12.218,12.262,12.01,12.01,125421,0
20160111,12.055,12.092,11.911,11.938,131316,0
20160112,12.073,12.136,11.911,11.992,114815,0
20160113,12.073,12.092,11.695,11.695,148627,0
20160114,11.703,11.938,11.669,11.83,197555,0
20160115,11.631,11.677,11.47,11.505,212843,0
20160119,11.587,11.623,11.406,11.46,159492,0
20160120,11.262,11.311,10.686,11.155,336280,0
20160121,11.307,11.416,11.136,11.245,250836,0
20160122,11.569,11.641,11.411,11.605,204685,0
20160125,11.623,11.623,11.406,11.416,146837,0
20160126,11.425,11.631,11.425,11.623,113528,0
20160127,11.669,11.685,11.451,11.483,154898,0
20160128,11.767,11.767,11.487,11.641,116654,0
20160129,11.695,11.928,11.685,11.928,96099,0
20160201,11.894,11.941,11.82,11.92,84411,0
20160202,11.865,11.865,11.722,11.739,83085,0
20160203,11.82,11.82,11.605,11.795,68530,0
20160204,11.82,11.894,11.786,11.865,65086,0
20160205,11.786,11.87,11.713,11.786,81041,0
20160208,11.623,11.641,11.487,11.587,151574,0
20160209,11.487,11.614,11.307,11.534,199982,0
20160210,11.641,11.669,11.495,11.495,167851,0
20160211,11.262,11.416,10.884,11.371,298998,0
20160212,11.433,11.596,11.406,11.587,85565,0
20160216,11.641,11.776,11.641,11.748,93894,0
20160217,11.903,11.957,11.802,11.957,70046,0
20160218,11.965,11.965,11.868,11.911,54106,0
20160219,11.865,11.92,11.802,11.92,124425,0
20160222,12.028,12.1,11.957,12.082,176621,0
20160223,12.082,12.164,11.992,12.046,223593,0
20160224,11.992,12.136,11.834,12.136,122054,0
20160225,12.183,12.272,12.069,12.272,85917,0
20160226,12.298,12.307,12.183,12.227,60361,0
20160229,12.218,12.29,12.164,12.243,61023,0
20160301,12.326,12.434,12.218,12.434,109548,0
20160302,12.344,12.461,12.262,12.461,164164,0
20160303,12.515,12.515,12.361,12.488,217910,0
20160304,12.568,12.568,12.425,12.561,121398,0
20160307,12.541,12.595,12.506,12.578,86374,0
20160308,12.561,12.587,12.506,12.506,69231,0
20160309,12.587,12.595,12.478,12.561,67100,0
20160310,12.587,12.64,12.371,12.497,69383,0
20160311,12.658,12.723,12.593,12.652,38920,0
20160314,12.668,12.668,12.593,12.631,47904,0
20160315,12.613,12.613,12.493,12.566,48053,0
20160316,12.53,12.741,12.53,12.714,58123,0
20160317,12.723,12.841,12.723,12.833,100716,0
20160318,12.906,12.906,12.769,12.851,101159,0
20160321,12.851,12.906,12.769,12.87,74089,0
20160322,12.851,12.86,12.769,12.796,82636,0
20160323,12.796,12.848,12.723,12.723,73190,0
20160324,12.694,12.694,12.613,12.668,75178,0
20160328,12.677,12.709,12.639,12.668,82017,0
20160329,12.704,12.833,12.593,12.833,87078,0
20160330,12.841,12.925,12.824,12.87,93548,0
20160331,12.88,12.97,12.815,12.961,90468,0
20160401,12.952,12.998,12.86,12.998,82878,0
20160404,13.008,13.008,12.769,12.915,125365,0
20160405,12.887,12.887,12.723,12.75,107812,0
20160406,12.87,12.887,12.723,12.887,74581,0
20160407,12.86,12.943,12.759,12.896,136889,0
20160408,12.935,12.989,12.778,12.86,82028,0
20160411,12.98,12.98,12.805,12.87,61606,0
20160412,12.88,12.98,12.829,12.98,91044,0
20160413,13.035,13.044,12.952,13.044,87773,0
20160414,13.026,13.026,12.98,13.026,41396,0
20160415,13.026,13.044,12.961,13.008,49478,0
20160418,12.943,13.228,12.884,13.089,117032,0
20160419,13.154,13.192,13.063,13.137,51509,0
20160420,13.118,13.163,13.044,13.137,58305,0
20160421,13.099,13.201,13.081,13.118,64901,0
20160422,13.137,13.137,13.045,13.073,82225,0
20160425,13.053,13.096,12.97,13.017,109692,0
20160426,13.089,13.089,13.008,13.035,93116,0
20160427,12.998,13.128,12.998,13.128,82034,0
20160428,13.118,13.158,12.989,13.053,143003,0
20160429,12.98,13.053,12.943,12.961,89873,0
20160502,13.035,13.053,12.935,13.026,71916,0
20160503,12.989,13.053,12.915,13.017,126359,0
20160504,12.989,13.017,12.915,12.961,85556,0
20160505,12.961,13.044,12.906,12.935,41917,0
20160506,12.906,12.98,12.887,12.952,76269,0
20160509,12.989,13.026,12.906,12.98,51568,0
20160510,13.035,13.128,13.026,13.073,54497,0
20160511,13.089,13.118,12.998,13.073,70354,0
20160512,13.118,13.128,12.952,13.128,58535,0
20160513,13.128,13.144,13.008,13.053,66843,0
20160516,13.017,13.104,12.998,13.017,75767,0
20160517,13.017,13.099,12.88,12.896,94604,0
20160518,12.915,12.952,12.88,12.896,97688,0
20160519,12.896,12.915,12.769,12.784,72504,0
20160520,12.88,12.904,12.824,12.841,63752,0
20160523,12.97,12.998,12.841,12.887,102732,0
20160524,12.98,13.053,12.943,13.053,84459,0
20160525,13.063,13.201,13.063,13.137,116586,0
20160526,13.173,13.201,13.044,13.108,81932,0
20160527,13.108,13.183,13.099,13.173,63017,0
20160531,13.183,13.183,13.089,13.108,82844,0
20160601,13.154,13.183,13.063,13.154,110550,0
20160602,13.154,13.201,13.099,13.183,64699,0
20160603,13.154,13.201,13.089,13.201,68452,0
20160606,13.218,13.228,13.128,13.192,88722,0
20160607,13.128,13.192,13.128,13.163,94631,0
20160608,13.209,13.228,13.137,13.201,84106,0
20160609,13.209,13.247,13.137,13.192,98421,0
20160610,13.183,13.218,13.118,13.209,137679,0
20160613,13.224,13.263,13.112,13.149,80268,0
20160614,13.14,13.178,13.018,13.037,105228,0
20160615,13.037,13.14,13.037,13.066,94753,0
20160616,13.027,13.123,12.962,13.102,77206,0
20160617,13.149,13.168,13.083,13.083,80314,0
20160620,13.205,13.29,13.197,13.244,121474,0
20160621,13.29,13.309,13.205,13.3,88205,0
20160622,13.346,13.346,13.253,13.263,97125,0
20160623,13.374,13.374,13.28,13.327,91203,0
20160624,12.953,13.197,12.953,13.083,134164,0
20160627,13.066,13.102,12.944,13.018,101057,0
20160628,13.197,13.309,13.132,13.309,198613,0
20160629,13.496,13.571,13.384,13.542,177185,0
20160630,13.571,13.628,13.468,13.598,168062,0
20160701,13.693,13.701,13.588,13.588,122245,0
20160705,13.496,13.571,13.327,13.468,105314,0
20160706,13.468,13.486,13.43,13.43,88902,0
20160707,13.402,13.581,13.374,13.374,140395,0
20160708,13.449,13.571,13.43,13.533,84132,0
20160711,13.664,13.674,13.477,13.477,130754,0
20160712,13.571,13.71,13.533,13.637,127400,0
20160713,13.73,13.73,13.588,13.588,167675,0
20160714,13.664,13.72,13.608,13.664,88963,0
20160715,13.71,13.757,13.637,13.654,48345,0
20160718,13.71,13.776,13.684,13.73,85805,0
20160719,13.75,13.757,13.618,13.74,92400,0
20160720,13.757,13.786,13.71,13.75,62575,0
20160721,13.796,13.89,13.72,13.73,153573,0
20160722,13.806,13.833,13.71,13.71,72056,0
20160725,13.71,13.813,13.71,13.75,86483,0
20160726,13.684,13.842,13.674,13.776,96929,0
20160727,13.842,13.879,13.813,13.861,66446,0
20160728,13.852,13.87,13.806,13.842,66754,0
20160729,13.852,13.879,13.835,13.842,40811,0
20160801,13.823,13.842,13.759,13.806,77480,0
20160802,13.796,13.796,13.693,13.72,62329,0
20160803,13.664,13.73,13.524,13.71,76696,0
20160804,13.757,13.823,13.74,13.796,74137,0
20160805,13.87,13.908,13.787,13.908,67655,0
20160808,13.908,13.908,13.842,13.842,52902,0
20160809,13.879,13.908,13.852,13.899,71352,0
20160810,13.917,13.917,13.786,13.842,54895,0
20160811,13.908,13.908,13.823,13.889,72880,0
20160812,13.917,13.945,13.894,13.908,92350,0
20160815,13.955,13.992,13.899,13.908,35202,0
20160816,13.955,13.955,13.823,13.889,85049,0
20160817,13.852,13.908,13.813,13.87,108984,0
20160818,13.861,13.926,13.813,13.87,53877,0
20160819,13.908,13.935,13.852,13.917,63695,0
20160822,13.917,13.917,13.852,13.899,56957,0
20160823,13.992,13.992,13.833,13.87,90070,0
20160824,13.908,13.908,13.786,13.842,61235,0
20160825,13.879,13.917,13.842,13.889,122759,0
20160826,13.889,13.982,13.757,13.87,58658,0
20160829,13.879,13.945,13.862,13.87,76604,0
20160830,13.861,13.908,13.842,13.879,38405,0
20160831,13.833,13.889,13.813,13.87,68725,0
20160901,13.852,13.897,13.767,13.842,45625,0
20160902,13.926,13.964,13.908,13.935,47111,0
20160906,13.945,13.992,13.899,13.926,59525,0
20160907,13.955,13.992,13.917,13.945,44402,0
20160908,13.935,13.973,13.905,13.964,63049,0
20160909,13.899,13.926,13.701,13.74,89522,0
20160912,13.73,13.842,13.598,13.806,78729,0
20160913,13.744,13.762,13.572,13.647,101168,0
20160914,13.647,13.687,13.6,13.677,50309,0
20160915,13.687,13.752,13.6,13.705,58541,0
20160916,13.714,13.714,13.524,13.687,49569,0
20160919,13.705,13.734,13.629,13.639,47102,0
20160920,13.667,13.714,13.582,13.62,24864,0
20160921,13.647,13.753,13.61,13.734,98771,0
20160922,13.772,13.829,13.744,13.773,61210,0
20160923,13.781,13.781,13.647,13.687,23469,0
20160926,13.476,13.563,13.448,13.486,110528,0
20160927,13.533,13.657,13.506,13.657,58011,0
20160928,13.687,13.772,13.553,13.744,83823,0
20160929,13.724,13.744,13.524,13.563,78788,0
20160930,13.629,13.744,13.571,13.734,121720,0
20161003,13.657,13.704,13.563,13.62,116359,0
20161004,13.6,13.714,13.476,13.533,136204,0
20161005,13.533,13.689,13.533,13.553,118020,0
20161006,13.639,13.696,13.639,13.639,149052,0
20161007,13.696,13.714,13.657,13.667,76952,0
20161010,13.724,13.734,13.639,13.647,47732,0
20161011,13.667,13.712,13.572,13.572,221596,0
20161012,13.524,13.62,13.515,13.515,73711,0
20161013,13.476,13.496,13.372,13.382,68243,0
20161014,13.476,13.61,13.419,13.429,71487,0
20161017,13.486,13.515,13.249,13.286,120890,0
20161018,13.372,13.4,13.306,13.372,87932,0
20161019,13.439,13.496,13.372,13.439,88217,0
20161020,13.439,13.476,13.382,13.429,82746,0
20161021,13.467,13.61,13.415,13.59,109008,0
20161024,13.677,13.687,13.553,13.59,59210,0
20161025,13.647,13.696,13.59,13.62,130427,0
20161026,13.572,13.61,13.533,13.582,60980,0
20161027,13.647,13.647,13.496,13.515,58312,0
20161028,13.543,13.6,13.524,13.533,60728,0
20161031,13.582,13.582,13.457,13.489,66836,0
20161101,13.506,13.506,13.4,13.457,89844,0
20161102,13.563,13.563,13.362,13.4,132174,0
20161103,13.362,13.377,13.239,13.239,143304,0
20161104,13.239,13.296,13.152,13.152,87943,0
20161107,13.249,13.353,13.23,13.306,138661,0
20161108,13.249,13.476,13.249,13.343,129761,0
20161109,13.115,13.714,13.068,13.563,177767,0
20161110,13.6,13.801,13.563,13.677,126843,0
20161111,13.582,13.714,13.582,13.657,107548,0
20161114,13.714,13.753,13.629,13.724,92280,0
20161115,13.677,13.858,13.677,13.858,127586,0
20161116,13.838,13.886,13.8,13.867,98254,0
20161117,13.905,14.048,13.867,14.029,132193,0
20161118,14.057,14.057,13.943,13.963,79694,0
20161121,14.01,14.048,13.972,13.972,61845,0
20161122,14.038,14.105,13.981,14.057,109911,0
20161123,14.048,14.115,14.01,14.038,99024,0
20161125,14.115,14.191,14.069,14.172,28617,0
20161128,14.153,14.16,14.057,14.087,80097,0
20161129,14.029,14.095,14.02,14.057,104684,0
20161130,14.067,14.162,14.024,14.038,135709,0
20161201,14.105,14.105,14.029,14.095,125754,0
20161202,14.124,14.124,14.048,14.087,105267,0
20161205,14.134,14.153,14.048,14.048,85093,0
20161206,14.057,14.162,14.029,14.162,80997,0
20161207,14.191,14.362,14.124,14.258,125295,0
20161208,14.324,14.324,14.201,14.267,101018,0
20161209,14.277,14.335,14.21,14.277,78863,0
20161212,14.286,14.319,14.277,14.315,81310,0
20161213,14.388,14.484,14.33,14.484,190284,0
20161214,14.426,14.453,14.33,14.359,134328,0
20161215,14.398,14.552,14.34,14.494,132701,0
20161216,14.562,14.562,14.432,14.562,131002,0
20161219,14.534,14.582,14.456,14.456,84882,0
20161220,14.534,14.601,14.466,14.601,83353,0
20161221,14.592,14.64,14.552,14.592,88767,0
20161222,14.64,14.66,14.504,14.552,123360,0
20161223,14.62,14.62,14.572,14.61,64242,0
20161227,14.698,14.698,14.601,14.63,56359,0
20161228,14.688,14.688,14.484,14.499,74064,0
20161229,14.572,14.572,14.504,14.524,61504,0
20161230,14.61,14.61,14.504,14.534,159726,0
20170103,14.592,14.673,14.562,14.592,147515,0
20170104,14.66,14.718,14.601,14.698,128076,0
20170105,14.484,14.63,14.484,14.61,144540,0
20170106,14.746,14.804,14.601,14.736,157932,0
20170109,14.736,14.756,14.66,14.718,92993,0
20170110,14.766,14.862,14.695,14.766,125267,0
20170111,14.804,14.872,14.756,14.844,75167,0
20170112,14.862,14.862,14.727,14.746,83218,0
20170113,14.786,14.814,14.766,14.776,58507,0
20170117,14.776,14.824,14.668,14.698,63977,0
20170118,14.708,14.746,14.668,14.708,57366,0
20170119,14.756,14.756,14.668,14.736,63566,0
20170120,14.708,14.756,14.708,14.736,60138,0
20170123,14.766,14.87,14.741,14.862,106301,0
20170124,14.902,15.018,14.877,15.018,109485,0
20170125,15.046,15.132,15.018,15.114,94140,0
20170126,15.134,15.144,15.063,15.134,71310,0
20170127,15.134,15.192,15.046,15.144,69434,0
20170130,14.998,15.124,14.979,15.066,83214,0
20170131,15.018,15.056,14.95,15.037,81733,0
20170201,15.076,15.134,15.04,15.066,49752,0
20170202,15.105,15.105,14.988,15.046,95323,0
20170203,15.124,15.14,15.028,15.134,75206,0
20170206,15.114,15.173,15.114,15.163,52190,0
20170207,15.173,15.212,15.173,15.173,57007,0
20170208,15.192,15.192,15.066,15.192,72274,0
20170209,15.231,15.289,15.193,15.231,78278,0
20170210,15.24,15.279,15.231,15.231,66300,0
20170213,15.279,15.337,15.24,15.318,70463,0
20170214,15.308,15.396,15.24,15.396,74746,0
20170215,15.405,15.405,15.332,15.386,76004,0
20170216,15.386,15.395,15.173,15.308,216282,0
20170217,15.26,15.289,15.221,15.27,89186,0
20170221,15.25,15.405,15.25,15.347,86864,0
20170222,15.347,15.386,15.328,15.376,54501,0
20170223,15.366,15.502,15.357,15.492,89187,0
20170224,15.483,15.502,15.425,15.444,81878,0
20170227,15.405,15.512,15.405,15.463,72370,0
20170228,15.444,15.57,15.425,15.551,76945,0
20170301,15.638,15.705,15.622,15.667,68695,0
20170302,15.745,15.745,15.541,15.599,107919,0
20170303,15.609,15.652,15.56,15.638,50773,0
20170306,15.647,15.647,15.521,15.589,88081,0
20170307,15.57,15.599,15.502,15.512,51372,0
20170308,15.512,15.618,15.512,15.541,82072,0
20170309,15.454,15.541,15.396,15.541,94249,0
20170310,15.579,15.686,15.483,15.579,99401,0
20170313,15.644,15.683,15.398,15.565,101243,0
20170314,15.496,15.594,15.398,15.516,64522,0
20170315,15.506,15.733,15.496,15.615,148549,0
20170316,15.624,15.723,15.526,15.664,104832,0
20170317,15.703,15.713,15.556,15.605,79213,0
20170320,15.605,15.802,15.556,15.693,237189,0
20170321,15.703,15.782,15.487,15.487,111565,0
20170322,15.467,15.516,15.359,15.368,147567,0
20170323,15.378,15.516,15.359,15.398,124505,0
20170324,15.418,15.487,15.27,15.329,57736,0
20170327,15.132,15.26,15.053,15.211,153297,0
20170328,15.26,15.349,15.172,15.339,136534,0
20170329,15.427,15.427,15.329,15.339,107425,0
20170330,15.339,15.467,15.319,15.398,117707,0
20170331,15.437,15.447,15.349,15.408,83806,0
20170403,15.526,15.526,15.231,15.359,169058,0
20170404,15.231,15.418,15.211,15.418,104284,0
20170405,15.457,15.608,15.434,15.546,110442,0
20170406,15.575,15.634,15.516,15.605,85985,0
20170407,15.595,15.664,15.546,15.664,149425,0
20170410,15.733,15.752,15.641,15.654,159243,0
20170411,15.644,15.674,15.546,15.605,100314,0
20170412,15.605,15.634,15.565,15.575,102772,0
20170413,15.555,15.605,15.526,15.565,97054,0
20170417,15.615,15.674,15.565,15.674,91262,0
20170418,15.674,15.683,15.565,15.595,172923,0
20170419,15.654,15.654,15.507,15.555,67721,0
20170420,15.555,15.634,15.506,15.605,105266,0
20170421,15.654,15.654,15.575,15.615,56500,0
20170424,15.723,15.792,15.713,15.743,93437,0
20170425,15.821,15.88,15.772,15.851,120429,0
20170426,15.851,15.851,15.802,15.821,105655,0
20170427,15.821,15.92,15.792,15.92,63336,0
20170428,15.939,15.939,15.772,15.91,86213,0
20170501,15.939,15.979,15.9,15.979,85952,0
20170502,15.979,15.989,15.851,15.89,186685,0
20170503,15.831,15.9,15.821,15.851,141071,0
20170504,15.871,15.9,15.762,15.831,106980,0
20170505,15.821,15.91,15.811,15.851,111572,0
20170508,15.841,15.91,15.831,15.861,69936,0
20170509,15.959,15.979,15.91,15.969,86817,0
20170510,15.969,16.028,15.9,15.959,122386,0
20170511,15.979,15.979,15.782,15.89,92798,0
20170512,15.88,15.949,15.831,15.949,151212,0
20170515,16.018,16.186,15.939,16.097,196458,0
20170516,16.136,16.136,15.959,15.979,51401,0
20170517,15.861,15.89,15.575,15.644,139355,0
20170518,15.634,15.782,15.631,15.782,110345,0
20170519,15.811,15.91,15.79,15.88,113946,0
20170522,15.989,16.028,15.91,15.969,72092,0
20170523,15.989,15.999,15.92,15.949,66907,0
20170524,16.077,16.136,15.959,16.008,127067,0
20170525,16.038,16.186,16.038,16.058,103381,0
20170526,16.067,16.146,15.959,16.008,188505,0
20170530,16.028,16.186,15.989,16.127,102353,0
20170531,16.136,16.16,15.939,16.008,149066,0
20170601,16.018,16.117,15.93,16.097,137676,0
20170602,16.087,16.195,16.048,16.176,93943,0
20170605,16.176,16.294,16.097,16.176,110149,0
20170606,16.136,16.308,16.107,16.274,80305,0
20170607,16.442,16.442,16.245,16.304,96451,0
20170608,16.294,16.343,16.097,16.127,83446,0
20170609,16.195,16.353,16.077,16.205,79598,0
20170612,16.195,16.294,16.117,16.255,63058,0
20170613,16.37,16.3865,16.25,16.27,60899,0
20170614,16.36,16.42,16.26,16.37,58431,0
20170615,16.37,16.43,16.2801,16.4,88736,0
20170616,16.4,16.43,16.28,16.43,116033,0
20170619,16.48,16.5601,16.41,16.45,61566,0
20170620,16.45,16.4501,16.3,16.32,166738,0
20170621,16.34,16.5,16.3,16.42,112288,0
20170622,16.45,16.46,16.25,16.3,141373,0
20170623,16.39,16.51,16.31,16.51,78156,0
20170626,16.54,16.59,16.41,16.42,126564,0
20170627,16.48,16.51,16.36,16.43,73630,0
20170628,16.52,16.59,16.4716,16.54,98495,0
20170629,16.59,16.59,16.36,16.39,81881,0
20170630,16.43,16.58,16.43,16.52,174724,0
20170703,16.66,16.73,16.6175,16.73,67275,0
20170705,16.73,16.73,16.45,16.45,240953,0
20170706,16.42,16.57,16.4,16.56,55251,0
20170707,16.54,16.63,16.45,16.45,156266,0
20170710,16.48,16.555,16.4164,16.55,96540,0
20170711,16.48,16.71,16.48,16.71,77389,0
20170712,16.7,16.79,16.59,16.61,89206,0
20170713,16.7,16.74,16.3,16.49,317899,0
20170714,16.46,16.67,16.46,16.67,71812,0
20170717,16.68,16.68,16.51,16.65,113654,0
20170718,16.63,16.64,16.51,16.64,82901,0
20170719,16.65,16.665,16.49,16.65,163348,0
20170720,16.68,16.7,16.54,16.69,71498,0
20170721,16.66,16.73,16.6237,16.73,55134,0
20170724,16.79,16.79,16.61,16.62,60915,0
20170725,16.67,16.77,16.63,16.63,50026,0
20170726,16.69,16.79,16.69,16.72,44255,0
20170727,16.79,16.84,16.67,16.82,63267,0
20170728,16.68,16.82,16.62,16.81,125474,0
20170731,16.81,16.83,16.7601,16.82,62749,0
20170801,16.79,16.96,16.79,16.92,66338,0
