Date,Open,High,Low,Close,Volume,OpenInt
20130116,19.856,19.934,19.833,19.889,2633156,0
20130117,19.889,19.952,19.881,19.934,1477303,0
20130118,19.952,19.97,19.897,19.944,921633,0
20130122,19.952,19.97,19.841,19.897,743980,0
20130123,19.912,19.912,19.809,19.856,389836,0
20130124,19.826,19.872,19.747,19.778,554459,0
20130125,19.801,19.833,19.738,19.793,843564,0
20130128,19.778,19.817,19.707,19.817,559489,0
20130129,19.738,19.778,19.707,19.762,424641,0
20130130,19.715,19.753,19.698,19.738,479412,0
20130131,19.738,19.817,19.715,19.738,732956,0
20130201,19.729,19.753,19.644,19.715,524703,0
20130204,19.698,19.715,19.61,19.66,471727,0
20130205,19.66,19.778,19.626,19.762,3369521,0
20130206,19.762,19.833,19.747,19.817,349576,0
20130207,19.817,19.856,19.762,19.817,251845,0
20130208,19.833,19.856,19.793,19.856,118027,0
20130211,19.848,19.848,19.778,19.801,191262,0
20130212,19.801,19.817,19.778,19.809,159486,0
20130213,19.785,19.817,19.778,19.793,338215,0
20130214,19.793,19.801,19.747,19.778,168146,0
20130215,19.785,19.809,19.747,19.809,251198,0
20130219,19.817,19.817,19.762,19.817,118549,0
20130220,19.817,19.817,19.778,19.817,140166,0
20130221,19.809,19.809,19.785,19.801,96474,0
20130222,19.801,19.817,19.769,19.793,166364,0
20130225,19.809,19.833,19.793,19.833,247907,0
20130226,19.833,19.912,19.785,19.801,221708,0
20130227,19.801,19.848,19.785,19.848,381006,0
20130228,19.848,19.889,19.817,19.817,175676,0
20130301,19.848,19.889,19.801,19.872,153678,0
20130304,19.889,19.897,19.841,19.872,196361,0
20130305,19.872,19.881,19.833,19.881,253442,0
20130306,19.872,19.927,19.848,19.912,397104,0
20130307,19.912,20.173,19.863,19.897,247083,0
20130308,19.897,19.904,19.863,19.897,114378,0
20130311,19.927,19.927,19.863,19.889,143980,0
20130312,19.872,19.897,19.833,19.881,375334,0
20130313,19.897,19.934,19.856,19.897,106055,0
20130314,19.934,19.975,19.881,19.975,109913,0
20130315,20.04,20.04,19.934,19.999,98173,0
20130318,20.005,20.015,19.944,19.982,98052,0
20130319,19.982,19.982,19.897,19.912,232398,0
20130320,19.934,19.96,19.897,19.96,146938,0
20130321,19.96,19.975,19.919,19.975,126551,0
20130322,19.975,19.975,19.919,19.927,155715,0
20130325,19.96,19.999,19.919,19.99,171382,0
20130326,20.005,20.054,19.982,20.023,220871,0
20130327,20.015,20.094,19.99,20.094,175790,0
20130328,20.086,20.134,20.054,20.086,210405,0
20130401,20.15,20.205,20.094,20.197,375887,0
20130402,20.229,20.285,20.197,20.26,147689,0
20130403,20.321,20.321,20.214,20.221,153877,0
20130404,20.242,20.45,20.242,20.379,300181,0
20130405,20.379,20.45,20.34,20.45,178724,0
20130408,20.473,20.48,20.409,20.473,256991,0
20130409,20.473,20.506,20.419,20.473,172565,0
20130410,20.556,20.556,20.396,20.438,133898,0
20130411,20.454,20.476,20.396,20.462,192446,0
20130412,20.454,20.468,20.403,20.445,87067,0
20130415,20.438,20.565,20.412,20.525,277767,0
20130416,20.556,20.613,20.501,20.59,356486,0
20130417,20.652,20.652,20.542,20.548,148754,0
20130418,20.581,20.613,20.517,20.542,222591,0
20130419,20.542,20.724,20.468,20.709,1651066,0
20130422,20.605,20.613,20.403,20.403,199338,0
20130423,20.476,20.476,20.348,20.388,143589,0
20130424,20.412,20.445,20.332,20.341,157806,0
20130425,20.381,20.381,20.27,20.348,110408,0
20130426,20.348,20.43,20.323,20.396,116098,0
20130429,20.422,20.422,20.341,20.388,71951,0
20130430,20.388,20.462,20.388,20.438,88536,0
20130501,20.476,20.484,20.438,20.484,55619,0
20130502,20.468,20.662,20.468,20.628,88171,0
20130503,20.662,20.662,20.542,20.596,40612,0
20130506,20.605,20.652,20.542,20.623,64523,0
20130507,20.628,20.783,20.59,20.765,107673,0
20130508,20.765,20.806,20.628,20.806,370319,0
20130509,20.783,20.806,20.709,20.757,192807,0
20130510,20.783,20.789,20.724,20.74,86190,0
20130513,20.789,20.789,20.652,20.694,74805,0
20130514,20.724,20.74,20.581,20.623,125881,0
20130515,20.59,20.623,20.51,20.533,68127,0
20130516,20.623,20.646,20.533,20.613,64189,0
20130517,20.652,20.694,20.548,20.623,49180,0
20130520,20.623,20.628,20.596,20.623,68697,0
20130521,20.662,20.694,20.581,20.59,111716,0
20130522,20.677,20.677,20.517,20.525,133329,0
20130523,20.59,20.59,20.367,20.43,91392,0
20130524,20.462,20.476,20.396,20.462,73801,0
20130528,20.468,20.565,20.396,20.494,112645,0
20130529,20.501,20.501,20.156,20.242,86314,0
20130530,20.315,20.341,20.205,20.26,64591,0
20130531,20.27,20.294,19.966,19.966,147301,0
20130603,20.067,20.077,19.683,19.907,222538,0
20130604,19.923,20.011,19.821,19.98,142421,0
20130605,20.052,20.052,19.654,19.916,82656,0
20130606,19.916,20.011,19.755,19.98,155072,0
20130607,19.98,20.149,19.916,19.956,118268,0
20130610,20.028,20.093,19.877,19.907,106646,0
20130611,19.901,19.907,19.332,19.41,140476,0
20130612,19.5,19.699,18.666,19.419,207647,0
20130613,19.323,19.636,18.722,19.564,171962,0
20130614,19.61,19.771,19.323,19.699,141131,0
20130617,19.827,19.858,19.618,19.781,103306,0
20130618,19.771,19.788,19.523,19.602,91609,0
20130619,19.683,19.683,19.323,19.5,338046,0
20130620,19.225,19.225,18.907,18.922,136365,0
20130621,18.955,19.108,18.706,18.787,104649,0
20130624,18.626,18.626,17.807,18.169,180137,0
20130625,18.291,18.706,18.175,18.512,161537,0
20130626,18.66,19.139,18.65,19.082,206437,0
20130627,19.225,19.572,19.225,19.531,349410,0
20130628,20.094,20.26,19.899,20.251,109483,0
20130701,19.699,19.717,19.546,19.627,89128,0
20130702,19.627,19.755,19.572,19.731,107307,0
20130703,19.709,19.747,19.61,19.709,33691,0
20130705,19.508,19.508,19.027,19.34,40651,0
20130708,19.546,19.546,19.019,19.323,58302,0
20130709,19.403,19.403,19.188,19.378,74480,0
20130710,19.502,19.502,19.241,19.323,71356,0
20130711,19.631,19.631,19.34,19.397,121784,0
20130712,19.558,19.558,19.315,19.378,194046,0
20130715,19.476,19.476,19.274,19.378,61940,0
20130716,19.453,19.476,19.241,19.447,440532,0
20130717,19.46,19.469,19.34,19.411,74213,0
20130718,19.447,19.469,19.121,19.25,115462,0
20130719,19.268,19.268,19.086,19.112,221102,0
20130722,19.202,19.241,19.112,19.112,96484,0
20130723,19.217,19.223,19.129,19.151,62911,0
20130724,19.121,19.323,18.957,19.022,68165,0
20130725,19.086,19.086,18.859,18.923,51241,0
20130726,19.039,19.063,18.932,18.982,79384,0
20130729,19.014,19.03,18.868,18.91,47782,0
20130730,18.997,18.997,18.794,18.82,32494,0
20130731,18.836,18.902,18.682,18.73,93650,0
20130801,18.739,18.829,18.543,18.6,115827,0
20130802,18.739,18.755,18.43,18.503,75336,0
20130805,18.633,18.658,17.919,18.039,224943,0
20130806,18.039,18.082,17.717,17.819,92995,0
20130807,17.764,17.854,17.513,17.52,105348,0
20130808,17.644,17.747,17.431,17.456,156997,0
20130809,17.528,17.552,17.423,17.513,76300,0
20130812,17.537,17.617,17.456,17.552,79107,0
20130813,17.528,17.528,16.975,16.975,92549,0
20130814,16.96,16.96,16.253,16.424,135485,0
20130815,16.236,16.36,15.661,16.245,401519,0
20130816,16.099,16.797,16.044,16.296,132271,0
20130819,16.253,16.35,15.906,16.035,117717,0
20130820,16.173,16.559,15.913,16.442,154412,0
20130821,16.384,16.569,16.303,16.48,96012,0
20130822,16.474,16.767,16.457,16.732,573553,0
20130823,16.782,17.276,16.782,17.276,144995,0
20130826,17.399,17.399,17.147,17.253,117293,0
20130827,17.049,17.293,17.001,17.13,98145,0
20130828,17.057,17.245,17.025,17.098,45059,0
20130829,17.122,17.212,17.049,17.212,60461,0
20130830,17.441,17.491,17.318,17.467,41369,0
20130903,17.253,17.276,17.017,17.22,95066,0
20130904,17.147,17.391,17.13,17.342,55700,0
20130905,17.245,17.334,16.975,17.147,158091,0
20130906,17.13,17.276,16.929,17.122,95934,0
20130909,17.083,17.229,17.001,17.074,41512,0
20130910,17.049,17.138,16.877,17.138,75375,0
20130911,17.229,17.269,17.066,17.172,78618,0
20130912,17.179,17.203,16.767,16.887,72426,0
20130913,16.936,16.951,16.732,16.877,32999,0
20130916,16.975,17.122,16.912,17.001,87056,0
20130917,16.951,17.157,16.951,17.157,153701,0
20130918,17.157,17.293,16.96,17.26,105908,0
20130919,17.285,17.293,17.049,17.13,67638,0
20130920,17.13,17.172,16.951,17.066,87212,0
20130923,16.985,17.203,16.929,17.157,74355,0
20130924,17.098,17.179,16.985,17.091,69572,0
20130925,17.049,17.164,16.994,17.049,111368,0
20130926,17.049,17.107,17.017,17.066,47488,0
20130927,17.025,17.138,16.951,17.114,85473,0
20130930,17.311,17.458,17.17,17.195,93003,0
20131001,16.96,16.994,16.887,16.887,65123,0
20131002,16.904,16.985,16.848,16.969,68220,0
20131003,16.921,17.122,16.904,17.114,53762,0
20131004,17.122,17.285,17.049,17.212,51413,0
20131007,17.285,17.35,17.147,17.318,125302,0
20131008,17.301,17.318,17.172,17.293,66784,0
20131009,17.201,17.276,17.062,17.195,67015,0
20131010,17.301,17.301,17.07,17.293,47527,0
20131011,17.285,17.285,17.112,17.137,33926,0
20131014,17.096,17.145,17.045,17.096,26185,0
20131015,17.195,17.195,16.675,16.75,83792,0
20131016,16.75,16.871,16.675,16.824,66911,0
20131017,16.824,16.946,16.805,16.858,59298,0
20131018,16.954,17.021,16.899,17.021,165587,0
20131021,16.988,17.137,16.98,17.119,55790,0
20131022,17.07,17.491,17.07,17.41,95934,0
20131023,17.334,17.753,17.334,17.715,115257,0
20131024,17.737,17.799,17.606,17.656,63776,0
20131025,17.656,17.753,17.598,17.68,60642,0
20131028,17.622,17.724,17.475,17.641,108757,0
20131029,17.598,17.68,17.557,17.673,84988,0
20131030,17.641,17.656,17.5,17.656,236833,0
20131031,17.557,17.632,17.475,17.566,62601,0
20131101,17.5,17.583,17.392,17.574,43183,0
20131104,17.541,17.632,17.491,17.632,65379,0
20131105,17.566,17.59,17.5,17.515,110180,0
20131106,17.5,17.541,17.449,17.515,55536,0
20131107,17.515,17.59,17.491,17.583,36811,0
20131108,17.434,17.434,17.237,17.375,63055,0
20131111,17.285,17.491,17.285,17.449,53409,0
20131112,17.417,17.458,17.186,17.269,80709,0
20131113,17.228,17.269,17.08,17.253,53587,0
20131114,17.21,17.318,17.201,17.311,34227,0
20131115,17.334,17.343,17.219,17.245,64212,0
20131118,17.311,17.352,17.178,17.178,51723,0
20131119,17.219,17.253,17.112,17.201,60884,0
20131120,17.201,17.269,17.119,17.178,56462,0
20131121,17.17,17.311,17.038,17.311,64886,0
20131122,17.311,17.557,17.276,17.557,79933,0
20131125,17.557,17.557,17.352,17.41,64017,0
20131126,17.467,17.515,17.375,17.449,73686,0
20131127,17.359,17.475,17.343,17.366,48367,0
20131129,17.449,17.449,17.366,17.449,18818,0
20131202,17.41,17.41,17.311,17.401,63311,0
20131203,17.366,17.392,17.253,17.276,80589,0
20131204,17.21,17.21,16.996,17.112,97283,0
20131205,17.005,17.031,16.79,16.915,56358,0
20131206,16.858,17.137,16.797,16.879,76385,0
20131209,16.915,16.954,16.832,16.915,86743,0
20131210,16.915,16.924,16.815,16.832,92427,0
20131211,16.776,16.85,16.484,16.537,149371,0
20131212,16.484,16.641,16.198,16.32,136755,0
20131213,16.32,16.461,16.304,16.445,84496,0
20131216,16.402,16.576,16.371,16.552,80998,0
20131217,16.492,16.602,16.445,16.593,87580,0
20131218,16.52,16.783,16.52,16.724,96264,0
20131219,16.658,16.889,16.65,16.84,104866,0
20131220,16.79,16.889,16.783,16.85,88047,0
20131223,16.889,16.915,16.75,16.783,98123,0
20131224,16.701,16.783,16.619,16.619,68679,0
20131226,16.619,16.776,16.576,16.658,208962,0
20131227,16.732,16.954,16.684,16.879,125327,0
20131230,16.879,17.137,16.879,17.062,157299,0
20131231,16.989,17.104,16.971,17.021,123435,0
20140102,17.021,17.162,17.005,17.137,116251,0
20140103,17.178,17.301,17.145,17.201,141775,0
20140106,17.293,17.384,17.253,17.326,165973,0
20140107,17.352,17.425,17.253,17.384,128947,0
20140108,17.375,17.384,17.285,17.311,128806,0
20140109,17.366,17.467,17.326,17.41,152631,0
20140110,17.569,17.742,17.45,17.66,111196,0
20140113,17.751,17.797,17.66,17.684,124802,0
20140114,17.72,17.769,17.693,17.742,78768,0
20140115,17.742,17.876,17.684,17.836,69636,0
20140116,17.802,17.995,17.802,17.952,74981,0
20140117,17.978,18.095,17.893,17.893,120229,0
20140121,17.968,18.08,17.968,17.995,99280,0
20140122,17.995,18.08,17.995,18.035,79157,0
20140123,18.08,18.111,18.004,18.072,72920,0
20140124,17.995,18.012,17.929,17.952,68024,0
20140127,18.043,18.043,17.871,17.871,89904,0
20140128,17.862,18.004,17.853,18.004,43707,0
20140129,17.952,18.004,17.92,17.92,30158,0
20140130,17.995,17.995,17.92,17.978,57561,0
20140131,17.952,17.952,17.929,17.937,21893,0
20140203,17.968,17.978,17.871,17.893,38432,0
20140204,17.912,17.987,17.876,17.946,71500,0
20140205,17.946,17.995,17.92,17.978,46371,0
20140206,17.968,18.053,17.968,18.012,60582,0
20140207,18.053,18.089,18.021,18.053,31040,0
20140210,18.095,18.095,17.995,18.062,44100,0
20140211,18.004,18.102,18.004,18.08,80974,0
20140212,18.138,18.17,18.089,18.155,34794,0
20140213,18.089,18.405,18.089,18.32,70238,0
20140214,18.388,18.415,18.297,18.363,103481,0
20140218,18.415,18.572,18.396,18.438,61978,0
20140219,18.472,18.565,18.305,18.305,65870,0
20140220,18.297,18.32,18.204,18.204,34556,0
20140221,18.214,18.253,18.148,18.214,48741,0
20140224,18.214,18.262,18.119,18.119,78931,0
20140225,18.245,18.271,18.089,18.111,42394,0
20140226,18.119,18.177,18.095,18.095,41456,0
20140227,18.119,18.204,18.095,18.095,49185,0
20140228,18.102,18.162,18.089,18.089,90903,0
20140303,18.119,18.245,18.089,18.148,61432,0
20140304,18.223,18.271,18.128,18.148,64919,0
20140305,18.162,18.177,18.111,18.119,58675,0
20140306,18.119,18.162,18.089,18.089,74751,0
20140307,18.128,18.262,18.08,18.262,31041,0
20140310,18.262,18.28,18.155,18.262,40995,0
20140311,18.28,18.423,18.262,18.423,50649,0
20140312,18.371,18.781,18.371,18.723,53153,0
20140313,18.714,18.816,18.698,18.706,79634,0
20140314,18.825,18.825,18.631,18.825,50496,0
20140317,18.825,18.99,18.798,18.9,75759,0
20140318,18.825,18.949,18.732,18.789,87343,0
20140319,18.807,18.807,18.664,18.689,48286,0
20140320,18.664,18.84,18.539,18.789,63092,0
20140321,18.773,18.825,18.732,18.825,35428,0
20140324,18.773,19.016,18.773,18.99,47794,0
20140325,18.99,19.157,18.99,19.142,47186,0
20140326,19.157,19.401,19.157,19.292,72643,0
20140327,19.192,19.326,19.192,19.326,40685,0
20140328,19.25,19.445,19.25,19.445,65862,0
20140331,19.384,19.568,19.384,19.417,63710,0
20140401,19.426,19.468,19.384,19.451,67136,0
20140402,19.409,19.484,19.376,19.459,63150,0
20140403,19.435,19.527,19.435,19.527,35085,0
20140404,19.56,19.721,19.468,19.712,62329,0
20140407,19.712,19.736,19.668,19.676,37447,0
20140408,19.712,19.712,19.645,19.712,78759,0
20140409,19.608,19.935,19.608,19.896,52652,0
20140410,20.081,20.081,19.632,19.827,88867,0
20140411,19.879,19.879,19.767,19.819,37964,0
20140414,19.819,20.023,19.793,19.973,45708,0
20140415,19.973,20.023,19.919,19.936,41422,0
20140416,20.056,20.056,19.946,19.98,40879,0
20140417,19.936,19.987,19.75,19.75,126068,0
20140421,19.776,19.896,19.632,19.674,61295,0
20140422,19.674,19.879,19.674,19.802,56729,0
20140423,19.802,19.973,19.759,19.879,44370,0
20140424,19.86,19.946,19.86,19.936,36780,0
20140425,19.879,20.056,19.86,20.056,59820,0
20140428,19.964,20.065,19.955,20.056,107234,0
20140429,20.065,20.108,20.013,20.013,108705,0
20140430,19.98,20.108,19.98,20.09,48704,0
20140501,20.041,20.165,20.041,20.108,71139,0
20140502,20.065,20.09,19.887,19.912,124723,0
20140505,19.743,20.065,19.734,19.98,37528,0
20140506,19.98,20.165,19.98,20.141,41151,0
20140507,20.041,20.183,20.041,20.09,44175,0
20140508,20.09,20.115,20.005,20.031,40409,0
20140509,20.023,20.041,19.946,20.013,32380,0
20140512,20.065,20.065,19.973,19.973,35248,0
20140513,20.013,20.023,19.973,20.005,70804,0
20140514,19.973,20.124,19.973,20.108,33348,0
20140515,20.141,20.158,20.065,20.098,40916,0
20140516,20.175,20.183,20.108,20.175,39852,0
20140519,20.133,20.412,20.133,20.354,54162,0
20140520,20.354,20.354,20.259,20.259,52585,0
20140521,20.241,20.326,20.175,20.234,38497,0
20140522,20.259,20.259,20.165,20.209,64888,0
20140523,20.234,20.372,20.158,20.345,106341,0
20140527,20.309,20.372,20.277,20.345,55505,0
20140528,20.363,20.412,20.309,20.372,39274,0
20140529,20.379,20.431,20.354,20.386,61796,0
20140530,20.394,20.523,20.318,20.372,48795,0
20140602,20.345,20.471,20.345,20.412,26977,0
20140603,20.422,20.422,20.201,20.201,97058,0
20140604,20.209,20.234,19.682,20.065,127407,0
20140605,19.964,20.165,19.827,20.013,79860,0
20140606,20.065,20.09,19.955,19.964,37707,0
20140609,19.98,20.005,19.928,19.955,47093,0
20140610,19.928,19.973,19.666,19.734,94886,0
20140611,19.767,19.776,19.641,19.776,60808,0
20140612,19.776,19.802,19.659,19.699,54859,0
20140613,19.776,19.879,19.691,19.81,53847,0
20140616,19.827,19.973,19.81,19.869,56701,0
20140617,19.869,20.013,19.802,19.98,54701,0
20140618,19.964,20.15,19.964,20.115,40130,0
20140619,20.183,20.25,19.964,19.973,81265,0
20140620,19.964,20.081,19.964,20.081,34940,0
20140623,20.226,20.277,20.09,20.158,53129,0
20140624,20.15,20.379,20.09,20.379,48588,0
20140625,20.286,20.422,20.259,20.354,30434,0
20140626,20.363,20.573,20.326,20.455,30785,0
20140627,20.541,20.565,20.403,20.422,32408,0
20140630,20.422,20.455,20.286,20.286,46618,0
20140701,20.372,20.471,20.372,20.455,21596,0
20140702,20.412,20.541,20.363,20.455,48561,0
20140703,20.363,20.438,20.209,20.296,41278,0
20140707,20.422,20.422,20.309,20.336,39025,0
20140708,20.345,20.431,20.345,20.431,20371,0
20140709,20.489,20.548,20.403,20.548,32515,0
20140710,20.47,20.626,20.463,20.609,28157,0
20140711,20.643,20.739,20.566,20.634,38900,0
20140714,20.643,20.745,20.548,20.705,42130,0
20140715,20.661,20.705,20.47,20.541,77888,0
20140716,20.541,20.574,20.41,20.438,44777,0
20140717,20.463,20.574,20.401,20.401,78748,0
20140718,20.385,20.634,20.351,20.634,55572,0
20140721,20.686,20.686,20.592,20.643,22886,0
20140722,20.626,20.626,20.566,20.566,25089,0
20140723,20.592,20.626,20.583,20.618,28096,0
20140724,20.592,20.626,20.574,20.626,21553,0
20140725,20.574,20.686,20.574,20.651,25001,0
20140728,20.618,20.696,20.6,20.634,22216,0
20140729,20.618,20.712,20.6,20.6,25060,0
20140730,20.634,20.634,20.556,20.556,44921,0
20140731,20.463,20.463,20.111,20.111,66457,0
20140801,20.067,20.197,19.688,19.955,74339,0
20140804,20.005,20.043,19.741,19.757,37022,0
20140805,19.774,19.792,19.455,19.551,61941,0
20140806,19.568,19.724,19.464,19.679,42343,0
20140807,19.696,20.111,19.696,20.076,42355,0
20140808,19.989,20.187,19.818,19.998,60677,0
20140811,20.084,20.153,20.015,20.015,31411,0
20140812,20.076,20.162,19.947,20.119,54319,0
20140813,20.169,20.37,20.119,20.37,48429,0
20140814,20.37,20.566,20.323,20.506,52996,0
20140815,20.429,20.506,20.36,20.497,29091,0
20140818,20.583,20.705,20.463,20.705,59550,0
20140819,20.705,20.72,20.548,20.618,60870,0
20140820,20.556,20.677,20.548,20.609,69059,0
20140821,20.6,20.712,20.583,20.712,39277,0
20140822,20.696,20.729,20.609,20.729,28939,0
20140825,20.729,20.797,20.686,20.763,58879,0
20140826,20.763,20.763,20.634,20.712,44335,0
20140827,20.745,20.745,20.556,20.668,46451,0
20140828,20.634,20.739,20.634,20.661,24677,0
20140829,20.661,20.745,20.661,20.696,34023,0
20140902,20.668,20.677,20.523,20.583,41865,0
20140903,20.506,20.705,20.454,20.686,48080,0
20140904,20.686,20.686,20.454,20.454,46054,0
20140905,20.532,20.626,20.454,20.6,57396,0
20140908,20.651,20.696,20.532,20.566,47402,0
20140909,20.541,20.566,20.41,20.438,51596,0
20140910,20.446,20.541,20.385,20.506,49644,0
20140911,20.541,20.541,20.47,20.478,22675,0
20140912,20.497,20.541,20.323,20.377,45726,0
20140915,20.333,20.488,20.333,20.463,18959,0
20140916,20.47,20.47,20.292,20.292,78209,0
20140917,20.333,20.392,20.3,20.307,44992,0
20140918,20.37,20.478,20.323,20.401,51922,0
20140919,20.37,20.446,20.36,20.429,19544,0
20140922,20.36,20.36,20.223,20.315,49434,0
20140923,20.342,20.342,20.205,20.238,43128,0
20140924,20.231,20.37,20.136,20.255,51627,0
20140925,20.223,20.283,20.187,20.283,27803,0
20140926,20.273,20.377,20.205,20.36,17321,0
20140929,20.392,20.532,20.342,20.532,30152,0
20140930,20.514,20.797,20.497,20.677,67858,0
20141001,20.643,20.745,20.497,20.532,32305,0
20141002,20.532,20.609,20.47,20.566,32004,0
20141003,20.634,20.668,20.514,20.592,38309,0
20141006,20.626,20.739,20.618,20.696,21776,0
20141007,20.712,20.72,20.643,20.686,34737,0
20141008,20.72,20.814,20.677,20.814,28081,0
20141009,20.822,20.876,20.719,20.807,34945,0
20141010,20.719,20.822,20.615,20.641,30345,0
20141013,20.675,20.719,20.571,20.659,29639,0
20141014,20.719,20.814,20.597,20.763,37859,0
20141015,20.789,20.861,20.606,20.842,43457,0
20141016,20.814,20.953,20.789,20.93,52702,0
20141017,20.953,20.98,20.789,20.789,74470,0
20141020,20.869,20.921,20.822,20.852,31462,0
20141021,20.869,20.911,20.783,20.892,72415,0
20141022,20.861,20.953,20.822,20.921,56537,0
20141023,20.883,20.99,20.883,20.94,26768,0
20141024,20.94,21.04,20.892,20.953,69917,0
20141027,20.883,20.97,20.832,20.869,29848,0
20141028,20.892,20.947,20.832,20.876,36038,0
20141029,20.842,21.04,20.797,20.97,43382,0
20141030,20.961,21.04,20.947,21.04,24366,0
20141031,21.068,21.157,21.032,21.147,60214,0
20141103,21.137,21.313,21.088,21.276,47153,0
20141104,21.276,21.417,21.243,21.303,66597,0
20141105,21.382,21.382,21.26,21.33,34443,0
20141106,21.276,21.346,21.252,21.346,45867,0
20141107,21.346,21.47,21.303,21.433,55909,0
20141110,21.433,21.496,21.391,21.46,50703,0
20141111,21.478,21.503,21.442,21.478,28029,0
20141112,21.47,21.503,21.47,21.496,27753,0
20141113,21.478,21.487,21.425,21.46,42644,0
20141114,21.417,21.503,21.417,21.503,21065,0
20141117,21.487,21.581,21.46,21.574,53268,0
20141118,21.59,21.59,21.478,21.529,40792,0
20141119,21.478,21.547,21.425,21.433,44098,0
20141120,21.355,21.451,21.355,21.4,41223,0
20141121,21.47,21.47,21.355,21.409,32021,0
20141124,21.391,21.556,21.391,21.529,37623,0
20141125,21.496,21.625,21.496,21.547,31868,0
20141126,21.547,21.66,21.547,21.644,33462,0
20141128,21.608,21.652,21.574,21.599,8326,0
20141201,21.608,21.635,21.503,21.566,36030,0
20141202,21.46,21.66,21.46,21.66,43336,0
20141203,21.618,21.644,21.521,21.59,37854,0
20141204,21.451,21.503,21.268,21.433,55957,0
20141205,21.372,21.496,21.372,21.425,21956,0
20141208,21.425,21.487,21.4,21.451,19529,0
20141209,21.433,21.644,21.425,21.581,32179,0
20141210,21.521,21.574,21.417,21.503,28766,0
20141211,21.442,21.608,21.442,21.478,24911,0
20141212,21.433,21.521,21.433,21.478,18846,0
20141215,21.511,21.539,21.363,21.478,61440,0
20141216,21.47,21.566,21.442,21.47,33547,0
20141217,21.47,21.59,21.442,21.529,40830,0
20141218,21.539,21.635,21.529,21.599,38747,0
20141219,21.608,21.766,21.599,21.722,39498,0
20141222,21.635,21.747,21.608,21.703,19983,0
20141223,21.703,21.766,21.688,21.739,27247,0
20141224,21.747,21.757,21.644,21.66,38051,0
20141226,21.625,21.713,21.59,21.713,27305,0
20141229,21.713,21.766,21.695,21.766,25570,0
20141230,21.739,21.757,21.66,21.757,23495,0
20141231,21.772,21.772,21.688,21.688,33573,0
20150102,21.695,21.817,21.635,21.817,59137,0
20150105,21.782,21.791,21.703,21.772,40035,0
20150106,21.782,21.817,21.757,21.782,36444,0
20150107,21.817,21.817,21.766,21.766,50975,0
20150108,21.809,21.826,21.766,21.801,44616,0
20150109,21.791,21.826,21.766,21.826,43439,0
20150112,21.897,21.959,21.791,21.941,30527,0
20150113,21.951,22.047,21.817,21.932,52448,0
20150114,21.932,21.985,21.881,21.959,20098,0
20150115,21.985,21.985,21.765,21.817,52676,0
20150116,21.844,22.002,21.817,22.002,43147,0
20150120,21.994,21.994,21.712,21.772,72833,0
20150121,21.772,21.897,21.772,21.897,74308,0
20150122,21.897,21.959,21.861,21.951,26077,0
20150123,21.923,21.976,21.888,21.905,18774,0
20150126,21.968,22.038,21.835,21.994,57594,0
20150127,22.002,22.056,21.881,21.941,98874,0
20150128,21.915,21.994,21.915,21.985,31762,0
20150129,21.941,22.002,21.941,21.959,20783,0
20150130,21.994,22.056,21.923,21.923,62341,0
20150202,21.941,22.064,21.915,21.932,51706,0
20150203,21.951,22.064,21.951,22.064,37373,0
20150204,22.038,22.056,21.994,22.047,324585,0
20150205,22.002,22.047,21.881,22.012,66425,0
20150206,21.976,22.021,21.923,21.932,31503,0
20150209,21.852,21.888,21.826,21.852,58882,0
20150210,21.888,21.888,21.73,21.772,28909,0
20150211,21.756,21.881,21.552,21.881,97008,0
20150212,21.826,21.941,21.826,21.941,45468,0
20150213,21.951,22.021,21.888,21.959,28871,0
20150217,21.923,21.976,21.844,21.844,39377,0
20150218,21.765,21.826,21.65,21.738,55148,0
20150219,21.676,21.932,21.676,21.881,45692,0
20150220,21.881,22.021,21.881,21.941,53227,0
20150223,21.941,22.012,21.897,22.012,24913,0
20150224,22.021,22.064,21.951,22.047,55069,0
20150225,22.056,22.064,22.03,22.03,47650,0
20150226,22.021,22.064,22.021,22.047,28472,0
20150227,22.064,22.109,22.03,22.109,33813,0
20150302,22.101,22.109,22.03,22.109,44529,0
20150303,22.101,22.179,22.047,22.135,77388,0
20150304,22.143,22.172,22.092,22.143,40221,0
20150305,22.162,22.162,22.101,22.152,32518,0
20150306,22.047,22.064,21.932,21.968,106618,0
20150309,21.994,22.021,21.835,21.976,43509,0
20150310,21.976,22.064,21.923,22.038,26967,0
20150311,22.021,22.127,22.021,22.064,28890,0
20150312,22.092,22.135,22.064,22.092,19942,0
20150313,22.109,22.135,22.038,22.135,28780,0
20150316,22.101,22.143,22.064,22.118,43509,0
20150317,22.135,22.135,22.072,22.127,22208,0
20150318,22.092,22.188,21.905,22.143,43848,0
20150319,22.162,22.172,22.064,22.127,21639,0
20150320,22.127,22.232,22.127,22.152,40903,0
20150323,22.206,22.277,22.179,22.198,73759,0
20150324,22.242,22.242,22.152,22.232,35464,0
20150325,22.222,22.32,22.188,22.268,37390,0
20150326,22.26,22.32,22.188,22.277,37956,0
20150327,22.277,22.32,22.232,22.312,25153,0
20150330,22.32,22.347,22.242,22.268,33652,0
20150331,22.277,22.364,22.26,22.32,33652,0
20150401,22.347,22.347,22.127,22.214,136871,0
20150402,22.26,22.26,22.198,22.214,28553,0
20150406,22.198,22.242,22.152,22.162,34898,0
20150407,22.232,22.232,22.127,22.179,47017,0
20150408,22.162,22.285,22.162,22.232,37618,0
20150409,22.222,22.285,22.214,22.232,41732,0
20150410,22.303,22.456,22.303,22.366,75842,0
20150413,22.393,22.484,22.322,22.438,50339,0
20150414,22.446,22.492,22.413,22.446,18569,0
20150415,22.492,22.492,22.421,22.492,27870,0
20150416,22.492,22.492,22.429,22.438,31330,0
20150417,22.484,22.484,22.349,22.349,93964,0
20150420,22.384,22.413,22.366,22.393,31540,0
20150421,22.474,22.502,22.384,22.502,30377,0
20150422,22.502,22.502,22.429,22.438,26932,0
20150423,22.438,22.492,22.421,22.438,26064,0
20150424,22.464,22.51,22.456,22.492,18793,0
20150427,22.51,22.51,22.446,22.492,17227,0
20150428,22.519,22.554,22.464,22.492,29756,0
20150429,22.464,22.502,22.429,22.502,25392,0
20150430,22.438,22.484,22.375,22.438,57384,0
20150501,22.403,22.492,22.403,22.429,61637,0
20150504,22.438,22.527,22.438,22.492,21476,0
20150505,22.527,22.527,22.403,22.456,108507,0
20150506,22.456,22.456,22.126,22.198,182421,0
20150507,22.214,22.313,22.198,22.232,22542,0
20150508,22.278,22.429,22.251,22.349,27071,0
20150511,22.357,22.403,22.188,22.222,38370,0
20150512,22.108,22.278,21.957,22.206,86809,0
20150513,22.242,22.384,22.179,22.332,58281,0
20150514,22.393,22.536,22.366,22.438,54365,0
20150515,22.527,22.536,22.446,22.464,43885,0
20150518,22.464,22.474,22.413,22.438,40377,0
20150519,22.349,22.474,22.349,22.438,29308,0
20150520,22.474,22.519,22.446,22.446,34007,0
20150521,22.446,22.599,22.438,22.51,56380,0
20150522,22.536,22.564,22.464,22.502,16332,0
20150526,22.492,22.554,22.456,22.502,38893,0
20150527,22.564,22.573,22.484,22.51,25505,0
20150528,22.484,22.519,22.413,22.438,18507,0
20150529,22.429,22.653,22.332,22.332,54702,0
20150601,22.341,22.413,22.303,22.322,31265,0
20150602,22.303,22.375,22.206,22.341,34964,0
20150603,22.295,22.366,22.278,22.303,37250,0
20150604,22.303,22.421,22.303,22.375,48102,0
20150605,22.278,22.393,22.206,22.303,36691,0
20150608,22.303,22.357,22.269,22.278,15438,0
20150609,22.313,22.313,22.099,22.108,66089,0
20150610,22.045,22.171,21.957,22.09,52293,0
20150611,22.142,22.303,22.117,22.222,44416,0
20150612,22.251,22.295,22.179,22.222,15548,0
20150615,22.179,22.295,22.179,22.26,25839,0
20150616,22.242,22.295,22.232,22.26,36803,0
20150617,22.303,22.303,22.222,22.251,33001,0
20150618,22.278,22.295,22.117,22.117,24052,0
20150619,22.151,22.161,22.09,22.126,38370,0
20150622,22.151,22.188,22.08,22.09,60629,0
20150623,22.08,22.117,22.054,22.07,18031,0
20150624,22.126,22.171,22.045,22.062,13646,0
20150625,22.142,22.142,21.999,22.036,37363,0
20150626,21.999,22.045,21.999,21.999,26289,0
20150629,22.009,22.062,21.92,21.957,30315,0
20150630,22.009,22.117,21.902,21.928,52699,0
20150701,22.018,22.018,21.902,21.957,19688,0
20150702,22.062,22.188,22.054,22.135,25392,0
20150706,22.179,22.232,22.08,22.117,25281,0
20150707,22.142,22.303,22.142,22.26,33223,0
20150708,22.303,22.349,22.151,22.151,18346,0
20150709,22.303,22.375,22.171,22.332,38928,0
20150710,22.278,22.458,22.278,22.35,24957,0
20150713,22.376,22.62,22.376,22.594,31694,0
20150714,22.668,22.668,22.558,22.63,24308,0
20150715,22.64,22.765,22.601,22.74,36487,0
20150716,22.702,22.812,22.683,22.802,55655,0
20150717,22.82,22.82,22.683,22.748,70785,0
20150720,22.702,22.756,22.649,22.712,39202,0
20150721,22.674,22.702,22.649,22.649,16344,0
20150722,22.683,22.683,22.601,22.62,24405,0
20150723,22.586,22.586,22.486,22.521,20098,0
20150724,22.548,22.576,22.414,22.521,35559,0
20150727,22.476,22.586,22.476,22.586,37546,0
20150728,22.586,22.63,22.414,22.63,376340,0
20150729,22.62,22.674,22.586,22.674,34565,0
20150730,22.674,22.683,22.649,22.674,16232,0
20150731,22.683,22.683,22.594,22.674,23853,0
20150803,22.594,22.847,22.594,22.847,54065,0
20150804,22.829,22.857,22.594,22.712,45055,0
20150805,22.784,22.82,22.658,22.802,23521,0
20150806,22.794,22.82,22.748,22.802,22971,0
20150807,22.765,22.82,22.765,22.802,9165,0
20150810,22.812,22.857,22.812,22.837,20207,0
20150811,22.837,22.893,22.812,22.893,33194,0
20150812,22.837,22.919,22.837,22.919,34674,0
20150813,22.919,22.919,22.802,22.837,68245,0
20150814,22.866,22.866,22.748,22.857,32354,0
20150817,22.784,22.857,22.748,22.812,21864,0
20150818,22.82,22.82,22.668,22.693,41742,0
20150819,22.748,22.748,22.658,22.658,37435,0
20150820,22.658,22.683,22.611,22.649,52563,0
20150821,22.649,22.668,22.539,22.658,33571,0
20150824,21.942,22.576,21.798,22.539,155140,0
20150825,22.63,22.721,22.586,22.586,50576,0
20150826,22.674,22.712,22.601,22.683,42515,0
20150827,22.73,22.756,22.683,22.721,20870,0
20150828,22.756,22.756,22.658,22.702,11926,0
20150831,22.702,22.765,22.658,22.748,34785,0
20150901,22.64,22.756,22.64,22.702,12147,0
20150902,22.702,22.775,22.693,22.775,24296,0
20150903,22.683,22.802,22.683,22.702,17448,0
20150904,22.73,22.756,22.674,22.73,14576,0
20150908,22.73,22.748,22.658,22.683,35448,0
20150909,22.64,22.721,22.64,22.693,19989,0
20150910,22.693,22.748,22.64,22.683,25640,0
20150911,22.658,22.712,22.64,22.674,11926,0
20150914,22.712,22.712,22.63,22.64,19658,0
20150915,22.62,22.674,22.594,22.594,23521,0
20150916,22.601,22.64,22.568,22.594,41962,0
20150917,22.586,22.693,22.568,22.658,18347,0
20150918,22.63,22.748,22.63,22.748,31694,0
20150921,22.693,22.775,22.693,22.712,16232,0
20150922,22.658,22.775,22.64,22.73,43066,0
20150923,22.775,22.82,22.74,22.802,41300,0
20150924,22.794,22.82,22.712,22.74,27859,0
20150925,22.748,22.794,22.748,22.775,15681,0
20150928,22.73,22.775,22.658,22.674,26408,0
20150929,22.73,22.756,22.62,22.74,53778,0
20150930,22.756,22.765,22.712,22.712,41962,0
20151001,22.748,22.748,22.513,22.586,58416,0
20151002,22.586,22.683,22.513,22.683,32686,0
20151005,22.73,22.866,22.693,22.802,53139,0
20151006,22.837,22.884,22.812,22.847,23411,0
20151007,22.874,22.874,22.693,22.847,33128,0
20151008,22.837,22.947,22.82,22.947,40638,0
20151009,23.067,23.112,23.02,23.112,24932,0
20151012,23.048,23.102,22.911,22.956,39282,0
20151013,22.985,23.02,22.865,23.012,25187,0
20151014,22.911,23.102,22.911,23.085,26494,0
20151015,23.094,23.158,23.048,23.158,49282,0
20151016,23.112,23.214,23.112,23.214,68691,0
20151019,23.185,23.204,23.102,23.102,35763,0
20151020,23.141,23.204,23.102,23.185,45181,0
20151021,23.167,23.185,23.158,23.177,27258,0
20151022,23.204,23.232,23.167,23.232,27149,0
20151023,23.185,23.24,23.185,23.24,28892,0
20151026,23.223,23.24,23.194,23.24,27477,0
20151027,23.232,23.24,23.204,23.24,26821,0
20151028,23.232,23.258,23.185,23.258,28239,0
20151029,23.258,23.287,23.232,23.25,48737,0
20151030,23.277,23.277,23.185,23.185,20498,0
20151102,23.25,23.287,23.167,23.287,33834,0
20151103,23.287,23.35,23.223,23.287,67926,0
20151104,23.214,23.297,23.214,23.287,35963,0
20151105,23.323,23.341,23.268,23.323,39578,0
20151106,23.214,23.268,23.029,23.204,52882,0
20151109,23.15,23.185,23.029,23.167,23233,0
20151110,23.177,23.306,23.15,23.258,21262,0
20151111,23.287,23.35,23.232,23.35,37835,0
20151112,23.341,23.35,23.277,23.35,21479,0
20151113,23.332,23.37,23.306,23.37,25295,0
20151116,23.36,23.379,23.287,23.314,31836,0
20151117,23.37,23.37,23.223,23.223,21153,0
20151118,23.167,23.323,23.167,23.323,29329,0
20151119,23.214,23.306,23.214,23.258,36744,0
20151120,23.287,23.379,23.268,23.341,18863,0
20151123,23.341,23.341,23.232,23.25,44048,0
20151124,23.25,23.277,23.204,23.277,32821,0
20151125,23.25,23.379,23.232,23.332,18863,0
20151127,23.37,23.387,23.306,23.37,15592,0
20151130,23.37,23.37,23.297,23.297,30856,0
20151201,23.297,23.379,23.297,23.341,29214,0
20151202,23.379,23.379,23.323,23.379,24018,0
20151203,23.323,23.36,23.287,23.341,20744,0
20151204,23.35,23.387,23.341,23.387,29657,0
20151207,23.379,23.599,23.314,23.579,79703,0
20151208,23.57,23.608,23.516,23.535,42813,0
20151209,23.526,23.543,23.488,23.526,23115,0
20151210,23.526,23.543,23.453,23.453,23987,0
20151211,23.461,23.506,23.415,23.443,20717,0
20151214,23.397,23.405,22.966,23.029,61986,0
20151215,23.25,23.25,23.039,23.141,38597,0
20151216,23.158,23.297,23.15,23.268,35326,0
20151217,23.37,23.423,23.194,23.25,34127,0
20151218,23.25,23.387,23.25,23.387,10904,0
20151221,23.405,23.506,23.387,23.506,10794,0
20151222,23.516,23.543,23.443,23.461,10568,0
20151223,23.516,23.526,23.423,23.47,16572,0
20151224,23.488,23.488,23.433,23.47,4659,0
20151228,23.461,23.461,23.397,23.415,19388,0
20151229,23.397,23.415,23.319,23.332,33607,0
20151230,23.415,23.433,23.387,23.423,14418,0
20151231,23.497,23.57,23.483,23.535,12537,0
20160104,23.387,23.644,23.379,23.608,55257,0
20160105,23.653,23.837,23.608,23.782,51262,0
20160106,23.653,23.764,23.535,23.599,224801,0
20160107,23.526,23.57,23.481,23.516,16800,0
20160108,23.497,23.617,23.47,23.579,28736,0
20160111,23.535,23.562,23.483,23.516,25653,0
20160112,23.571,23.628,23.497,23.61,117455,0
20160113,23.563,23.637,23.47,23.517,31559,0
20160114,23.488,23.59,23.386,23.48,76120,0
20160115,23.358,23.59,23.339,23.59,90568,0
20160119,23.637,23.73,23.59,23.73,32624,0
20160120,23.628,23.711,23.312,23.711,35566,0
20160121,23.684,23.822,23.628,23.785,22256,0
20160122,23.822,23.98,23.822,23.952,21831,0
20160125,23.99,23.99,23.72,23.777,10263,0
20160126,23.804,23.935,23.702,23.72,19042,0
20160127,23.693,23.869,23.693,23.773,24922,0
20160128,23.804,23.813,23.748,23.781,12105,0
20160129,23.86,23.952,23.808,23.888,32277,0
20160201,23.813,23.952,23.813,23.952,38116,0
20160202,23.935,23.99,23.916,23.972,21883,0
20160203,23.935,23.99,23.878,23.99,36774,0
20160204,23.99,24.074,23.935,24.046,22110,0
20160205,23.99,24.052,23.935,24,15483,0
20160208,23.935,23.935,23.628,23.73,33487,0
20160209,23.452,23.58,23.229,23.516,49461,0
20160210,23.488,23.619,23.422,23.432,28318,0
20160211,23.238,23.637,23.238,23.516,62061,0
20160212,23.497,23.711,23.461,23.554,30845,0
20160216,23.6,23.821,23.58,23.619,34806,0
20160217,23.684,23.859,23.67,23.777,35038,0
20160218,23.888,23.888,23.773,23.777,23193,0
20160219,23.684,23.916,23.655,23.906,48344,0
20160222,24.056,24.056,23.748,23.758,49907,0
20160223,23.832,23.832,23.684,23.721,18615,0
20160224,23.628,23.684,23.47,23.59,45458,0
20160225,23.61,23.711,23.571,23.655,19165,0
20160226,23.73,23.758,23.59,23.72,17963,0
20160229,23.614,23.785,23.61,23.61,34681,0
20160301,23.664,24.13,23.664,23.738,46137,0
20160302,23.804,23.907,23.738,23.748,12779,0
20160303,23.758,23.832,23.758,23.785,15081,0
20160304,23.795,23.869,23.795,23.869,10722,0
20160307,23.952,23.971,23.822,23.935,15712,0
20160308,23.972,24.001,23.861,23.972,12354,0
20160309,24.017,24.11,23.986,24.092,19793,0
20160310,24.13,24.204,23.962,24.11,24233,0
20160311,24.084,24.242,24.084,24.11,34264,0
20160314,24.139,24.148,24.084,24.11,10862,0
20160315,24.056,24.12,23.972,24.084,22234,0
20160316,24,24.158,24,24.13,22071,0
20160317,24.129,24.194,23.99,24.009,32208,0
20160318,24.009,24.174,24,24,20728,0
20160321,24.036,24.097,24.018,24.056,11519,0
20160322,23.906,24.008,23.906,23.935,27716,0
20160323,23.972,24.045,23.896,24.009,18045,0
20160324,23.935,24.11,23.935,24.084,11875,0
20160328,24.084,24.242,24.084,24.242,21361,0
20160329,24.194,24.446,24.194,24.381,21219,0
20160330,24.465,24.465,24.342,24.381,20706,0
20160331,24.39,24.416,24.166,24.166,27686,0
20160401,24.148,24.306,23.962,24.009,33182,0
20160404,23.943,24.146,23.932,24.064,33290,0
20160405,24.056,24.204,23.98,24.194,25981,0
20160406,24.139,24.268,24.12,24.184,32227,0
20160407,24.092,24.182,24.016,24.074,25453,0
20160408,24.084,24.242,24.084,24.242,22825,0
20160411,24.258,24.39,24.258,24.381,30324,0
20160412,24.372,24.398,24.305,24.372,31832,0
20160413,24.323,24.483,24.315,24.483,27180,0
20160414,24.417,24.492,24.417,24.492,19884,0
20160415,24.39,24.541,24.296,24.296,96486,0
20160418,24.352,24.398,24.332,24.39,41668,0
20160419,24.352,24.456,24.352,24.427,27683,0
20160420,24.427,24.522,24.384,24.492,26614,0
20160421,24.512,24.512,24.474,24.474,13537,0
20160422,24.447,24.558,24.427,24.541,14884,0
20160425,24.541,24.541,24.447,24.483,23504,0
20160426,24.465,24.625,24.457,24.607,14163,0
20160427,24.532,24.662,24.532,24.657,18904,0
20160428,24.616,24.718,24.616,24.718,31396,0
20160429,24.634,24.757,24.634,24.727,31230,0
20160502,24.652,24.851,24.652,24.812,26280,0
20160503,24.767,24.897,24.747,24.878,29848,0
20160504,24.785,24.919,24.785,24.842,14414,0
20160505,24.822,24.865,24.767,24.851,11932,0
20160506,24.767,25.246,24.767,25.246,25517,0
20160509,25.067,25.151,25.001,25.151,24296,0
20160510,25.076,25.246,25.076,25.217,17328,0
20160511,25.132,25.236,25.067,25.236,21090,0
20160512,25.151,25.236,25.095,25.1,24222,0
20160513,25.083,25.142,25.036,25.056,10659,0
20160516,25.142,25.273,24.982,25.122,43630,0
20160517,25.011,25.142,25.005,25.066,11556,0
20160518,24.982,25.142,24.851,25.001,33499,0
20160519,24.917,25.001,24.747,24.822,47608,0
20160520,24.757,25.082,24.757,24.907,41043,0
20160523,24.954,25.052,24.71,24.747,312872,0
20160524,24.757,24.87,24.634,24.747,26131,0
20160525,24.785,24.823,24.634,24.812,30212,0
20160526,24.7,24.982,24.653,24.926,24166,0
20160527,24.982,25.011,24.885,25.011,16002,0
20160531,24.878,25.076,24.878,25.076,49093,0
20160601,25.122,25.122,24.954,25.047,27372,0
20160602,24.954,25.037,24.954,25.037,16846,0
20160603,24.935,25.386,24.935,25.386,28766,0
20160606,25.301,25.321,25.124,25.246,26116,0
20160607,25.246,25.246,25.095,25.217,29302,0
20160608,25.114,25.246,25.057,25.151,30167,0
20160609,25.122,25.122,24.982,25.037,29261,0
20160610,25.001,25.1,24.963,25.02,21876,0
20160613,25.076,25.076,24.946,24.954,19958,0
20160614,24.945,25.055,24.87,24.926,32128,0
20160615,24.87,25.122,24.87,25.067,46641,0
20160616,24.982,25.142,24.935,24.992,35263,0
20160617,25.037,25.273,24.962,25.273,33876,0
20160620,25.207,25.556,25.105,25.546,68242,0
20160621,25.481,25.527,25.236,25.246,44797,0
20160622,25.207,25.311,25.161,25.198,25222,0
20160623,25.292,25.443,25.122,25.226,40373,0
20160624,24.887,25.311,24.887,25.217,29004,0
20160627,25.225,25.287,25.029,25.198,14194,0
20160628,25.18,25.198,25.065,25.198,36762,0
20160629,25.331,25.331,25.142,25.18,21361,0
20160630,25.264,25.34,25.151,25.282,55905,0
20160701,25.246,25.367,25.171,25.301,18631,0
20160705,25.292,25.34,25.236,25.34,23330,0
20160706,25.246,25.246,25.067,25.217,34200,0
20160707,25.236,25.246,25.142,25.144,70648,0
20160708,25.161,25.34,25.143,25.198,35516,0
20160711,25.198,25.234,25.105,25.18,104969,0
20160712,25.208,25.256,25.122,25.132,36762,0
20160713,25.218,25.256,25.142,25.247,20604,0
20160714,25.18,25.265,25.142,25.199,22295,0
20160715,25.247,25.275,25.142,25.151,65482,0
20160718,25.218,25.218,25.161,25.189,15224,0
20160719,25.208,25.208,25.162,25.189,26098,0
20160720,25.218,25.218,25.132,25.189,28170,0
20160721,25.199,25.369,25.142,25.369,80958,0
20160722,25.361,25.417,25.342,25.417,20496,0
20160725,25.455,25.455,25.334,25.455,27712,0
20160726,25.379,25.446,25.323,25.409,42384,0
20160727,25.409,25.455,25.323,25.427,125068,0
20160728,25.351,25.361,25.218,25.303,28523,0
20160729,25.265,25.313,25.206,25.218,35883,0
20160801,25.18,25.208,25.153,25.189,19311,0
20160802,25.171,25.171,25.086,25.171,292589,0
20160803,25.189,25.189,25.104,25.161,17313,0
20160804,25.142,25.171,25.066,25.171,24567,0
20160805,25.171,25.188,25.132,25.171,19787,0
20160808,25.122,25.165,25.094,25.142,49726,0
20160809,25.122,25.161,25.075,25.151,39948,0
20160810,25.113,25.142,25.046,25.142,19686,0
20160811,25.132,25.189,25.075,25.18,26436,0
20160812,25.154,25.161,25.132,25.151,17154,0
20160815,25.161,25.161,25.108,25.142,17667,0
20160816,25.094,25.142,25.094,25.142,7305,0
20160817,25.085,25.142,25.085,25.142,29277,0
20160818,25.142,25.171,25.142,25.171,10810,0
20160819,25.122,25.195,25.037,25.05,36788,0
20160822,25.028,25.037,24.99,24.99,21036,0
20160823,25.094,25.104,25.028,25.094,17659,0
20160824,25.056,25.104,25.028,25.104,29871,0
20160825,25.142,25.161,25.098,25.151,46063,0
20160826,25.113,25.199,25.113,25.199,29091,0
20160829,25.122,25.237,25.122,25.218,53196,0
20160830,25.161,25.369,25.151,25.199,23055,0
20160831,25.256,25.256,25.132,25.132,29830,0
20160901,25.132,25.161,25.056,25.122,23069,0
20160902,25.066,25.191,25.066,25.161,14740,0
20160906,25.208,25.208,25.085,25.189,14593,0
20160907,25.113,25.199,25.113,25.189,34347,0
20160908,25.122,25.227,25.122,25.218,46088,0
20160909,25.037,25.247,25.037,25.247,53796,0
20160912,25.028,25.275,25.028,25.256,50464,0
20160913,25.256,25.265,25.075,25.171,20875,0
20160914,25.122,25.237,25.075,25.237,15610,0
20160915,25.183,25.351,25.132,25.351,22974,0
20160916,25.313,25.351,25.113,25.151,18095,0
20160919,25.218,25.293,25.218,25.262,8652,0
20160920,25.247,25.293,25.142,25.218,27604,0
20160921,25.171,25.351,25.137,25.342,30115,0
20160922,25.361,25.446,25.333,25.369,24719,0
20160923,25.303,25.426,25.284,25.409,13990,0
20160926,25.333,25.417,25.302,25.361,17330,0
20160927,25.284,25.446,25.284,25.446,17953,0
20160928,25.342,25.354,25.199,25.199,30219,0
20160929,25.275,25.379,25.104,25.104,16079,0
20160930,25.104,25.208,24.99,24.99,26688,0
20161003,25.009,25.199,24.98,25.18,21793,0
20161004,25.151,25.256,25.151,25.218,13963,0
20161005,25.199,25.265,25.175,25.227,14860,0
20161006,25.208,25.284,25.201,25.284,17401,0
20161007,25.265,25.275,25.218,25.265,19709,0
20161010,25.293,25.293,25.122,25.218,19361,0
20161011,25.161,25.256,25.056,25.171,44711,0
20161012,25.171,25.171,24.958,25.103,12745,0
20161013,25.007,25.074,24.978,24.988,19839,0
20161014,25.007,25.142,25.007,25.122,12369,0
20161017,25.2,25.2,25.065,25.132,23779,0
20161018,25.142,25.295,25.142,25.267,32826,0
20161019,25.171,25.325,25.171,25.315,17728,0
20161020,25.218,25.364,25.19,25.354,14122,0
20161021,25.382,25.527,25.219,25.527,50661,0
20161024,25.527,25.527,25.419,25.449,12118,0
20161025,25.449,25.575,25.449,25.527,21299,0
20161026,25.459,25.561,25.459,25.556,26061,0
20161027,25.479,25.527,25.364,25.431,24145,0
20161028,25.354,25.449,25.286,25.334,15046,0
20161031,25.286,25.355,25.142,25.142,14777,0
20161101,25.18,25.248,25.055,25.093,15555,0
20161102,25.016,25.084,24.988,25.036,15126,0
20161103,25.036,25.054,24.449,24.458,30205,0
20161104,24.516,24.64,24.503,24.535,15894,0
20161107,24.708,24.708,24.458,24.467,10935,0
20161108,24.563,24.621,24.285,24.399,23096,0
20161109,24.303,24.593,24.178,24.217,25047,0
20161110,24.226,24.596,23.509,23.657,91997,0
20161111,23.697,23.842,23.63,23.774,40258,0
20161114,23.677,23.677,22.271,22.445,134373,0
20161115,22.781,23.803,22.781,23.63,97649,0
20161116,23.784,23.938,23.523,23.831,51892,0
20161117,23.87,23.87,23.426,23.657,54611,0
20161118,23.553,23.754,23.09,23.177,49797,0
20161121,23.272,23.841,23.272,23.408,50385,0
20161122,23.774,23.794,23.417,23.764,44169,0
20161123,23.543,23.667,23.282,23.6,42456,0
20161125,23.563,23.697,23.553,23.605,12630,0
20161128,23.735,23.898,23.6,23.88,53703,0
20161129,23.821,23.841,23.64,23.717,64463,0
20161130,23.533,23.573,23.36,23.553,57807,0
20161201,23.369,23.456,23.08,23.186,62361,0
20161202,23.215,23.466,22.994,23.109,85741,0
20161205,23.022,23.292,22.985,23.177,38216,0
20161206,23.09,23.378,23.09,23.167,35708,0
20161207,23.225,23.513,23.225,23.495,41421,0
20161208,23.408,23.408,23.215,23.244,38372,0
20161209,23.235,23.272,22.897,22.994,51691,0
20161212,22.936,23.087,22.781,22.859,62981,0
20161213,22.926,23.119,22.888,23.109,47035,0
20161214,23.109,23.225,23.022,23.042,137704,0
20161215,22.984,23.071,22.772,22.907,115666,0
20161216,22.926,22.994,22.752,22.762,61796,0
20161219,22.801,23.099,22.801,23.071,38088,0
20161220,23.071,23.312,23.022,23.042,53868,0
20161221,23.042,23.215,23.028,23.119,48224,0
20161222,23.119,23.312,23.055,23.128,53923,0
20161223,23.158,23.167,22.965,23.032,54641,0
20161227,23.022,23.119,22.936,22.994,40669,0
20161228,22.984,23.158,22.907,23.09,58381,0
20161229,23.08,23.09,22.926,22.984,60316,0
20161230,22.974,23.166,22.974,23.051,40204,0
20170103,23.003,23.399,23.003,23.312,26344,0
20170104,23.331,23.821,23.331,23.774,38122,0
20170105,23.87,23.967,23.533,23.543,63301,0
20170106,23.63,23.687,23.503,23.61,38988,0
20170109,23.687,24.034,23.533,23.938,52191,0
20170110,23.89,24.024,23.841,24.005,34007,0
20170111,24.093,24.279,23.942,24.22,27906,0
20170112,24.191,24.239,24.14,24.181,33895,0
20170113,24.123,24.288,24.123,24.22,27978,0
20170117,24.347,24.347,24.201,24.211,44653,0
20170118,24.201,24.268,24.035,24.035,44477,0
20170119,24.055,24.055,23.576,23.663,48637,0
20170120,23.732,24.063,23.591,23.654,87255,0
20170123,23.723,24.181,23.723,24.151,41980,0
20170124,24.073,24.289,24.056,24.239,34272,0
20170125,24.093,24.239,23.995,24.123,93658,0
20170126,24.123,24.337,24.103,24.239,33580,0
20170127,24.249,24.367,24.229,24.279,32884,0
20170130,24.347,24.493,24.22,24.347,40206,0
20170131,24.357,24.435,24.302,24.415,37016,0
20170201,24.347,24.435,24.289,24.376,24425,0
20170202,24.395,24.591,24.385,24.464,21662,0
20170203,24.473,24.737,24.464,24.551,21214,0
20170206,24.639,24.737,24.571,24.629,27945,0
20170207,24.629,24.778,24.629,24.757,26335,0
20170208,24.727,25.032,24.727,24.903,36266,0
20170209,24.835,25.03,24.795,24.835,39737,0
20170210,24.786,25.02,24.786,24.883,16614,0
20170213,24.874,24.913,24.874,24.874,12361,0
20170214,24.874,24.933,24.757,24.883,24495,0
20170215,24.825,24.971,24.815,24.903,22260,0
20170216,24.883,24.933,24.845,24.854,17256,0
20170217,24.825,24.899,24.795,24.795,18775,0
20170221,24.795,24.862,24.727,24.757,21196,0
20170222,24.757,24.923,24.727,24.795,25727,0
20170223,24.767,24.825,24.717,24.767,35541,0
20170224,24.786,24.845,24.747,24.747,21486,0
20170227,24.786,24.819,24.737,24.747,25712,0
20170228,24.747,24.825,24.727,24.825,11410,0
20170301,24.689,24.756,24.689,24.742,14400,0
20170302,24.727,24.773,24.717,24.727,18371,0
20170303,24.708,24.923,24.708,24.805,30545,0
20170306,24.795,24.846,24.757,24.805,17144,0
20170307,24.795,24.854,24.737,24.845,22667,0
20170308,24.727,24.757,24.689,24.708,62601,0
20170309,24.639,24.689,24.503,24.581,37359,0
20170310,24.62,24.689,24.561,24.689,32574,0
20170313,24.639,24.698,24.591,24.591,17559,0
20170314,24.591,24.737,24.591,24.737,15233,0
20170315,24.649,24.913,24.649,24.913,18527,0
20170316,24.845,25.03,24.845,25.001,22616,0
20170317,24.942,25.039,24.923,24.942,26348,0
20170320,25.069,25.069,24.923,24.923,20163,0
20170321,24.971,24.971,24.757,24.757,32414,0
20170322,24.776,24.913,24.737,24.835,39455,0
20170323,24.835,24.942,24.815,24.942,31748,0
20170324,24.942,25.059,24.913,24.933,45551,0
20170327,24.981,25.023,24.933,24.981,36468,0
20170328,24.933,25.01,24.933,24.991,29111,0
20170329,24.991,25.069,24.991,25.02,13115,0
20170330,25.108,25.235,25.03,25.127,20903,0
20170331,25.127,25.362,25.089,25.362,26089,0
20170403,25.342,25.693,25.225,25.42,66712,0
20170404,25.547,25.547,25.352,25.43,37268,0
20170405,25.391,25.479,25.186,25.186,35257,0
20170406,25.167,25.323,25.137,25.323,42356,0
20170407,25.293,25.381,25.293,25.323,14139,0
20170410,25.391,25.615,25.353,25.557,56246,0
20170411,25.686,25.695,25.458,25.518,42542,0
20170412,25.488,25.557,25.429,25.527,27307,0
20170413,25.527,25.587,25.488,25.587,18976,0
20170417,25.676,25.676,25.547,25.636,22520,0
20170418,25.597,25.686,25.547,25.577,20483,0
20170419,25.587,25.597,25.498,25.498,34799,0
20170420,25.488,25.676,25.488,25.597,19668,0
20170421,25.597,25.676,25.537,25.636,31287,0
20170424,25.616,25.735,25.537,25.537,44477,0
20170425,25.537,25.606,25.409,25.458,46427,0
20170426,25.448,25.468,25.389,25.399,21271,0
20170427,25.409,25.488,25.389,25.409,29659,0
20170428,25.409,25.488,25.34,25.379,13907,0
20170501,25.35,25.439,25.34,25.369,21162,0
20170502,25.35,25.384,25.241,25.36,30327,0
20170503,25.261,25.518,25.251,25.518,35501,0
20170504,25.35,25.357,25.104,25.192,29760,0
20170505,25.192,25.429,25.182,25.429,20995,0
20170508,25.429,25.616,25.419,25.567,18686,0
20170509,25.498,25.636,25.498,25.557,11800,0
20170510,25.409,25.488,25.296,25.31,13251,0
20170511,25.271,25.348,25.201,25.32,14281,0
20170512,25.3,25.419,25.3,25.372,6232,0
20170515,25.33,25.478,25.32,25.409,13199,0
20170516,25.35,25.383,25.252,25.33,6914,0
20170517,25.221,25.369,25.202,25.32,9758,0
20170518,25.319,25.369,25.232,25.281,16239,0
20170519,25.241,25.356,25.192,25.192,13904,0
20170522,25.201,25.265,25.034,25.162,21333,0
20170523,25.241,25.29,25.18,25.241,6789,0
20170524,25.182,25.31,25.094,25.162,9668,0
20170525,25.172,25.28,25.172,25.221,14878,0
20170526,25.182,25.359,25.182,25.3,8768,0
20170530,25.231,25.309,25.192,25.211,15613,0
20170531,25.221,25.379,25.211,25.211,21100,0
20170601,25.29,25.399,25.218,25.389,9311,0
20170602,25.399,25.656,25.34,25.587,13401,0
20170605,25.468,25.666,25.468,25.655,8960,0
20170606,25.636,25.655,25.563,25.636,5415,0
20170607,25.656,25.656,25.527,25.626,14035,0
20170608,25.518,25.616,25.409,25.587,11586,0
20170609,25.488,25.558,25.468,25.518,5766,0
20170612,25.439,25.557,25.429,25.518,17020,0
20170613,25.527,25.597,25.498,25.597,7128,0
20170614,25.597,25.626,25.569,25.626,28126,0
20170615,25.537,25.656,25.537,25.656,28293,0
20170616,25.656,25.656,25.369,25.478,44820,0
20170619,25.419,25.626,25.419,25.626,9181,0
20170620,25.547,25.626,25.527,25.582,10236,0
20170621,25.582,25.616,25.547,25.556,14249,0
20170622,25.547,25.636,25.46,25.537,20122,0
20170623,25.577,25.695,25.577,25.695,12046,0
20170626,25.735,25.735,25.607,25.735,9544,0
20170627,25.607,25.725,25.607,25.705,14534,0
20170628,25.636,25.698,25.597,25.646,20094,0
20170629,25.616,25.676,25.567,25.676,7029,0
20170630,25.577,25.834,25.577,25.834,16461,0
20170703,25.784,25.824,25.706,25.824,6769,0
20170705,25.715,25.982,25.705,25.982,14826,0
20170706,25.962,26.278,25.864,26.229,40500,0
20170707,26.11,26.249,25.977,26.16,27865,0
20170710,25.992,26.199,25.873,25.982,22244,0
20170711,25.982,26.17,25.982,26.14,22232,0
20170712,25.91,26.37,25.86,25.89,64620,0
20170713,25.9,25.95,25.58,25.62,63969,0
20170714,25.63,25.66,25.51,25.51,20615,0
20170717,25.64,25.69,25.58,25.65,20986,0
20170718,25.73,25.73,25.53,25.64,29356,0
20170719,25.67,25.76,25.569,25.59,35222,0
20170720,25.65,25.65,25.51,25.56,17191,0
20170721,25.56,25.69,25.46,25.55,42161,0
20170724,25.57,25.68,25.57,25.64,14737,0
20170725,25.64,25.67,25.52,25.62,22876,0
20170726,25.66,25.66,25.49,25.56,13507,0
20170727,25.602,25.62,25.5,25.53,11343,0
20170728,25.51,25.55,25.47,25.49,9946,0
20170731,25.55,25.56,25.41,25.49,46012,0
20170801,25.46,25.55,25.46,25.54,21024,0
