Date,Open,High,Low,Close,Volume,OpenInt
20160218,105.5,107,105.5,107,200,0
20160224,99,99.5,99,99.5,5500,0
20160225,103.8,103.8,103.8,103.8,1300,0
20160229,103.85,103.85,103.7,103.7,10000,0
20160301,106.25,107.8,106.15,107.8,15031,0
20160302,107.78,108.9,107.736,108.9,2787,0
20160303,109.42,110.85,109.1,110.779,9050,0
20160304,112.08,113.09,111.8,112.88,36110,0
20160307,109.99,112.5,109.6,112.43,14698,0
20160308,112.13,112.16,111.24,111.41,3611,0
20160309,111.67,111.87,111.49,111.54,3449,0
20160310,113.41,113.81,110.15,111.125,10019,0
20160311,115.01,116.9,114.78,116.63,11648,0
20160314,116.22,116.51,115.16,116.39,4025,0
20160315,113.82,114.12,113.29,113.36,1895,0
20160316,112.65,115.18,112.01,115.18,9449,0
20160317,114.75,116.9,114.54,116.323,3798,0
20160318,116.56,116.69,116.46,116.46,7147,0
20160321,116.36,116.5,115.696,115.98,4083,0
20160322,112.61,114.5,112.6,114.5,3295,0
20160323,113.12,113.25,112.71,112.71,1832,0
20160324,110.94,115.09,110.33,115.09,4166,0
20160328,111.48,111.8,111,111.74,13800,0
20160329,110.65,113.95,110.45,113.95,26493,0
20160330,116.54,117.4,115.8,116.14,6719,0
20160331,115.16,115.47,114.72,114.78,4507,0
20160401,109.34,111.95,109.16,111.95,11062,0
20160404,113.31,113.38,112.48,112.9,23338,0
20160405,108.88,109.005,108.18,108.5,6546,0
20160406,109.26,111.23,109.26,111.23,1809,0
20160407,110.3,110.31,108.351,108.925,17508,0
20160408,112.18,112.775,111.53,112.4,3678,0
20160411,114.35,115.15,113.5,113.5,12293,0
20160412,113.73,115.58,111.64,115.57,9407,0
20160413,118.33,119.65,118.29,119.03,1858,0
20160414,119.83,120.6,119.83,120.23,2446,0
20160415,120,120.23,119.97,120.09,1604,0
20160418,119.99,122.56,119.99,122.05,10613,0
20160419,125.78,126.85,125.69,126.79,3258,0
20160420,126.41,127.68,126.3,127.5,4472,0
20160421,126.23,126.43,125.589,125.77,2199,0
20160422,125.16,125.5,124.33,125.5,2181,0
20160425,123.79,124.4,123.75,124.15,15926,0
20160426,125.2,125.74,124.74,125.18,6600,0
20160427,125.51,126.18,125.48,126.15,2825,0
20160428,124.9,126.35,124.7,125.5,8114,0
20160429,124.46,124.465,122.86,123,4232,0
20160502,124.39,124.85,124.39,124.75,11133,0
20160503,121,121.61,120.41,120.41,6925,0
20160504,117.54,117.68,116.3,116.5,4286,0
20160505,116.5,116.86,115.65,115.99,11222,0
20160506,115.72,116.45,115.72,116.44,6760,0
20160509,117.46,117.46,116.65,117.155,10416,0
20160510,118.44,119.35,118.37,119.335,2645,0
20160511,118.3,118.7,118.1,118.46,1664,0
20160512,120.1,120.12,117.1,117.85,5091,0
20160513,116.9,117.03,115.61,115.61,2576,0
20160516,116.34,118.55,116.34,118.32,14267,0
20160517,117.1,117.795,116.6,116.6,3406,0
20160518,117.46,118.05,116.37,116.67,3778,0
20160519,115.35,115.53,114.47,115.53,2137,0
20160520,117.07,117.3,116.33,116.64,3685,0
20160523,115.95,116.68,115.336,116.01,26496,0
20160524,119.38,120.75,119.148,120.66,1806,0
20160525,124.55,124.74,124.014,124.74,3801,0
20160526,124.9,125.4,124.33,124.99,4504,0
20160527,124.98,125.04,124.64,124.75,3469,0
20160531,125.15,125.25,121.67,121.67,10440,0
20160601,120.81,122.02,120.67,121.95,3490,0
20160602,121.51,122.3,121.435,122.24,4442,0
20160603,122.21,123.51,121.62,123.51,1546,0
20160606,124.7,124.8,124.3,124.68,3493,0
20160607,126.46,127.05,126.46,126.62,12298,0
20160608,126.68,126.68,125.92,126.27,3867,0
20160609,122.6,123.2,122.32,123.175,2606,0
20160610,117.23,117.23,114.85,114.85,23427,0
20160613,112.63,113.94,111.22,111.22,2852,0
20160614,107.89,108,106.33,107.07,11131,0
20160615,108.9,110.05,108.1,108.1,4412,0
20160616,104.96,110.18,104.75,110.18,36923,0
20160617,111.52,113.7,110.63,112.54,10492,0
20160620,120.72,120.72,118.55,118.55,7023,0
20160621,120.68,122.61,120.57,122,10635,0
20160622,123.87,124,122.05,122.05,7609,0
20160623,126.019,126.26,125.17,125.63,6716,0
20160624,109.86,109.86,104.74,106.25,9229,0
20160627,99.46,100.05,97.74,100.05,23416,0
20160628,105.32,106.91,104.41,106.71,17788,0
20160629,110.24,112.9,109.94,111.4,8986,0
20160630,112.1,116.92,112.1,116.23,5750,0
20160701,116.305,117,116.25,116.6,7207,0
20160705,113.19,113.22,110.78,111.73,7731,0
20160706,109.2,110.5,108.85,110.22,12418,0
20160707,110.93,110.94,108.7,109.05,7627,0
20160708,111.21,112.35,111.21,112.29,8739,0
20160711,114.09,115.7,114.09,115.7,4731,0
20160712,117.36,118.11,116.53,117.44,37633,0
20160713,117.78,118.86,116.725,116.725,24721,0
20160714,119.9,120.2,118.45,119.63,5538,0
20160715,116.05,119.03,116.05,118.585,9298,0
20160718,117.34,118.86,117.33,118.4,13034,0
20160719,118.91,118.91,114.7,114.7,5629,0
20160720,116.75,118.18,116.75,117.57,10144,0
20160721,118.2,118.59,117.22,117.3,2767,0
20160722,118.14,118.3,117.1,118.3,2619,0
20160725,116.95,117.6,116.95,117.6,3165,0
20160726,118.54,118.54,117,118.22,4043,0
20160727,119.42,119.785,118.53,119.55,7940,0
20160728,119.1,119.1,117.591,118.85,9915,0
20160729,120.14,122.3,120.14,121.6,2825,0
20160801,119.2,120.7,118.2,119.3,5496,0
20160802,118.2,118.27,117.86,117.89,1680,0
20160803,116.2,117.3,116.2,117.3,15035,0
20160804,117.96,118.25,117.54,118.25,2388,0
20160805,118.04,118.9,117.66,118.9,3030,0
20160808,118.02,118.25,118,118.2,2999,0
20160809,119.83,120.88,119.82,120.81,1255,0
20160810,121.77,121.86,120.514,120.94,6657,0
20160811,122.59,123.8,122.495,123.05,5714,0
20160812,123.65,123.65,122,122.99,3876,0
20160815,123.46,124.17,123.22,123.26,3746,0
20160816,123.08,124.4,122.3,123.75,25926,0
20160817,121.41,124.08,121.36,123.238,10813,0
20160818,123.4,124.71,123.18,124.2,5783,0
20160819,121.49,122.775,121.49,122.6,2844,0
20160822,120.82,121.93,120.82,121.83,4089,0
20160823,124.25,124.26,123.17,123.2,2618,0
20160824,123.19,123.92,122.1,122.8,10423,0
20160825,121.22,122.37,120.6,121.39,5166,0
20160826,120.22,123.229,119.6,121.5,5184,0
20160829,120.5,121.2,119.95,120.6,4856,0
20160830,119.82,122.21,119.82,121,3041,0
20160831,121.44,121.54,119.764,120.65,8569,0
20160901,120.76,121.498,120.51,121.25,1988,0
20160902,122,126.498,122,126.498,3649,0
20160906,125.94,126.71,125.94,126.71,2018,0
20160907,126.65,126.9,125.703,125.73,2037,0
20160908,126.22,127.02,125.4,126.41,11848,0
20160909,123.84,123.86,120.7,121.11,3673,0
20160912,121.71,123.55,120,123.55,4267,0
20160913,123,123,117.68,118.87,3738,0
20160914,118.58,119.09,117.45,117.64,22635,0
20160915,118.04,120.8,117.85,120.03,18995,0
20160916,116.86,116.99,115.9,116.37,5167,0
20160919,118.96,119.02,117.366,118.41,3208,0
20160920,119.11,119.11,117.7,117.7,23417,0
20160921,117.59,122.27,117.59,120.34,8994,0
20160922,125.56,125.74,124.01,124.85,11232,0
20160923,122.4,123.09,121.75,122.49,5128,0
20160926,119.46,120.36,118.75,119.95,3894,0
20160927,118.38,119.94,118.17,119.94,3163,0
20160928,121.58,122.3,119.47,122.299,3794,0
20160929,122.27,122.27,117.396,118.02,11064,0
20160930,119.34,121.4,118.65,121.33,3787,0
20161003,119.8,120.52,119.212,119.56,3742,0
20161004,121.33,121.8,119.785,120.35,7273,0
20161005,121,121.95,120.79,121.64,4385,0
20161006,120.67,120.919,120.063,120.6,9731,0
20161007,118.58,119.15,117.7,119.15,2677,0
20161010,119.47,119.8,118.48,118.48,4893,0
20161011,118.13,118.59,115,115,2418,0
20161012,114.84,115.41,114.338,114.525,4201,0
20161013,112.63,114.16,111,113.4,14194,0
20161014,116.05,116.06,114.01,114.218,3968,0
20161017,112.9,113.87,112.75,112.75,4471,0
20161018,115.68,115.95,114.98,115.23,2413,0
20161019,115.364,116.05,115.03,115.03,3672,0
20161020,115,116.76,115,116.32,14541,0
20161021,114.61,115.1,114.211,114.63,6406,0
20161024,115.98,115.98,114.15,115.25,4183,0
20161025,114.7,114.93,113.2,113.83,5486,0
20161026,112.95,113.95,112.13,113.12,4407,0
20161027,113.08,114.65,113.08,113.5,16691,0
20161028,115.8,115.8,111.94,112.85,6550,0
20161031,112,112.7,111.43,112.49,6063,0
20161101,112.86,113.13,110.91,110.95,7472,0
20161102,111.39,111.5,109.61,109.95,3870,0
20161103,110.62,110.85,108.44,109.11,12737,0
20161104,108.33,109.29,106.82,107.33,3913,0
20161107,109.33,111.25,109.33,111.25,6606,0
20161108,110.87,112.44,110.61,112.44,2259,0
20161109,110.29,114.7,110.29,113.29,5404,0
20161110,112.87,113.2,110.5,112.46,4851,0
20161111,109.22,110.319,109.22,109.88,989,0
20161114,108,108.6,107.33,108.6,3423,0
20161115,108.42,109.87,108.42,109.87,2027,0
20161116,107.01,107.35,106.15,106.52,1699,0
20161117,107.99,108.335,107.61,108,3369,0
20161118,105.5,105.5,104.65,104.65,1378,0
20161121,106.32,106.7,105.98,106.7,3226,0
20161122,107.25,107.25,105.96,106.453,2172,0
20161123,103,105.15,103,104.392,21898,0
20161125,106.67,106.67,106.31,106.44,993,0
20161128,106,106,103.45,103.45,3938,0
20161129,103.26,106.4,103.26,105.588,27063,0
20161130,105.45,106.66,105.45,106.25,2295,0
20161201,105.15,105.7,104.65,104.7,8930,0
20161202,104.53,105.76,104.3,105.34,8209,0
20161205,108.416,109,108.26,108.42,2067,0
20161206,107.92,112.05,107.92,111.46,3122,0
20161207,113.15,115,113.05,115,5034,0
20161208,113.28,114.45,113.28,113.53,3408,0
20161209,114.45,115.46,114.45,115.24,3820,0
20161212,114.6,115.8,114.6,115.27,3483,0
20161213,118.11,118.87,118.095,118.6,6952,0
20161214,118.97,118.97,91.42,115.2,6275,0
20161215,114.42,115.32,114.26,114.35,4665,0
20161216,68.61,116.7,68.61,115.57,2295,0
20161219,115.77,116.065,115.15,115.15,3557,0
20161220,113.09,116.23,113.09,115.7,4399,0
20161221,116.46,116.701,115.8,116.169,2887,0
20161222,115.31,117.01,115.31,116.127,4987,0
20161223,116,116.286,116,116.286,1104,0
20161227,117,117,116.15,116.15,2027,0
20161228,115.44,116.21,114.737,114.737,2333,0
20161229,116.48,116.956,116.44,116.45,4322,0
20161230,119.1,119.1,118.05,118.05,3026,0
20170103,119.2,119.78,118.21,119.4,3546,0
20170104,120.73,120.85,120.636,120.636,712,0
20170105,122.08,124.448,122.08,123.7,1586,0
20170106,121.63,122.808,121.63,122.808,1622,0
20170109,120.52,122.1,120.52,121.1,2560,0
20170110,121.875,122.483,121.875,122.1,2201,0
20170111,121.86,122.69,120.67,122.69,34356,0
20170112,122.331,123.26,122.331,122.66,1398,0
20170113,123.361,123.612,123.02,123.612,1216,0
20170117,123.076,123.315,122.34,122.34,1053,0
20170118,122.73,123.08,122.1,122.729,3273,0
20170119,120.92,121.4,120.621,121.4,711,0
20170120,122,122,121.71,121.892,1141,0
20170123,122.73,122.73,121.5,122.35,2756,0
20170124,122.35,123.51,122.11,122.958,1986,0
20170125,125.9,126.12,125.16,126.02,1981,0
20170126,124.19,124.379,124.19,124.25,668,0
20170127,123.789,123.789,123.789,123.789,483,0
20170130,123.21,123.21,121.72,122.71,2059,0
20170131,122.96,123.65,122.736,123.65,2374,0
20170201,123,124.005,123,124,1615,0
20170202,123.5,123.75,122.61,123.15,1092,0
20170203,123.14,124.62,123.14,124.62,3179,0
20170206,122.71,122.905,121.6,122.7,1647,0
20170207,121.89,122.26,121.22,121.69,1241,0
20170208,121.25,122.979,121.25,122.61,1997,0
20170209,123.72,124.1,123.72,124.1,822,0
20170210,123.85,123.85,123.61,123.61,255,0
20170213,125.01,125.2,124.12,124.3,1729,0
20170214,124.38,124.4,122.95,124,1649,0
20170215,125.4,125.5,125.4,125.5,1100,0
20170216,124.5,126.26,124.5,126.26,1166,0
20170217,126.06,127.6,126.02,127.6,5078,0
20170221,125.87,126.5,125.76,126.5,2539,0
20170222,125.76,126.872,125.33,126.6,8952,0
20170223,127.26,127.645,126.97,127.61,3715,0
20170224,126.52,126.52,124.782,125.889,1198,0
20170227,125.8,126.03,125.593,126,2161,0
20170228,126.23,126.3,125.54,125.54,2156,0
20170301,127.04,128.437,127.04,128.437,764,0
20170302,128,128.52,127.89,128.082,2786,0
20170303,129,130.65,128.804,129.96,1634,0
20170306,129.05,129.05,128.35,128.96,1533,0
20170307,128.63,128.63,126.66,127.691,2221,0
20170308,127.49,127.56,126.66,126.69,2276,0
20170309,127.972,128.632,127.62,128.125,4653,0
20170310,129.9,130.91,129.9,130.91,1067,0
20170313,131.01,131.92,130.75,131.01,1312,0
20170314,130.56,130.56,129.2,129.89,2178,0
20170315,130.825,132.85,130.825,132.3,2573,0
20170316,135.77,136.36,134.91,135.795,2847,0
20170317,136.13,136.13,136.124,136.124,840,0
20170320,136.124,136.124,136.124,136.124,0,0
20170321,138.78,138.78,135.04,135.04,1019,0
20170322,135.988,135.988,135.55,135.55,444,0
20170323,136.15,136.15,136.15,136.15,230,0
20170324,135.84,137.1,135.617,136.5,24957,0
20170327,137.34,138,137.255,138,2367,0
20170328,138.005,138.3,138,138.25,3656,0
20170329,137.08,137.77,137.08,137.77,1861,0
20170330,137.06,137.58,136.77,136.94,1523,0
20170331,136.11,137.65,135.99,136.65,1529,0
20170403,136.55,136.55,134.89,136,2208,0
20170404,135.31,136.7,135.105,135.77,1418,0
20170405,135.5,135.887,135.15,135.15,1010,0
20170406,136.67,136.67,135.43,136.15,1835,0
20170407,135.59,135.71,135.1,135.1,2044,0
20170410,135.26,135.77,134.3,134.3,1471,0
20170411,136,136.2,135.65,136.2,2217,0
20170412,136.11,136.11,135.13,135.9,1722,0
20170413,134.86,134.86,133.7,133.78,516,0
20170417,135.35,135.6,135.15,135.6,686,0
20170418,134.2,134.2,132.683,133.8,4530,0
20170419,133.67,133.84,132.651,132.651,4150,0
20170420,134.98,135.182,134.6,134.87,2264,0
20170421,134.53,134.53,133.27,134.4,2072,0
20170424,136.53,144.04,136.53,144.03,1160,0
20170425,146,146.48,145.8,146.06,1597,0
20170426,145.5,146.5,145.4,146.2,2008,0
20170427,145.352,145.645,145.187,145.352,3749,0
20170428,144.91,145.45,144.907,144.907,1168,0
20170502,146.62,147.2,146.07,146.75,1942,0
20170503,144.87,148.303,144.87,148.303,1445,0
20170504,150.23,151.3,149.85,151.285,33024,0
20170505,150.38,155.3,150.38,155.3,2404,0
20170508,153.027,153.15,151.77,151.77,2012,0
20170509,151.63,153.26,151.63,152.25,1729,0
20170510,152.7,153.308,151.92,152.92,7585,0
20170511,151.663,151.759,151.39,151.759,772,0
20170512,154,156.08,154,155.09,1944,0
20170515,155.6,157.588,155.6,157.55,1646,0
20170516,160.13,161.16,159.672,160.58,2156,0
20170517,159.53,159.53,157.03,157.03,1687,0
20170518,156.4,156.9,156.05,156.05,3729,0
20170519,159.222,160.4,159.222,160.4,2237,0
20170522,160.459,161.2,160.459,160.72,2090,0
20170523,161.58,161.72,160.23,160.23,2575,0
20170524,160.24,160.31,160.2,160.2,1525,0
20170525,160.2,161.013,159.99,160.75,1905,0
20170526,159.3,159.372,158.731,159.05,1179,0
20170530,159.02,159.32,158.566,158.7,2137,0
20170531,161.02,161.13,160.47,161.056,1638,0
20170602,162.66,162.9,162.02,162.9,1394,0
20170605,161.26,161.3,161.26,161.3,1783,0
20170606,160.7,160.7,160.7,160.7,176,0
20170607,160.25,160.4,160.25,160.4,848,0
20170608,158.2,158.63,157.798,157.798,890,0
20170609,157,158.08,156.96,156.96,1095,0
20170612,156.48,156.48,155.99,155.99,1456,0
20170614,158.12,158.12,155.76,155.76,1437,0
20170615,153.122,154.2,153.122,153.5,1640,0
20170616,156,158,156,157.79,747,0
20170619,156.01,158.949,156.01,158.949,712,0
20170620,156.402,156.402,156.402,156.402,421,0
20170621,156.85,156.85,155.29,155.29,1283,0
20170622,154.48,156.69,154.48,155.3,2437,0
20170623,155.778,157.084,155.778,157.084,486,0
20170626,159.86,159.9,158.84,158.84,806,0
20170627,158.89,159.8,158.3,158.3,2071,0
20170628,160.3,162.12,160.3,162.12,1596,0
20170629,158.207,158.277,156.35,158.22,3803,0
20170630,155.42,156.25,155.42,156.13,1426,0
20170703,158.47,158.54,158.169,158.54,1047,0
20170705,157.3,157.3,155.2,155.97,1402,0
20170706,154.27,155.37,154.27,155.37,340,0
20170707,153.527,154.57,153.527,154.57,508,0
20170710,155.51,155.51,155.51,155.51,193,0
20170711,154.513,155.382,154.494,154.494,1160,0
20170712,158.87,158.87,158.87,158.87,338,0
20170713,159.99,160.2,159.649,160.2,1002,0
20170714,160,162.35,160,162.35,4297,0
20170717,160.792,160.792,160.792,160.792,188,0
20170718,161.1,161.1,159.8,159.8,1160,0
20170719,161.02,161.684,161.02,161.684,888,0
20170720,163.789,164.6,163.47,164.6,1698,0
20170721,161.71,161.71,160.882,161.65,1255,0
20170724,160.75,160.812,160.25,160.812,1479,0
20170725,163.79,163.79,161.71,161.835,4679,0
20170726,161.83,163.85,161.83,163.85,1826,0
20170727,162.45,162.57,161.45,161.5,2905,0
20170728,161.57,161.57,159.19,160.65,1850,0
20170731,161.437,161.52,161.437,161.52,324,0
20170801,163.26,163.29,163.26,163.27,423,0
