Date,Open,High,Low,Close,Volume,OpenInt
20150304,19.55,19.62,19.23,19.45,91742,0
20150305,18.73,19.67,18.73,19.57,58872,0
20150306,19.4,19.442,18.69,18.79,141842,0
20150309,19.75,19.95,19.52,19.77,133238,0
20150310,19.55,19.93,19.36,19.7,195773,0
20150311,19.73,20.26,19.73,19.9,167945,0
20150312,19.98,20.5,19.93,20.45,143676,0
20150313,20.57,20.57,19.9,20.18,94154,0
20150316,20.27,20.68,20.27,20.65,168753,0
20150317,20.68,20.68,20.29,20.39,196723,0
20150318,20.22,20.68,20,20.58,319425,0
20150319,20.69,20.8,20.45,20.762,165673,0
20150320,20.74,20.92,20.6,20.82,251818,0
20150323,20.82,21.03,20.72,20.72,122642,0
20150324,20.56,20.56,19.89,19.908,131555,0
20150325,19.93,19.96,19.59,19.6,200041,0
20150326,19.41,19.89,19.41,19.55,112534,0
20150327,19.53,19.568,19.3,19.388,128342,0
20150330,19.54,19.99,19.54,19.83,54377,0
20150331,19.74,20.13,19.61,19.65,77385,0
20150401,23.99,23.99,18.85,18.96,106922,0
20150402,18.89,18.95,18.69,18.761,49322,0
20150406,18.66,19.15,18.571,18.9,170126,0
20150407,18.4,18.54,18.19,18.28,177115,0
20150408,18.35,18.661,18.35,18.65,60053,0
20150409,18.58,18.75,18.55,18.75,33058,0
20150410,18.99,19.19,18.88,19.022,78014,0
20150413,19.02,19.2,18.77,18.77,62532,0
20150414,18.82,19.03,18.78,18.78,81097,0
20150415,18.83,19.2,18.83,19.09,171422,0
20150416,19.12,19.25,18.87,19.24,140929,0
20150417,19,19.04,18.73,18.9,37622,0
20150420,19.05,19.21,18.95,19.2,108348,0
20150421,19.3,19.41,19,19.225,224381,0
20150422,19.17,19.257,18.86,19.257,32774,0
20150423,18.25,18.32,17.85,18.08,301504,0
20150424,17.92,18.05,17.69,17.92,279372,0
20150427,18,18.18,17.85,18.07,68445,0
20150428,18.07,18.173,17.38,17.88,251124,0
20150429,17.62,17.92,17.5,17.75,77743,0
20150430,17.64,17.65,17.28,17.39,66072,0
20150501,17.43,17.689,17.11,17.68,139226,0
20150504,17.62,17.88,17.6,17.6,23838,0
20150505,17.21,17.61,17.21,17.319,37306,0
20150506,17.43,17.43,16.9,17.03,130701,0
20150507,16.91,17.24,16.9,17.16,84102,0
20150508,17.26,17.62,17.25,17.529,91168,0
20150511,17.44,17.78,17.44,17.49,66397,0
20150512,17.37,17.37,16.87,16.97,86327,0
20150513,16.95,17.18,16.95,17.01,44733,0
20150514,17.23,17.23,16.8,16.9,85083,0
20150515,16.93,17.18,16.93,17.041,37031,0
20150518,17.01,17.25,16.09,17.125,50739,0
20150519,17.28,17.34,17.07,17.2,133822,0
20150520,17.2,17.28,16.85,17.022,106385,0
20150521,17.01,17.59,17.01,17.55,279405,0
20150522,17.53,17.7,17.49,17.7,77846,0
20150526,17.31,17.6,17.31,17.55,49131,0
20150527,17.58,17.75,17.5,17.75,41282,0
20150528,17.85,18.41,17.85,18.353,79485,0
20150529,18.2,18.5,17.85,17.87,28909,0
20150601,18.21,18.23,17.64,18.051,48015,0
20150602,18.06,18.4,18,18.1,67933,0
20150603,18.24,18.26,17.82,17.91,42007,0
20150604,17.81,17.81,17.42,17.42,93225,0
20150605,17.42,17.45,16.98,17.06,86535,0
20150608,17.44,17.44,17.06,17.15,53696,0
20150609,17.28,17.51,17.28,17.38,174863,0
20150610,17.51,17.7,17.49,17.7,36847,0
20150611,17.89,18.074,17.7,17.7,59992,0
20150612,17.56,18.039,17.56,17.83,58909,0
20150615,17.46,17.8,17.46,17.52,72886,0
20150616,17.46,17.87,17.2,17.7,67844,0
20150617,17.62,17.95,17.51,17.89,60933,0
20150618,17.93,18.53,17.9,18.27,220540,0
20150619,18.2,18.38,18.1,18.124,95264,0
20150622,18.21,18.6,18.21,18.25,82298,0
20150623,18.37,18.56,18.37,18.38,41253,0
20150624,18.08,18.11,17.4,17.42,99926,0
20150625,17.44,17.44,16.848,16.94,142520,0
20150626,17.01,17.01,15.11,16.72,148994,0
20150629,16.41,16.47,15.87,15.93,87936,0
20150630,16.05,16.12,15.73,15.95,99734,0
20150701,16.05,16.05,15.39,15.71,79040,0
20150702,15.65,15.893,15.65,15.74,12709,0
20150706,15.31,15.67,15.01,15.38,212710,0
20150707,15.34,15.57,14.97,15.57,278593,0
20150708,15.55,15.55,14.33,14.79,371629,0
20150709,14.81,15.01,14.5,14.67,371079,0
20150710,14.7,14.95,14.37,14.76,103094,0
20150713,14.83,15.29,14.68,14.87,59864,0
20150714,14.81,15.49,14.73,14.98,95959,0
20150715,15.46,15.46,14.68,14.71,169541,0
20150716,14.76,15.11,14.19,14.33,234398,0
20150717,14.27,14.6,14.27,14.45,185427,0
20150720,14.33,14.45,14.21,14.21,52076,0
20150721,14.21,14.309,14.03,14.05,93703,0
20150722,14.01,14.15,13.61,14.06,108462,0
20150723,14.97,15.95,14.74,15.02,139575,0
20150724,15.75,15.75,14.01,14.424,103415,0
20150727,14.95,14.95,14.24,14.65,156339,0
20150728,14.66,15.2,14.66,15,96376,0
20150729,15.01,15.35,14.81,15.35,75421,0
20150730,15.15,15.18,14.85,14.85,79846,0
20150731,14.9,14.9,14.54,14.746,21118,0
20150803,14.71,14.919,14.04,14.2,107022,0
20150804,14.1,14.46,13.95,13.95,205738,0
20150805,14,14.19,13.53,13.893,58957,0
20150806,13.83,14.11,13.2,14.08,216451,0
20150807,14.04,14.95,13.811,13.86,31510,0
20150810,13.95,14.65,13.95,14.3,42112,0
20150811,14.25,14.26,13.46,13.57,94704,0
20150812,13.25,13.605,12.9,13.52,48652,0
20150813,13.68,13.85,13.68,13.71,13076,0
20150814,13.56,13.92,13.56,13.91,22174,0
20150817,13.76,14,13.61,13.94,37992,0
20150818,13.8,14.031,13.76,13.98,15949,0
20150819,13.99,14.463,13.83,14,40766,0
20150820,13.75,13.82,13.35,13.35,108875,0
20150821,13.21,13.21,12.75,12.8,336426,0
20150824,10.32,12.6,9.12,11.9,266992,0
20150825,12.3,12.31,11.36,11.4,133591,0
20150826,11.6,11.7,11.01,11.45,150516,0
20150827,11.6,12.22,11.51,11.73,65598,0
20150828,12,12.24,12,12.1,25132,0
20150831,12.15,12.64,12.101,12.45,51434,0
20150901,12.1,12.64,11.67,11.86,55589,0
20150902,12.1,12.1,11.71,12.04,77984,0
20150903,12.1,12.63,11.95,12.01,91852,0
20150904,11.75,12,11.63,11.97,29755,0
20150908,12.3,12.63,12.22,12.5,55035,0
20150909,12.53,12.95,12.23,12.23,65585,0
20150910,12.1,13.065,12.06,12.701,105985,0
20150911,12.51,12.85,12.42,12.66,34611,0
20150914,12.64,13.19,12.64,13.19,62123,0
20150915,13.2,13.94,13.2,13.58,150032,0
20150916,13.65,14.05,13.52,13.76,44796,0
20150917,13.67,14.05,13.66,13.79,141077,0
20150918,13.51,13.6,13.136,13.21,41058,0
20150921,13.27,13.579,13.01,13.46,95847,0
20150922,12.53,13.16,12.52,13.16,181184,0
20150923,12.96,13.22,12.653,13.01,164007,0
20150924,12.75,12.94,12.25,12.727,115994,0
20150925,12.86,12.9,12.5,12.57,73708,0
20150928,12.19,12.79,12.05,12.09,50333,0
20150929,12.2,12.44,12.03,12.36,70701,0
20150930,12.55,13.31,12.55,13.22,118720,0
20151001,13.5,13.62,13.15,13.588,31482,0
20151002,13.5,14.48,13.2,14.446,97870,0
20151005,14.45,14.89,14.35,14.48,196655,0
20151006,14.34,14.9,14.34,14.61,51330,0
20151007,14.9,15.64,14.75,15.426,252075,0
20151008,15.22,15.788,15.22,15.73,127065,0
20151009,15.73,15.848,14.99,15.17,111494,0
20151012,15.54,15.54,15,15.23,20603,0
20151013,15.05,15.55,15.05,15.38,104580,0
20151014,15.38,15.71,15.17,15.571,116857,0
20151015,15.65,15.83,15.42,15.7,43522,0
20151016,15.61,15.61,15.12,15.39,97608,0
20151019,15.12,15.52,15.12,15.48,75872,0
20151020,15.41,16.09,15.41,15.83,62169,0
20151021,17.05,17.92,16.75,17.48,466505,0
20151022,17.64,17.95,17.14,17.59,159764,0
20151023,17.64,18.175,17.53,18.05,115092,0
20151026,18,18.1,16.22,17.83,51664,0
20151027,17.69,17.69,16.93,17.09,75272,0
20151028,16.98,17.48,16.941,17.32,68343,0
20151029,17.22,17.22,16.386,16.95,58077,0
20151030,16.81,17.37,16.69,17.13,127866,0
20151102,17.09,17.85,16.93,17.818,64635,0
20151103,17.58,18.1,17.55,17.92,256306,0
20151104,17.99,18,17.47,17.56,71761,0
20151105,17.4,17.669,17.29,17.54,30261,0
20151106,17.37,17.914,17.37,17.84,61890,0
20151109,18.1,18.25,17.65,17.854,125708,0
20151110,17.71,17.75,17.41,17.74,45818,0
20151111,17.71,18.112,17.68,17.68,105710,0
20151112,17.45,17.62,17.12,17.17,181698,0
20151113,17,17.18,16.44,16.6,187748,0
20151116,17,17.32,17,17.29,72831,0
20151117,17.31,17.59,17.11,17.265,144697,0
20151118,17.25,18.33,17.25,18.33,413082,0
20151119,18.2,19,18.08,18.11,156163,0
20151120,18.12,18.25,17.93,18.13,1035628,0
20151123,18.16,18.71,17.9,17.9,126938,0
20151124,17.66,18.15,17.66,18.08,86879,0
20151125,18.03,18.26,17.89,18.19,29669,0
20151127,18.07,18.3,18.05,18.21,52922,0
20151130,18.2,18.68,18.07,18.094,100001,0
20151201,17.93,18.1,17.67,18.03,61415,0
20151202,17.91,18.05,17.47,17.48,138127,0
20151203,17.49,17.73,17.15,17.33,97953,0
20151204,17.24,18.44,17.24,18.034,172642,0
20151207,18.02,18.29,17.8,17.9,128349,0
20151208,17.56,17.59,17.173,17.302,62920,0
20151209,17.2,17.46,16.93,17.21,158790,0
20151210,17.36,17.672,17.28,17.41,120425,0
20151211,16.96,17.11,16.68,16.82,651631,0
20151214,16.8,16.92,16.52,16.664,171694,0
20151215,16.82,16.95,16.56,16.74,287362,0
20151216,16.7,17.405,16.65,17.405,150472,0
20151217,17.31,17.4,16.7,16.77,68622,0
20151218,16.42,16.55,16.11,16.41,106602,0
20151221,16.31,16.5,16.06,16.223,153121,0
20151222,16.4,16.78,16.25,16.578,151791,0
20151223,16.64,17.23,16.63,17.086,82382,0
20151224,16.96,17.09,16.8,16.92,24928,0
20151228,16.62,16.79,16,16.7,81647,0
20151229,16.71,16.98,16.42,16.72,53029,0
20151230,16.54,16.7,16.45,16.5001,111734,0
20151231,16.5,16.55,16.15,16.2942,63422,0
20160104,15.99,15.99,15.5,15.71,75109,0
20160105,15.72,15.72,15.06,15.2,96159,0
20160106,14.95,14.95,14.28,14.4,297777,0
20160107,13.67,14.11,13.11,13.48,472222,0
20160108,13.7,13.9199,13.13,13.17,231996,0
20160111,13.58,13.68,13.26,13.57,200927,0
20160112,13.78,14,13.26,13.668,95733,0
20160113,15.07,15.09,13.651,13.9,131236,0
20160114,14.27,14.42,13.0801,13.99,117103,0
20160115,13.32,13.32,12.6103,13.13,81782,0
20160119,13,13,13,13,0,0
20160120,12.5,13.4758,12.12,13.26,121923,0
20160121,13.03,13.3,12.75,12.9,49336,0
20160122,13.24,13.44,12.5,12.61,46367,0
20160125,12.61,12.85,12.5,12.57,81833,0
20160126,12.59,12.85,12.43,12.49,40483,0
20160127,12.33,12.98,12.1,12.2,38966,0
20160128,12.22,12.22,11.55,11.96,68320,0
20160129,11.88,12.38,11.88,12,67694,0
20160201,11.8,12.5,11.67,12.38,181800,0
20160202,12.04,12.39,11.51,12.09,133780,0
20160203,12.28,12.44,11.05,11.73,92843,0
20160204,11.71,11.97,11.1,11.35,112269,0
20160205,11.42,11.88,10.82,11.1078,169840,0
20160208,11.01,11.75,10.77,11.1,109478,0
20160209,11.1,11.1,10.42,10.5,185604,0
20160210,10.51,11,10.21,10.24,336728,0
20160211,10.01,10.39,9.67,9.71,966780,0
20160212,9.52,10.12,9.52,10.1,116445,0
20160216,10.3,10.75,10.17,10.74,220914,0
20160217,11.03,11.45,10.9,11.385,148449,0
20160218,11.33,11.67,11.2,11.24,58778,0
20160219,11.38,11.38,10.77,11.077,22515,0
20160222,11.12,11.9,11.12,11.8,62051,0
20160223,11.37,11.97,11.37,11.74,70559,0
20160224,11.22,11.22,10.33,11.03,92776,0
20160225,11,11.63,10.86,11.63,53331,0
20160226,11.55,12.11,11.55,11.78,12979,0
20160229,11.77,11.9999,11.6035,11.7799,37045,0
20160301,12.05,12.42,11.44,12.25,111173,0
20160302,12.23,12.48,12.06,12.3768,76007,0
20160303,12.3,13.348,12.3,13.18,197489,0
20160304,13.12,13.85,13.12,13.49,150267,0
20160307,13.35,13.89,13.33,13.6836,175277,0
20160308,13.41,13.43,12.5225,12.65,82444,0
20160309,12.56,12.91,12.56,12.798,71968,0
20160310,12.78,13.25,12.6401,13.14,24038,0
20160311,13.25,13.6,13.25,13.599,163687,0
20160314,13.31,13.65,13.14,13.52,151311,0
20160315,13.16,13.25,12.89,13.25,12228,0
20160316,13.04,14,13.04,13.94,124472,0
20160317,13.88,14.33,13.855,14.182,247250,0
20160318,14.2,14.64,14.11,14.1801,62553,0
20160321,14.16,14.37,14.02,14.33,44416,0
20160322,14.29,14.44,14,14.04,62874,0
20160323,13.86,14.03,13.37,13.52,276961,0
20160324,12.83,13.22,12.7295,13.22,38256,0
20160328,13.23,13.49,13.2208,13.25,54685,0
20160329,13.1,13.5,12.84,13.46,29497,0
20160330,13.41,13.85,13.23,13.23,33759,0
20160331,13.21,13.81,13.21,13.66,26716,0
20160401,13.22,13.39,12.674,12.99,65932,0
20160404,12.99,12.99,12.4,12.43,148948,0
20160405,12.08,12.29,12,12.18,108701,0
20160406,12.12,12.4,11.98,12.39,46542,0
20160407,12.06,12.405,11.92,12.03,90392,0
20160408,12.2,12.3,11.94,11.97,67997,0
20160411,12.05,12.42,12.01,12.0907,25607,0
20160412,12.03,12.07,11.83,12.01,81935,0
20160413,12.14,13.1,12.14,12.985,127222,0
20160414,13,13.16,12.84,12.93,36732,0
20160415,13.01,13.01,12.7,12.73,34606,0
20160418,12.81,13.57,12.78,13.57,111916,0
20160419,13.83,14.28,13.83,14.11,107857,0
20160420,14.15,14.5635,14.15,14.4026,57052,0
20160421,15.09,15.5,14.69,14.82,91582,0
20160422,14.75,14.94,14.25,14.3395,52034,0
20160425,13.96,14.25,13.78,14.08,34707,0
20160426,14.07,14.43,14.06,14.38,167261,0
20160427,14.26,14.45,14.17,14.342,185702,0
20160428,14.1,14.86,13.95,14.54,179221,0
20160429,14.4,14.4,13.76,13.99,33037,0
20160502,14.17,14.27,13.96,14,20328,0
20160503,13.91,13.91,13.05,13.41,54767,0
20160504,13.3,13.3,12.8,12.84,37332,0
20160505,12.9,13,12.71,12.8,39193,0
20160506,12.86,13.36,12.76,13.2153,72503,0
20160509,13.09,13.35,12.81,12.95,25789,0
20160510,13.13,13.53,13.07,13.53,44777,0
20160511,13.44,13.6,13.145,13.2005,24647,0
20160512,13.22,13.5099,13.03,13.291,103728,0
20160513,13.12,13.42,12.83,12.946,65383,0
20160516,12.95,13.24,12.78,12.89,47056,0
20160517,12.71,12.98,12.63,12.8,56059,0
20160518,12.71,13.23,12.64,12.9,51634,0
20160519,12.74,12.8101,12.52,12.59,48398,0
20160520,12.68,12.98,12.575,12.76,57368,0
20160523,12.69,12.76,12.43,12.67,80337,0
20160524,12.75,13.1,12.73,13.05,295261,0
20160525,13.05,13.72,13.05,13.584,223677,0
20160526,13.51,13.58,13.1,13.286,45364,0
20160527,13.26,13.5101,13.25,13.3005,30934,0
20160531,13.24,13.4952,13.03,13.173,57807,0
20160601,12.86,12.86,12.11,12.25,294623,0
20160602,12.2,12.4029,12.1,12.18,75652,0
20160603,12.01,12.12,11.88,11.91,117323,0
20160606,12.11,12.11,11.99,12.053,48918,0
20160607,12.06,12.4,11.94,12.16,69221,0
20160608,12.16,12.37,11.91,11.95,257532,0
20160609,11.62,11.92,11.62,11.89,72987,0
20160610,11.82,11.8364,11.58,11.6,104707,0
20160613,11.37,11.7,11.36,11.4625,84584,0
20160614,11.36,11.864,11.3,11.37,80637,0
20160615,11.43,11.6201,11.34,11.4,52289,0
20160616,11.2,11.41,11.13,11.38,50850,0
20160617,11.4,11.73,11.38,11.45,54219,0
20160620,11.67,12.09,11.67,11.7035,53468,0
20160621,11.7,11.7728,11,11.6408,124044,0
20160622,11.56,11.8,11.35,11.51,36351,0
20160623,11.64,11.94,11.64,11.84,43622,0
20160624,11.04,11.3,10.87,10.91,144426,0
20160627,10.61,10.7093,10.26,10.37,319442,0
20160628,10.57,10.57,10.09,10.4,97589,0
20160629,10.45,10.53,10.28,10.455,173242,0
20160630,10.36,10.5288,10.2801,10.47,81450,0
20160701,10.61,11.15,10.61,11.1,104497,0
20160705,10.74,10.75,10.29,10.3492,90366,0
20160706,10.12,10.6,10,10.57,81208,0
20160707,10.57,11.1924,10.57,10.98,61472,0
20160708,11.43,12.02,11.43,11.8,165308,0
20160711,11.87,12.48,11.87,12.45,62962,0
20160712,12.49,12.95,12.49,12.77,60947,0
20160713,12.71,12.95,12.55,12.8589,22010,0
20160714,12.93,13.22,12.9,12.985,30059,0
20160715,12.9,13.17,12.86,12.96,35991,0
20160718,12.8,13.35,12.8,13.095,119291,0
20160719,13.01,13.46,12.9,13.46,82939,0
20160720,13.41,13.74,13.31,13.74,81278,0
20160721,14.76,14.9,14,14.15,113015,0
20160722,14.12,14.39,13.97,14.3,40114,0
20160725,14.3,14.485,14.15,14.15,36256,0
20160726,14.11,14.37,14.11,14.36,61501,0
20160727,14.3,14.47,14.11,14.1695,58122,0
20160728,13.95,13.95,12.9,13.15,51162,0
20160729,12.92,13.68,12.92,13.68,57817,0
20160801,13.67,13.79,13.35,13.52,39205,0
20160802,13.11,13.11,12.52,12.69,126369,0
20160803,12.61,12.78,12.58,12.71,26873,0
20160804,12.69,12.88,12.25,12.64,16176,0
20160805,12.67,13.0783,12.67,13.01,83914,0
20160808,13.45,13.6,12.969,13.081,162058,0
20160809,13.01,13.52,13,13.25,183495,0
20160810,13.25,13.45,13.19,13.44,188890,0
20160811,13.33,13.95,13.33,13.79,170773,0
20160812,13.58,13.79,13.58,13.78,111807,0
20160815,13.76,13.99,13.74,13.92,58989,0
20160816,13.68,13.941,13.66,13.66,27728,0
20160817,13.56,13.94,13.56,13.8945,50830,0
20160818,13.83,13.83,13.53,13.56,22318,0
20160819,13.39,13.9,12.05,13.8899,132780,0
20160822,13.76,13.98,13.76,13.87,54772,0
20160823,13.85,14.06,13.85,13.89,116938,0
20160824,13.82,14.024,13.795,13.83,19458,0
20160825,13.71,13.73,13.37,13.58,35070,0
20160826,13.51,13.82,13.51,13.53,8720,0
20160829,13.79,13.95,13.66,13.8298,54639,0
20160830,13.71,14,13.62,13.65,79160,0
20160831,13.53,13.93,13.53,13.93,38723,0
20160901,13.7,14.54,13.6,13.69,136402,0
20160902,13.72,14.0692,13.45,14.04,148897,0
20160906,14.1,14.15,13.805,13.98,95691,0
20160907,13.75,14.16,13.72,14.08,90745,0
20160908,14.11,14.1301,13.8811,13.9231,55823,0
20160909,13.71,13.75,12.88,12.9,66416,0
20160912,12.87,13.59,12.81,13.55,20153,0
20160913,13.42,13.42,13.09,13.18,15699,0
20160914,12.83,13.25,12.83,13,37851,0
20160915,13.09,13.41,13.085,13.39,27657,0
20160916,13.1,13.222,12.93,13.19,26384,0
20160919,13.8,14.22,13.8,13.85,569088,0
20160920,13.88,13.96,13.43,13.83,442878,0
20160921,13.85,14.18,13.82,14.15,176661,0
20160922,14.23,14.5,14.23,14.44,165384,0
20160923,14.15,14.39,14.15,14.34,43380,0
20160926,14.13,14.13,13.87,13.885,26395,0
20160927,13.88,14,13.71,13.9,13905,0
20160928,13.8,13.99,13.67,13.99,30671,0
20160929,13.81,14.01,13.61,13.62,50805,0
20160930,13.75,14.01,13.67,13.96,58177,0
20161003,13.85,14.3,13.85,14.11,127649,0
20161004,14.01,14.45,14.01,14.238,36986,0
20161005,14.23,14.81,14.23,14.68,40052,0
20161006,14.42,14.58,13.8,14.56,45114,0
20161007,14.42,14.56,14.15,14.42,28716,0
20161010,14.34,14.58,14.2,14.2,32799,0
20161011,14.19,14.2228,13.83,13.885,40126,0
20161012,13.82,14,13.72,13.731,34253,0
20161013,13.43,13.75,13.21,13.7,105810,0
20161014,13.76,14.35,13.76,14.02,24123,0
20161017,13.88,14.05,13.75,13.75,16529,0
20161018,14,14,13.41,13.49,53670,0
20161019,13.41,14.06,13.41,14.01,39552,0
20161020,13.92,13.92,13.6,13.81,24165,0
20161021,13.7,14.25,13.7,14.09,26112,0
20161024,14.1,15.08,14.1,15.06,221604,0
20161025,14.71,14.71,13.6,13.74,71439,0
20161026,13.35,13.8274,13.35,13.76,37947,0
20161027,13.97,13.97,13.45,13.48,31715,0
20161028,13.34,13.81,13.34,13.5,31023,0
20161031,13.54,13.7,13.47,13.7,27168,0
20161101,13.6,14.02,13.4,13.6,56707,0
20161102,13.47,13.65,13.44,13.501,40841,0
20161103,13.41,13.56,13.15,13.1623,53048,0
20161104,13.13,13.5158,13.13,13.317,32095,0
20161107,13.52,14.15,13.52,13.94,118653,0
20161108,13.79,13.89,13.52,13.75,108007,0
20161109,13.43,13.43,12.62,13.05,150201,0
20161110,13.06,14.71,13.06,14.17,569134,0
20161111,14.04,16.08,14.04,15.8,434451,0
20161114,15.5,16.202,14.94,15.028,91679,0
20161115,15.08,15.37,15,15.17,274790,0
20161116,15.01,15.098,14.9,15,43843,0
20161117,14.81,15.26,14.7997,15.14,50407,0
20161118,15.06,15.14,14.84,14.84,18659,0
20161121,15.06,15.06,14.75,14.75,98857,0
20161122,14.75,15.5,14.65,15.5,713589,0
20161123,15.1,15.6775,15.1,15.52,59454,0
20161125,15.57,16,15.53,15.89,47640,0
20161128,15.94,16,15.714,15.76,39937,0
20161129,15.65,16.25,15.57,16.24,100512,0
20161130,16.43,16.63,16.23,16.3653,69162,0
20161201,16.38,18.265,16.38,18.13,840587,0
20161202,17.65,17.81,17,17.22,118222,0
20161205,17.21,17.76,17.05,17.07,72846,0
20161206,17.1,17.2,16.94,17.2,52907,0
20161207,17.15,18.59,17.15,18.23,156890,0
20161208,18.14,18.49,18.08,18.42,56778,0
20161209,18.4,19.69,18.34,19.69,309751,0
20161212,19.85,19.85,19.02,19.1337,178360,0
20161213,19.13,19.45,19,19.331,47120,0
20161214,18.48,18.68,17.94,17.95,208503,0
20161215,17.97,18.35,17.88,18.3,704208,0
20161216,18.21,18.39,18.1403,18.39,530406,0
20161219,18.26,18.62,18.2001,18.43,122061,0
20161220,18.38,18.67,18.28,18.62,446023,0
20161221,18.47,18.66,18.32,18.3845,552403,0
20161222,18.22,18.25,17.66,17.7,73792,0
20161223,17.8,17.8,17.58,17.72,45719,0
20161227,17.73,17.99,17.73,17.89,104469,0
20161228,17.87,17.89,17.24,17.24,78373,0
20161229,17.3,17.54,17.15,17.15,130334,0
20161230,17.16,17.33,17.05,17.16,139398,0
20170103,17.25,17.71,17.17,17.32,61053,0
20170104,17.53,19.22,17.53,19.1,528438,0
20170105,19,19,18.15,18.43,529249,0
20170106,18.35,18.58,18.04,18.04,161170,0
20170109,17.92,18.58,17.9,18.08,275464,0
20170110,18.14,20.19,18.08,19.4501,809689,0
20170111,19.7,20.21,19.26,20.05,356205,0
20170112,19.85,20.18,19.13,19.59,146437,0
20170113,19.45,19.76,19.1801,19.35,35523,0
20170117,19.27,19.75,19.26,19.42,56846,0
20170118,19.4,19.67,19.18,19.47,54545,0
20170119,19.58,19.8558,19.26,19.44,63079,0
20170120,19.27,19.38,18.83,19.06,47235,0
20170123,19.06,19.22,18.41,18.79,292224,0
20170124,18.66,19.32,18.66,19.1,184098,0
20170125,19.5,20.43,19.5,20.4,284448,0
20170126,20.06,20.13,19.5283,19.6399,53346,0
20170127,19.45,19.56,19,19.04,55082,0
20170130,18.79,18.8601,18.25,18.5028,35491,0
20170131,18.15,18.85,18.15,18.7269,62328,0
20170201,18.56,19.1,18.11,18.2806,85272,0
20170202,18.06,18.25,17.92,18.021,123358,0
20170203,18.08,18.54,18.08,18.52,110127,0
20170206,18.41,18.95,18.41,18.95,31040,0
20170207,18.25,18.25,17.54,17.64,775565,0
20170208,17.64,17.7384,17.4272,17.6394,180465,0
20170209,17.65,17.7,17.44,17.47,166780,0
20170210,17.5,17.622,17.48,17.5,41694,0
20170213,17.61,17.73,17.53,17.67,82446,0
20170214,18.87,19.3,18.67,19.12,283577,0
20170215,18.73,18.95,18.55,18.95,109071,0
20170216,18.86,19.07,18.77,18.94,129212,0
20170217,18.25,19.6,18.25,19.14,113982,0
20170221,19.24,19.85,19.24,19.62,365880,0
20170222,19.51,19.9,19.51,19.74,128299,0
20170223,19.7,19.91,19.15,19.15,118901,0
20170224,18.82,19.05,18.55,18.73,47263,0
20170227,18.94,19.23,18.8601,19.18,78906,0
20170228,19,19,18.52,18.7426,58878,0
20170301,19,19.57,19,19.36,121756,0
20170302,19.07,19.83,19.07,19.52,1303147,0
20170303,19.46,20.1,19.35,20,682882,0
20170306,20.21,20.21,18.98,19.74,250232,0
20170307,19.5,19.61,19.13,19.39,95310,0
20170308,18.92,19.75,18.92,19.41,97237,0
20170309,19.38,19.42,19.05,19.08,30773,0
20170310,19.32,19.32,18.99,19.07,23057,0
20170313,19.01,19.25,19,19.03,18842,0
20170314,19,19.23,19,19.07,16958,0
20170315,19.17,19.39,19.05,19.2945,22030,0
20170316,19.18,19.33,19,19.3006,15462,0
20170317,19.26,19.26,18.66,18.6844,99128,0
20170320,18.65,18.65,18.07,18.2151,86379,0
20170321,18.15,18.25,17.4,17.42,534683,0
20170322,17,18.09,16.95,17.31,251573,0
20170323,16.83,17.25,16.81,17.0841,76915,0
20170324,17.1,17.55,17.01,17.28,17390,0
20170327,17.01,17.33,16.9,17.21,42320,0
20170328,17.06,18.71,17.06,17.92,55569,0
20170329,17.83,18.39,17.83,17.98,106449,0
20170330,18.03,18.2,17.9,17.9,57050,0
20170331,17.75,17.9882,17.75,17.852,22386,0
20170403,17.68,17.68,16.7,16.9,70085,0
20170404,16.67,16.9776,16.65,16.79,47090,0
20170405,17.08,17.08,16.64,16.64,66913,0
20170406,16.68,16.98,16.6,16.79,45425,0
20170407,16.65,16.67,16.43,16.43,26182,0
20170410,16.51,16.72,16.47,16.5,27594,0
20170411,16.8,16.95,16.26,16.5045,29414,0
20170412,16.33,16.81,16.33,16.54,14878,0
20170413,16.4,16.46,16.2,16.2,38794,0
20170417,16.37,16.4898,16.26,16.4898,8182,0
20170418,16.29,16.62,16.1701,16.32,38650,0
20170419,16.3,16.66,16.3,16.35,33932,0
20170420,16.34,16.851,16.34,16.5778,86014,0
20170421,16.49,16.49,16.21,16.28,21247,0
20170424,16.5,16.5803,16.25,16.33,56081,0
20170425,16.51,16.62,16.26,16.55,83313,0
20170426,16.51,17.35,16.48,16.9,37945,0
20170427,17.05,17.05,16.5681,16.97,19399,0
20170428,17.25,17.55,16.9013,17.094,31231,0
20170501,17.1,17.1,16.68,16.68,28630,0
20170502,16.63,16.75,15.78,15.97,105163,0
20170503,15.81,16.26,15.8,16.11,16242,0
20170504,16.04,16.1,15.81,15.91,12781,0
20170505,16.04,16.34,15.97,16.34,6890,0
20170508,16.14,17.55,16.14,16.55,33131,0
20170509,16.48,16.98,16.48,16.81,39890,0
20170510,16.71,16.9151,16.61,16.69,16675,0
20170511,16.37,16.78,16.37,16.66,48235,0
20170512,16.48,16.56,16.1,16.24,62195,0
20170515,16.2,16.78,16.2,16.44,117258,0
20170516,16.45,16.7,16.1,16.1,32450,0
20170517,15.95,16.07,14.95,15.32,126089,0
20170518,14.9,15.401,14.9,15.349,66711,0
20170519,15.28,15.71,15.28,15.49,34757,0
20170522,15.43,15.65,15.34,15.48,56814,0
20170523,15.48,15.9894,15.39,15.74,122116,0
20170524,15.64,15.92,15.64,15.8,30235,0
20170525,15.7,15.85,14.9,15.2,59266,0
20170526,15.1,15.65,15.03,15.4996,16279,0
20170530,15.1,15.99,15.1,15.99,55810,0
20170531,15.51,16.39,15.51,16.1432,45938,0
20170601,16.28,16.94,15.52,16.7,47836,0
20170602,16.45,16.71,16.12,16.44,34981,0
20170605,16.25,16.71,16.25,16.5,54653,0
20170606,16.23,16.55,16.21,16.43,24616,0
20170607,16.27,16.81,16.27,16.78,36433,0
20170608,16.15,16.55,16.15,16.52,16621,0
20170609,16.47,16.8,16.4,16.66,32947,0
20170612,16.4,17.32,16.4,16.82,41981,0
20170613,16.85,17.01,16.78,16.87,19552,0
20170614,16.67,17.11,16.61,17.07,16598,0
20170615,16.81,17,16.81,17,15941,0
20170616,16.8,16.8249,16.39,16.61,77191,0
20170619,16.44,16.9199,16.33,16.45,20883,0
20170620,16.21,16.89,16.21,16.84,19881,0
20170621,16.72,16.77,16.45,16.66,29085,0
20170622,16.45,16.68,16.2101,16.62,12250,0
20170623,16.39,16.65,16.35,16.65,12028,0
20170626,16.55,16.95,16.55,16.9397,48363,0
20170627,16.67,16.825,16.43,16.57,96800,0
20170628,16.68,17.1,16.68,17,60089,0
20170629,16.82,17.25,16.62,17.24,40161,0
20170630,17.26,17.39,17.09,17.39,22743,0
20170703,17.3,18.1622,17.3,17.8,38496,0
20170705,17.77,17.9,17.15,17.36,67982,0
20170706,16.75,17.42,16.75,17.16,51080,0
20170707,16.93,17.41,16.93,17.25,14603,0
20170710,17.13,17.64,17.13,17.49,149081,0
20170711,17.3,17.656,17.3,17.54,73626,0
20170712,17.44,18,17.44,17.72,186760,0
20170713,17.07,18.25,17.07,18,129784,0
20170714,18.09,18.55,18.09,18.4,129414,0
20170717,18.41,18.66,18.41,18.46,144337,0
20170718,18.33,18.58,17,18.48,177634,0
20170719,18.48,18.63,18.43,18.58,39362,0
20170720,18.42,18.65,18.41,18.45,67857,0
20170721,17.89,18.15,17.82,18.13,83156,0
20170724,18,18.14,17.84,17.84,269575,0
20170725,17.86,18.2,17.53,17.57,150611,0
20170726,17.17,18,17.17,17.57,104637,0
20170727,17.56,18,17.04,17.9,97434,0
20170728,17.66,17.84,17.55,17.74,71134,0
20170731,17.5,18.25,17.5,17.92,104367,0
20170801,17.85,17.85,16.9,16.93,466354,0
