Date,Open,High,Low,Close,Volume,OpenInt
20160526,22.5,22.99,21.68,21.91,5699987,0
20160527,21.48,22.5,21.48,22.5,149519,0
20160531,22.69,22.89,22.48,22.81,323256,0
20160601,23,23.75,22.61,23.11,216352,0
20160602,23.2,23.2,22.68,22.85,133064,0
20160603,22.85,22.85,22.31,22.75,163976,0
20160606,22.8,23,22.542,22.98,164396,0
20160607,22.88,23.1,22.67,22.91,117087,0
20160608,22.75,22.85,22.27,22.62,161035,0
20160609,22.56,22.75,22.4708,22.62,106772,0
20160610,22.21,22.68,22.17,22.32,171676,0
20160613,22.44,22.45,21.551,22.07,323415,0
20160614,21.83,22.09,21.65,22.06,75574,0
20160615,22.08,22.08,21.76,21.79,34651,0
20160616,21.63,21.63,21.03,21.05,92944,0
20160617,21,21,20.3,21,141400,0
20160620,21.28,22.29,21,21.98,403607,0
20160621,22.1,22.66,21.9,22.11,213536,0
20160622,22.01,22.91,21.92,22.17,179693,0
20160623,22.05,22.75,22.045,22.43,94073,0
20160624,21.76,22.2,21.44,21.53,721885,0
20160627,21.14,21.735,19.28,20,246144,0
20160628,20.02,20.63,20.02,20.34,240996,0
20160629,20.36,21.85,20.36,21.54,270404,0
20160630,21.85,22.27,20.91,22.25,214033,0
20160701,22.15,22.49,21.6,21.92,108817,0
20160705,21.75,22.22,21.09,22.03,53148,0
20160706,21.86,22.284,21.5,22.1,50824,0
20160707,22.2,22.26,21.98,22.23,44265,0
20160708,22.38,23.72,22.2123,23.4,73106,0
20160711,23.5,24.455,23.5,24.14,180750,0
20160712,24.75,25.74,24.32,24.64,240636,0
20160713,25.01,25.3,24.4,25.04,204030,0
20160714,25.28,25.28,24.1,24.21,80170,0
20160715,24.26,24.77,24.04,24.5,58229,0
20160718,24.54,25.64,24.54,25.15,148477,0
20160719,25.12,25.57,24.99,25.46,125027,0
20160720,25.62,26.2301,25.23,25.51,122791,0
20160721,25.59,26.12,25.1,25.97,62883,0
20160722,25.95,26.42,25.75,26.28,96008,0
20160725,26.15,26.26,25.26,25.42,80201,0
20160726,25.36,25.759,24.55,24.81,135471,0
20160727,24.86,25.2,24.41,24.74,116085,0
20160728,24.59,25.51,24.59,25.43,48759,0
20160729,25.28,25.495,24.96,25.25,56487,0
20160801,25.19,25.19,24.24,24.43,107302,0
20160802,24.57,24.725,23.345,23.43,138693,0
20160803,23.53,24.44,23.53,24,148748,0
20160804,23.89,24.54,23.6154,23.78,44279,0
20160805,23.9,23.96,23.62,23.7,67294,0
20160808,23.63,24.7,23.6251,24,69396,0
20160809,24.04,24.27,23.814,23.94,76945,0
20160810,23.82,24.31,23.38,23.7,47698,0
20160811,23.71,23.93,23.44,23.78,47353,0
20160812,23.57,24.2,23.57,23.86,177303,0
20160815,23.72,24.48,23.38,23.46,123882,0
20160816,23.5,23.66,23.11,23.16,52278,0
20160817,22.99,23.1,22,22.31,152011,0
20160818,22.38,22.73,22.38,22.69,27761,0
20160819,22.57,23.8,22.57,23.74,94874,0
20160822,23.74,24.1799,23.2301,24.04,116386,0
20160823,24.23,24.29,22.96,24.05,85727,0
20160824,23.99,24.06,23.74,24,47156,0
20160825,23.83,24.235,23.6401,24.09,126844,0
20160826,24.05,24.47,23.52,24.11,71224,0
20160829,24.1,24.85,23.78,24.17,317130,0
20160830,24.3,25.24,23.869,24.95,56058,0
20160831,24.99,24.99,23.57,24.47,99421,0
20160901,24.54,24.87,23.96,24.46,63140,0
20160902,24.53,24.85,24.43,24.65,70136,0
20160906,24.81,25.24,24.45,24.71,110829,0
20160907,24.72,25.25,23.97,24.76,128188,0
20160908,24.6,25.07,24.23,24.49,135043,0
20160909,24.29,24.385,22.12,22.33,370138,0
20160912,22.25,22.825,21.7,22.45,263924,0
20160913,21.95,23.16,20.23,21.42,595868,0
20160914,21.82,22,20.8701,21.6,284482,0
20160915,21.72,22.57,21.6,22.46,349990,0
20160916,22.4,22.72,21.83,22.39,748813,0
20160919,22.44,22.79,21.9601,22.32,131616,0
20160920,22.36,22.47,21.79,21.93,199388,0
20160921,22.13,22.5,21.62,22.03,142085,0
20160922,22.13,22.88,22,22.74,190929,0
20160923,22.59,23.19,22.41,22.87,132636,0
20160926,22.51,22.69,22.22,22.32,87753,0
20160927,22.13,22.41,21.99,22.28,148055,0
20160928,22.15,22.92,22.11,22.74,242921,0
20160929,22.78,22.91,22.4,22.44,173624,0
20160930,22.6,22.61,22.07,22.23,98428,0
20161003,22.05,22.24,21.83,22.15,86326,0
20161004,22.16,22.41,22.05,22.16,112963,0
20161005,22.13,22.78,21.89,22.33,223255,0
20161006,22.33,22.76,22.111,22.58,164308,0
20161007,22.72,22.9306,21.995,22.06,110722,0
20161010,22.17,22.4,21.98,22.01,120763,0
20161011,21.74,22.04,21.62,21.78,163229,0
20161012,21.56,21.855,21.4,21.68,143264,0
20161013,21.27,21.62,21.23,21.51,144849,0
20161014,21.42,21.55,21.21,21.25,80432,0
20161017,21.24,21.68,21.12,21.38,121138,0
20161018,21.41,21.74,21.41,21.54,146830,0
20161019,21.29,21.6,21.13,21.39,175435,0
20161020,21.17,21.17,20.75,20.96,140826,0
20161021,20.81,21.02,20.71,20.76,71761,0
20161024,20.74,20.9,20.67,20.78,100062,0
20161025,20.68,20.91,20.557,20.76,174275,0
20161026,20.59,21.36,20.59,21.25,51735,0
20161027,21.28,21.48,21.21,21.41,98071,0
20161028,21.38,21.71,20.77,21.01,71550,0
20161031,21.13,21.18,20.59,20.78,45307,0
20161101,20.79,21.13,20.62,20.62,73241,0
20161102,20.51,21.295,20.51,21.1,79788,0
20161103,21.16,21.28,20.57,20.69,45767,0
20161104,20.68,21.3,20.68,21.12,101223,0
20161107,21.52,21.52,20.87,21.19,108016,0
20161108,21.13,21.71,20.93,21.64,85463,0
20161109,21.4,22.64,21.25,22.42,133091,0
20161110,22.64,24.4,22.495,23.41,156416,0
20161111,23.36,24.61,23.36,24.16,193055,0
20161114,24.51,25.155,24.39,24.61,135179,0
20161115,24.49,25.21,24.205,24.63,66244,0
20161116,24.52,24.91,24.42,24.72,72427,0
20161117,24.71,25.37,24.71,25,47644,0
20161118,25.03,25.11,24.72,24.86,60182,0
20161121,25.18,25.37,24.995,25.12,83117,0
20161122,25.32,25.74,25.2175,25.4,116180,0
20161123,25.44,25.59,25.235,25.34,156779,0
20161125,25.31,25.78,25.31,25.49,77292,0
20161128,25.7,25.7,25.33,25.39,133416,0
20161129,25.5,25.62,24.96,25.09,215515,0
20161130,25.33,25.39,25,25.11,183785,0
20161201,25.2,25.6,24.72,24.75,151229,0
20161202,24.85,25.31,24.73,24.75,106495,0
20161205,25.03,26.44,25.01,25.64,326823,0
20161206,25.69,26,25.41,25.43,196312,0
20161207,25.44,27.49,25.44,26.39,261068,0
20161208,26.5,27.57,26.5,26.85,306845,0
20161209,27.09,28.8999,26.89,27.81,480166,0
20161212,27.94,28.29,26.581,27.39,434608,0
20161213,27.16,27.5799,25.87,27.08,604824,0
20161214,27.21,27.97,26.78,26.9,226071,0
20161215,27.04,27.735,26.765,27.09,224610,0
20161216,27.24,28.1543,27.145,28,995411,0
20161219,28.01,29.5482,28.01,29.37,212002,0
20161220,29.35,30.35,29.32,29.88,136985,0
20161221,30.08,30.08,29.63,30.01,197506,0
20161222,29.92,30.213,29.53,29.99,170015,0
20161223,29.94,30,29.71,29.95,51074,0
20161227,30.08,30.24,29.6499,29.91,67643,0
20161228,29.95,30.04,29.32,29.43,99879,0
20161229,29.41,29.78,29.17,29.42,58814,0
20161230,29.75,29.87,29.11,29.28,108098,0
20170103,29.68,29.8,28.5303,29.4,173159,0
20170104,29.49,29.67,29.155,29.34,104030,0
20170105,29.48,29.52,28.29,28.7,93892,0
20170106,28.97,29.14,28.39,28.7,100108,0
20170109,28.48,28.76,27.95,28.08,101967,0
20170110,28.04,28.5,27.97,28.42,61801,0
20170111,28.36,28.98,28.36,28.98,127330,0
20170112,29.05,29.119,28.11,28.93,106969,0
20170113,29.04,29.59,28.95,29.53,58986,0
20170117,29.29,29.765,28.99,29.44,84654,0
20170118,29.43,29.43,28.97,29.34,69038,0
20170119,29.36,29.6,29.09,29.26,42998,0
20170120,29.32,29.48,28.83,29.27,48259,0
20170123,29.17,29.61,29.07,29.49,60876,0
20170124,29.6,31,29.49,30.75,116391,0
20170125,31.23,31.6176,30.6,30.78,73753,0
20170126,30.78,30.78,30.01,30.1,34492,0
20170127,30.16,30.3339,28.66,29.34,55306,0
20170130,29.49,30.13,28.59,29.53,124128,0
20170131,29.49,30.09,29.16,29.84,85049,0
20170201,29.99,30.25,29.2475,29.53,46068,0
20170202,29.62,30.62,29.62,30.28,91518,0
20170203,30.63,30.9232,30.12,30.41,52975,0
20170206,30.1,30.1,29.14,30,178732,0
20170207,30.07,30.37,29.68,29.98,122629,0
20170208,29.92,29.97,28.84,29.39,77565,0
20170209,29.32,29.62,28.96,29.12,151124,0
20170210,29.06,29.34,28.85,29.01,134923,0
20170213,29.03,29.44,28.63,29.04,205770,0
20170214,29.03,29.47,28.5,29.26,143426,0
20170215,29.25,29.42,28.805,29.06,108665,0
20170216,29.05,29.245,28.935,29.06,210140,0
20170217,29.1,29.12,28.82,28.92,98149,0
20170221,28.59,30.44,28.215,30.31,350318,0
20170222,30.31,30.85,29.405,29.79,479044,0
20170223,30.25,30.6,29.18,29.31,4395747,0
20170224,29.25,29.64,29,29.19,546990,0
20170227,29.33,30.22,29.28,30.16,395729,0
20170228,29.9,30.2664,29.4,30.08,441656,0
20170301,31.44,32.71,31.44,31.99,764532,0
20170302,32.25,32.75,31.57,32.34,543678,0
20170303,32.25,33.524,31.9,32.54,1070246,0
20170306,32.76,33.73,32.02,32.1,414131,0
20170307,32.04,32.58,31.9,31.98,234800,0
20170308,32.01,32.42,31.75,32,311507,0
20170309,32.01,32.99,31.25,32.24,489376,0
20170310,32.74,33.48,32.4,32.98,554973,0
20170313,33.08,33.31,32.67,33.13,180774,0
20170314,32.71,33.19,32.41,33,138188,0
20170315,33.21,33.6,32.88,33.48,170285,0
20170316,33.36,33.63,32.92,33.06,140903,0
20170317,33.25,34.26,32.65,33.98,728616,0
20170320,34.06,34.42,33.56,33.83,218429,0
20170321,34.09,34.09,32.94,33.01,234940,0
20170322,33.05,33.85,32.93,33.77,391000,0
20170323,33.79,34.79,33.79,34.53,351417,0
20170324,34.59,34.98,34.34,34.55,333686,0
20170327,34.17,34.92,33.6,34.74,128531,0
20170328,34.6,35.73,34.6,35.38,241175,0
20170329,35.33,35.35,34.65,34.92,365685,0
20170330,34.84,35.4,34.65,35.12,262047,0
20170331,35.12,35.31,34.83,35.04,152902,0
20170403,35.12,35.35,34.06,34.43,187811,0
20170404,34.39,34.65,33.81,34.31,190771,0
20170405,34.55,34.87,34.35,34.39,139342,0
20170406,34.37,34.88,34.17,34.61,126537,0
20170407,34.62,35.44,34.62,34.79,136151,0
20170410,34.79,35.08,34.5,34.88,132062,0
20170411,34.79,35.1,34.67,35.02,81212,0
20170412,34.86,34.93,34.0301,34.37,97700,0
20170413,34.29,34.58,34.19,34.22,148132,0
20170417,34.25,34.53,33.84,34.05,95707,0
20170418,33.81,34.09,33.422,33.98,79554,0
20170419,34.01,34.36,33.99,34.19,76002,0
20170420,34.36,34.74,34.29,34.39,75500,0
20170421,34.32,35.1725,34.16,35.02,122421,0
20170424,35.55,36.465,35.27,36.11,226895,0
20170425,36.39,36.71,36.02,36.2,245783,0
20170426,36.19,36.56,36.15,36.5,143169,0
20170427,36.46,36.76,36.25,36.6,118053,0
20170428,36.59,36.67,35.92,36.16,162571,0
20170501,36.22,36.89,36.045,36.55,127894,0
20170502,36.57,36.91,36.41,36.75,218608,0
20170503,36.58,36.99,36.17,36.2,177063,0
20170504,36.32,36.4,35.4601,35.52,89168,0
20170505,35.66,35.68,35.16,35.63,82785,0
20170508,35.5,35.83,34.3,34.52,232185,0
20170509,34.48,34.5606,33.79,34.24,177825,0
20170510,34.28,34.74,33.94,34.43,145016,0
20170511,34.26,34.71,34.02,34.47,81783,0
20170512,34.4,34.4,33.84,33.94,81413,0
20170515,33.99,34.22,33.09,34.15,453249,0
20170516,34.1,34.37,33.8336,34.04,114529,0
20170517,33.6,33.61,31.99,32.18,324201,0
20170518,32.04,32.9,31.83,32.76,103492,0
20170519,32.75,33.6,32.75,33.24,159848,0
20170522,33.19,33.59,33.17,33.52,165545,0
20170523,33.75,33.75,33.015,33.17,130457,0
20170524,33.15,33.43,32.81,32.92,98211,0
20170525,32.99,33.115,32.4935,32.92,85932,0
20170526,32.88,32.99,32.71,32.87,59534,0
20170530,32.75,32.87,32.44,32.68,119474,0
20170531,32.62,33.13,32.12,32.66,121383,0
20170601,32.66,33.9,32.5258,33.43,805433,0
20170602,33.6,33.98,33,33.1,4653387,0
20170605,33.12,33.68,32.95,33.41,618572,0
20170606,33.21,33.36,32.78,32.92,421687,0
20170607,32.95,32.95,32.125,32.44,354899,0
20170608,32.58,33.09,32,32.72,250122,0
20170609,32.7,32.99,32.24,32.48,221783,0
20170612,32.57,33.08,32.12,32.32,250778,0
20170613,32.43,33.105,31.64,32.97,252375,0
20170614,32.88,33.05,32.31,32.71,369952,0
20170615,32.39,32.69,31.93,32.06,201237,0
20170616,31.87,32.19,30.79,31.9,751279,0
20170619,32.02,32.67,31.95,32.33,354373,0
20170620,32.3,32.5,32.01,32.11,219960,0
20170621,32.17,32.32,31.08,31.21,222189,0
20170622,31.2,31.36,30.99,31.3,202529,0
20170623,31.34,31.98,30.54,31.56,1889543,0
20170626,31.79,31.83,31,31.03,575936,0
20170627,31.02,31.52,30.69,30.73,253196,0
20170628,30.96,31.7,30.59,31.51,254392,0
20170629,31.96,32.01,27.615,28.23,1930306,0
20170630,28.5,28.94,27.91,28.1,969989,0
20170703,28.9,29.5,28.1,28.62,772131,0
20170705,28.7,28.79,27.35,27.99,991225,0
20170706,27.82,28.02,27.45,27.7,714692,0
20170707,27.79,28.18,27.4,28.05,780178,0
20170710,27.95,27.95,27.41,27.68,534274,0
20170711,27.71,27.78,27.205,27.24,552747,0
20170712,27.54,28.275,27.44,28.26,742923,0
20170713,28.1,28.745,28.0043,28.72,465190,0
20170714,28.62,29.53,28.46,29.32,619582,0
20170717,29.3,30.4,29.09,30.1,551971,0
20170718,30.01,30.21,29.48,29.84,515881,0
20170719,29.97,30.4,29.62,30.3,490279,0
20170720,30.35,30.36,29.63,29.77,300508,0
20170721,29.85,29.85,28.735,29.16,355336,0
20170724,29.14,29.33,28.775,29.08,333026,0
20170725,29.37,29.55,29.13,29.43,345983,0
20170726,29.43,29.54,29.18,29.41,264678,0
20170727,29.44,30.06,28.92,29.71,441855,0
20170728,29.6,29.97,29.44,29.95,193345,0
20170731,30.04,30.23,29.52,30.02,413401,0
20170801,30.19,30.735,30.13,30.39,417889,0
