Date,Open,High,Low,Close,Volume,OpenInt
20121101,21.715,21.803,21.655,21.724,935069,0
20121102,21.715,21.733,21.646,21.707,444107,0
20121105,21.707,21.733,21.681,21.691,558325,0
20121106,21.707,21.707,21.663,21.707,559571,0
20121107,21.691,21.691,21.551,21.602,799590,0
20121108,21.56,21.594,21.473,21.508,783779,0
20121109,21.516,21.551,21.465,21.508,357969,0
20121112,21.525,21.637,21.525,21.63,328540,0
20121113,21.56,21.602,21.481,21.481,660797,0
20121114,21.56,21.56,21.343,21.412,1026553,0
20121115,21.412,21.602,21.039,21.143,619517,0
20121116,21.256,21.465,21.169,21.334,1029171,0
20121119,21.465,21.465,21.395,21.395,253920,0
20121120,21.455,21.465,21.36,21.386,406813,0
20121121,21.447,21.455,21.352,21.395,344517,0
20121123,21.412,21.516,21.377,21.386,156365,0
20121126,21.386,21.43,21.325,21.377,455715,0
20121127,21.299,21.43,21.299,21.395,427309,0
20121128,21.404,21.421,21.386,21.404,258349,0
20121129,21.421,21.438,21.343,21.438,675846,0
20121130,21.438,21.499,21.395,21.465,331380,0
20121203,21.525,21.602,21.473,21.516,325872,0
20121204,21.602,21.621,21.542,21.602,147467,0
20121205,21.602,21.602,21.473,21.568,166761,0
20121206,21.602,21.602,21.56,21.577,183552,0
20121207,21.602,21.637,21.542,21.551,216161,0
20121210,21.551,21.586,21.516,21.56,596871,0
20121211,21.594,21.594,21.56,21.568,436271,0
20121212,21.602,21.612,21.542,21.602,362216,0
20121213,21.63,21.63,21.551,21.586,150781,0
20121214,21.568,21.586,21.525,21.56,218079,0
20121217,21.594,21.621,21.551,21.568,227579,0
20121218,21.594,21.612,21.542,21.568,207969,0
20121219,21.586,21.691,21.577,21.663,189706,0
20121220,21.655,21.691,21.602,21.672,325395,0
20121221,21.637,21.681,21.612,21.612,172767,0
20121224,21.646,21.672,21.542,21.646,55944,0
20121226,21.655,21.663,21.602,21.63,82464,0
20121227,21.663,21.681,21.612,21.637,94437,0
20121228,21.646,21.691,21.646,21.663,114905,0
20121231,21.672,21.715,21.646,21.672,158138,0
20130102,21.724,21.836,21.715,21.76,469813,0
20130103,21.812,21.836,21.776,21.793,462326,0
20130104,21.836,21.906,21.776,21.906,298766,0
20130107,21.924,22.011,21.906,21.984,409833,0
20130108,21.976,22.072,21.95,22.045,731916,0
20130109,22.028,22.21,22.019,22.15,277811,0
20130110,22.167,22.341,22.159,22.271,449919,0
20130111,22.253,22.557,22.253,22.28,421105,0
20130114,22.314,22.384,22.253,22.35,449337,0
20130115,22.341,22.341,22.219,22.28,653955,0
20130116,22.271,22.323,22.175,22.271,743569,0
20130117,22.236,22.289,22.185,22.228,363968,0
20130118,22.228,22.253,22.132,22.167,1062492,0
20130122,22.141,22.185,22.019,22.105,883225,0
20130123,22.208,22.208,22.11,22.146,575301,0
20130124,22.155,22.164,22.084,22.102,862204,0
20130125,22.102,22.11,21.978,21.978,698126,0
20130128,22.031,22.076,21.952,21.952,612420,0
20130129,22.006,22.049,21.891,21.907,420192,0
20130130,21.916,21.952,21.873,21.882,290273,0
20130131,21.898,21.907,21.766,21.811,408816,0
20130201,21.873,21.873,21.792,21.802,480993,0
20130204,21.836,21.934,21.802,21.802,409483,0
20130205,21.863,21.944,21.846,21.873,690178,0
20130206,21.854,21.969,21.836,21.969,280091,0
20130207,21.987,22.006,21.882,21.944,425689,0
20130208,21.961,22.031,21.961,22.014,256440,0
20130211,21.996,22.04,21.978,21.987,347366,0
20130212,22.014,22.049,21.987,22.006,604155,0
20130213,22.031,22.031,21.934,21.996,441203,0
20130214,22.014,22.031,21.978,21.996,233325,0
20130215,22.031,22.04,21.996,21.996,203961,0
20130219,22.022,22.022,21.961,22.006,555066,0
20130220,22.031,22.067,21.891,22.006,937918,0
20130221,22.076,22.076,22.022,22.058,168720,0
20130222,22.094,22.128,22.049,22.102,157447,0
20130225,22.164,22.243,22.137,22.164,194535,0
20130226,22.164,22.243,22.137,22.155,720604,0
20130227,22.243,22.243,22.094,22.102,301708,0
20130228,22.146,22.146,22.076,22.084,216901,0
20130301,22.12,22.128,22.076,22.12,292623,0
20130304,22.12,22.128,22.094,22.102,497140,0
20130305,22.128,22.199,22.102,22.12,897484,0
20130306,22.172,22.208,22.12,22.164,870456,0
20130307,22.208,22.217,22.155,22.164,311420,0
20130308,22.172,22.181,22.146,22.155,558939,0
20130311,22.128,22.199,22.128,22.164,180892,0
20130312,22.155,22.199,22.102,22.12,279315,0
20130313,22.155,22.199,22.137,22.164,491838,0
20130314,22.164,22.226,22.155,22.164,615256,0
20130315,22.164,22.199,22.128,22.164,311847,0
20130318,22.208,22.243,22.172,22.181,372269,0
20130319,22.226,22.243,22.181,22.199,385656,0
20130320,22.19,22.208,22.137,22.146,380014,0
20130321,22.155,22.252,22.146,22.146,308753,0
20130322,22.217,22.252,22.208,22.226,300706,0
20130325,22.217,22.296,22.217,22.234,297425,0
20130326,22.243,22.252,22.234,22.243,218810,0
20130327,22.243,22.34,22.226,22.252,350672,0
20130328,22.332,22.456,22.304,22.34,232272,0
20130401,22.421,22.421,22.234,22.375,579991,0
20130402,22.384,22.437,22.384,22.402,157720,0
20130403,22.427,22.446,22.34,22.402,127677,0
20130404,22.366,22.427,22.366,22.402,144858,0
20130405,22.402,22.412,22.375,22.394,124797,0
20130408,22.412,22.579,22.394,22.517,397357,0
20130409,22.579,22.579,22.456,22.456,225272,0
20130410,22.482,22.57,22.482,22.543,141178,0
20130411,23.382,23.382,22.517,22.543,121549,0
20130412,22.579,22.649,22.526,22.631,144742,0
20130415,22.667,22.667,22.543,22.614,116702,0
20130416,22.587,22.738,22.587,22.729,128295,0
20130417,22.659,22.862,22.659,22.862,156435,0
20130418,22.764,22.79,22.605,22.79,1028990,0
20130419,22.781,22.826,22.667,22.826,148988,0
20130422,22.738,22.826,22.693,22.826,139070,0
20130423,22.86,23.075,22.841,22.86,234387,0
20130424,22.931,22.931,22.816,22.878,264101,0
20130425,22.888,22.986,22.86,22.888,119859,0
20130426,22.923,22.941,22.834,22.841,235105,0
20130429,22.913,22.967,22.888,22.896,192236,0
20130430,22.913,23.029,22.913,23.013,208437,0
20130501,23.022,23.039,22.986,23.029,126269,0
20130502,23.029,23.121,23.022,23.101,169918,0
20130503,23.121,23.164,23.084,23.155,149960,0
20130506,23.192,23.29,23.121,23.273,181723,0
20130507,23.273,23.335,23.227,23.326,580651,0
20130508,23.326,23.433,23.281,23.425,171781,0
20130509,23.479,23.496,23.362,23.47,250984,0
20130510,23.47,23.514,23.281,23.299,179824,0
20130513,23.388,23.388,23.263,23.344,111313,0
20130514,23.335,23.388,23.121,23.388,188889,0
20130515,23.37,23.379,23.218,23.344,128067,0
20130516,23.388,23.388,23.316,23.335,92594,0
20130517,23.388,23.407,23.316,23.388,96046,0
20130520,23.425,23.47,23.344,23.37,79449,0
20130521,23.37,23.451,23.344,23.425,115804,0
20130522,23.442,23.559,23.316,23.353,107825,0
20130523,23.398,23.398,23.138,23.29,67441,0
20130524,23.281,23.344,23.192,23.344,75144,0
20130528,23.425,23.461,23.236,23.379,102686,0
20130529,23.263,23.281,22.851,22.896,231510,0
20130530,22.913,22.958,22.824,22.824,268966,0
20130531,22.913,22.913,22.626,22.735,139388,0
20130603,22.851,22.851,22.269,22.448,357982,0
20130604,22.492,22.492,22.098,22.098,708522,0
20130605,22.187,22.25,21.73,22.143,859350,0
20130606,22.206,22.26,22.116,22.224,416368,0
20130607,22.26,22.438,22.232,22.359,161007,0
20130610,22.366,22.366,22.232,22.295,149110,0
20130611,22.215,22.215,21.659,22.09,318573,0
20130612,21.955,22.08,21.426,21.83,368254,0
20130613,21.775,22.017,21.435,21.937,340141,0
20130614,21.937,22.179,21.918,22.169,188677,0
20130617,22.187,22.278,22.09,22.169,157815,0
20130618,22.134,22.313,22.053,22.313,181406,0
20130619,22.232,22.35,21.784,21.884,219186,0
20130620,21.712,21.775,21.444,21.712,194245,0
20130621,21.596,21.822,21.507,21.775,107765,0
20130624,21.534,21.624,21.139,21.507,354156,0
20130625,21.57,21.614,21.247,21.588,177120,0
20130626,21.624,21.91,21.614,21.803,188118,0
20130627,21.865,22.179,21.865,22,116278,0
20130628,22.395,22.395,22.167,22.385,163254,0
20130701,22.035,22.044,21.955,21.991,102256,0
20130702,22.027,22.09,21.973,22.08,122288,0
20130703,21.981,22.08,21.955,22.071,39224,0
20130705,21.865,21.9,21.507,21.641,119048,0
20130708,21.641,21.659,21.489,21.641,105298,0
20130709,21.659,21.687,21.471,21.687,106155,0
20130710,21.687,21.793,21.641,21.687,160368,0
20130711,21.766,22.009,21.766,22.009,153722,0
20130712,21.918,22.107,21.918,22.009,107324,0
20130715,21.991,22.179,21.955,22.09,115431,0
20130716,22.134,22.25,22.035,22.215,130152,0
20130717,22.287,22.287,22.107,22.107,126621,0
20130718,22.162,22.313,22.162,22.269,176631,0
20130719,22.197,22.295,22.197,22.269,56082,0
20130722,22.303,22.359,22.25,22.35,142709,0
20130723,22.35,22.359,22.25,22.25,155583,0
20130724,22.376,22.423,22.248,22.294,178487,0
20130725,22.294,22.294,22.095,22.204,118676,0
20130726,22.095,22.194,22.095,22.158,57844,0
20130729,22.212,22.212,21.976,22.085,91295,0
20130730,22.03,22.076,21.876,21.976,84844,0
20130731,21.957,22.021,21.793,22.021,90063,0
20130801,22.004,22.067,21.876,21.93,118781,0
20130802,21.966,22.021,21.894,22.021,114611,0
20130805,22.021,22.021,21.902,21.957,70193,0
20130806,21.894,21.921,21.657,21.695,138071,0
20130807,21.702,21.702,21.257,21.474,391415,0
20130808,21.43,21.43,21.212,21.339,157109,0
20130809,21.321,21.357,21.193,21.257,111503,0
20130812,21.321,21.339,21.029,21.102,229914,0
20130813,21.038,21.075,20.883,20.93,140173,0
20130814,20.965,20.965,20.383,20.611,241884,0
20130815,20.373,20.373,19.955,20.319,267393,0
20130816,20.319,20.347,20.019,20.064,217294,0
20130819,20.111,20.111,19.518,19.802,204883,0
20130820,19.901,20.083,19.428,20.083,397473,0
20130821,19.993,20.247,19.819,20.128,126554,0
20130822,20.138,20.519,19.946,20.519,195799,0
20130823,20.474,20.748,20.474,20.748,127148,0
20130826,20.902,20.974,20.629,20.729,177024,0
20130827,20.574,20.802,20.474,20.557,121442,0
20130828,20.621,20.703,20.42,20.675,148586,0
20130829,20.621,20.802,20.538,20.719,290803,0
20130830,20.719,20.783,20.611,20.783,77881,0
20130903,20.703,20.729,20.319,20.465,210739,0
20130904,20.447,20.655,20.366,20.655,103936,0
20130905,20.601,20.601,20.366,20.465,88057,0
20130906,20.484,20.519,20.302,20.438,128542,0
20130909,20.393,20.41,20.128,20.183,137167,0
20130910,20.146,20.284,20.083,20.238,108694,0
20130911,20.274,20.284,20.146,20.201,132172,0
20130912,20.174,20.201,20.074,20.183,127703,0
20130913,20.166,20.174,20.019,20.074,117826,0
20130916,20.21,20.265,20.029,20.056,155050,0
20130917,20.083,20.111,19.865,20.001,509713,0
20130918,19.975,20.429,19.965,20.292,150570,0
20130919,20.292,20.474,20.23,20.238,110758,0
20130920,20.238,20.292,20.138,20.292,293423,0
20130923,20.238,20.465,20.192,20.465,120459,0
20130924,20.429,20.474,20.292,20.429,171842,0
20130925,20.347,20.429,20.347,20.429,95537,0
20130926,20.456,20.611,20.42,20.557,104938,0
20130927,20.566,20.629,20.347,20.566,117380,0
20130930,20.429,20.502,20.319,20.465,198733,0
20131001,20.429,20.583,20.373,20.447,91071,0
20131002,20.41,20.538,20.41,20.538,107154,0
20131003,20.519,20.611,20.21,20.401,148787,0
20131004,20.356,20.511,20.356,20.456,79625,0
20131007,20.429,20.528,20.338,20.502,83572,0
20131008,20.511,20.511,20.401,20.484,62031,0
20131009,20.447,20.511,20.338,20.474,150918,0
20131010,20.41,20.547,20.41,20.474,109721,0
20131011,20.456,20.547,20.41,20.511,72043,0
20131014,20.547,20.547,20.429,20.474,65338,0
20131015,20.474,20.538,20.41,20.474,118695,0
20131016,20.474,20.629,20.447,20.601,149762,0
20131017,20.574,20.783,20.574,20.766,190516,0
20131018,20.757,20.93,20.719,20.93,131627,0
20131021,20.93,21.021,20.547,20.802,231343,0
20131022,20.847,21.111,20.847,21.075,123218,0
20131023,21.066,21.193,21.057,21.138,113542,0
20131024,21.234,21.234,20.881,20.9,131074,0
20131025,20.955,20.973,20.649,20.688,188671,0
20131028,20.688,20.788,20.594,20.705,341281,0
20131029,20.733,20.733,20.567,20.705,95864,0
20131030,20.705,20.762,20.576,20.688,127622,0
20131031,20.632,20.714,20.559,20.714,107702,0
20131101,20.641,20.714,20.559,20.614,104691,0
20131104,20.669,20.697,20.604,20.669,107374,0
20131105,20.604,20.678,20.559,20.594,67587,0
20131106,20.641,20.669,20.549,20.632,96630,0
20131107,20.614,20.743,20.576,20.649,103821,0
20131108,20.567,20.632,20.503,20.549,83207,0
20131111,20.604,20.604,20.438,20.549,53641,0
20131112,20.669,20.669,20.382,20.447,136049,0
20131113,20.474,20.549,20.4,20.484,146321,0
20131114,20.529,20.529,20.4,20.456,132337,0
20131115,20.484,20.511,20.429,20.494,95342,0
20131118,20.447,20.549,20.447,20.494,145881,0
20131119,20.465,20.494,20.373,20.465,92699,0
20131120,20.465,20.511,20.345,20.382,121695,0
20131121,20.391,20.419,20.225,20.419,341713,0
20131122,20.438,20.559,20.373,20.429,135335,0
20131125,20.409,20.447,20.354,20.4,194377,0
20131126,20.409,20.494,20.354,20.382,186297,0
20131127,20.409,20.438,20.271,20.345,127538,0
20131129,20.345,20.4,20.289,20.335,53807,0
20131202,20.4,20.4,20.225,20.28,116679,0
20131203,20.299,20.299,20.187,20.262,97382,0
20131204,20.113,20.161,19.79,19.92,237296,0
20131205,19.836,19.901,19.578,19.66,666593,0
20131206,19.651,19.79,19.633,19.79,116562,0
20131209,19.818,19.827,19.642,19.715,175084,0
20131210,19.754,19.79,19.596,19.67,319289,0
20131211,19.615,19.651,19.346,19.494,322084,0
20131212,19.421,19.605,19.3,19.605,314544,0
20131213,19.605,19.651,19.43,19.578,248093,0
20131216,19.624,19.651,19.494,19.55,220061,0
20131217,19.559,19.596,19.512,19.596,226098,0
20131218,19.615,19.975,19.578,19.79,270314,0
20131219,19.772,19.93,19.651,19.836,268680,0
20131220,19.845,20.031,19.754,20.021,208659,0
20131223,20.012,20.031,19.883,19.93,218422,0
20131224,19.883,19.947,19.697,19.735,112795,0
20131226,19.679,19.762,19.559,19.697,230370,0
20131227,19.725,19.78,19.586,19.697,180218,0
20131230,19.697,19.762,19.605,19.762,251757,0
20131231,19.679,19.837,19.67,19.78,348541,0
20140102,19.725,20.132,19.715,19.975,92605,0
20140103,20.086,20.234,20.067,20.187,117648,0
20140106,20.225,20.429,20.225,20.364,144959,0
20140107,20.4,20.447,20.289,20.373,93107,0
20140108,20.327,20.373,20.178,20.373,124729,0
20140109,20.354,20.484,20.354,20.484,114060,0
20140110,20.52,20.669,20.465,20.559,73295,0
20140113,20.678,20.808,20.584,20.733,152142,0
20140114,20.762,20.762,20.584,20.724,109339,0
20140115,20.714,20.733,20.659,20.678,127403,0
20140116,20.714,20.77,20.632,20.641,207290,0
20140117,20.659,20.881,20.649,20.881,119515,0
20140121,20.853,20.955,20.762,20.918,168674,0
20140122,20.967,21.024,20.91,20.996,133680,0
20140123,21.061,21.061,20.686,20.826,174917,0
20140124,20.761,20.844,20.629,20.778,80620,0
20140127,20.826,20.844,20.712,20.761,227699,0
20140128,20.788,20.892,20.732,20.892,97128,0
20140129,20.844,20.892,20.844,20.874,67578,0
20140130,20.901,21.005,20.882,20.93,416494,0
20140131,20.93,20.967,20.854,20.967,89497,0
20140203,20.958,21.005,20.892,20.91,56453,0
20140204,20.948,20.967,20.882,20.94,64030,0
20140205,20.948,20.967,20.854,20.901,67119,0
20140206,20.882,20.996,20.882,20.958,66669,0
20140207,20.948,21.024,20.92,20.967,49139,0
20140210,21.061,21.136,20.958,21.127,100983,0
20140211,21.127,21.155,21.108,21.155,59677,0
20140212,21.183,21.221,21.09,21.09,135960,0
20140213,21.165,21.268,21.155,21.268,77006,0
20140214,21.221,21.512,21.221,21.371,74582,0
20140218,21.447,21.719,21.418,21.616,132882,0
20140219,21.569,21.719,21.569,21.672,150410,0
20140220,21.644,21.719,21.578,21.644,103086,0
20140221,21.71,21.719,21.597,21.597,101191,0
20140224,21.597,21.662,21.494,21.503,120922,0
20140225,21.522,21.616,21.484,21.512,156507,0
20140226,21.578,21.644,21.503,21.597,304729,0
20140227,21.653,21.653,21.56,21.578,140816,0
20140228,21.578,21.71,21.578,21.626,192686,0
20140303,21.644,21.644,21.569,21.578,166100,0
20140304,21.672,21.692,21.54,21.588,181545,0
20140305,21.606,21.616,21.484,21.494,168285,0
20140306,21.494,21.56,21.4,21.409,165067,0
20140307,21.409,21.512,21.353,21.484,132155,0
20140310,21.428,21.522,21.381,21.474,215484,0
20140311,21.437,21.606,21.418,21.55,73831,0
20140312,21.606,21.719,21.522,21.682,182664,0
20140313,21.71,21.71,21.626,21.626,245949,0
20140314,21.682,21.719,21.56,21.692,339296,0
20140317,21.719,21.766,21.653,21.653,524014,0
20140318,21.738,21.738,21.597,21.597,122537,0
20140319,21.626,21.682,21.569,21.569,112505,0
20140320,21.597,21.626,21.512,21.606,138931,0
20140321,21.626,21.682,21.569,21.672,325881,0
20140324,21.662,21.682,21.616,21.616,125774,0
20140325,21.653,21.775,21.653,21.653,127600,0
20140326,21.728,21.766,21.662,21.682,89978,0
20140327,21.682,21.7,21.662,21.672,109806,0
20140328,21.682,21.692,21.653,21.653,138943,0
20140331,21.719,21.719,21.606,21.672,846498,0
20140401,21.71,21.758,21.626,21.7,1164758,0
20140402,21.719,21.785,21.71,21.748,90094,0
20140403,21.775,21.804,21.738,21.766,107415,0
20140404,21.785,21.946,21.748,21.907,108716,0
20140407,21.963,21.963,21.814,21.86,119776,0
20140408,21.897,21.954,21.851,21.946,227016,0
20140409,21.926,22.029,21.88,21.963,312495,0
20140410,22.002,22.077,21.936,21.963,88459,0
20140411,21.907,21.963,21.88,21.88,155435,0
20140414,21.936,21.954,21.89,21.897,102654,0
20140415,21.89,21.963,21.89,21.907,127117,0
20140416,21.992,22.02,21.946,22.02,229572,0
20140417,22.029,22.095,21.973,22.095,166472,0
20140421,22.002,22.067,21.992,22.02,1101070,0
20140422,22.029,22.077,22.02,22.029,284095,0
20140423,22.098,22.194,22.089,22.117,393903,0
20140424,22.184,22.184,22.08,22.107,200931,0
20140425,22.098,22.107,22.031,22.031,125809,0
20140428,22.07,22.127,22.06,22.08,307294,0
20140429,22.137,22.146,22.031,22.07,289334,0
20140430,22.08,22.137,22.07,22.137,424911,0
20140501,22.137,22.213,22.089,22.165,210431,0
20140502,22.184,22.204,22.137,22.165,201556,0
20140505,22.213,22.328,22.184,22.29,206408,0
20140506,22.27,22.337,22.213,22.232,265796,0
20140507,22.232,22.28,22.204,22.261,221252,0
20140508,22.298,22.357,22.261,22.298,330236,0
20140509,22.357,22.357,22.261,22.261,206222,0
20140512,22.347,22.385,22.29,22.357,235725,0
20140513,22.385,22.432,22.328,22.385,275658,0
20140514,22.395,22.49,22.395,22.395,182224,0
20140515,22.49,22.624,22.452,22.509,210099,0
20140516,22.566,24.411,22.471,22.481,495127,0
20140519,22.548,22.662,22.528,22.605,307645,0
20140520,22.595,22.614,22.548,22.605,143023,0
20140521,22.633,22.633,22.528,22.528,169553,0
20140522,22.528,22.595,22.499,22.566,971641,0
20140523,22.538,22.576,22.471,22.471,120549,0
20140527,22.49,22.566,22.481,22.509,461320,0
20140528,22.519,22.624,22.519,22.557,192114,0
20140529,22.557,22.786,22.557,22.71,311082,0
20140530,22.7,22.758,22.652,22.739,138044,0
20140602,22.776,22.776,22.691,22.691,181408,0
20140603,22.691,22.719,22.605,22.633,288864,0
20140604,22.643,22.672,22.404,22.595,257177,0
20140605,22.585,22.585,22.375,22.557,214826,0
20140606,22.595,22.834,22.595,22.767,223932,0
20140609,22.815,22.967,22.767,22.967,193911,0
20140610,22.967,22.977,22.805,22.882,294328,0
20140611,22.882,22.967,22.776,22.93,229073,0
20140612,22.967,22.987,22.776,22.958,155761,0
20140613,22.967,22.987,22.882,22.93,206948,0
20140616,22.949,23.025,22.939,22.967,188285,0
20140617,22.93,22.977,22.891,22.949,168427,0
20140618,22.977,22.977,22.882,22.967,162391,0
20140619,23.006,23.254,22.996,23.044,165715,0
20140620,23.073,23.101,23.025,23.073,110817,0
20140623,23.13,23.197,23.025,23.091,162344,0
20140624,23.101,23.178,23.034,23.111,208979,0
20140625,23.158,23.369,23.14,23.359,134448,0
20140626,23.378,23.407,23.254,23.388,124760,0
20140627,23.407,23.569,23.378,23.551,124278,0
20140630,23.502,23.502,23.436,23.484,205725,0
20140701,23.474,23.532,23.359,23.378,114101,0
20140702,23.407,23.502,23.359,23.359,76932,0
20140703,23.341,23.407,23.274,23.407,67142,0
20140707,23.426,23.426,23.35,23.359,59849,0
20140708,23.465,23.465,23.321,23.407,80024,0
20140709,23.398,23.551,23.388,23.551,95509,0
20140710,23.512,23.579,23.465,23.551,56066,0
20140711,23.502,23.627,23.502,23.608,126234,0
20140714,23.627,23.675,23.512,23.646,263646,0
20140715,23.598,23.665,23.551,23.551,91446,0
20140716,23.627,23.636,23.569,23.608,114035,0
20140717,23.636,23.636,23.512,23.512,103821,0
20140718,23.512,23.646,23.512,23.636,114543,0
20140721,23.636,23.636,23.56,23.56,158237,0
20140722,23.598,23.646,23.579,23.589,94589,0
20140723,23.561,23.707,23.561,23.707,146775,0
20140724,23.707,23.726,23.591,23.678,188297,0
20140725,23.649,23.678,23.619,23.678,92608,0
20140728,23.687,23.687,23.561,23.581,121272,0
20140729,23.61,23.649,23.561,23.581,59484,0
20140730,23.591,23.639,23.542,23.581,107894,0
20140731,23.513,23.552,23.299,23.367,154730,0
20140801,23.339,23.397,22.969,23.163,145492,0
20140804,23.163,23.271,23.047,23.193,53215,0
20140805,23.095,23.163,22.941,23.095,192779,0
20140806,23.087,23.135,23.057,23.105,55623,0
20140807,23.135,23.28,23.125,23.183,100205,0
20140808,23.357,23.407,23.173,23.387,50471,0
20140811,23.445,23.503,23.377,23.455,57798,0
20140812,23.493,23.552,23.377,23.435,135677,0
20140813,23.474,23.493,23.416,23.416,43565,0
20140814,23.416,23.542,23.416,23.523,60483,0
20140815,23.542,23.591,23.397,23.503,68907,0
20140818,23.503,23.639,23.474,23.513,149053,0
20140819,23.523,23.561,23.484,23.513,68819,0
20140820,23.465,23.571,23.465,23.571,100932,0
20140821,23.581,23.6,23.523,23.523,85418,0
20140822,23.533,23.571,23.474,23.474,66768,0
20140825,23.571,23.591,23.493,23.503,85743,0
20140826,23.561,23.561,23.484,23.484,69870,0
20140827,23.542,23.561,23.474,23.503,441064,0
20140828,23.513,23.629,23.493,23.552,107276,0
20140829,23.542,23.571,23.493,23.493,77175,0
20140902,23.503,23.561,23.329,23.357,99529,0
20140903,23.435,23.435,23.183,23.329,91618,0
20140904,23.357,23.357,23.183,23.241,87447,0
20140905,23.251,23.299,23.105,23.183,67331,0
20140908,23.145,23.241,23.115,23.125,86649,0
20140909,23.173,23.173,23.057,23.095,66682,0
20140910,23.077,23.077,22.921,23.027,95950,0
20140911,23.037,23.067,22.989,23.067,53764,0
20140912,23.027,23.027,22.921,22.941,72414,0
20140915,22.96,23.125,22.941,23.095,82358,0
20140916,23.087,23.203,23.057,23.193,75414,0
20140917,23.222,23.28,23.145,23.271,188028,0
20140918,23.299,23.377,23.289,23.348,110845,0
20140919,23.339,23.465,23.319,23.455,47653,0
20140922,23.465,23.484,23.387,23.465,100373,0
20140923,23.416,23.455,23.339,23.445,77248,0
20140924,23.425,23.455,23.348,23.367,112274,0
20140925,23.377,23.377,23.154,23.213,69672,0
20140926,23.213,23.251,23.135,23.183,83307,0
20140929,23.135,23.213,23.115,23.193,124372,0
20140930,23.222,23.474,23.222,23.377,131048,0
20141001,23.416,23.425,23.28,23.309,64589,0
20141002,23.309,23.397,23.261,23.329,90315,0
20141003,23.348,23.445,23.339,23.377,33667,0
20141006,23.348,23.435,23.339,23.367,55663,0
20141007,23.377,23.387,23.319,23.367,56819,0
20141008,23.348,23.377,23.309,23.329,71518,0
20141009,23.348,23.387,23.28,23.299,77789,0
20141010,23.299,23.348,23.231,23.251,86634,0
20141013,23.183,23.329,23.154,23.28,33508,0
20141014,23.319,23.377,23.231,23.251,67895,0
20141015,23.289,23.357,23.115,23.309,114359,0
20141016,23.193,23.348,23.193,23.289,64697,0
20141017,23.357,23.455,23.339,23.397,54960,0
20141020,23.425,23.465,23.377,23.465,89126,0
20141021,23.503,23.561,23.484,23.493,85752,0
20141022,23.554,23.643,23.525,23.525,96061,0
20141023,23.614,23.643,23.545,23.554,80951,0
20141024,23.584,23.633,23.515,23.574,61062,0
20141027,23.614,23.673,23.594,23.643,52306,0
20141028,23.673,23.722,23.604,23.663,77167,0
20141029,23.752,23.781,23.614,23.692,127309,0
20141030,23.683,23.742,23.683,23.712,52825,0
20141031,23.791,23.791,23.683,23.692,110889,0
20141103,23.811,23.84,23.761,23.83,127524,0
20141104,23.87,23.889,23.82,23.889,81123,0
20141105,23.909,23.939,23.86,23.929,61989,0
20141106,23.939,23.968,23.86,23.939,99199,0
20141107,23.968,24.037,23.968,23.998,56928,0
20141110,24.037,24.037,23.939,23.958,95265,0
20141111,23.988,24.008,23.949,23.998,60446,0
20141112,24.017,24.027,23.949,23.998,127319,0
20141113,23.998,24.077,23.998,24.057,103718,0
20141114,24.037,24.293,24.037,24.224,124075,0
20141117,24.215,24.313,24.136,24.155,125919,0
20141118,24.185,24.234,24.136,24.136,130494,0
20141119,24.165,24.195,24.057,24.057,101537,0
20141120,24.116,24.195,24.116,24.116,85795,0
20141121,24.175,24.185,24.037,24.086,66060,0
20141124,24.086,24.155,24.037,24.067,81738,0
20141125,24.146,24.195,24.067,24.106,73410,0
20141126,24.195,24.343,24.146,24.254,125086,0
20141128,24.244,24.313,24.234,24.244,35711,0
20141201,24.323,24.352,24.175,24.195,103138,0
20141202,24.175,24.224,24.067,24.086,128857,0
20141203,24.106,24.175,24.008,24.155,136667,0
20141204,24.234,24.254,24.077,24.136,122524,0
20141205,24.155,24.254,24.067,24.136,112799,0
20141208,24.165,24.215,23.988,24.136,99154,0
20141209,24.086,24.126,24.047,24.067,79956,0
20141210,24.096,24.106,24.017,24.057,74754,0
20141211,24.027,24.096,24.027,24.047,76406,0
20141212,24.067,24.096,24.037,24.067,37506,0
20141215,24.096,24.136,23.968,23.998,81483,0
20141216,23.939,23.968,23.87,23.889,65667,0
20141217,23.919,24.096,23.87,23.978,62879,0
20141218,23.978,24.136,23.978,24.037,70162,0
20141219,24.008,24.126,24.008,24.086,92056,0
20141222,24.086,24.136,24.008,24.136,89847,0
20141223,24.136,24.185,23.998,24.017,164106,0
20141224,24.037,24.077,23.978,24.077,60845,0
20141226,24.017,24.086,24.017,24.027,85338,0
20141229,24.106,24.185,24.047,24.086,106711,0
20141230,24.155,24.234,24.116,24.136,171665,0
20141231,24.215,24.412,24.165,24.372,179526,0
20150102,24.412,24.559,24.362,24.441,99936,0
20150105,24.461,24.53,24.431,24.431,140301,0
20150106,24.48,24.52,24.451,24.461,95391,0
20150107,24.48,24.579,24.48,24.579,58221,0
20150108,24.559,24.658,24.52,24.589,206246,0
20150109,24.589,24.628,24.54,24.589,79412,0
20150112,24.589,24.678,24.549,24.668,124017,0
20150113,24.658,24.678,24.618,24.668,93424,0
20150114,24.618,24.697,24.579,24.668,57298,0
20150115,24.697,24.707,24.609,24.668,50301,0
20150116,24.678,24.697,24.628,24.628,81098,0
20150120,24.658,24.687,24.559,24.628,195937,0
20150121,24.618,24.678,24.618,24.638,83129,0
20150122,24.75,24.8,24.71,24.77,146991,0
20150123,24.79,24.95,24.75,24.9,60512,0
20150126,24.95,25,24.85,24.92,147595,0
20150127,24.94,25.11,24.94,25,202967,0
20150128,25.03,25.18,24.97,25.18,187579,0
20150129,25.12,25.29,25.11,25.11,107130,0
20150130,25.14,25.3,25.14,25.24,179806,0
20150202,25.23,25.34,25.23,25.23,92078,0
20150203,25.31,25.31,25.16,25.25,86803,0
20150204,25.23,25.28,25.11,25.14,103312,0
20150205,25.18,25.22,25.1,25.2,99382,0
20150206,25.19,25.19,25.1,25.1,63750,0
20150209,25.14,25.2,25.1,25.13,77631,0
20150210,25.18,25.18,25.06,25.07,134740,0
20150211,25.07,25.12,25.07,25.09,56965,0
20150212,25.16,25.18,25.07,25.08,73587,0
20150213,25.16,25.17,25.09,25.1,60772,0
20150217,25.17,25.17,25,25,57553,0
20150218,25,25.02,24.81,24.98,95062,0
20150219,24.98,25.01,24.91,24.99,57115,0
20150220,24.96,25.1,24.96,25.08,59593,0
20150223,25.1,25.18,25.05,25.08,116175,0
20150224,25.13,25.32,25.06,25.19,114133,0
20150225,25.19,25.34,25.19,25.29,76911,0
20150226,25.27,25.33,25.15,25.19,52179,0
20150227,25.16,25.33,25.15,25.33,53484,0
20150302,25.27,25.33,25.22,25.3,80644,0
20150303,25.24,25.33,25.21,25.29,43892,0
20150304,25.27,25.42,25.26,25.28,87483,0
20150305,25.29,25.339,25.26,25.26,63109,0
20150306,25.25,25.26,25.04,25.08,134292,0
20150309,25.07,25.09,24.914,25.011,69420,0
20150310,24.95,25.06,24.89,25.06,54082,0
20150311,25.04,25.1,24.97,25.03,78819,0
20150312,25.04,25.08,25.02,25.05,65839,0
20150313,25.01,25.06,24.98,25.06,29867,0
20150316,25.05,25.11,25.05,25.09,46067,0
20150317,25.07,25.07,24.97,25.05,91748,0
20150318,25.06,25.22,25.02,25.193,94872,0
20150319,25.16,25.25,25.13,25.21,40959,0
20150320,25.21,25.25,25.14,25.14,83490,0
20150323,25.14,25.24,25.14,25.22,36145,0
20150324,25.19,25.27,25.19,25.27,62233,0
20150325,25.25,25.32,25.23,25.25,53626,0
20150326,25.28,25.28,25.2,25.25,45134,0
20150327,25.26,25.4,25.24,25.33,53727,0
20150330,25.36,25.45,25.351,25.45,43435,0
20150331,25.4,25.47,25.4,25.4,48570,0
20150401,25.44,25.5,25.41,25.5,52054,0
20150402,25.57,25.57,25.48,25.5,49082,0
20150406,25.5,25.54,25.5,25.51,38734,0
20150407,25.5,25.55,25.49,25.51,37902,0
20150408,25.52,25.58,25.52,25.579,31720,0
20150409,25.6,25.75,25.6,25.75,59322,0
20150410,25.63,25.803,25.63,25.746,80233,0
20150413,25.58,25.7,25.58,25.64,68672,0
20150414,25.69,25.7,25.62,25.62,30283,0
20150415,25.63,25.67,25.571,25.64,43803,0
20150416,25.63,25.72,25.61,25.7,33648,0
20150417,25.63,25.79,25.59,25.79,78697,0
20150420,25.72,25.8,25.72,25.77,84647,0
20150421,25.82,25.95,25.771,25.89,84384,0
20150422,25.55,25.576,25.369,25.37,96221,0
20150423,25.32,25.44,25.32,25.35,82368,0
20150424,25.38,25.62,25.36,25.46,48665,0
20150427,25.44,25.5,25.4,25.42,101826,0
20150428,25.4,25.438,25.4,25.42,47380,0
20150429,25.4,25.4,25.27,25.28,112473,0
20150430,25.33,25.35,25.2,25.23,81159,0
20150501,25.27,25.31,25.22,25.25,77036,0
20150504,25.19,25.35,25.19,25.31,45807,0
20150505,25.29,25.32,25.06,25.08,86301,0
20150506,25.08,25.08,24.69,24.86,209868,0
20150507,24.74,25.06,24.7,24.8,199395,0
20150508,24.86,25,24.85,24.94,58984,0
20150511,25.02,25.02,24.68,24.7,72341,0
20150512,24.66,24.93,24.52,24.85,103334,0
20150513,24.85,24.97,24.83,24.95,123281,0
20150514,25.04,25.19,25.019,25.04,37779,0
20150515,25.17,25.2,25.08,25.19,32669,0
20150518,25.15,25.2,25.06,25.2,53215,0
20150519,25.16,25.24,25.12,25.17,48994,0
20150520,25.21,25.24,25.1,25.21,55443,0
20150521,25.2,25.3,25.2,25.26,43606,0
20150522,25.21,25.25,25.2,25.22,49801,0
20150526,25.24,25.3,25.19,25.19,38847,0
20150527,25.12,25.17,25.12,25.14,106612,0
20150528,25.15,25.19,25.01,25.06,90572,0
20150529,25.01,25.13,25.01,25.091,50078,0
20150601,25.1,25.154,24.96,25.04,79530,0
20150602,25.01,25.12,24.95,25.04,52097,0
20150603,25.03,25.09,24.95,24.97,42863,0
20150604,24.93,25.03,24.92,24.99,55586,0
20150605,24.94,24.97,24.75,24.8,66968,0
20150608,24.85,24.87,24.78,24.818,63874,0
20150609,24.81,24.855,24.69,24.82,69574,0
20150610,24.77,24.87,24.71,24.81,37366,0
20150611,24.82,24.84,24.77,24.78,61231,0
20150612,24.78,24.86,24.78,24.84,49878,0
20150615,24.85,24.96,24.81,24.96,54513,0
20150616,24.99,24.99,24.86,24.87,84703,0
20150617,24.91,24.95,24.86,24.86,68860,0
20150618,24.91,24.92,24.76,24.86,80843,0
20150619,24.88,24.89,24.752,24.82,57673,0
20150622,24.86,24.89,24.77,24.83,46333,0
20150623,24.84,24.88,24.78,24.88,54119,0
20150624,24.84,24.96,24.84,24.95,55851,0
20150625,24.95,24.95,24.85,24.88,49231,0
20150626,24.9,24.901,24.84,24.84,123200,0
20150629,24.82,24.85,24.75,24.79,77982,0
20150630,24.79,24.95,24.79,24.89,100470,0
20150701,24.97,24.99,24.92,24.93,156624,0
20150702,24.99,25.02,24.95,24.98,80337,0
20150706,24.99,25.026,24.97,25.01,44587,0
20150707,25.02,25.02,24.95,25.02,112404,0
20150708,25.02,25.03,24.89,24.89,75741,0
20150709,24.97,25.05,24.95,25.02,56321,0
20150710,25,25.05,24.988,25.05,70946,0
20150713,25.1,25.1,25.01,25.02,70129,0
20150714,25.02,25.07,25.01,25.05,111169,0
20150715,25.05,25.15,25.05,25.13,43565,0
20150716,25.15,25.3,25.14,25.25,82238,0
20150717,25.34,25.35,25.29,25.33,32697,0
20150720,25.34,25.37,25.31,25.31,27054,0
20150721,25.26,25.34,25.25,25.25,59102,0
20150722,25,25,24.83,24.875,127157,0
20150723,24.92,24.97,24.83,24.87,218386,0
20150724,24.9,24.95,24.85,24.95,71433,0
20150727,24.93,24.98,24.9,24.93,59775,0
20150728,24.98,25.01,24.92,25.01,76654,0
20150729,24.97,25,24.93,24.93,49816,0
20150730,24.96,25.02,24.96,24.99,49772,0
20150731,25.07,25.07,25,25.043,65712,0
20150803,25.07,25.09,25.05,25.07,140415,0
20150804,25.05,25.12,25.05,25.07,90491,0
20150805,25.1,25.1,25.01,25.01,54890,0
20150806,25.03,25.08,25.01,25.01,42368,0
20150807,25.04,25.07,25.01,25.02,81485,0
20150810,25.09,25.1,25.03,25.04,87693,0
20150811,25.05,25.06,25.01,25.03,71757,0
20150812,25.03,25.05,25.02,25.04,52549,0
20150813,25.05,25.05,25,25.04,75481,0
20150814,25.04,25.07,25.03,25.07,49586,0
20150817,25.07,25.07,25.01,25.02,53262,0
20150818,25.04,25.08,25.02,25.05,62168,0
20150819,25.06,25.08,25.03,25.033,37767,0
20150820,25.02,25.042,24.97,24.97,66249,0
20150821,24.96,25,24.9,24.94,51073,0
20150824,24.75,24.85,24.57,24.69,133771,0
20150825,24.82,24.88,24.71,24.829,52180,0
20150826,25.02,25.02,24.83,24.85,37925,0
20150827,24.85,24.99,24.85,24.96,126168,0
20150828,24.99,24.99,24.918,24.977,62292,0
20150831,24.95,24.98,24.9,24.96,81696,0
20150901,24.76,24.93,24.76,24.92,50489,0
20150902,24.93,24.97,24.91,24.94,50514,0
20150903,24.93,24.98,24.93,24.959,54153,0
20150904,24.93,24.96,24.92,24.93,37885,0
20150908,24.97,24.97,24.93,24.95,93099,0
20150909,24.98,24.98,24.83,24.84,116573,0
20150910,24.85,24.92,24.85,24.87,24534,0
20150911,24.91,24.92,24.85,24.88,30898,0
20150914,24.88,24.94,24.88,24.91,27833,0
20150915,24.94,24.95,24.85,24.88,69620,0
20150916,24.91,24.91,24.85,24.88,30070,0
20150917,24.89,24.95,24.86,24.87,68349,0
20150918,24.91,25,24.9,24.95,58129,0
20150921,24.99,25.04,24.96,25.02,68274,0
20150922,24.97,25.08,24.97,25.08,35881,0
20150923,25.07,25.18,25.04,25.18,52906,0
20150924,25.13,25.16,25.05,25.05,37721,0
20150925,25.06,25.17,25.06,25.17,39145,0
20150928,25.11,25.11,24.94,24.95,95952,0
20150929,24.95,25.07,24.95,25.03,120910,0
20150930,25.04,25.05,24.95,24.95,54585,0
20151001,25.02,25.02,24.9,24.91,45851,0
20151002,24.92,25,24.79,24.91,104557,0
20151005,25.01,25.15,24.93,25.1,55797,0
20151006,25.1,25.16,25.1,25.15,26785,0
20151007,25.1,25.19,25.08,25.11,51636,0
20151008,25.08,25.22,25.08,25.21,33536,0
20151009,25.19,25.26,25.19,25.23,36465,0
20151012,25.27,25.37,25.25,25.37,31233,0
20151013,25.38,25.45,25.322,25.45,47258,0
20151014,25.46,25.54,25.42,25.5,52673,0
20151015,25.506,25.65,25.46,25.56,55640,0
20151016,25.54,25.69,25.54,25.69,50759,0
20151019,25.69,25.69,25.59,25.66,42273,0
20151020,25.66,25.69,25.6,25.67,35882,0
20151021,25.7,25.85,25.7,25.8,34806,0
20151022,25.57,25.62,25.43,25.43,91365,0
20151023,25.52,25.53,25.36,25.39,34639,0
20151026,25.39,25.47,25.32,25.47,29363,0
20151027,25.43,25.47,25.33,25.39,68219,0
20151028,25.46,25.5,25.32,25.39,96284,0
20151029,25.44,25.49,25.341,25.49,50962,0
20151030,25.47,25.69,25.46,25.58,116867,0
20151102,25.57,25.74,25.57,25.73,40865,0
20151103,25.71,25.722,25.66,25.66,97498,0
20151104,25.66,25.83,25.66,25.75,86810,0
20151105,25.74,25.78,25.72,25.73,46476,0
20151106,25.68,25.72,25.53,25.56,82216,0
20151109,25.52,25.53,25.28,25.38,150330,0
20151110,25.45,25.59,25.352,25.46,74529,0
20151111,25.46,25.59,25.43,25.57,39252,0
20151112,25.55,25.64,25.52,25.6,90111,0
20151113,25.58,25.62,25.5,25.61,47745,0
20151116,25.595,25.604,25.53,25.53,7711,0
20151117,25.52,25.58,25.47,25.5,35656,0
20151118,25.48,25.55,25.47,25.48,52465,0
20151119,25.48,25.54,25.48,25.53,23143,0
20151120,25.52,25.65,25.5,25.63,47001,0
20151123,25.6,25.69,25.56,25.68,39923,0
20151124,25.69,25.69,25.56,25.56,46791,0
20151125,25.56,25.68,25.56,25.64,22275,0
20151127,25.67,25.72,25.64,25.7,8666,0
20151130,25.7,25.72,25.64,25.69,41200,0
20151201,25.7,25.78,25.678,25.78,19929,0
20151202,25.72,25.789,25.65,25.72,32979,0
20151203,25.68,25.74,25.5,25.7,62599,0
20151204,25.62,25.77,25.54,25.62,155566,0
20151207,25.62,25.64,25.56,25.59,36248,0
20151208,25.58,25.61,25.55,25.61,60733,0
20151209,25.55,25.64,25.55,25.6,22723,0
20151210,25.61,25.61,25.53,25.53,33312,0
20151211,25.51,25.579,25.36,25.36,45426,0
20151214,25.34,25.352,24.78,25.01,93539,0
20151215,25.16,25.2,24.95,25.05,90725,0
20151216,25.09,25.34,25.08,25.34,57328,0
20151217,25.39,25.57,25.36,25.504,73963,0
20151218,25.52,25.69,25.467,25.67,31395,0
20151221,25.66,25.75,25.63,25.75,75351,0
20151222,25.71,25.838,25.71,25.774,79533,0
20151223,25.8,25.85,25.75,25.8,37675,0
20151224,25.76,25.84,25.76,25.8,30133,0
20151228,25.83,26.08,25.72,25.96,65190,0
20151229,25.99,26.12,25.9,26.12,52794,0
20151230,25.99,26.2216,25.96,26.221,65180,0
20151231,26.198,26.213,26.05,26.19,93811,0
20160104,26,26.28,25.99,26.2799,123291,0
20160105,26.25,26.59,26.23,26.46,184953,0
20160106,26.33,26.48,26.241,26.45,118186,0
20160107,26.32,26.42,26.2,26.2606,106450,0
20160108,26.2759,26.36,26.221,26.26,26043,0
20160111,26.26,26.3,26.2,26.24,71527,0
20160112,26.24,26.24,26.09,26.13,74158,0
20160113,26.1301,26.2,26.027,26.03,57851,0
20160114,26.09,26.15,25.92,26.0715,247124,0
20160115,26,26.0147,25.85,25.96,131479,0
20160119,25.96,25.96,25.96,25.96,0,0
20160120,25.83,26.03,25.4001,26.03,84687,0
20160121,25.98,25.98,25.7,25.75,68435,0
20160122,25.57,25.57,25.41,25.48,106228,0
20160125,25.59,25.6399,25.4,25.52,76478,0
20160126,25.44,25.6,25.34,25.35,97524,0
20160127,25.39,25.4399,25.35,25.42,54286,0
20160128,25.48,25.58,25.4401,25.55,70409,0
20160129,25.54,25.8356,25.52,25.83,75168,0
20160201,25.71,26.9,25.67,25.89,38215,0
20160202,25.91,25.91,25.77,25.78,44374,0
20160203,25.8,25.858,25.7,25.8,26209,0
20160204,25.74,25.775,25.71,25.77,42733,0
20160205,25.79,25.79,25.5301,25.5694,43139,0
20160208,25.51,25.59,25.03,25.28,77967,0
20160209,25.13,25.2981,24.8,25.23,105229,0
20160210,25.59,25.83,25.3,25.34,167410,0
20160211,25.09,25.2085,24.62,25,160088,0
20160212,25.1,25.46,25.0101,25.11,84259,0
20160216,25,25.1,24.7701,24.97,751012,0
20160217,25.07,25.16,25.03,25.06,218122,0
20160218,25.11,25.16,25.06,25.09,62834,0
20160219,25.05,25.13,25.03,25.1,146143,0
20160222,25.18,25.23,25.11,25.14,55339,0
20160223,25.18,25.18,25.02,25.1,64019,0
20160224,25.07,25.12,24.95,25.11,62098,0
20160225,25.13,25.23,25.098,25.23,46152,0
20160226,25.249,25.3,25.19,25.2,58257,0
20160229,25.21,25.28,25.11,25.11,52382,0
20160301,25.25,25.43,25.19,25.28,76325,0
20160302,25.31,25.39,25.28,25.34,48326,0
20160303,25.28,25.3,25.23,25.26,62592,0
20160304,25.27,25.34,25.25,25.32,72955,0
20160307,25.33,25.36,25.28,25.33,39246,0
20160308,25.2745,25.32,25.25,25.29,123490,0
20160309,25.26,25.4,25.26,25.34,27052,0
20160310,25.4,25.51,25.3415,25.37,45131,0
20160311,25.45,25.53,25.41,25.41,45139,0
20160314,25.42,25.46,25.34,25.37,92236,0
20160315,25.38,25.38,25.26,25.26,21877,0
20160316,25.33,25.38,25.29,25.35,81160,0
20160317,25.36,25.47,25.34,25.39,68230,0
20160318,25.44,25.53,25.4001,25.5,37722,0
20160321,25.65,25.65,25.5304,25.6,35703,0
20160322,25.64,25.64,25.53,25.566,40268,0
20160323,25.62,25.6983,25.54,25.6983,40709,0
20160324,25.6001,25.69,25.6,25.631,52915,0
20160328,25.67,25.78,25.66,25.66,36588,0
20160329,25.73,25.75,25.66,25.66,36075,0
20160330,25.694,25.75,25.67,25.67,26684,0
20160331,25.68,25.83,25.68,25.83,62946,0
20160401,25.76,25.84,25.5603,25.6,48230,0
20160404,25.6,25.6,25.49,25.59,41959,0
20160405,25.58,25.62,25.463,25.59,36722,0
20160406,25.66,25.7299,25.61,25.61,60193,0
20160407,25.64,25.6579,25.57,25.62,47163,0
20160408,25.68,25.72,25.59,25.72,38730,0
20160411,25.76,25.76,25.68,25.73,45719,0
20160412,25.72,25.78,25.7,25.7,45032,0
20160413,25.73,25.87,25.72,25.81,64715,0
20160414,25.8,25.88,25.8,25.85,33662,0
20160415,25.79,25.88,25.79,25.87,77919,0
20160418,25.87,25.87,25.8,25.82,89054,0
20160419,25.8,25.9,25.7786,25.84,123359,0
20160420,25.93,25.94,25.87,25.87,35123,0
20160421,25.58,25.62,25.53,25.59,44167,0
20160422,25.59,25.7,25.563,25.59,62454,0
20160425,25.6,25.64,25.59,25.63,45045,0
20160426,25.68,25.68,25.58,25.6,50430,0
20160427,25.64,25.67,25.58,25.65,223172,0
20160428,25.61,25.69,25.61,25.61,38580,0
20160429,25.68,25.7,25.62,25.66,36045,0
20160502,25.66,25.76,25.62,25.69,39348,0
20160503,25.65,25.86,25.65,25.78,54157,0
20160504,25.83,25.84,25.77,25.82,34781,0
20160505,25.89,25.89,25.76,25.84,30103,0
20160506,25.8,25.91,25.76,25.79,42574,0
20160509,25.85,25.89,25.82,25.89,50054,0
20160510,25.97,25.98,25.8,25.8,75647,0
20160511,25.88,25.88,25.72,25.72,55344,0
20160512,25.78,25.8099,25.72,25.75,66634,0
20160513,25.79,25.83,25.75,25.76,35899,0
20160516,25.823,25.8299,25.76,25.77,86180,0
20160517,25.79,25.8,25.76,25.77,35020,0
20160518,25.8,25.85,25.6804,25.75,43186,0
20160519,25.68,25.7,25.61,25.6708,73008,0
20160520,25.63,25.77,25.6,25.77,66836,0
20160523,25.77,25.88,25.69,25.8,37466,0
20160524,25.86,25.86,25.8,25.81,41083,0
20160525,25.81,25.85,25.81,25.8399,30557,0
20160526,25.84,25.9,25.8001,25.9,17847,0
20160527,25.86,25.9,25.83,25.84,25623,0
20160531,25.85,25.96,25.83,25.9,73497,0
20160601,25.86,25.99,25.86,25.91,42108,0
20160602,25.9693,25.97,25.86,25.89,134804,0
20160603,25.89,26.04,25.89,26.04,47578,0
20160606,25.97,26.08,25.91,25.96,44251,0
20160607,25.91,26.03,25.9,25.9,49096,0
20160608,25.88,25.98,25.88,25.91,32192,0
20160609,25.88,26,25.87,25.95,40565,0
20160610,25.88,25.98,25.88,25.91,25708,0
20160613,25.91,25.96,25.91,25.96,19881,0
20160614,25.9,25.96,25.9,25.9,29831,0
20160615,25.9,26.03,25.9,26.03,41427,0
20160616,25.93,26.04,25.9,26.04,28579,0
20160617,26,26.14,25.98,26.13,17867,0
20160620,26.19,26.25,26.03,26.21,32583,0
20160621,26.24,26.24,26.03,26.03,49065,0
20160622,26.05,26.1399,26,26.08,31565,0
20160623,26.05,26.145,26.05,26.06,18100,0
20160624,25.71,26.14,25.5819,26.06,31381,0
20160627,25.81,26.04,25.81,25.9497,28270,0
20160628,25.91,26.25,25.91,26.1,23618,0
20160629,26.11,26.25,26.04,26.04,36534,0
20160630,26.04,26.27,26.04,26.17,30684,0
20160701,26.14,26.26,26.11,26.11,67753,0
20160705,26.12,26.1211,25.92,25.92,39191,0
20160706,25.98,26.05,25.95,25.9999,30795,0
20160707,26.01,26.182,26.01,26.05,47198,0
20160708,26.18,26.39,26.0901,26.2,75323,0
20160711,26.29,26.39,26.2006,26.25,25689,0
20160712,26.26,26.42,26.25,26.25,35456,0
20160713,26.41,26.41,26.27,26.27,72185,0
20160714,26.31,26.45,26.3,26.38,36720,0
20160715,26.38,26.51,26.33,26.51,68635,0
20160718,26.54,26.61,26.35,26.45,33391,0
20160719,26.58,26.6,26.39,26.4,53613,0
20160720,26.37,26.38,26.31,26.3399,62074,0
20160721,26.35,26.35,26.25,26.31,248336,0
20160722,26.04,26.04,25.9,25.9,374433,0
20160725,25.99,26,25.91,25.91,27734,0
20160726,25.91,25.99,25.88,25.91,72383,0
20160727,25.89,25.99,25.89,25.92,34769,0
20160728,25.93,25.94,25.86,25.87,87503,0
20160729,25.86,25.97,25.86,25.87,71545,0
20160801,25.97,25.97,25.9,25.95,77804,0
20160802,25.96,25.96,25.85,25.87,59322,0
20160803,25.88,25.94,25.87,25.9,53701,0
20160804,25.9,26,25.9,25.9,38291,0
20160805,25.92,26.12,25.92,26.01,43027,0
20160808,26.01,26.115,25.96,26.04,74732,0
20160809,26.02,26.1,26,26,282545,0
20160810,26.09,26.09,25.95,25.98,141290,0
20160811,26.02,26.02,25.96,25.96,117363,0
20160812,25.96,26.02,25.92,26.02,69979,0
20160815,26.05,26.05,25.9,25.9,75661,0
20160816,25.93,25.957,25.86,25.91,39994,0
20160817,25.98,25.98,25.87,25.91,87841,0
20160818,25.94,26.02,25.94,26,65399,0
20160819,26,26.05,25.92,25.95,148618,0
20160822,25.98,25.98,25.89,25.9,69970,0
20160823,25.95,26,25.93,25.95,89982,0
20160824,25.96,26,25.93,25.99,34774,0
20160825,25.98,26.04,25.97,26.02,21306,0
20160826,26.03,26.05,25.994,26.01,23942,0
20160829,26.01,26.03,26,26.02,54331,0
20160830,26,26.14,26,26.06,113870,0
20160831,26.08,26.12,26.08,26.11,35871,0
20160901,26.1,26.11,26.0404,26.1,20444,0
20160902,26.07,26.15,26.07,26.15,39719,0
20160906,26.2,26.2,26.13,26.2,126218,0
20160907,26.15,26.2,26.0801,26.1,43624,0
20160908,26.09,26.17,26.05,26.11,78085,0
20160909,26.08,26.08,25.72,25.76,63688,0
20160912,25.89,25.89,25.571,25.67,57989,0
20160913,25.66,25.66,25.27,25.4999,333761,0
20160914,25.49,25.63,25.42,25.6,89092,0
20160915,25.52,25.65,25.51,25.64,39424,0
20160916,25.62,25.62,25.52,25.62,45469,0
20160919,25.6,25.74,25.5922,25.67,31128,0
20160920,25.68,25.83,25.68,25.79,54870,0
20160921,25.75,25.94,25.74,25.87,80014,0
20160922,25.95,26.1,25.94,26.09,60505,0
20160923,26.03,26.13,26.03,26.05,23858,0
20160926,26.04,26.09,25.8828,25.908,55434,0
20160927,25.9,26.0399,25.82,26,44829,0
20160928,25.95,26.09,25.95,26.0899,28935,0
20160929,26.03,26.12,25.84,25.89,80126,0
20160930,25.93,25.9899,25.86,25.87,26388,0
20161003,25.94,25.9846,25.9,25.9683,15979,0
20161004,25.9,26,25.86,25.86,41965,0
20161005,25.87,25.97,25.87,25.9,24531,0
20161006,25.88,25.9899,25.87,25.95,31170,0
20161007,25.93,26,25.91,25.98,24886,0
20161010,25.97,25.98,25.87,25.9,31151,0
20161011,25.9,25.9,25.7,25.75,74274,0
20161012,25.75,25.75,25.5676,25.58,50595,0
20161013,25.56,25.63,25.46,25.55,49229,0
20161014,25.618,25.73,25.618,25.69,23865,0
20161017,25.702,25.702,25.65,25.68,14648,0
20161018,25.71,26,25.71,25.81,33131,0
20161019,25.81,25.96,25.81,25.96,29309,0
20161020,25.96,25.98,25.87,25.97,20958,0
20161021,25.91,26.15,25.91,26.15,66390,0
20161024,25.74,25.78,25.67,25.69,34032,0
20161025,25.67,25.83,25.67,25.8297,48014,0
20161026,25.79,25.8138,25.78,25.81,37973,0
20161027,25.73,25.79,25.59,25.79,72114,0
20161028,25.69,25.89,25.69,25.78,66625,0
20161031,25.79,25.87,25.7854,25.82,41116,0
20161101,25.78,25.85,25.681,25.85,74533,0
20161102,25.79,25.89,25.72,25.87,121390,0
20161103,25.81,25.86,25.73,25.74,65099,0
20161104,25.78,25.8219,25.77,25.8,56969,0
20161107,25.96,25.96,25.7323,25.84,20393,0
20161108,25.75,25.86,25.74,25.74,37675,0
20161109,25.53,25.67,25.496,25.55,44765,0
20161110,25.5,25.56,25.02,25.13,134021,0
20161111,25.18,25.2,24.8,25.14,485455,0
20161114,24.98,25,24.62,24.69,239455,0
20161115,24.73,25.0876,24.73,25.05,101141,0
20161116,25.1,25.36,25.1,25.3021,81266,0
20161117,25.33,25.34,25.17,25.17,159660,0
20161118,25.17,25.2,24.9285,24.95,49124,0
20161121,25.14,25.47,24.93,25.47,169562,0
20161122,25.46,25.61,25.26,25.51,145030,0
20161123,25.33,25.45,25.31,25.43,56171,0
20161125,25.43,25.48,25.37,25.41,6859,0
20161128,25.43,25.49,25.36,25.36,35703,0
20161129,25.37,25.3875,25.316,25.37,29157,0
20161130,25.28,25.2936,25.11,25.13,34405,0
20161201,25.07,25.1199,24.88,24.99,104703,0
20161202,24.9,25.09,24.86,25.03,65881,0
20161205,24.95,25.07,24.95,25,36526,0
20161206,25.01,25.05,24.9,25,49935,0
20161207,25.04,25.15,24.9504,25.145,65073,0
20161208,25.01,25.22,25.01,25.09,86645,0
20161209,25.18,25.18,25.01,25.1,67418,0
20161212,25.01,25.056,24.88,24.93,104947,0
20161213,25.02,25.03,24.91,24.92,37073,0
20161214,24.97,24.9799,24.8,24.82,73031,0
20161215,24.75,24.929,24.61,24.82,94992,0
20161216,24.89,24.89,24.71,24.82,56450,0
20161219,24.83,24.98,24.83,24.9499,58575,0
20161220,24.93,25,24.884,24.96,70983,0
20161221,25.05,25.27,24.96,25.24,99238,0
20161222,25.06,25.28,25.06,25.24,45919,0
20161223,25.3,25.3,25.14,25.27,49718,0
20161227,25.29,25.29,25.13,25.17,38998,0
20161228,25.13,25.18,25.0309,25.09,36961,0
20161229,25.1,25.18,25.09,25.18,32022,0
20161230,25.17,25.26,25.11,25.25,25590,0
20170103,25.28,25.37,25.202,25.37,56503,0
20170104,25.37,25.81,25.3,25.63,46345,0
20170105,25.56,25.76,25.36,25.5499,50418,0
20170106,25.5718,25.582,25.44,25.54,57564,0
20170109,25.51,25.63,25.47,25.4901,59348,0
20170110,25.51,25.5614,25.42,25.44,42805,0
20170111,25.56,25.6399,25.48,25.56,59408,0
20170112,25.57,25.7337,25.56,25.56,55487,0
20170113,25.67,25.73,25.56,25.56,37398,0
20170117,25.58,25.64,25.56,25.56,68004,0
20170118,25.56,25.6132,25.56,25.57,34497,0
20170119,25.56,25.56,25.33,25.4,85200,0
20170120,25.4,25.54,25.33,25.33,70766,0
20170123,25.36,25.73,25.36,25.7,69666,0
20170124,25.39,25.44,25.2513,25.3,47455,0
20170125,25.29,25.29,25.13,25.17,49869,0
20170126,25.15,25.34,25.15,25.28,26588,0
20170127,25.24,25.41,25.23,25.32,32817,0
20170130,25.29,25.39,25.23,25.27,35562,0
20170131,25.26,25.32,25.25,25.26,44653,0
20170201,25.26,25.36,25.171,25.3,32283,0
20170202,25.26,25.39,25.26,25.39,44511,0
20170203,25.36,25.55,25.36,25.5,47584,0
20170206,25.45,25.6,25.45,25.47,27339,0
20170207,25.55,25.58,25.46,25.49,31987,0
20170208,25.49,25.6,25.49,25.53,49190,0
20170209,25.52,25.583,25.47,25.49,20890,0
20170210,25.49,25.5,25.38,25.46,44792,0
20170213,25.52,25.52,25.41,25.5199,45293,0
20170214,25.49,25.49,25.42,25.45,27078,0
20170215,25.4,25.59,25.3301,25.58,31175,0
20170216,25.59,25.73,25.52,25.7,71560,0
20170217,25.72,25.72,25.5,25.53,40574,0
20170221,25.51,25.5101,25.35,25.4,48687,0
20170222,25.39,25.48,25.38,25.48,48268,0
20170223,25.48,25.54,25.41,25.54,52419,0
20170224,25.53,25.68,25.5286,25.66,47039,0
20170227,25.61,25.72,25.53,25.54,29614,0
20170228,25.59,25.62,25.521,25.61,17401,0
20170301,25.45,25.67,25.37,25.67,59967,0
20170302,25.58,25.72,25.57,25.6,61132,0
20170303,25.59,25.6,25.51,25.5706,15292,0
20170306,25.53,25.53,25.42,25.5,22081,0
20170307,25.45,25.4623,25.25,25.42,37806,0
20170308,25.35,25.35,25.11,25.13,62408,0
20170309,25.1,25.1,24.9,25.06,80839,0
20170310,25.01,25.08,24.96,25.07,138816,0
20170313,25.1,25.21,25.0822,25.19,93612,0
20170314,25.23,25.48,25.23,25.48,88467,0
20170315,25.4,25.66,25.3501,25.63,111602,0
20170316,25.52,25.82,25.52,25.82,66365,0
20170317,25.76,25.93,25.72,25.9,347171,0
20170320,25.87,25.909,25.77,25.79,81109,0
20170321,25.76,25.81,25.7,25.81,42361,0
20170322,25.76,25.88,25.73,25.82,62471,0
20170323,25.77,25.87,25.77,25.81,47042,0
20170324,25.79,25.87,25.79,25.87,138483,0
20170327,25.75,25.86,25.75,25.8115,28327,0
20170328,25.8,25.85,25.78,25.83,50324,0
20170329,25.77,25.86,25.77,25.83,67011,0
20170330,25.8,25.96,25.8,25.96,109174,0
20170331,25.9,26,25.86,26,71015,0
20170403,25.9,26.1872,25.9,26.06,81180,0
20170404,26.06,26.09,25.97,26.05,58319,0
20170405,25.99,26.09,25.91,25.95,36797,0
20170406,25.91,25.9299,25.84,25.9,85526,0
20170407,25.85,25.9,25.82,25.82,42860,0
20170410,25.82,25.94,25.72,25.81,55802,0
20170411,25.78,25.79,25.71,25.7705,20661,0
20170412,25.75,25.84,25.75,25.84,30731,0
20170413,25.81,25.98,25.78,25.98,80531,0
20170417,25.98,26.15,25.9514,26.14,65939,0
20170418,26.14,26.25,26.0215,26.22,87261,0
20170419,26.16,26.31,26.16,26.22,107760,0
20170420,26.21,26.25,26.15,26.17,49274,0
20170421,25.89,26.12,25.77,25.89,81444,0
20170424,25.89,26.02,25.79,25.92,77971,0
20170425,25.88,25.95,25.68,25.68,121871,0
20170426,25.74,25.74,25.64,25.64,36799,0
20170427,25.69,25.69,25.63,25.68,54096,0
20170428,25.63,25.71,25.61,25.71,41458,0
20170501,25.7,25.72,25.6134,25.68,33591,0
20170502,25.69,25.855,25.66,25.85,29495,0
20170503,25.79,26.05,25.7711,26.02,52645,0
20170504,26.02,26.04,25.9,26.03,100516,0
20170505,26.06,26.18,26.03,26.18,67658,0
20170508,26.18,26.27,26.09,26.26,36559,0
20170509,26.26,26.29,26.26,26.28,50660,0
20170510,26.3,26.3299,26.2,26.27,43759,0
20170511,26.26,26.26,26.06,26.07,115030,0
20170512,26.07,26.1078,25.89,25.94,65735,0
20170515,25.99,26.01,25.94,25.94,25012,0
20170516,25.94,25.96,25.9,25.91,26771,0
20170517,25.85,25.94,25.82,25.82,22362,0
20170518,25.85,25.89,25.75,25.83,34266,0
20170519,25.9,25.931,25.8301,25.9,19999,0
20170522,25.95,25.95,25.9,25.94,23173,0
20170523,25.91,25.94,25.82,25.94,26104,0
20170524,25.97,25.975,25.91,25.93,62504,0
20170525,25.9061,25.98,25.88,25.94,17174,0
20170526,25.93,25.97,25.89,25.925,12709,0
20170530,25.81,26.05,25.81,25.91,48114,0
20170531,25.91,26,25.91,25.91,19968,0
20170601,25.91,25.96,25.9,25.95,18088,0
20170602,25.97,26.13,25.961,25.99,52305,0
20170605,25.95,25.97,25.91,25.96,17728,0
20170606,25.95,25.9905,25.95,25.97,13791,0
20170607,26,26.01,25.86,25.9,45443,0
20170608,25.9,25.9,25.79,25.8,80627,0
20170609,25.88,25.9,25.81,25.81,31151,0
20170612,25.8,25.88,25.7,25.7,49910,0
20170613,25.7,25.77,25.66,25.71,74034,0
20170614,25.75,25.7939,25.69,25.7,63147,0
20170615,25.7,25.77,25.67,25.74,52689,0
20170616,25.72,25.77,25.62,25.62,295252,0
20170619,25.67,25.75,25.66,25.72,68697,0
20170620,25.73,25.77,25.7,25.77,40595,0
20170621,25.77,25.8,25.7,25.72,27617,0
20170622,25.73,25.79,25.7129,25.75,29842,0
20170623,25.73,25.79,25.72,25.78,34182,0
20170626,25.75,25.9,25.75,25.85,54745,0
20170627,25.87,25.88,25.76,25.84,26301,0
20170628,25.81,25.89,25.78,25.87,27010,0
20170629,25.83,25.87,25.78,25.85,22346,0
20170630,25.85,25.89,25.81,25.89,32833,0
20170703,25.84,25.91,25.84,25.91,11580,0
20170705,25.91,25.96,25.8558,25.96,33897,0
20170706,25.9,25.98,25.87,25.87,44111,0
20170707,25.87,25.94,25.8201,25.91,27728,0
20170710,25.9,25.94,25.85,25.9,33327,0
20170711,25.91,25.93,25.8441,25.89,122389,0
20170712,25.93,25.93,25.75,25.78,123466,0
20170713,25.8,25.8,25.74,25.78,35661,0
20170714,25.78,25.82,25.77,25.82,50712,0
20170717,25.81,25.85,25.79,25.83,29938,0
20170718,25.81,25.85,25.76,25.85,19301,0
20170719,25.85,25.9,25.83,25.87,27291,0
20170720,25.83,25.89,25.82,25.88,37015,0
20170721,25.83,25.99,25.8,25.99,57827,0
20170724,25.69,25.69,25.57,25.66,36644,0
20170725,25.611,25.6472,25.52,25.59,36506,0
20170726,25.6,25.66,25.5,25.62,97504,0
20170727,25.62,25.68,25.51,25.57,43737,0
20170728,25.58,25.63,25.58,25.63,19304,0
20170731,25.58,25.65,25.58,25.6,18928,0
20170801,25.61,25.69,25.61,25.68,40826,0
