Date,Open,High,Low,Close,Volume,OpenInt
20100623,14.461,14.461,14.461,14.461,0,0
20100624,14.887,15.139,14.511,14.8,3050758,0
20100625,14.759,15.183,14.673,14.978,274121,0
20100628,15.066,15.125,14.733,14.843,108759,0
20100629,14.655,15.139,14.214,14.742,341260,0
20100630,14.667,14.856,14.51,14.675,170170,0
20100701,14.673,14.834,14.249,14.461,494307,0
20100702,14.461,14.555,14.307,14.451,271767,0
20100706,14.545,14.665,14.129,14.214,140313,0
20100707,14.205,14.333,13.88,14.06,178431,0
20100708,14.06,14.06,13.737,13.943,243577,0
20100709,13.906,14.121,13.808,14.034,294258,0
20100712,13.961,14.129,13.825,13.952,98400,0
20100713,14.016,14.307,13.952,14.257,62054,0
20100714,14.078,14.333,14.078,14.265,72048,0
20100715,14.391,14.444,14.087,14.205,271731,0
20100716,14.249,14.249,13.952,14.078,181682,0
20100719,14.161,14.161,13.407,13.61,427143,0
20100720,13.398,13.636,13.144,13.617,135792,0
20100721,13.677,13.745,13.472,13.49,105515,0
20100722,13.499,14.034,12.487,13.737,240592,0
20100723,13.61,13.745,13.543,13.737,141270,0
20100726,13.524,14.034,13.524,13.969,95418,0
20100727,13.978,13.978,13.636,13.829,74537,0
20100728,13.763,13.763,13.61,13.694,46595,0
20100729,13.719,14,13.552,13.863,42652,0
20100730,13.745,14,13.617,14,54620,0
20100802,14.06,14.249,13.89,14.249,37329,0
20100803,14.17,14.298,13.829,14.205,29115,0
20100804,14.179,14.461,14.137,14.265,55660,0
20100805,14.205,14.205,13.992,14.121,17400,0
20100806,14.121,14.153,13.754,14.153,167925,0
20100809,14.197,14.214,13.838,14.121,28994,0
20100810,13.906,14.161,13.781,14.153,15636,0
20100811,13.961,13.984,13.728,13.838,24563,0
20100812,13.825,14.043,13.825,13.838,30811,0
20100813,13.961,14.257,13.961,14.114,55687,0
20100816,14,14.034,13.825,14.034,24119,0
20100817,14.087,14.197,14.025,14.121,15664,0
20100818,14.034,14.034,13.763,13.978,24822,0
20100819,13.89,14.129,13.838,14.105,17669,0
20100820,14.197,14.324,13.992,14.17,18032,0
20100823,14.161,14.161,13.838,14.016,13048,0
20100824,13.89,14.087,13.825,13.906,38211,0
20100825,14.016,14.016,13.626,13.961,46420,0
20100826,13.924,13.933,13.825,13.906,11315,0
20100827,13.829,14.069,13.825,14.016,14223,0
20100830,13.992,13.992,13.825,13.863,19365,0
20100831,13.746,14.038,13.703,14.004,18397,0
20100901,13.89,14.096,13.719,14.034,4207,0
20100902,13.825,13.969,13.737,13.915,9233,0
20100903,13.952,14.316,13.952,14.121,15195,0
20100907,14.121,14.121,13.872,13.943,29448,0
20100908,13.906,14.114,13.772,14.016,34917,0
20100909,14.078,14.137,13.644,13.924,24375,0
20100910,13.952,13.961,13.781,13.961,43980,0
20100913,14.121,14.161,13.781,14.096,77173,0
20100914,14.016,14.17,14,14.105,41483,0
20100915,14.137,14.249,14.069,14.121,38961,0
20100916,14.016,14.461,14.016,14.4,112241,0
20100917,14.17,14.494,13.952,14.087,109143,0
20100920,14.105,14.486,14,14.4,130338,0
20100921,14.316,14.461,14.316,14.4,28441,0
20100922,14.24,14.451,13.924,14.205,92458,0
20100923,14.034,14.078,13.737,14.078,86416,0
20100924,14.129,14.129,13.653,13.781,131915,0
20100927,13.728,14.078,13.559,13.943,278181,0
20100928,13.847,14.153,13.594,13.677,97847,0
20100929,13.668,13.952,13.576,13.737,88697,0
20100930,13.783,14.134,13.654,13.927,1516595,0
20101001,13.906,13.992,13.808,13.978,285067,0
20101004,13.915,13.984,13.711,13.924,99029,0
20101005,14.034,14.034,13.644,13.898,107128,0
20101006,13.933,14.06,13.636,14.051,180412,0
20101007,14.121,14.179,13.702,13.872,79291,0
20101008,13.838,14.034,13.754,13.943,35336,0
20101011,14,14,13.737,13.863,28445,0
20101012,13.791,13.924,13.728,13.754,20918,0
20101013,13.829,14,13.781,13.924,87769,0
20101014,13.978,14,13.781,13.855,45310,0
20101015,13.89,13.992,13.8,13.847,42045,0
20101018,13.838,13.969,13.586,13.825,93350,0
20101019,13.694,13.825,13.499,13.644,97159,0
20101020,13.61,13.781,13.568,13.719,93479,0
20101021,13.8,13.924,13.626,13.694,103307,0
20101022,13.702,13.781,13.668,13.711,36959,0
20101025,13.772,13.772,13.653,13.694,40162,0
20101026,13.617,13.763,13.586,13.626,64992,0
20101027,13.568,13.702,13.415,13.543,42122,0
20101028,13.636,13.694,13.507,13.552,83183,0
20101029,13.406,13.692,13.406,13.613,44187,0
20101101,13.686,13.686,13.524,13.586,41480,0
20101102,13.686,13.686,13.524,13.568,105977,0
20101103,13.568,13.61,13.481,13.61,34187,0
20101104,13.728,13.88,13.524,13.754,72978,0
20101105,13.644,13.677,13.568,13.594,52742,0
20101108,13.61,13.952,13.576,13.863,66746,0
20101109,13.838,13.952,13.312,13.407,220277,0
20101110,13.235,13.644,13.065,13.594,142469,0
20101111,13.507,13.719,13.439,13.61,251998,0
20101112,13.552,13.626,13.423,13.524,77425,0
20101115,13.617,13.677,13.534,13.594,106392,0
20101116,13.534,13.61,13.261,13.271,80101,0
20101117,13.398,13.439,13.286,13.355,97416,0
20101118,13.439,13.568,13.175,13.312,141576,0
20101119,13.127,13.398,12.922,13.193,124421,0
20101122,13.209,13.43,13.022,13.271,117461,0
20101123,13.167,13.457,13.006,13.363,179616,0
20101124,13.43,13.507,13.135,13.43,78330,0
20101126,13.312,13.594,13.209,13.524,22824,0
20101129,13.481,13.559,13.338,13.43,144774,0
20101130,13.337,13.601,12.848,12.985,569635,0
20101201,13.135,13.209,12.641,12.99,230169,0
20101202,12.981,13.144,12.87,13.109,101204,0
20101203,13.118,13.312,12.99,13.151,103662,0
20101206,13.118,13.209,13.014,13.022,63524,0
20101207,13.109,13.227,13.022,13.09,75786,0
20101208,13.144,13.144,13.047,13.065,37586,0
20101209,13.109,13.109,12.99,13.031,54506,0
20101210,13.065,13.184,13.031,13.099,82489,0
20101213,13.082,13.09,12.946,13.006,174829,0
20101214,13.056,13.082,12.903,12.912,127712,0
20101215,12.93,12.998,12.802,12.87,110809,0
20101216,12.84,12.881,12.702,12.76,288512,0
20101217,12.757,12.854,12.676,12.846,360459,0
20101220,12.87,13.065,12.748,12.748,245849,0
20101221,12.802,12.828,12.71,12.748,154957,0
20101222,12.739,12.846,12.71,12.767,150802,0
20101223,12.748,12.886,12.748,12.846,34897,0
20101227,12.794,12.878,12.776,12.846,43099,0
20101228,12.81,12.895,12.564,12.676,276155,0
20101229,12.671,12.815,12.365,12.496,130948,0
20101230,12.452,12.815,12.452,12.589,260545,0
20101231,12.662,12.846,12.597,12.801,106129,0
20110103,12.886,12.938,12.81,12.938,63799,0
20110104,12.99,13.031,12.748,12.854,59134,0
20110105,12.861,12.981,12.757,12.922,491946,0
20110106,12.895,12.998,12.828,12.903,361955,0
20110107,12.903,12.93,12.794,12.886,69937,0
20110110,12.854,13.09,12.748,12.886,102799,0
20110111,12.922,12.93,12.785,12.895,47091,0
20110112,12.981,12.998,12.87,12.938,92939,0
20110113,12.946,12.946,12.846,12.878,46626,0
20110114,12.938,12.946,12.846,12.946,143824,0
20110118,12.912,12.972,12.878,12.922,116723,0
20110119,12.895,13.056,12.854,12.861,57346,0
20110120,12.854,12.854,12.546,12.7,44202,0
20110121,12.724,12.802,12.307,12.436,164288,0
20110124,12.412,12.572,12.342,12.564,40537,0
20110125,12.487,12.683,12.358,12.538,49163,0
20110126,12.546,12.739,12.546,12.641,38226,0
20110127,12.683,12.93,12.505,12.731,48145,0
20110128,12.65,12.65,12.316,12.412,62919,0
20110131,12.474,12.545,12.296,12.483,62785,0
20110201,12.597,12.597,12.419,12.505,134544,0
20110202,12.496,12.505,12.276,12.333,42332,0
20110203,12.496,12.7,12.404,12.419,169853,0
20110204,12.162,12.419,11.995,12.394,113135,0
20110207,12.385,12.419,12.291,12.307,45463,0
20110208,12.223,12.333,12.162,12.251,33895,0
20110209,12.205,12.333,12.053,12.14,28986,0
20110210,12.119,12.248,12.057,12.168,65351,0
20110211,12.333,12.895,12.333,12.632,243012,0
20110214,12.65,12.66,12.496,12.546,124261,0
20110215,12.546,12.587,12.428,12.564,312878,0
20110216,12.496,12.785,12.453,12.546,270055,0
20110218,12.605,12.846,12.572,12.676,200182,0
20110222,12.861,12.861,12.444,12.555,58435,0
20110223,12.546,12.587,12.478,12.546,112617,0
20110224,12.578,13.056,12.478,12.757,238673,0
20110225,12.787,13.292,12.741,12.994,255422,0
20110228,12.998,13.162,12.461,12.799,1427622,0
20110301,12.769,13.079,12.751,12.848,128129,0
20110302,12.848,12.976,12.787,12.863,81704,0
20110303,12.873,13.036,12.84,13.017,196288,0
20110304,13.026,13.043,12.889,12.907,50541,0
20110307,12.837,12.886,12.632,12.767,66378,0
20110308,12.757,12.93,12.71,12.93,52252,0
20110309,12.898,12.948,12.711,12.831,42384,0
20110310,12.741,12.751,12.384,12.403,82086,0
20110311,12.411,12.513,12.332,12.403,65753,0
20110314,12.348,12.444,12.203,12.22,61593,0
20110315,12.101,12.145,11.963,12.015,63050,0
20110316,12.076,12.624,12.076,12.521,141090,0
20110317,12.58,12.58,12.184,12.237,115313,0
20110318,12.239,12.341,12.127,12.341,72181,0
20110321,12.461,12.555,12.332,12.452,83813,0
20110322,12.436,12.478,12.384,12.427,23003,0
20110323,12.384,12.427,12.282,12.348,59426,0
20110324,12.356,12.356,12.177,12.296,67564,0
20110325,12.239,12.348,12.22,12.239,33954,0
20110328,12.275,12.296,12.109,12.159,74179,0
20110329,12.203,12.341,12.151,12.275,63875,0
20110330,12.366,12.572,12.23,12.305,159618,0
20110331,12.282,12.662,12.282,12.605,162492,0
20110401,12.702,12.84,12.588,12.633,34549,0
20110404,12.652,12.787,12.266,12.529,70131,0
20110405,12.521,12.521,12.266,12.314,122787,0
20110406,12.266,12.411,12.258,12.332,82550,0
20110407,12.356,12.375,12.22,12.314,116780,0
20110408,12.366,12.375,12.266,12.314,90147,0
20110411,12.275,12.332,12.266,12.289,29805,0
20110412,12.258,12.314,12.101,12.127,90159,0
20110413,12.177,12.305,12.168,12.22,80018,0
20110414,12.289,12.289,11.784,12.04,83782,0
20110415,11.963,12.332,11.963,12.314,37759,0
20110418,12.23,12.305,11.955,11.981,49400,0
20110419,12.015,12.076,11.903,11.981,44657,0
20110420,12.076,12.076,11.878,12.057,25762,0
20110421,12.145,12.289,11.8,12.248,128278,0
20110425,12.258,12.258,12.136,12.248,25814,0
20110426,12.22,12.384,12.119,12.168,116944,0
20110427,11.749,12.615,11.475,12.538,576129,0
20110428,12.916,12.994,12.717,12.822,3834159,0
20110429,12.745,12.925,12.737,12.846,549375,0
20110502,12.733,12.889,12.564,12.848,325361,0
20110503,12.84,12.925,12.741,12.822,209606,0
20110504,12.778,12.925,12.702,12.813,289928,0
20110505,12.825,13.022,12.791,12.92,197044,0
20110506,12.994,13.198,12.741,13.036,240542,0
20110509,12.994,13.104,12.822,13.026,283669,0
20110510,13.061,13.533,12.881,13.397,235354,0
20110511,12.704,13.396,12.644,13.204,271912,0
20110512,13.165,13.421,12.863,13.292,191820,0
20110513,13.206,13.249,12.863,13.165,195664,0
20110516,13.123,13.462,13.043,13.406,333890,0
20110517,13.268,13.353,13.095,13.206,516958,0
20110518,13.233,13.507,13.026,13.406,143724,0
20110519,13.456,13.577,13.337,13.552,158939,0
20110520,13.456,13.553,13.283,13.283,81896,0
20110523,13.233,13.414,13.086,13.337,220862,0
20110524,13.337,13.568,13.157,13.233,127558,0
20110525,13.233,13.756,13.104,13.552,190323,0
20110526,13.507,13.746,13.172,13.703,133739,0
20110527,13.689,13.805,13.462,13.786,156874,0
20110531,13.818,13.965,13.308,13.762,662144,0
20110601,13.729,13.793,13.249,13.276,161452,0
20110602,13.259,13.414,13.017,13.086,238034,0
20110603,13.022,13.129,12.867,13.075,93198,0
20110606,13.01,13.206,12.863,12.889,75329,0
20110607,12.953,13.534,12.893,13.48,236559,0
20110608,13.421,13.619,13.075,13.221,108399,0
20110609,13.212,13.257,13.041,13.066,48101,0
20110610,12.98,13.195,12.885,12.99,142614,0
20110613,13.041,13.092,12.834,12.962,152601,0
20110614,13.006,13.041,12.885,13.006,49891,0
20110615,12.92,13.006,12.867,12.962,80851,0
20110616,12.998,13.309,12.92,13.154,97865,0
20110617,13.274,13.569,13.048,13.154,221824,0
20110620,13.162,13.56,13.162,13.472,70857,0
20110621,13.534,13.689,13.489,13.646,70441,0
20110622,13.611,13.878,13.462,13.48,54920,0
20110623,13.327,13.456,13.11,13.352,144393,0
20110624,13.352,13.829,13.344,13.829,778875,0
20110627,13.749,13.829,13.602,13.655,115518,0
20110628,13.655,13.821,13.447,13.534,127374,0
20110629,13.611,13.611,13.283,13.37,171365,0
20110630,13.338,13.603,13.284,13.425,124298,0
20110701,13.429,13.56,13.29,13.447,226287,0
20110705,13.421,13.578,13.092,13.543,189584,0
20110706,13.525,13.821,13.525,13.715,101981,0
20110707,13.777,14.252,13.749,13.835,233323,0
20110708,13.696,14.06,13.646,13.821,89028,0
20110711,13.68,13.821,13.318,13.405,161300,0
20110712,13.352,13.731,13.352,13.578,103710,0
20110713,13.587,13.731,13.456,13.578,61877,0
20110714,13.56,13.705,13.12,13.352,76921,0
20110715,13.36,13.619,13.299,13.595,130643,0
20110718,13.56,13.611,13.187,13.36,107802,0
20110719,13.462,13.569,13.221,13.429,303787,0
20110720,13.396,13.543,13.318,13.36,162028,0
20110721,13.429,13.578,13.309,13.396,231005,0
20110722,13.429,13.447,13.266,13.352,117901,0
20110725,13.231,13.344,13.212,13.318,93774,0
20110726,13.282,13.335,13.144,13.265,53593,0
20110727,13.204,13.309,13.057,13.092,135474,0
20110728,13.064,13.195,12.967,13.185,100443,0
20110729,12.906,13.211,12.898,13.185,96048,0
20110801,13.231,13.37,13.014,13.057,112739,0
20110802,13.011,13.117,12.872,12.967,94295,0
20110803,12.962,13.204,12.893,12.99,99018,0
20110804,12.906,13.045,12.688,12.738,178108,0
20110805,12.834,12.834,11.933,12.256,142537,0
20110808,11.813,12.072,10.8,10.844,239181,0
20110809,11.05,11.751,10.412,11.751,397091,0
20110810,11.484,11.544,10.861,10.965,315139,0
20110811,11.239,11.734,10.95,11.329,309077,0
20110812,11.467,11.5,11.042,11.337,176020,0
20110815,11.518,11.899,11.476,11.622,483403,0
20110816,11.562,11.873,11.363,11.831,222691,0
20110817,11.899,12.166,11.769,12.019,149909,0
20110818,11.831,12.054,11.562,11.598,196162,0
20110819,11.509,11.84,11.441,11.458,126827,0
20110822,11.675,11.675,11.166,11.285,82010,0
20110823,11.294,11.598,11.232,11.598,87204,0
20110824,11.589,11.675,11.337,11.656,71936,0
20110825,11.718,11.743,11.181,11.598,123183,0
20110826,11.517,11.581,11.326,11.572,37882,0
20110829,11.675,12.264,11.535,12.246,110448,0
20110830,12.106,12.209,11.701,12.156,167224,0
20110831,12.218,12.305,11.85,12.042,412674,0
20110901,12.019,12.166,11.631,11.76,90522,0
20110902,11.567,11.567,11.337,11.364,125147,0
20110906,11.135,11.448,11.09,11.308,182896,0
20110907,11.475,11.657,11.395,11.543,185096,0
20110908,11.526,11.622,11.282,11.378,150050,0
20110909,11.3,11.517,10.88,10.977,128650,0
20110912,10.888,11.099,10.774,10.968,93674,0
20110913,10.986,11.153,10.811,11.135,164724,0
20110914,11.187,11.187,10.944,11.045,88906,0
20110915,11.107,11.153,10.995,11.135,79893,0
20110916,11.254,11.666,11.045,11.572,467983,0
20110919,11.441,11.49,11.09,11.153,56465,0
20110920,11.161,11.3,10.951,10.96,83265,0
20110921,11.012,11.153,10.365,10.47,135489,0
20110922,10.243,10.479,9.954,10.208,175599,0
20110923,10.182,10.338,10.076,10.304,85591,0
20110926,10.365,10.365,9.86,10.227,129372,0
20110927,10.418,10.674,10.189,10.497,133665,0
20110928,10.462,10.572,10.009,10.009,129822,0
20110929,10.227,10.243,10.06,10.227,143246,0
20110930,10.124,10.4,10.079,10.16,243288,0
20111003,10.067,10.409,9.4495,9.4733,196650,0
20111004,9.3969,10.551,9.2379,10.488,196529,0
20111005,10.452,10.514,9.833,10.296,123166,0
20111006,10.227,10.462,10.208,10.426,77595,0
20111007,10.47,10.47,9.702,10.067,165694,0
20111010,10.227,10.497,10.148,10.488,288224,0
20111011,10.374,10.514,10.262,10.365,260409,0
20111012,10.462,10.724,10.329,10.497,219156,0
20111013,10.426,10.607,10.338,10.47,133326,0
20111014,10.581,10.829,10.409,10.699,104871,0
20111017,10.599,10.741,10.572,10.655,88118,0
20111018,10.664,11.063,10.645,10.935,198520,0
20111019,10.872,10.96,10.617,10.664,79634,0
20111020,10.741,10.944,10.426,10.907,120101,0
20111021,11.072,11.361,10.766,11.353,121326,0
20111024,11.335,11.788,11.196,11.64,117827,0
20111025,11.631,11.631,11.116,11.126,85067,0
20111026,11.282,11.318,11.019,11.263,87003,0
20111027,11.614,11.771,11.414,11.702,341074,0
20111028,11.64,11.771,11.553,11.631,156344,0
20111031,11.528,11.814,11.352,11.662,250834,0
20111101,11.353,11.553,10.935,10.986,215844,0
20111102,11.161,11.387,11.072,11.318,191131,0
20111103,11.389,11.435,11.018,11.32,76456,0
20111104,11.256,11.256,11.045,11.117,80248,0
20111107,11.082,11.187,10.977,11.126,138871,0
20111108,11.126,11.273,11.063,11.168,153847,0
20111109,10.968,10.968,10.626,10.674,131762,0
20111110,10.826,11.162,10.808,10.914,96862,0
20111111,11.003,11.144,10.968,11.126,115885,0
20111114,11.027,11.027,10.691,10.792,162544,0
20111115,10.749,10.977,10.645,10.888,60831,0
20111116,10.766,10.968,10.645,10.706,98856,0
20111117,10.731,10.925,10.716,10.872,312158,0
20111118,10.863,10.888,10.731,10.88,369805,0
20111121,10.691,10.829,10.655,10.706,213356,0
20111122,10.724,10.935,10.664,10.741,120382,0
20111123,10.664,10.674,10.312,10.312,111334,0
20111125,10.289,10.545,10.227,10.235,39355,0
20111128,10.636,10.636,10.208,10.338,224330,0
20111129,10.329,10.418,10.189,10.296,148282,0
20111130,10.612,11.214,10.525,11.207,388219,0
20111201,11.135,11.353,11.063,11.161,235820,0
20111202,11.294,11.408,11.223,11.329,116624,0
20111205,11.49,11.745,11.244,11.572,170919,0
20111206,11.577,11.69,11.417,11.619,275110,0
20111207,11.567,11.909,11.558,11.841,145120,0
20111208,11.778,11.778,11.381,11.417,143331,0
20111209,11.47,11.813,11.311,11.653,133807,0
20111212,11.53,11.708,11.373,11.494,115523,0
20111213,11.594,11.759,11.408,11.408,105833,0
20111214,11.32,11.619,11.32,11.567,118318,0
20111215,11.725,11.841,11.425,11.548,164381,0
20111216,11.681,11.725,11.355,11.504,220934,0
20111219,11.53,11.733,11.479,11.521,118429,0
20111220,11.708,12.024,11.69,11.972,235185,0
20111221,11.909,12.113,11.717,11.918,261092,0
20111222,11.981,12.377,11.981,12.077,61904,0
20111223,12.141,12.228,12.033,12.042,34103,0
20111227,12.059,12.209,12.016,12.024,56756,0
20111228,12.024,12.033,11.751,11.794,142586,0
20111229,11.86,12.087,11.751,11.963,499473,0
20111230,11.928,12.594,11.928,12.48,165510,0
20120103,12.72,12.897,12.414,12.466,148447,0
20120104,12.377,12.387,12.069,12.095,86092,0
20120105,12.087,12.156,11.86,12.009,471246,0
20120106,11.981,12.209,11.972,12.087,64490,0
20120109,12.149,12.274,11.909,12.192,86482,0
20120110,12.265,12.536,12.087,12.457,143741,0
20120111,12.406,12.587,12.282,12.563,67788,0
20120112,12.553,12.553,12.183,12.324,147458,0
20120113,12.174,12.274,12.123,12.274,95013,0
20120117,12.32,12.402,12.134,12.144,83582,0
20120118,12.123,12.615,12.123,12.553,56443,0
20120119,12.406,12.714,12.406,12.695,38762,0
20120120,12.679,12.906,12.597,12.879,65916,0
20120123,12.879,13.1,12.879,13.046,85676,0
20120124,12.933,13.434,12.888,13.249,536687,0
20120125,13.223,13.425,13.11,13.269,502444,0
20120126,13.338,13.338,13.073,13.163,99182,0
20120127,13.119,13.259,13.073,13.249,57583,0
20120130,13.119,13.338,13.119,13.269,58155,0
20120131,13.297,13.609,13.131,13.548,91737,0
20120201,13.762,14.007,13.638,13.724,176838,0
20120202,13.771,13.857,13.559,13.752,214040,0
20120203,13.929,14.06,13.857,14.015,170704,0
20120206,13.919,14.116,13.893,14.116,75953,0
20120207,14.089,14.22,14.015,14.089,89738,0
20120208,14.06,14.124,13.929,14.015,70807,0
20120209,14.016,14.016,13.875,13.91,54646,0
20120210,13.771,14.034,13.69,13.808,187400,0
20120213,13.957,14.193,13.857,14.034,105435,0
20120214,13.983,13.983,13.665,13.875,66382,0
20120215,13.902,13.919,13.724,13.79,53110,0
20120216,13.8,13.966,13.8,13.875,121106,0
20120217,13.902,13.999,13.825,13.825,188142,0
20120221,13.808,13.883,13.743,13.857,71056,0
20120222,13.78,13.825,13.619,13.682,90331,0
20120223,13.78,13.79,13.603,13.707,73388,0
20120224,13.663,13.808,13.645,13.751,64198,0
20120227,13.638,13.69,13.478,13.665,21361,0
20120228,13.629,13.752,13.523,13.682,55138,0
20120229,13.796,13.836,13.478,13.478,86164,0
20120301,13.505,13.682,13.232,13.249,118200,0
20120302,13.263,13.334,13.191,13.217,157228,0
20120305,13.276,13.487,13.146,13.478,131544,0
20120306,13.343,13.439,13.263,13.316,75478,0
20120307,13.415,13.511,13.253,13.511,53093,0
20120308,13.539,13.574,13.343,13.501,39681,0
20120309,13.548,13.548,12.95,13.406,223954,0
20120312,13.465,13.475,13.165,13.226,159305,0
20120313,13.334,13.566,13.235,13.483,105202,0
20120314,13.52,13.636,13.297,13.379,66305,0
20120315,13.396,13.406,13.217,13.379,65682,0
20120316,13.343,13.574,13.343,13.396,152105,0
20120319,13.415,13.848,13.415,13.67,347600,0
20120320,13.592,13.706,13.457,13.511,115501,0
20120321,13.566,13.76,13.449,13.601,79021,0
20120322,13.501,13.799,13.352,13.696,110888,0
20120323,13.696,13.789,13.43,13.706,59032,0
20120326,13.83,14.081,13.696,13.883,93149,0
20120327,13.92,13.976,13.751,13.779,51314,0
20120328,13.76,13.865,13.548,13.645,85595,0
20120329,13.539,13.609,13.316,13.422,268765,0
20120330,13.493,13.511,13.439,13.449,99392,0
20120402,13.457,13.645,13.439,13.645,108455,0
20120403,13.592,13.601,13.396,13.449,43244,0
20120404,13.307,13.475,13.226,13.396,85448,0
20120405,13.316,13.465,13.316,13.387,25164,0
20120409,13.217,13.334,13.131,13.297,87737,0
20120410,13.297,13.396,13.226,13.37,131336,0
20120411,13.483,13.539,13.326,13.457,92281,0
20120412,13.439,13.601,13.343,13.501,81759,0
20120413,13.439,13.457,13.297,13.43,71391,0
20120416,13.43,13.779,13.406,13.67,47907,0
20120417,13.663,13.966,13.566,13.848,63659,0
20120418,13.77,13.77,13.475,13.501,56144,0
20120419,13.529,13.574,13.343,13.387,56483,0
20120420,13.556,13.92,13.465,13.732,82112,0
20120423,13.574,13.636,13.37,13.387,86409,0
20120424,13.406,13.732,13.406,13.706,44645,0
20120425,13.817,14.025,13.817,13.939,56068,0
20120426,13.865,13.999,13.808,13.983,44911,0
20120427,13.983,14.39,13.983,14.311,61812,0
20120430,14.258,14.311,14.025,14.071,75784,0
20120501,14.1,14.311,14.016,14.223,127074,0
20120502,14.109,14.399,14.109,14.292,125221,0
20120503,14.292,14.357,14.158,14.186,142326,0
20120504,14.177,14.241,13.999,14.052,76122,0
20120507,13.976,14.186,13.865,13.92,78571,0
20120508,13.799,14.223,13.706,13.742,94885,0
20120509,13.609,13.875,13.609,13.789,25877,0
20120510,13.893,13.893,13.449,13.696,85459,0
20120511,13.529,13.799,13.529,13.77,52888,0
20120514,13.67,14.126,13.574,13.751,172070,0
20120515,13.387,13.883,13.379,13.875,4678838,0
20120516,13.696,13.76,13.465,13.511,1684997,0
20120517,13.465,13.645,13.422,13.556,703803,0
20120518,13.511,13.689,13.483,13.566,522160,0
20120521,13.601,13.857,13.439,13.848,249656,0
20120522,13.779,13.857,13.654,13.857,335794,0
20120523,13.715,14.258,13.696,14.214,727227,0
20120524,14.186,14.266,14.025,14.233,588160,0
20120525,14.266,14.39,14.141,14.266,429502,0
20120529,14.39,14.648,14.15,14.399,504368,0
20120530,14.275,14.399,14.196,14.223,730525,0
20120531,14.275,14.471,14.134,14.241,1274659,0
20120601,14.025,14.168,13.863,14.117,384566,0
20120604,14.168,14.214,13.893,14.09,355565,0
20120605,14.043,14.35,13.999,14.294,521384,0
20120606,14.393,14.653,14.276,14.546,604121,0
20120607,14.627,14.68,14.384,14.428,225012,0
20120608,14.41,14.538,14.303,14.519,231498,0
20120611,14.676,14.676,14.223,14.25,168956,0
20120612,14.259,14.331,14.007,14.276,126779,0
20120613,14.259,14.51,14.159,14.243,267426,0
20120614,14.275,14.561,14.214,14.515,289450,0
20120615,14.565,14.707,14.519,14.6,395271,0
20120618,14.51,14.754,14.456,14.68,292737,0
20120619,14.744,15.048,14.608,14.931,202549,0
20120620,14.965,15.012,14.725,14.787,118748,0
20120621,14.744,14.779,14.267,14.627,223249,0
20120622,14.662,14.754,14.538,14.744,1256759,0
20120625,14.618,14.796,14.58,14.796,264351,0
20120626,14.813,15.074,14.761,14.974,202864,0
20120627,14.915,15.074,14.796,14.906,237211,0
20120628,14.779,14.993,14.627,14.931,152911,0
20120629,15.163,15.62,15.163,15.593,223058,0
20120702,15.602,15.709,15.505,15.666,227774,0
20120703,15.718,15.944,15.718,15.898,72690,0
20120705,15.827,15.989,15.801,15.845,113973,0
20120706,15.701,15.961,15.638,15.792,76417,0
20120709,15.836,15.989,15.745,15.925,100052,0
20120710,15.953,15.953,15.676,15.718,84709,0
20120711,15.686,15.686,15.496,15.576,103108,0
20120712,15.496,15.531,15.342,15.468,275662,0
20120713,15.55,15.97,15.523,15.879,262750,0
20120716,15.879,16.042,15.774,15.989,60515,0
20120717,16.175,16.56,16.033,16.282,258240,0
20120718,16.204,16.498,16.069,16.3,387474,0
20120719,16.327,16.41,15.944,15.961,106731,0
20120720,15.888,16.06,15.452,15.818,175534,0
20120723,15.629,15.686,15.396,15.593,136570,0
20120724,15.676,15.701,15.452,15.523,162236,0
20120725,15.648,15.648,15.424,15.559,156708,0
20120726,15.745,15.863,15.442,15.541,234592,0
20120727,15.566,15.997,15.55,15.879,93847,0
20120730,15.907,16.042,15.827,15.888,124175,0
20120731,15.863,16.06,15.801,15.925,150044,0
20120801,16.042,16.086,15.505,15.505,173742,0
20120802,15.35,15.648,15.35,15.576,143411,0
20120803,15.745,16.051,15.718,15.925,121383,0
20120806,15.997,16.157,15.845,15.898,192722,0
20120807,16.175,16.175,15.405,15.602,509470,0
20120808,15.505,15.745,15.199,15.523,270908,0
20120809,15.461,15.593,15.35,15.468,168403,0
20120810,15.486,15.593,15.386,15.468,200714,0
20120813,15.432,15.523,15.263,15.468,126976,0
20120814,15.486,15.61,15.378,15.523,129290,0
20120815,15.541,15.736,15.486,15.718,104158,0
20120816,15.686,15.944,15.629,15.879,91047,0
20120817,15.745,15.961,15.745,15.915,139623,0
20120820,15.879,15.935,15.755,15.925,66334,0
20120821,15.961,16.122,15.764,15.98,207629,0
20120822,15.961,15.97,15.666,15.801,185873,0
20120823,15.736,15.836,15.686,15.718,80014,0
20120824,15.638,15.718,15.61,15.676,89713,0
20120827,15.755,15.764,15.62,15.736,97266,0
20120828,15.676,15.888,15.666,15.774,79026,0
20120829,15.792,15.935,15.792,15.87,53069,0
20120830,15.783,15.907,15.701,15.87,60843,0
20120831,15.961,15.961,15.801,15.888,140372,0
20120904,15.898,16.185,15.755,16.095,116515,0
20120905,16.139,16.222,16.006,16.122,144160,0
20120906,16.139,16.427,16.139,16.346,111386,0
20120907,16.579,16.732,16.31,16.401,68227,0
20120910,16.427,17.071,16.267,16.382,179058,0
20120911,16.327,16.544,16.327,16.435,120300,0
20120912,16.435,16.642,16.291,16.544,143763,0
20120913,16.526,17.106,16.526,16.929,176558,0
20120914,17.064,17.503,17.064,17.268,262319,0
20120917,17.295,17.493,17.133,17.207,146478,0
20120918,17.23,17.328,17.084,17.174,267595,0
20120919,17.202,17.202,16.885,16.895,622057,0
20120920,16.85,16.895,16.579,16.634,280995,0
20120921,16.733,16.931,16.488,16.761,1410627,0
20120924,16.696,16.858,16.498,16.57,173524,0
20120925,16.598,16.696,16.353,16.353,252243,0
20120926,16.4,16.516,16.345,16.516,199009,0
20120927,16.526,16.752,16.498,16.668,116804,0
20120928,16.579,16.822,16.534,16.678,227501,0
20121001,16.752,16.803,16.498,16.789,199066,0
20121002,16.789,16.977,16.589,16.796,302291,0
20121003,16.813,17.194,16.803,16.895,188257,0
20121004,16.977,17.048,16.733,16.813,205915,0
20121005,16.876,17.11,16.813,17.04,96266,0
20121008,16.967,17.202,16.948,17.12,57714,0
20121009,17.084,17.12,16.905,16.905,58757,0
20121010,16.94,17.075,16.923,17.031,30981,0
20121011,17.156,17.202,17.101,17.146,49748,0
20121012,17.101,17.281,16.803,16.867,66279,0
20121015,16.958,17.129,16.822,17.129,58144,0
20121016,17.174,17.355,17.165,17.309,89905,0
20121017,17.382,17.535,17.272,17.472,91245,0
20121018,17.49,17.597,17.41,17.445,70554,0
20121019,17.328,17.481,16.994,16.994,120489,0
20121022,17.058,17.202,16.841,17.003,92596,0
20121023,16.85,17.5,16.85,17.417,132017,0
20121024,17.417,17.472,17.272,17.445,155193,0
20121025,17.509,17.543,17.247,17.355,122041,0
20121026,17.4,17.4,17.129,17.211,59674,0
20121031,17.221,17.23,17.04,17.101,136214,0
20121101,17.129,17.299,17.012,17.101,173855,0
20121102,17.221,17.257,17.067,17.094,88345,0
20121105,17.137,17.445,17.021,17.194,135794,0
20121106,17.328,17.328,17.058,17.146,128539,0
20121107,16.967,17.247,16.761,17.11,152074,0
20121108,17.101,17.202,16.831,16.858,113015,0
20121109,16.761,16.822,16.544,16.678,151514,0
20121112,16.625,16.761,16.299,16.336,35948,0
20121113,16.598,16.696,16.472,16.615,122993,0
20121114,16.678,16.704,16.4,16.435,252976,0
20121115,16.526,16.615,16.326,16.427,133666,0
20121116,16.479,16.714,16.289,16.57,115466,0
20121119,16.733,16.876,16.57,16.742,66280,0
20121120,16.643,16.831,16.561,16.796,141005,0
20121121,16.822,16.958,16.771,16.905,80330,0
20121123,16.984,17.067,16.967,17.021,53124,0
20121126,16.931,17.23,16.915,17.174,194384,0
20121127,17.211,17.391,17.031,17.281,394101,0
20121128,17.174,17.347,17.031,17.309,115071,0
20121129,17.435,17.625,17.281,17.347,486624,0
20121130,17.4,17.615,17.238,17.463,388330,0
20121203,17.58,17.689,17.021,17.643,217806,0
20121204,17.562,17.879,17.562,17.879,69453,0
20121205,17.879,17.995,17.643,17.769,125458,0
20121206,17.761,18.031,17.761,17.968,131480,0
20121207,17.968,18.031,17.769,17.93,155912,0
20121210,17.921,18.031,17.851,17.907,166292,0
20121211,18.022,18.05,17.907,18.013,170431,0
20121212,17.995,18.076,17.832,17.897,347692,0
20121213,17.897,17.93,17.597,17.761,124275,0
20121214,17.689,17.93,17.689,17.914,114290,0
20121217,17.987,18.148,17.778,18.148,493132,0
20121218,18.076,18.311,17.94,18.113,295892,0
20121219,18.056,18.247,17.987,18.158,212847,0
20121220,18.158,18.546,18.158,18.347,297072,0
20121221,18.311,18.58,18.158,18.447,381336,0
20121224,18.418,18.573,18.282,18.49,38659,0
20121226,18.564,18.564,18.329,18.374,93735,0
20121227,18.427,18.869,18.427,18.833,119127,0
20121228,18.752,18.914,18.625,18.654,56541,0
20121231,18.826,19.135,18.663,19.099,169074,0
20130102,19.257,19.257,18.526,18.698,330566,0
20130103,18.671,18.833,18.546,18.564,183302,0
20130104,18.671,18.671,18.464,18.555,178271,0
20130107,18.536,18.625,18.374,18.518,188566,0
20130108,18.564,18.573,18.464,18.536,272470,0
20130109,18.616,18.807,18.481,18.654,174847,0
20130110,18.13,18.698,17.795,18.662,311939,0
20130111,18.743,18.743,18.4,18.546,109244,0
20130114,18.481,18.716,18.464,18.573,78676,0
20130115,18.481,18.625,18.472,18.573,108084,0
20130116,18.518,18.607,18.499,18.518,46387,0
20130117,18.589,18.654,18.509,18.598,130774,0
20130118,18.564,18.743,18.509,18.654,137913,0
20130122,18.635,18.86,18.573,18.841,144090,0
20130123,18.85,18.996,18.833,18.977,74206,0
20130124,18.951,19.024,18.798,18.905,218104,0
20130125,19.005,19.148,18.905,19.086,93893,0
20130128,19.057,19.292,18.897,19.275,198366,0
20130129,19.213,19.366,19.213,19.366,1502493,0
20130130,19.292,19.439,19.114,19.167,281712,0
20130131,19.189,19.46,19.135,19.435,131531,0
20130201,19.338,20.015,19.338,19.933,321353,0
20130204,19.825,19.951,19.797,19.825,148262,0
20130205,19.923,20.096,19.834,19.942,135545,0
20130206,19.889,19.968,19.598,19.933,321309,0
20130207,19.76,19.844,19.491,19.743,4649102,0
20130208,19.664,19.788,19.481,19.76,419879,0
20130211,19.708,19.844,19.684,19.825,170313,0
20130212,19.788,20.07,19.698,20.07,316737,0
20130213,20.05,20.166,19.933,20.07,343468,0
20130214,20.088,20.231,19.977,20.006,341979,0
20130215,20.123,20.204,19.807,19.881,331534,0
20130219,19.96,20.06,19.933,20.05,561903,0
20130220,20.149,20.33,20.132,20.223,904520,0
20130221,20.276,20.34,20.06,20.149,315800,0
20130222,20.266,20.447,20.132,20.419,208068,0
20130225,20.438,20.61,20.149,20.166,317582,0
20130226,20.166,20.312,20.032,20.285,234230,0
20130227,20.302,20.511,20.249,20.428,238598,0
20130228,20.641,20.641,20.342,20.468,1643733,0
20130301,20.276,20.6,20.231,20.483,539112,0
20130304,20.438,20.69,20.438,20.61,353214,0
20130305,20.647,20.87,20.59,20.845,276445,0
20130306,20.914,20.914,20.664,20.68,380011,0
20130307,20.419,20.698,20.176,20.656,357255,0
20130308,20.817,20.817,20.503,20.629,359430,0
20130311,20.529,20.639,20.375,20.563,372154,0
20130312,20.474,20.537,20.375,20.483,216262,0
20130313,20.465,20.493,20.312,20.384,160280,0
20130314,20.456,20.537,20.358,20.384,302008,0
20130315,20.428,20.456,20.166,20.231,538551,0
20130318,20.117,20.289,19.9,20.171,301892,0
20130319,20.144,20.228,19.809,19.846,255664,0
20130320,19.865,20.082,19.745,19.855,165258,0
20130321,19.809,19.999,19.608,19.836,139428,0
20130322,19.855,19.945,19.718,19.846,222240,0
20130325,19.865,19.962,19.684,19.7,263862,0
20130326,19.709,19.945,19.709,19.865,111949,0
20130327,19.771,19.836,19.637,19.709,250915,0
20130328,19.718,19.745,19.618,19.718,529949,0
20130401,19.646,19.799,19.455,19.799,371196,0
20130402,19.836,20.045,19.819,19.916,451767,0
20130403,19.945,19.99,19.819,19.891,336477,0
20130404,19.91,20.346,19.836,20.298,362338,0
20130405,20.045,20.424,20.045,20.326,212928,0
20130408,20.407,20.47,20.161,20.462,251326,0
20130409,20.443,20.57,20.326,20.354,157979,0
20130410,20.434,20.5,20.289,20.388,173559,0
20130411,20.354,20.671,20.354,20.579,228442,0
20130412,20.443,20.662,20.434,20.561,226284,0
20130415,20.516,20.597,20.026,20.064,281188,0
20130416,20.1,20.381,20.018,20.228,272437,0
20130417,20.091,20.171,19.836,20.064,174015,0
20130418,20.091,20.127,19.819,20.018,223258,0
20130419,20.072,20.19,19.945,20.153,248710,0
20130422,20.144,20.153,19.875,20.018,182687,0
20130423,20.11,20.298,20.035,20.244,114182,0
20130424,20.144,20.28,20.127,20.218,567115,0
20130425,20.271,20.453,20.064,20.244,123373,0
20130426,20.262,20.397,20.072,20.091,137597,0
20130429,20.161,20.289,20.082,20.271,137281,0
20130430,20.436,20.802,20.436,20.802,340951,0
20130501,20.662,20.844,20.127,20.161,261596,0
20130502,20.18,20.407,20.144,20.388,112659,0
20130503,20.597,20.733,20.508,20.607,240293,0
20130506,20.671,20.834,20.636,20.742,122085,0
20130507,20.551,21.415,20.542,21.415,297034,0
20130508,21.449,21.677,21.332,21.514,315084,0
20130509,21.441,21.476,20.989,21.042,203516,0
20130510,21.077,21.278,20.961,21.242,121613,0
20130513,21.268,21.441,21.232,21.433,131524,0
20130514,21.387,21.668,21.387,21.504,141959,0
20130515,21.504,21.631,21.242,21.631,250371,0
20130516,21.531,21.631,21.232,21.35,124231,0
20130517,21.396,21.531,21.258,21.504,268100,0
20130520,21.433,21.613,21.179,21.368,251411,0
20130521,21.433,21.787,21.306,21.749,372094,0
20130522,21.749,21.913,20.888,21.042,177425,0
20130523,20.97,21.068,20.688,21.007,304593,0
20130524,20.979,20.979,20.48,20.688,81410,0
20130528,21.038,21.211,20.502,20.554,228563,0
20130529,20.408,20.426,19.934,19.953,236682,0
20130530,19.819,19.981,19.628,19.7,269722,0
20130531,19.812,19.93,19.666,19.693,347422,0
20130603,19.564,20.045,19.301,20.009,350265,0
20130604,20.143,20.399,19.682,19.69,237227,0
20130605,19.633,19.697,19.497,19.506,158936,0
20130606,19.46,19.853,19.242,19.834,188839,0
20130607,19.953,20.161,19.406,19.596,364849,0
20130610,19.707,19.853,19.397,19.497,211466,0
20130611,19.36,19.506,19.197,19.206,123842,0
20130612,19.342,19.524,19.005,19.032,102598,0
20130613,19.087,19.369,18.848,19.278,238732,0
20130614,19.314,19.673,19.058,19.268,116156,0
20130617,19.301,19.439,19.112,19.393,328219,0
20130618,19.468,19.89,19.369,19.723,91618,0
20130619,19.723,19.723,19.014,19.039,63725,0
20130620,18.904,18.904,18.393,18.474,163242,0
20130621,18.53,18.686,18.274,18.512,306553,0
20130624,18.293,18.658,17.919,18.274,134225,0
20130625,18.385,18.757,18.167,18.65,147351,0
20130626,18.804,18.823,18.521,18.63,109362,0
20130627,18.757,19.342,18.757,19.268,124767,0
20130628,19.187,19.487,18.97,19.406,336744,0
20130701,19.397,19.579,19.197,19.258,255652,0
20130702,19.305,19.69,19.187,19.596,248101,0
20130703,19.477,19.561,19.214,19.342,162038,0
20130705,19.682,19.826,18.97,19.287,158058,0
20130708,19.314,19.497,18.995,19.024,146032,0
20130709,19.067,19.141,18.658,19.067,182040,0
20130710,19.115,19.115,18.848,19.039,186884,0
20130711,19.233,19.615,19.206,19.615,193127,0
20130712,19.552,19.742,19.524,19.707,92859,0
20130715,19.742,19.943,19.673,19.943,97851,0
20130716,19.807,20.008,19.752,19.97,111457,0
20130717,20.091,20.171,19.807,20.072,95082,0
20130718,20.063,20.382,20.053,20.347,65146,0
20130719,20.281,20.417,20.099,20.299,91674,0
20130722,20.373,20.545,20.228,20.463,68177,0
20130723,20.472,20.61,20.373,20.482,98152,0
20130724,20.563,20.619,19.943,20.025,106573,0
20130725,20.053,20.245,19.863,20.245,95605,0
20130726,20.053,20.272,19.998,20.19,47227,0
20130729,20.091,20.373,20.035,20.171,95630,0
20130730,20.299,20.382,20.025,20.136,92933,0
20130731,20.18,20.18,19.697,19.788,134699,0
20130801,19.97,20.017,19.615,19.723,837765,0
20130802,19.716,19.826,19.552,19.605,421614,0
20130805,19.515,19.653,19.515,19.57,72657,0
20130806,19.352,19.46,19.077,19.287,91990,0
20130807,19.178,19.25,19.087,19.149,34184,0
20130808,19.296,19.296,19.096,19.159,41841,0
20130809,18.977,19.369,18.977,19.258,299730,0
20130812,19.133,19.278,19.039,19.224,125706,0
20130813,19.206,19.206,18.922,19.039,81350,0
20130814,19.058,19.096,18.97,18.995,39158,0
20130815,18.823,18.823,18.385,18.41,204793,0
20130816,18.274,18.484,18.02,18.167,182779,0
20130819,18.21,18.312,18.064,18.186,852249,0
20130820,18.111,18.568,18.101,18.467,271237,0
20130821,18.584,18.723,18.264,18.385,127763,0
20130822,18.493,18.839,18.321,18.559,92499,0
20130823,18.484,18.694,18.459,18.694,186447,0
20130826,18.767,18.795,18.62,18.713,51554,0
20130827,18.459,18.814,18.449,18.467,122560,0
20130828,18.512,18.62,18.376,18.467,89083,0
20130829,18.449,18.54,18.393,18.503,160153,0
20130830,18.449,18.576,18.148,18.192,231139,0
20130903,18.354,18.627,17.809,17.885,211647,0
20130904,17.957,18.023,17.838,17.858,118052,0
20130905,17.809,17.905,17.553,17.674,129274,0
20130906,17.774,17.829,17.636,17.684,247820,0
20130909,17.746,17.965,17.645,17.965,271341,0
20130910,18.013,18.344,17.791,17.967,231831,0
20130911,17.903,18.167,17.885,18.12,351922,0
20130912,18.176,18.385,18.157,18.366,263088,0
20130913,18.471,18.546,18.361,18.471,80048,0
20130916,18.723,18.804,18.339,18.403,131727,0
20130917,18.361,18.517,18.096,18.371,76281,0
20130918,18.389,18.755,18.05,18.747,249158,0
20130919,18.729,19.013,18.674,18.755,100231,0
20130920,18.812,18.83,18.555,18.637,270130,0
20130923,18.591,18.71,18.471,18.565,104745,0
20130924,18.526,18.536,18.234,18.287,209664,0
20130925,18.344,18.489,18.096,18.204,104021,0
20130926,18.195,18.287,18.05,18.224,132520,0
20130927,18.077,18.224,17.995,18.041,135213,0
20130930,17.92,18.077,17.791,17.848,246916,0
20131001,17.791,18.023,17.674,17.858,274730,0
20131002,17.782,18.057,17.655,17.729,129898,0
20131003,17.645,17.711,17.434,17.462,211370,0
20131004,17.416,17.645,17.398,17.509,311351,0
20131007,17.408,17.729,17.389,17.599,210591,0
20131008,17.582,17.819,17.563,17.563,340873,0
20131009,17.664,17.774,17.49,17.655,83163,0
20131010,17.829,18.195,17.791,18.195,110394,0
20131011,18.188,18.416,18.123,18.398,141578,0
20131014,18.371,18.454,18.214,18.426,83710,0
20131015,18.426,18.599,18.416,18.489,124268,0
20131016,18.581,18.793,18.526,18.674,63429,0
20131017,18.581,19.031,18.581,18.995,101100,0
20131018,19.187,19.187,18.866,19.039,178421,0
20131021,19.005,19.049,18.822,18.93,85637,0
20131022,18.665,19.234,18.665,19.225,143788,0
20131023,19.105,19.49,19.105,19.234,137331,0
20131024,19.234,19.362,19.197,19.269,167536,0
20131025,19.352,19.462,19.234,19.426,103943,0
20131028,19.498,19.498,19.215,19.307,185153,0
20131029,19.297,19.343,19.096,19.243,103274,0
20131030,19.307,19.307,18.976,18.976,76775,0
20131031,19.031,19.124,18.93,18.985,237243,0
20131101,18.93,19.197,18.701,18.949,420017,0
20131104,18.93,19.178,18.83,19.105,283822,0
20131105,19.362,19.362,18.921,18.976,179706,0
20131106,19.049,19.087,18.94,18.959,139856,0
20131107,19.031,19.058,18.627,18.683,148848,0
20131108,18.656,18.691,18.251,18.591,170937,0
20131111,18.637,18.674,18.354,18.445,124437,0
20131112,18.361,18.361,18.041,18.244,131043,0
20131113,18.171,18.334,18.105,18.334,72770,0
20131114,18.325,18.674,18.234,18.617,190207,0
20131115,18.581,18.839,18.526,18.822,310665,0
20131118,18.83,18.885,18.656,18.802,279757,0
20131119,18.747,18.894,18.445,18.774,198433,0
20131120,18.793,18.969,18.701,18.764,510131,0
20131121,18.875,18.976,18.72,18.912,343283,0
20131122,18.959,18.959,18.747,18.949,219991,0
20131125,19.023,19.039,18.802,18.866,104681,0
20131126,18.949,19.039,18.755,18.839,239250,0
20131127,18.822,19.039,18.822,19.005,148059,0
20131129,19.141,19.352,18.875,19.031,319392,0
20131202,19.031,19.187,18.812,18.94,276054,0
20131203,18.856,19.013,18.784,18.969,298245,0
20131204,18.856,19.124,18.526,18.839,267751,0
20131205,18.856,19.005,18.608,18.94,155543,0
20131206,19.15,19.15,18.93,19.005,245686,0
20131209,19.077,19.141,18.894,19.133,603119,0
20131210,19.058,19.243,19.023,19.115,161420,0
20131211,19.087,19.105,18.747,18.875,236005,0
20131212,18.846,18.94,18.546,18.903,538818,0
20131213,18.921,19.197,18.921,19.077,240252,0
20131216,19.325,19.343,18.802,19.269,327628,0
20131217,19.352,19.555,19.269,19.546,269441,0
20131218,19.532,20.096,19.385,20.077,173346,0
20131219,19.992,20.096,19.753,19.937,147282,0
20131220,19.911,20.335,19.865,20.325,368119,0
20131223,20.354,20.632,20.354,20.455,159526,0
20131224,20.417,20.612,20.306,20.574,81072,0
20131226,20.641,20.667,20.492,20.537,178151,0
20131227,20.582,20.701,20.288,20.389,207013,0
20131230,20.363,20.445,20.306,20.325,157353,0
20131231,20.363,20.445,20.123,20.186,167182,0
20140102,20.068,20.105,19.724,19.928,225452,0
20140103,19.892,20.408,19.892,20.345,160263,0
20140106,20.363,20.641,20.363,20.602,138560,0
20140107,20.72,20.815,20.537,20.592,172792,0
20140108,20.529,20.564,20.131,20.306,122986,0
20140109,20.27,20.363,19.947,20.363,172069,0
20140110,20.417,20.502,20.206,20.398,184120,0
20140113,20.325,20.473,20.215,20.354,119496,0
20140114,20.389,20.612,20.27,20.363,99696,0
20140115,20.482,20.75,20.381,20.436,156078,0
20140116,20.363,20.677,20.363,20.473,141162,0
20140117,20.417,20.417,20.186,20.26,173895,0
20140121,20.381,20.592,20.316,20.445,146578,0
20140122,20.519,20.684,20.167,20.511,860065,0
20140123,20.039,20.167,19.846,19.937,4746731,0
20140124,19.846,20.058,19.753,19.846,655829,0
20140127,19.846,20.039,19.662,19.77,862704,0
20140128,19.724,19.973,19.642,19.836,487196,0
20140129,19.78,20.039,17.658,19.836,484644,0
20140130,19.937,20.215,19.937,20.167,365242,0
20140131,19.846,20.251,19.394,20.058,1392322,0
20140203,20.068,20.158,19.734,19.78,379058,0
20140204,19.865,20.029,19.697,20.012,357538,0
20140205,19.901,20.02,19.743,19.836,288164,0
20140206,19.875,20.02,19.826,19.892,808327,0
20140207,19.918,20.039,19.789,19.964,1279442,0
20140210,19.973,20.077,19.846,19.964,493386,0
20140211,19.956,20.28,19.937,20.233,1108896,0
20140212,20.363,20.381,20.167,20.27,129137,0
20140213,20.167,20.482,20.077,20.398,198662,0
20140214,20.436,20.592,20.298,20.537,133331,0
20140218,20.622,20.75,20.519,20.74,149398,0
20140219,20.632,21.045,20.632,20.711,411845,0
20140220,20.75,20.852,20.389,20.426,346782,0
20140221,20.555,20.649,20.345,20.372,246099,0
20140224,20.389,20.408,20.28,20.325,429528,0
20140225,20.288,20.436,20.26,20.298,663302,0
20140226,20.28,20.426,20.012,20.426,1247699,0
20140227,20.519,21.036,20.28,20.612,562529,0
20140228,20.667,21.166,20.473,21.053,418524,0
20140303,21.166,21.434,20.906,21.248,515901,0
20140304,21.424,21.728,21.424,21.664,521288,0
20140305,21.682,21.794,21.451,21.609,163111,0
20140306,21.572,21.572,21.22,21.266,151770,0
20140307,21.276,21.358,21,21.072,164392,0
20140310,21.129,21.285,20.74,20.888,268813,0
20140311,20.972,20.991,20.602,20.797,323703,0
20140312,20.75,20.898,20.74,20.823,155487,0
20140313,20.833,21.081,20.677,21.063,183291,0
20140314,20.924,21.256,20.924,21.063,146217,0
20140317,21.22,21.305,21.009,21.192,191227,0
20140318,21.166,21.506,21.157,21.416,185420,0
20140319,21.429,21.733,21.243,21.373,853040,0
20140320,20.945,21.492,20.678,21.465,1714745,0
20140321,21.482,21.614,21.251,21.438,743638,0
20140324,21.531,21.632,21.251,21.335,357339,0
20140325,21.446,21.733,21.299,21.725,439089,0
20140326,21.801,21.881,21.113,21.169,352680,0
20140327,21.169,21.456,20.974,21.326,318134,0
20140328,21.309,21.482,21.233,21.335,480671,0
20140331,21.482,21.55,21.169,21.411,379956,0
20140401,21.373,21.56,21.224,21.344,350543,0
20140402,21.344,21.344,21.16,21.224,509102,0
20140403,21.28,21.28,21.021,21.169,283589,0
20140404,21.299,21.373,20.994,21.122,319910,0
20140407,21.084,21.326,21.011,21.187,314273,0
20140408,21.132,21.251,21.056,21.094,192780,0
20140409,21.094,21.142,20.632,21.066,301056,0
20140410,21.066,21.224,20.816,20.89,317752,0
20140411,20.702,20.945,20.632,20.712,267677,0
20140414,20.881,20.916,20.537,20.721,267500,0
20140415,20.798,20.936,20.602,20.871,243588,0
20140416,20.984,21.113,20.845,21.074,241437,0
20140417,20.974,21.289,20.881,21.26,575674,0
20140421,21.354,21.641,21.28,21.531,473485,0
20140422,21.641,21.725,21.482,21.715,273387,0
20140423,21.632,21.801,21.512,21.66,491000,0
20140424,21.706,22.02,21.56,21.801,491237,0
20140425,21.763,21.801,21.568,21.67,305708,0
20140428,21.733,21.958,21.624,21.93,240963,0
20140429,21.977,21.994,21.651,21.838,374917,0
20140430,21.791,21.949,21.66,21.855,183227,0
20140501,21.763,22.06,21.651,22.06,337523,0
20140502,22.05,22.429,21.958,22.188,761598,0
20140505,22.01,22.151,21.81,21.958,130741,0
20140506,21.855,21.994,21.783,21.846,242391,0
20140507,21.911,22.02,21.763,22.02,226410,0
20140508,22.05,22.115,21.818,21.958,758634,0
20140509,21.074,21.901,21.074,21.881,531111,0
20140512,21.949,22.18,21.855,22.06,186248,0
20140513,22.03,22.188,21.763,21.791,278735,0
20140514,21.725,21.901,21.568,21.688,188873,0
20140515,21.577,21.846,21.309,21.401,244211,0
20140516,21.344,21.624,21.318,21.614,146795,0
20140519,21.596,21.733,21.429,21.725,228627,0
20140520,21.632,21.715,21.512,21.679,254872,0
20140521,21.743,21.773,21.421,21.512,187711,0
20140522,21.492,21.706,21.411,21.521,153819,0
20140523,21.605,21.801,21.577,21.783,179231,0
20140527,21.911,22.06,21.725,22.03,330567,0
20140528,21.958,21.958,21.697,21.783,145854,0
20140529,21.791,22.08,21.791,22.04,608894,0
20140530,22.05,22.124,21.93,21.994,327486,0
20140602,22.107,22.32,21.901,22.228,195972,0
20140603,22.18,22.245,22.107,22.133,114439,0
20140604,22.107,22.384,22.03,22.367,359622,0
20140605,22.339,23.442,22.33,23.266,559627,0
20140606,23.358,23.424,23.155,23.2,285756,0
20140609,23.238,23.304,22.913,23.042,208471,0
20140610,23.035,23.091,22.774,22.895,197081,0
20140611,22.886,23.136,22.654,23.062,501436,0
20140612,23.155,23.155,22.746,22.996,194458,0
20140613,23.042,23.304,22.811,23.256,312855,0
20140616,23.145,23.191,22.886,22.958,285680,0
20140617,23.006,23.256,22.923,23.2,268450,0
20140618,23.225,23.4,23.121,23.335,355968,0
20140619,23.727,23.829,23.551,23.737,1140047,0
20140620,23.805,24.215,23.577,24.166,697449,0
20140623,24.215,24.215,23.952,23.97,527216,0
20140624,23.887,24.176,23.747,23.757,243445,0
20140625,23.805,23.978,23.707,23.747,236484,0
20140626,23.776,23.776,23.486,23.645,225209,0
20140627,23.514,23.805,23.514,23.691,654953,0
20140630,23.897,24.017,23.345,23.636,405275,0
20140701,23.699,23.877,23.514,23.645,241437,0
20140702,23.597,23.699,23.41,23.597,175405,0
20140703,23.636,23.636,23.42,23.541,152695,0
20140707,23.522,23.626,23.43,23.522,240564,0
20140708,23.541,23.811,23.448,23.717,183765,0
20140709,23.785,23.857,23.587,23.757,95269,0
20140710,23.626,24.146,23.56,23.978,648601,0
20140711,24.007,24.037,23.691,23.757,225008,0
20140714,23.737,23.857,23.636,23.829,190150,0
20140715,23.699,23.897,23.597,23.82,272032,0
20140716,23.887,24.007,23.737,23.997,573308,0
20140717,23.887,24.027,23.877,23.915,281512,0
20140718,23.837,24.25,23.837,24.185,316621,0
20140721,24.064,24.166,23.847,24.166,258064,0
20140722,24.224,24.399,24.146,24.231,227717,0
20140723,24.296,24.315,24.138,24.26,287299,0
20140724,24.24,24.389,24.037,24.176,579727,0
20140725,24.027,24.25,23.962,24.017,241309,0
20140728,24.205,24.288,23.952,24.224,428902,0
20140729,24.324,24.492,24.091,24.379,369625,0
20140730,24.465,24.483,24.074,24.156,366870,0
20140731,23.934,23.944,23.587,23.877,394727,0
20140801,23.887,24.064,23.707,23.944,544534,0
20140804,23.962,24.24,23.671,24.195,359538,0
20140805,24.1,24.25,23.97,24.027,473377,0
20140806,24.25,24.652,24.046,24.501,618093,0
20140807,24.501,24.727,24.25,24.456,283414,0
20140808,24.465,24.632,24.279,24.624,231432,0
20140811,24.605,24.978,24.568,24.764,197862,0
20140812,24.658,24.8,24.596,24.746,306273,0
20140813,24.755,25.089,24.519,24.998,355961,0
20140814,25.025,25.257,24.848,24.866,266218,0
20140815,25.08,25.118,24.792,24.968,299816,0
20140818,25.154,25.222,24.931,25.193,334606,0
20140819,25.23,25.36,25.118,25.136,98142,0
20140820,25.042,25.222,24.876,25.108,141785,0
20140821,25.08,25.257,25.071,25.163,245958,0
20140822,25.099,25.294,24.894,24.921,141314,0
20140825,25.042,25.042,24.578,24.755,132541,0
20140826,24.894,25.118,24.857,25.099,204202,0
20140827,25.052,25.257,24.931,25.042,87474,0
20140828,24.931,25.089,24.792,24.808,95696,0
20140829,24.808,25.108,24.447,25.042,169367,0
20140902,25.144,25.154,24.913,25.052,195279,0
20140903,25.173,25.173,24.931,24.958,214741,0
20140904,24.94,25.042,24.808,24.913,335140,0
20140905,24.866,25.144,24.857,25.136,170727,0
20140908,25.062,25.108,24.828,24.94,230423,0
20140909,24.949,24.988,24.668,24.707,164010,0
20140910,24.717,24.782,24.315,24.528,471913,0
20140911,24.474,24.668,24.447,24.652,268787,0
20140912,24.615,24.615,23.727,23.887,252658,0
20140915,23.867,23.944,23.645,23.717,192370,0
20140916,23.691,23.867,23.551,23.805,165168,0
20140917,23.816,24.013,23.675,23.742,276079,0
20140918,23.732,23.78,23.517,23.591,240518,0
20140919,23.61,23.722,23.393,23.423,747583,0
20140922,23.413,23.441,23.227,23.236,123272,0
20140923,23.227,23.329,22.916,23.067,362133,0
20140924,23.077,23.236,22.916,23.011,228549,0
20140925,22.946,23.142,22.806,22.916,220521,0
20140926,22.889,23.563,22.889,23.517,249396,0
20140929,23.376,23.441,23.104,23.263,209082,0
20140930,23.227,23.393,23.047,23.112,302800,0
20141001,23.132,23.376,23.001,23.236,268702,0
20141002,23.171,23.403,22.916,23.161,175997,0
20141003,23.366,23.413,23.104,23.263,338571,0
20141006,23.263,23.461,23.142,23.293,209515,0
20141007,23.227,23.393,22.972,23.095,202770,0
20141008,23.077,23.92,23.077,23.872,197072,0
20141009,23.911,24.097,23.732,23.752,248603,0
20141010,23.63,24.023,23.61,23.675,140061,0
20141013,23.752,24.202,23.571,24.05,371626,0
20141014,24.183,24.736,24.07,24.587,244625,0
20141015,24.557,24.858,24.369,24.491,599159,0
20141016,24.294,24.736,24.257,24.464,329115,0
20141017,24.736,24.736,24.212,24.266,403619,0
20141020,24.276,24.688,24.266,24.595,270660,0
20141021,24.614,25.082,24.595,25.082,119333,0
20141022,25.195,25.345,25.034,25.306,234123,0
20141023,25.513,25.748,25.215,25.559,208794,0
20141024,25.541,25.607,25.146,25.278,283554,0
20141027,25.242,25.504,25.185,25.457,144045,0
20141028,25.467,25.794,25.296,25.785,476174,0
20141029,25.748,25.83,25.401,25.645,260900,0
20141030,25.533,25.899,25.476,25.768,236340,0
20141031,26.122,26.122,25.513,25.597,435131,0
20141103,25.673,25.899,25.428,25.738,604176,0
20141104,26.394,26.796,25.719,25.776,299333,0
20141105,25.899,26.008,25.533,25.636,620477,0
20141106,25.699,25.879,25.513,25.692,405326,0
20141107,25.626,26.038,25.354,26.038,280413,0
20141110,25.972,26.242,25.85,26.242,410049,0
20141111,26.151,26.32,25.962,26.132,188874,0
20141112,26.151,26.224,25.944,26.132,398811,0
20141113,26.132,26.339,25.99,26.112,170190,0
20141114,26.161,26.291,25.758,25.84,121362,0
20141117,25.909,26.058,25.758,25.776,161295,0
20141118,25.84,25.889,25.636,25.682,121686,0
20141119,25.654,25.794,25.296,25.316,185430,0
20141120,25.242,25.699,25.242,25.626,232726,0
20141121,25.84,26.018,25.719,25.981,214622,0
20141124,26.058,26.348,25.821,25.981,252864,0
20141125,26.008,26.008,25.709,25.748,521650,0
20141126,25.83,26.018,25.587,25.972,308882,0
20141128,26.018,26.637,26,26.358,224406,0
20141201,26.329,26.441,26.076,26.093,200572,0
20141202,26.085,26.564,26.018,26.469,247941,0
20141203,26.554,26.732,26.384,26.414,172637,0
20141204,26.329,26.496,26.112,26.281,429697,0
20141205,26.208,26.496,26.18,26.404,361805,0
20141208,26.242,27.134,26.112,26.994,2289981,0
20141209,26.845,27.743,26.713,27.378,965112,0
20141210,27.285,27.472,26.909,27.134,1057281,0
20141211,27.321,27.593,27.256,27.5,422781,0
20141212,27.472,27.752,27.124,27.19,578077,0
20141215,27.35,27.35,26.854,26.945,588139,0
20141216,26.984,27.247,26.825,27.2,946404,0
20141217,27.346,27.807,27.139,27.769,356657,0
20141218,27.938,27.986,27.525,27.695,320771,0
20141219,27.787,28.062,27.667,27.996,668436,0
20141222,28.033,28.278,27.957,28.005,384760,0
20141223,28.156,28.22,27.856,28.156,323515,0
20141224,28.249,28.409,28.005,28.052,97669,0
20141226,28.194,28.419,28.147,28.288,209796,0
20141229,28.346,28.637,28.229,28.56,295200,0
20141230,28.419,28.72,28.372,28.513,366628,0
20141231,28.523,28.815,28.042,28.297,425441,0
20150102,28.346,28.682,28.099,28.476,293299,0
20150105,28.372,28.965,28.07,28.823,311328,0
20150106,28.863,29.192,28.863,29.087,660963,0
20150107,29.313,29.728,29.069,29.652,619418,0
20150108,29.934,30.395,29.672,30.02,1095944,0
20150109,30.104,30.293,29.756,30.171,541198,0
20150112,30.264,30.612,30.085,30.603,584173,0
20150113,30.679,31.112,29.916,30.216,1667887,0
20150114,29.963,30.603,29.943,30.171,5609106,0
20150115,30.264,30.452,29.972,30.161,810243,0
20150116,30.094,30.313,29.765,30.293,871669,0
20150120,30.377,30.51,30.001,30.322,916092,0
20150121,30.19,30.293,29.898,29.982,625428,0
20150122,30.264,30.679,30.058,30.669,675577,0
20150123,30.754,31.092,30.696,30.754,877660,0
20150126,30.802,30.972,30.19,30.962,613700,0
20150127,30.839,31.102,30.688,30.865,352743,0
20150128,31.027,31.271,30.716,30.764,359223,0
20150129,30.696,31.008,30.413,30.952,409726,0
20150130,30.792,30.942,30.358,30.452,1317166,0
20150202,30.679,30.679,29.793,30.566,467542,0
20150203,30.566,30.764,30.235,30.49,569920,0
20150204,30.443,30.65,30.255,30.5,448462,0
20150205,30.566,30.894,30.368,30.865,234477,0
20150206,30.82,30.922,29.888,30.067,339774,0
20150209,29.991,30.245,29.842,29.869,244930,0
20150210,29.953,30.293,29.597,30.245,347186,0
20150211,30.255,30.528,29.982,30.075,625188,0
20150212,30.161,30.528,29.963,30.405,279132,0
20150213,30.313,30.481,29.963,29.982,422216,0
20150217,30.058,30.322,29.632,29.842,595611,0
20150218,29.878,29.991,29.483,29.982,788205,0
20150219,29.982,29.982,29.333,29.475,566629,0
20150220,29.351,29.701,29.248,29.614,486414,0
20150223,29.642,29.869,29.427,29.701,377014,0
20150224,29.624,29.662,29.032,29.333,410379,0
20150225,29.313,29.483,29.106,29.286,861985,0
20150226,29.294,29.343,28.768,29.219,411309,0
20150227,29.36,30.132,29.267,30.085,984139,0
20150302,30.171,30.547,29.878,30.03,414194,0
20150303,29.982,30.19,29.701,30.132,328573,0
20150304,30.085,30.114,29.624,29.756,342806,0
20150305,29.86,30.132,29.709,29.851,420994,0
20150306,29.427,29.548,28.965,29.087,541990,0
20150309,29.125,29.36,28.88,28.888,525843,0
20150310,28.608,29.013,28.437,28.871,679026,0
20150311,28.955,29.445,28.701,29.388,363414,0
20150312,29.492,30.18,29.492,30.132,613058,0
20150313,30.198,30.303,29.888,30.255,401552,0
20150316,30.395,30.904,30.273,30.405,456579,0
20150317,30.264,30.528,29.851,30.207,591175,0
20150318,30.26,30.619,29.902,30.609,617971,0
20150319,30.439,30.847,30.288,30.562,533213,0
20150320,30.562,31.988,30.562,31.772,956607,0
20150323,31.669,31.988,31.669,31.801,365070,0
20150324,31.64,31.828,31.412,31.471,303483,0
20150325,31.498,31.714,30.789,30.818,246448,0
20150326,30.647,30.854,30.468,30.609,244014,0
20150327,30.637,30.809,30.401,30.525,253114,0
20150330,30.572,31.27,30.419,31.224,977008,0
20150331,30.892,31.385,30.892,31.365,573472,0
20150401,31.29,31.395,30.854,31.27,349727,0
20150402,31.395,31.856,31.224,31.772,494483,0
20150406,31.791,32.367,31.791,32.085,553847,0
20150407,31.507,31.563,30.97,30.998,3560714,0
20150408,31.091,31.327,31.025,31.327,994151,0
20150409,31.185,31.29,29.976,30.033,1097059,0
20150410,30.269,30.562,30.042,30.211,714689,0
20150413,30.269,30.458,30.109,30.109,547920,0
20150414,30.221,30.382,29.845,30.061,1021029,0
20150415,30.147,30.211,29.675,29.902,641752,0
20150416,29.892,30.202,29.74,29.919,544903,0
20150417,29.768,29.919,29.38,29.599,654690,0
20150420,29.675,29.976,29.513,29.872,482499,0
20150421,30.014,30.24,29.845,30.042,633857,0
20150422,29.986,30.156,29.864,30.089,412930,0
20150423,29.995,30.176,29.967,30.042,357874,0
20150424,30.137,30.202,29.911,29.957,553391,0
20150427,30.07,30.506,30.052,30.25,696593,0
20150428,30.166,30.534,29.854,29.938,557128,0
20150429,29.694,29.806,29.135,29.163,429617,0
20150430,29.096,29.135,28.217,28.502,1384724,0
20150501,28.493,28.898,28.323,28.578,670247,0
20150504,28.71,29.163,28.663,28.862,416708,0
20150505,28.786,28.984,28.038,28.181,710456,0
20150506,28.199,28.454,28.058,28.407,462689,0
20150507,28.502,29.135,28.379,28.975,618525,0
20150508,29.429,30.119,29.032,29.22,513320,0
20150511,29.087,29.295,28.36,28.663,499457,0
20150512,28.435,29.096,28.163,28.87,706138,0
20150513,29.06,29.324,28.369,28.474,629718,0
20150514,28.69,28.975,28.578,28.908,418612,0
20150515,28.975,29.229,28.88,29.153,508108,0
20150518,29.013,29.419,28.937,29.371,413617,0
20150519,29.259,29.4,29.05,29.087,333007,0
20150520,29.163,29.438,29.004,29.173,262744,0
20150521,29.163,29.163,28.71,28.87,332265,0
20150522,28.888,29.295,28.681,29.239,355334,0
20150526,29.211,29.211,28.852,28.88,537858,0
20150527,28.888,29.211,28.842,29.173,343483,0
20150528,29.126,29.183,28.888,29.106,346896,0
20150529,29.069,29.069,28.558,28.815,1017750,0
20150601,28.88,29.079,28.635,28.994,384721,0
20150602,28.832,28.908,28.474,28.653,479661,0
20150603,28.663,28.71,28.134,28.236,851933,0
20150604,28.076,28.587,27.727,28.541,535434,0
20150605,28.144,28.379,28.058,28.246,376074,0
20150608,28.246,28.351,27.944,27.953,218513,0
20150609,27.953,27.953,27.575,27.709,320552,0
20150610,27.773,28.171,27.623,27.851,577169,0
20150611,28.001,28.275,27.87,28.275,427789,0
20150612,28.227,28.304,27.916,27.953,532790,0
20150615,27.944,27.992,27.424,27.557,677123,0
20150616,27.548,27.88,27.415,27.812,843997,0
20150617,27.865,28.121,27.769,28.017,545278,0
20150618,28.054,28.529,27.94,28.424,569724,0
20150619,28.357,28.605,27.998,28.556,1104463,0
20150622,28.556,28.556,27.902,27.911,524730,0
20150623,27.778,28.111,27.607,27.714,654612,0
20150624,27.732,27.797,27.561,27.579,298611,0
20150625,27.523,27.589,27.229,27.305,640635,0
20150626,27.286,27.645,27.219,27.456,595539,0
20150629,27.371,27.704,26.756,26.782,579942,0
20150630,26.906,27.011,26.657,26.924,748701,0
20150701,26.906,27.456,26.8,27.447,593746,0
20150702,27.665,27.875,27.315,27.4,463408,0
20150706,27.371,27.533,27.095,27.447,869284,0
20150707,27.579,27.95,27.21,27.714,1010476,0
20150708,27.94,28.035,27.41,27.57,342654,0
20150709,27.732,27.787,27.276,27.38,630943,0
20150710,27.447,28.064,27.447,27.865,536111,0
20150713,28.072,28.301,27.513,27.797,539483,0
20150714,27.856,28.168,27.694,28.007,811258,0
20150715,27.875,28.197,27.741,28.044,479327,0
20150716,28.035,28.406,28.026,28.301,338335,0
20150717,28.32,28.424,28.16,28.282,406087,0
20150720,28.243,28.472,28.072,28.34,445599,0
20150721,28.31,28.566,28.197,28.215,654120,0
20150722,28.243,28.776,28.243,28.699,874340,0
20150723,28.699,28.747,28.424,28.529,1203298,0
20150724,28.519,28.832,28.443,28.652,518830,0
20150727,28.642,28.937,28.5,28.727,670981,0
20150728,28.719,28.862,28.491,28.689,910271,0
20150729,28.671,29.032,28.424,28.888,529892,0
20150730,28.815,29.136,28.737,29.013,456981,0
20150731,29.184,29.516,29.127,29.212,805536,0
20150803,29.24,29.478,29.184,29.392,536478,0
20150804,29.346,29.61,29.306,29.346,476262,0
20150805,29.354,29.506,29.061,29.164,385855,0
20150806,29.154,29.306,28.795,29.27,527790,0
20150807,28.955,29.506,28.424,29.44,421155,0
20150810,29.61,29.744,29.363,29.526,490592,0
20150811,29.449,29.933,29.382,29.544,938016,0
20150812,29.392,29.496,29.174,29.402,467621,0
20150813,29.363,29.544,29.004,29.449,750849,0
20150814,29.382,29.62,29.042,29.563,472362,0
20150817,29.506,29.981,29.421,29.896,423788,0
20150818,29.79,30.217,29.678,30.066,379006,0
20150819,29.839,30.114,29.648,29.914,367101,0
20150820,29.771,30.094,29.592,29.744,445180,0
20150821,29.316,29.678,28.539,29.154,671297,0
20150824,27.902,28.509,27.342,27.513,1057746,0
20150825,28.15,28.224,26.423,26.479,802164,0
20150826,27.068,27.305,26.393,27.247,806800,0
20150827,27.465,27.694,27.021,27.523,665188,0
20150828,27.456,27.561,27.04,27.456,869811,0
20150831,27.352,27.4,26.763,26.943,1260830,0
20150901,26.488,26.83,26.166,26.289,640004,0
20150902,26.545,26.782,26.289,26.746,857799,0
20150903,26.943,27.21,26.897,27.001,796475,0
20150904,26.717,26.84,26.279,26.505,338650,0
20150908,26.84,26.85,26.525,26.657,793945,0
20150909,26.888,26.972,26.299,26.319,1102357,0
20150910,26.299,27.113,26.269,26.736,1415555,0
20150911,26.677,27.778,26.667,27.759,811859,0
20150914,27.856,27.856,27.456,27.57,367311,0
20150915,27.607,27.778,27.276,27.645,464145,0
20150916,27.68,28.118,27.584,28.061,275237,0
20150917,28.024,28.623,27.727,28.28,656032,0
20150918,27.946,28.451,27.881,28.014,856634,0
20150921,28.061,28.375,27.689,28.195,387768,0
20150922,27.955,28.204,27.612,27.612,303102,0
20150923,27.709,28.061,27.593,28.051,408226,0
20150924,27.975,28.079,27.556,27.67,498672,0
20150925,27.813,28.032,27.602,27.612,401092,0
20150928,27.556,27.65,27.269,27.375,691924,0
20150929,27.431,27.68,27.384,27.547,613230,0
20150930,27.871,27.936,27.279,27.441,546714,0
20151001,27.499,27.556,27.126,27.479,391124,0
20151002,27.404,27.784,27.203,27.774,310131,0
20151005,27.946,28.49,27.889,28.481,340038,0
20151006,28.413,28.556,27.917,27.965,545875,0
20151007,27.995,28.355,27.907,28.308,822224,0
20151008,28.318,28.338,27.852,28.213,967741,0
20151009,28.251,28.338,27.899,28.261,525522,0
20151012,28.355,28.881,28.348,28.699,529569,0
20151013,28.719,28.862,28.394,28.565,466768,0
20151014,28.623,28.709,28.27,28.308,414732,0
20151015,28.365,28.68,28.261,28.68,353144,0
20151016,28.766,29.071,28.633,28.948,498663,0
20151019,28.822,29.348,28.689,29.348,432887,0
20151020,29.348,29.519,28.995,29.147,706566,0
20151021,29.156,29.223,27.822,28.318,3582865,0
20151022,28.318,28.355,27.269,27.317,2025289,0
20151023,27.394,27.547,26.89,27.298,1648748,0
20151026,27.308,27.441,26.917,27.023,619106,0
20151027,27.013,27.203,26.899,27.165,1106649,0
20151028,27.183,27.46,26.773,27.146,870904,0
20151029,26.983,27.326,26.974,27.25,587738,0
20151030,27.317,27.413,27.06,27.232,494992,0
20151102,27.336,28.29,27.183,28.231,880960,0
20151103,28.108,28.175,27.832,28.061,810577,0
20151104,28.061,28.328,27.803,27.899,876357,0
20151105,27.936,28.222,27.745,28.204,465511,0
20151106,27.936,28.623,27.298,27.584,853384,0
20151109,27.365,27.955,26.555,26.727,1090975,0
20151110,26.737,27.165,26.737,27.05,684888,0
20151111,27.107,27.222,26.935,27.003,303310,0
20151112,26.926,26.926,26.451,26.505,391336,0
20151113,26.488,26.831,26.278,26.336,511148,0
20151116,26.355,26.46,26.105,26.431,393959,0
20151117,26.355,26.718,26.259,26.278,295022,0
20151118,26.288,26.658,26.184,26.451,446100,0
20151119,26.47,26.585,26.249,26.497,716574,0
20151120,26.631,27.507,26.505,27.431,458376,0
20151123,27.394,27.584,27.356,27.441,404240,0
20151124,27.288,27.431,27.042,27.279,328386,0
20151125,27.336,27.46,27.183,27.336,544196,0
20151127,27.326,27.745,27.259,27.527,253266,0
20151130,27.584,27.737,27.298,27.326,802078,0
20151201,27.413,27.566,27.222,27.394,289884,0
20151202,27.336,27.375,26.899,26.899,927263,0
20151203,26.85,26.983,26.184,26.308,702195,0
20151204,26.791,27.431,26.783,27.165,1370827,0
20151207,27.079,27.175,26.268,26.545,623093,0
20151208,26.422,26.648,26.288,26.47,455674,0
20151209,26.382,26.441,25.849,26.069,527516,0
20151210,26.096,26.115,25.829,25.898,646802,0
20151211,25.497,26.125,25.41,26.051,969524,0
20151214,25.936,26.184,25.849,26.135,781026,0
20151215,26.298,26.422,26.145,26.259,965747,0
20151216,26.383,27.075,26.383,27.028,746783,0
20151217,27.084,27.267,26.921,27.038,1206935,0
20151218,26.903,27.009,26.587,26.661,1672919,0
20151221,26.795,26.949,26.517,26.661,500771,0
20151222,26.731,26.875,26.363,26.442,598872,0
20151223,26.527,26.624,26.442,26.547,342406,0
20151224,26.587,26.701,26.428,26.624,140195,0
20151228,26.547,26.921,26.517,26.921,435136,0
20151229,26.999,27.393,26.954,27.229,550222,0
20151230,27.181,27.354,27.084,27.172,324100,0
20151231,27.21,27.316,26.959,27.019,756075,0
20160104,26.741,26.741,25.924,26.087,835262,0
20160105,26.068,26.383,25.915,26.288,1426701,0
20160106,26.049,26.288,25.855,26.019,832907,0
20160107,25.597,25.711,25.385,25.414,816687,0
20160108,25.452,25.587,24.655,24.694,1053769,0
20160111,24.436,24.791,24.368,24.483,799848,0
20160112,24.628,24.628,23.658,23.898,1643100,0
20160113,23.917,24.272,23.6,23.744,1052295,0
20160114,23.81,23.965,23.369,23.695,956787,0
20160115,23.235,23.774,22.985,23.177,819499,0
20160119,23.351,23.522,23.072,23.456,1068722,0
20160120,23.235,23.341,22.044,22.794,1096144,0
20160121,22.908,23.321,22.352,22.86,723617,0
20160122,23.062,23.848,22.928,23.838,715047,0
20160125,23.82,24.061,23.6,23.714,892957,0
20160126,23.724,24.376,23.675,24.368,541094,0
20160127,24.225,24.455,23.838,24.252,1004335,0
20160128,24.416,24.674,23.898,24.09,717724,0
20160129,24.252,24.502,23.992,24.396,1112920,0
20160201,24.146,24.473,23.764,24.108,856817,0
20160202,23.937,24.242,23.522,23.858,934590,0
20160203,23.947,24.118,23.58,23.898,1024434,0
20160204,23.829,24.042,23.62,23.937,1541934,0
20160205,23.82,23.955,23.263,23.63,955896,0
20160208,23.417,23.476,22.525,22.88,774365,0
20160209,22.611,22.794,22.111,22.13,794881,0
20160210,22.208,23.072,22.188,22.745,720922,0
20160211,22.409,22.457,22.014,22.054,930799,0
20160212,22.111,22.308,21.861,22.256,829741,0
20160216,22.39,22.562,22.265,22.562,1047995,0
20160217,22.65,23.149,22.601,23.024,1018105,0
20160218,23.1,23.235,22.706,23.187,676566,0
20160219,23.024,23.379,22.352,23.235,761108,0
20160222,23.417,23.82,23.402,23.648,732911,0
20160223,23.58,23.898,23.522,23.648,518189,0
20160224,23.513,23.764,23.293,23.704,563265,0
20160225,23.81,24.185,23.81,24.185,697283,0
20160226,24.205,25.107,24.205,24.818,951852,0
20160229,24.808,25.03,24.426,24.483,685797,0
20160301,24.59,25.405,24.468,25.405,524938,0
20160302,25.328,25.711,25.145,25.701,524803,0
20160303,25.761,26.058,25.731,26.049,470920,0
20160304,26.058,26.118,25.741,25.905,574663,0
20160307,25.771,26.49,25.761,26.114,659669,0
20160308,26.154,26.259,25.501,25.577,914675,0
20160309,25.587,25.905,25.443,25.771,406393,0
20160310,25.934,26.014,25.261,25.452,516074,0
20160311,25.751,26.49,25.607,26.48,1824844,0
20160314,26.462,26.537,25.616,26.413,896982,0
20160315,26.278,26.557,26.148,26.557,586101,0
20160316,26.479,27.379,26.064,27.369,539392,0
20160317,27.369,28.365,27.292,28.172,1113578,0
20160318,28.337,28.482,28.074,28.134,1216425,0
20160321,27.979,28.36,27.979,28.278,1100543,0
20160322,28.134,28.501,28.027,28.317,674135,0
20160323,28.278,28.307,27.573,27.573,699600,0
20160324,27.534,27.748,27.253,27.709,893606,0
20160328,27.495,27.719,27.2,27.63,1374840,0
20160329,27.61,28.492,27.427,28.385,1437847,0
20160330,28.558,28.627,28.094,28.094,453625,0
20160331,28.037,28.182,27.882,27.969,1402894,0
20160401,27.794,28.046,27.719,27.929,1175732,0
20160404,27.901,28.094,27.794,28.008,655921,0
20160405,27.882,28.056,27.804,27.844,834356,0
20160406,27.814,28.046,27.601,27.979,702352,0
20160407,27.901,28.143,27.591,27.709,789090,0
20160408,27.901,28.53,27.834,28.056,1021917,0
20160411,28.066,28.433,27.969,28.229,719024,0
20160412,28.22,28.632,28.084,28.51,1127986,0
20160413,28.665,28.675,28.239,28.288,678522,0
20160414,28.337,28.558,28.239,28.288,594886,0
20160415,28.288,28.791,28.288,28.578,724475,0
20160418,28.568,28.694,28.192,28.423,460032,0
20160419,28.443,28.492,28.201,28.337,294999,0
20160420,28.375,28.423,28.124,28.124,424078,0
20160421,28.229,28.425,27.699,27.863,581607,0
20160422,27.901,28.607,27.901,28.51,623138,0
20160425,28.355,28.829,28.355,28.819,397044,0
20160426,28.887,28.955,28.578,28.627,423977,0
20160427,28.607,28.665,28.158,28.394,551788,0
20160428,28.239,28.742,28.239,28.568,605845,0
20160429,28.501,28.646,28.094,28.288,690862,0
20160502,28.452,28.931,28.375,28.801,587317,0
20160503,28.675,28.849,28.482,28.656,531248,0
20160504,28.462,29.1,28.447,29.062,623033,0
20160505,29.052,29.188,28.675,28.975,490675,0
20160506,28.917,29.12,28.239,28.897,682161,0
20160509,28.975,29.148,28.858,29.004,1564089,0
20160510,29.139,29.148,28.859,28.965,719001,0
20160511,28.22,28.249,27.804,27.834,6249472,0
20160512,27.901,28.027,27.745,27.824,2285002,0
20160513,27.794,27.891,27.447,27.601,1713051,0
20160516,27.534,27.989,27.534,27.804,1414291,0
20160517,27.854,27.871,26.972,27.157,1286157,0
20160518,27.098,27.34,26.577,26.732,1123559,0
20160519,26.702,26.702,25.907,26.266,1175863,0
20160520,26.402,26.867,26.219,26.712,1783501,0
20160523,26.788,26.997,26.616,26.897,1335836,0
20160524,27.117,27.495,27.05,27.098,1606937,0
20160525,27.088,27.162,26.62,27.042,1163171,0
20160526,27.05,27.167,26.596,27.002,1423001,0
20160527,26.962,27.369,26.943,27.282,489810,0
20160531,27.35,27.399,26.972,27.185,1897775,0
20160601,27.079,27.437,26.933,27.359,779195,0
20160602,27.321,27.437,27.088,27.427,507688,0
20160603,27.64,27.863,27.292,27.379,418253,0
20160606,27.35,27.409,26.827,27.05,466144,0
20160607,27.079,27.379,27.032,27.137,605454,0
20160608,27.107,27.456,27.05,27.399,452848,0
20160609,27.34,27.564,27.253,27.544,686686,0
20160610,27.34,27.775,27.137,27.755,849897,0
20160613,28.008,28.51,27.679,27.939,2037949,0
20160614,27.873,28.163,27.727,27.929,1442968,0
20160615,27.891,28.385,27.854,28.094,1130338,0
20160616,28.017,28.465,27.919,28.357,1432171,0
20160617,28.425,28.504,28.046,28.319,4605864,0
20160620,28.415,28.827,27.998,27.998,865141,0
20160621,28.037,28.299,27.904,28.134,654668,0
20160622,28.094,28.173,27.656,27.743,602687,0
20160623,27.822,28.017,27.792,27.988,571380,0
20160624,27.413,27.716,26.984,27.15,1134904,0
20160627,27.024,27.024,26.283,26.964,1072719,0
20160628,27.266,27.413,27.004,27.306,832150,0
20160629,27.422,27.928,27.422,27.881,610023,0
20160630,28.25,28.425,27.832,28.415,1247605,0
20160701,28.485,28.64,28.329,28.571,774133,0
20160705,28.455,28.727,28.455,28.688,526087,0
20160706,28.581,28.908,28.552,28.708,980767,0
20160707,28.621,28.621,28.094,28.27,417911,0
20160708,28.396,29.02,28.396,28.777,640873,0
20160711,28.864,29.127,28.485,29.078,960442,0
20160712,29.078,29.662,28.971,29.516,940846,0
20160713,29.545,30.07,29.458,30.024,1272777,0
20160714,30.08,30.266,29.934,30.13,1475908,0
20160715,30.15,30.315,29.838,30.217,926930,0
20160718,30.024,30.685,29.828,30.656,5200468,0
20160719,30.723,31.104,30.373,30.988,1567957,0
20160720,31.104,31.346,30.993,31.299,2416440,0
20160721,31.143,31.737,30.997,31.366,1671942,0
20160722,31.512,31.98,31.483,31.795,1569141,0
20160725,31.853,32.185,31.649,31.707,1654698,0
20160726,31.757,32.272,31.727,32.116,2430563,0
20160727,32.126,32.204,31.677,31.942,1371141,0
20160728,31.893,32.535,31.893,32.468,1191568,0
20160729,32.535,32.964,32.369,32.924,4083890,0
20160801,32.877,33.187,32.798,33.013,1895277,0
20160802,32.904,32.914,32.604,32.671,1375000,0
20160803,32.594,32.74,32.282,32.671,1149355,0
20160804,33.382,33.382,32.604,32.827,6923843,0
20160805,33.003,33.11,32.867,32.993,1020014,0
20160808,33.041,33.11,32.852,32.934,833429,0
20160809,33.041,33.11,32.721,32.847,878452,0
20160810,32.964,33.11,32.837,33.013,816185,0
20160811,33.09,33.09,32.515,32.604,919585,0
20160812,32.642,33.226,32.642,32.847,1019886,0
20160815,32.974,33.1,32.725,32.768,1021496,0
20160816,32.623,32.691,32.106,32.272,1066595,0
20160817,32.399,32.409,31.99,32.185,1798160,0
20160818,32.233,32.379,31.717,31.853,1536534,0
20160819,31.824,32.34,31.727,32.214,1226474,0
20160822,32.223,32.486,31.833,32.039,498070,0
20160823,32.204,32.34,32.087,32.136,478877,0
20160824,32.048,32.136,31.659,32.039,456339,0
20160825,32.029,32.477,31.932,31.99,503398,0
20160826,32.087,32.35,31.766,31.912,767135,0
20160829,32.126,32.53,32.078,32.321,467888,0
20160830,32.409,32.409,31.922,32.282,582609,0
20160831,32.312,32.686,32.312,32.594,1270892,0
20160901,32.623,32.817,32.292,32.691,749557,0
20160902,32.896,33.216,32.681,32.877,696738,0
20160906,32.857,33.216,32.651,32.944,844168,0
20160907,33.041,33.479,32.867,33.432,791093,0
20160908,33.216,33.216,32.827,32.896,307584,0
20160909,32.458,32.458,31.366,31.405,593463,0
20160912,31.366,32.359,31.191,32.233,971782,0
20160913,32.087,32.087,31.114,31.181,762590,0
20160914,31.22,31.415,31.104,31.133,576943,0
20160915,31.153,31.415,30.782,31.24,725573,0
20160916,31.162,31.72,31.132,31.662,3435239,0
20160919,31.7,31.897,31.495,31.583,421849,0
20160920,31.809,31.809,31.309,31.377,461569,0
20160921,31.357,32.092,31.024,32.014,731443,0
20160922,32.386,33.082,32.337,32.955,941026,0
20160923,32.817,33.289,32.523,33.024,879142,0
20160926,32.897,33.112,32.67,32.74,498401,0
20160927,32.847,32.994,32.269,32.406,696292,0
20160928,32.533,32.69,32.21,32.475,569245,0
20160929,32.376,32.396,31.916,32.132,700130,0
20160930,32.299,32.396,31.872,32.21,692871,0
20161003,32.024,32.152,31.769,32.024,642604,0
20161004,31.955,32.092,31.416,31.662,805806,0
20161005,31.818,31.955,31.347,31.347,1640061,0
20161006,31.22,31.543,30.946,31.466,547891,0
20161007,31.622,31.946,31.485,31.613,843533,0
20161010,31.622,32.21,31.622,32.171,521721,0
20161011,32.152,32.376,31.534,31.671,594918,0
20161012,31.74,32.083,31.642,31.916,358507,0
20161013,31.779,32.887,31.779,32.259,741589,0
20161014,32.319,32.778,32.239,32.279,664895,0
20161017,32.347,33.034,32.309,32.788,748288,0
20161018,32.984,33.386,32.867,33.209,630187,0
20161019,33.209,33.317,32.905,33.014,517256,0
20161020,33.014,33.087,32.396,32.622,428931,0
20161021,32.347,32.533,32.229,32.493,397800,0
20161024,32.74,32.955,32.357,32.583,610100,0
20161025,32.446,32.446,32.073,32.357,949353,0
20161026,32.22,32.426,31.916,32.337,615673,0
20161027,32.309,32.309,31.76,32.239,947002,0
20161028,32.299,32.533,31.799,31.936,654260,0
20161031,32.112,33.072,31.828,32.945,791331,0
20161101,32.837,32.837,31.809,31.926,779611,0
20161102,31.916,31.994,31.377,31.416,452490,0
20161103,31.857,32.053,31.21,31.347,1138870,0
20161104,31.397,31.779,31.309,31.563,591995,0
20161107,32.161,32.328,31.877,32.21,943617,0
20161108,32.2,32.239,31.867,32.092,621874,0
20161109,31.25,32.456,31.005,32.181,674365,0
20161110,32.309,32.309,31.377,31.75,851872,0
20161111,31.789,32.446,31.73,31.847,825823,0
20161114,31.877,32.622,31.73,32.426,832015,0
20161115,32.475,32.74,31.593,31.809,844047,0
20161116,31.809,32.034,31.553,31.887,515924,0
20161117,31.906,32.337,31.867,32.102,537292,0
20161118,32.171,32.915,32.171,32.73,1170028,0
20161121,32.915,33.082,32.142,32.21,953342,0
20161122,32.347,32.583,31.857,32.259,7081289,0
20161123,32.073,32.73,32.073,32.71,1865523,0
20161125,32.74,33.386,32.68,33.346,598791,0
20161128,33.308,33.925,33.308,33.847,1441542,0
20161129,33.935,34.876,33.935,34.239,1787565,0
20161130,33.993,34.386,33.436,34.17,2980100,0
20161201,34.13,34.189,32.925,33.289,1687416,0
20161202,33.513,34.023,33.259,33.7,2339762,0
20161205,33.847,33.945,33.553,33.905,726990,0
20161206,34.003,34.229,33.66,33.758,1325680,0
20161207,33.778,34.513,33.69,34.346,1209989,0
20161208,34.219,34.739,34.102,34.562,1281830,0
20161209,34.562,35.12,33.861,34.033,1044968,0
20161212,33.905,34.072,33.289,33.63,1480788,0
20161213,33.866,33.955,33.289,33.573,1357841,0
20161214,33.64,33.69,32.573,32.73,1669653,0
20161215,32.818,33.262,32.75,32.898,1495410,0
20161216,33.134,33.824,33.134,33.754,3302053,0
20161219,33.992,34.1,33.459,33.568,833862,0
20161220,33.568,34.159,33.488,34.12,2028992,0
20161221,34.12,34.464,33.631,33.676,1416050,0
20161222,33.587,33.616,32.946,33.33,1260140,0
20161223,33.449,33.686,33.302,33.616,379617,0
20161227,33.725,33.883,33.478,33.626,705464,0
20161228,33.587,33.686,33.064,33.36,1130667,0
20161229,33.34,33.897,33.154,33.863,688500,0
20161230,33.873,34.543,33.834,34.287,1042345,0
20170103,34.524,34.553,34.095,34.445,610004,0
20170104,34.672,35.046,34.415,34.869,757269,0
20170105,34.711,35.381,34.455,34.75,5990573,0
20170106,34.75,35.007,34.736,34.741,2288118,0
20170109,34.741,34.903,34.159,34.208,3775289,0
20170110,34.208,34.77,34.149,34.672,2358532,0
20170111,34.741,34.997,34.543,34.573,2524157,0
20170112,34.504,34.76,34.386,34.75,1845005,0
20170113,34.829,35.017,34.622,34.652,3108524,0
20170117,34.657,35.007,34.657,34.977,2794033,0
20170118,35.036,35.204,34.77,34.987,1739223,0
20170119,34.947,35.165,34.77,35.125,1745345,0
20170120,35.066,35.303,35.036,35.303,1044811,0
20170123,35.233,35.756,35.233,35.756,1182371,0
20170124,35.657,36.003,35.569,35.775,809006,0
20170125,35.815,36.091,35.579,35.737,1161749,0
20170126,35.697,36.111,35.115,35.608,1353943,0
20170127,35.697,35.765,35.061,35.243,1095524,0
20170130,35.135,35.194,34.691,34.889,1169998,0
20170131,34.918,35.431,34.8,34.908,2261604,0
20170201,34.908,35.085,34.021,34.031,1399339,0
20170202,34.011,34.425,33.902,34.356,1397371,0
20170203,34.632,34.78,34.272,34.504,1381094,0
20170206,34.435,34.534,34.149,34.405,1081697,0
20170207,34.445,34.731,34.179,34.198,1168633,0
20170208,34.218,34.494,33.972,34.415,1130275,0
20170209,34.494,34.889,34.267,34.839,966697,0
20170210,34.889,35.165,34.721,35.145,531090,0
20170213,35.204,35.386,34.977,35.352,722267,0
20170214,35.204,35.204,34.79,34.997,818986,0
20170215,34.819,34.928,34.524,34.889,1330305,0
20170216,34.997,35.49,34.895,35.105,888684,0
20170217,35.076,35.411,34.947,35.313,1269140,0
20170221,35.48,35.88,34.81,35.805,906528,0
20170222,35.727,35.913,35.283,35.667,1103187,0
20170223,35.756,35.983,35.401,35.963,1111472,0
20170224,35.865,35.973,35.677,35.835,695529,0
20170227,35.875,36.229,35.697,36.131,1037972,0
20170228,35.845,36.189,35.815,36.061,6514703,0
20170301,36.041,36.041,35.667,35.825,2333370,0
20170302,35.559,35.692,34.952,35.155,3084113,0
20170303,35.165,35.253,34.317,34.967,1397698,0
20170306,34.898,35.085,34.415,34.701,1777199,0
20170307,34.652,34.741,34.315,34.455,2354170,0
20170308,34.514,34.563,33.725,33.754,973862,0
20170309,33.824,34.169,33.39,33.498,989906,0
20170310,33.646,33.883,33.044,33.508,1911927,0
20170313,33.459,33.597,33.35,33.478,840632,0
20170314,33.38,33.38,33.016,33.272,883337,0
20170315,33.478,34.307,33.38,34.06,1513613,0
20170316,34.13,34.428,33.941,34.189,1016934,0
20170317,34.418,35.043,34.279,35.004,2487898,0
20170320,34.547,34.736,34.328,34.636,1906112,0
20170321,34.755,34.785,34.229,34.249,1362586,0
20170322,34.259,34.319,33.916,34.259,801350,0
20170323,34.219,34.795,34.05,34.458,798526,0
20170324,34.458,34.676,34.155,34.17,910416,0
20170327,33.981,34.15,33.345,33.544,996377,0
20170328,33.574,33.862,33.246,33.792,1114719,0
20170329,33.802,34.04,33.494,33.981,1039750,0
20170330,33.892,34.239,33.762,34.229,733086,0
20170331,34.17,34.527,34.16,34.398,1805355,0
20170403,34.378,34.567,34.219,34.507,578124,0
20170404,34.448,34.686,34.319,34.527,1125115,0
20170405,34.616,34.626,34.036,34.06,913073,0
20170406,34.07,34.597,33.892,34.547,907100,0
20170407,34.567,34.746,34.418,34.418,854581,0
20170410,34.438,34.656,34.319,34.467,835871,0
20170411,34.507,34.964,34.438,34.825,869251,0
20170412,34.855,34.924,34.517,34.626,843438,0
20170413,34.676,34.716,34.14,34.219,903876,0
20170417,34.328,34.914,34.249,34.914,622719,0
20170418,34.934,35.053,34.825,35.033,558171,0
20170419,34.984,35.212,34.894,35.113,724435,0
20170420,35.053,35.202,34.894,35.202,600491,0
20170421,35.202,35.302,34.994,35.103,1080402,0
20170424,35.441,35.53,34.239,34.587,939893,0
20170425,34.666,34.944,34.438,34.825,627323,0
20170426,34.726,34.984,34.507,34.736,1120355,0
20170427,34.775,35.063,34.527,34.597,904556,0
20170428,34.487,34.487,34.07,34.12,711460,0
20170501,34.14,34.785,33.961,34.438,729716,0
20170502,34.438,34.616,34.259,34.448,530697,0
20170503,34.507,34.507,33.772,33.911,557444,0
20170504,34.597,34.686,32.62,33.584,1323088,0
20170505,33.574,33.991,33.534,33.852,783584,0
20170508,33.931,34.069,33.405,33.504,818070,0
20170509,33.445,33.455,32.943,33.157,744395,0
20170510,33.137,33.623,33.028,33.415,750843,0
20170511,33.246,33.246,32.69,32.968,870598,0
20170512,32.928,33.087,32.819,32.908,541612,0
20170515,32.889,33.226,32.839,32.899,355948,0
20170516,32.928,32.983,32.522,32.72,540899,0
20170517,32.551,32.789,32.293,32.581,1247755,0
20170518,32.481,32.73,32.184,32.63,701839,0
20170519,32.611,32.779,32.372,32.63,864272,0
20170522,32.62,32.874,32.521,32.819,600430,0
20170523,32.968,33.306,32.75,33.167,565087,0
20170524,33.236,33.415,33.137,33.266,436189,0
20170525,33.316,33.316,32.72,32.75,717342,0
20170526,32.73,32.889,32.472,32.69,416834,0
20170530,32.62,32.68,32.283,32.452,874994,0
20170531,32.501,32.69,32.313,32.531,971185,0
20170601,32.472,32.978,32.382,32.918,569295,0
20170602,33.097,33.514,33.018,33.365,714229,0
20170605,33.335,33.415,33.117,33.266,1078738,0
20170606,33.236,33.261,32.918,33.018,1109912,0
20170607,33.018,33.862,32.988,33.852,1153940,0
20170608,33.872,34.467,33.564,34.458,1586752,0
20170609,34.487,35.262,34.08,35.252,1721324,0
20170612,35.232,35.57,35.033,35.222,1741059,0
20170613,35.222,35.55,34.775,35.54,1313598,0
20170614,35.748,35.887,35.297,35.52,1333853,0
20170615,35.282,35.689,35.202,35.53,1174675,0
20170616,35.37,35.63,35.14,35.62,1478721,0
20170619,35.62,35.7,35.19,35.27,1026773,0
20170620,35.18,35.44,34.79,35.05,805148,0
20170621,35,35.03,34.52,34.63,1032605,0
20170622,34.68,35.03,34.32,34.79,1169375,0
20170623,34.9,35.03,34.435,34.46,13298754,0
20170626,34.62,35.14,34.58,34.99,1487610,0
20170627,34.9,35.11,34.455,34.51,1199454,0
20170628,34.58,34.89,34.49,34.75,1213121,0
20170629,34.79,34.79,34.07,34.13,1562549,0
20170630,34.17,34.32,33.87,34.19,2047427,0
20170703,34.32,34.435,34.02,34.42,369382,0
20170705,34.42,34.54,33.67,33.7,1126302,0
20170706,33.59,33.77,32.57,32.61,1428303,0
20170707,32.64,32.835,32.48,32.68,1162930,0
20170710,32.73,32.74,31.75,31.78,1203831,0
20170711,31.85,31.93,31.53,31.73,1670058,0
20170712,31.98,32.23,31.98,32.05,789846,0
20170713,32.1,32.34,31.78,31.82,888212,0
20170714,32,32.51,31.96,32.33,1979953,0
20170717,32.36,32.68,32.2,32.54,1179534,0
20170718,32.55,32.63,32.37,32.47,1176009,0
20170719,32.51,32.68,32.42,32.6,831813,0
20170720,32.72,32.77,32.165,32.19,924624,0
20170721,32.25,32.34,32.06,32.18,543374,0
20170724,32.17,32.19,31.84,32.05,918493,0
20170725,32.14,32.28,31.83,32.22,733912,0
20170726,32.26,32.44,32.05,32.19,457900,0
20170727,32.21,32.44,31.94,32.22,611901,0
20170728,32.21,32.49,32.125,32.4,789948,0
20170731,32.51,32.72,32.21,32.72,1152698,0
20170801,32.79,33.05,32.58,32.69,717123,0
