Date,Open,High,Low,Close,Volume,OpenInt
20100823,15.776,15.822,15.649,15.776,107291,0
20100824,15.62,15.851,15.582,15.822,121388,0
20100825,15.776,15.881,15.635,15.881,88952,0
20100826,15.843,15.881,15.785,15.836,99709,0
20100827,15.874,15.987,15.791,15.866,96769,0
20100830,15.791,15.874,15.687,15.747,68322,0
20100831,15.739,15.776,15.657,15.725,117585,0
20100901,15.814,16.134,15.814,16.008,169145,0
20100902,16.023,16.114,16.008,16.083,269521,0
20100903,16.254,16.254,16.047,16.083,53889,0
20100907,16.037,16.125,16.023,16.074,99240,0
20100908,16.083,16.306,16.083,16.114,89169,0
20100909,16.172,16.576,16.172,16.487,155206,0
20100910,16.581,16.702,16.509,16.562,95683,0
20100913,16.554,16.666,16.359,16.436,311939,0
20100914,16.539,16.546,16.375,16.47,153936,0
20100915,16.436,16.581,16.436,16.509,219908,0
20100916,16.509,16.784,16.509,16.629,246310,0
20100917,16.702,17.337,16.688,17.205,898423,0
20100920,17.205,17.329,17.106,17.188,177807,0
20100921,17.188,17.27,16.965,16.979,136589,0
20100922,16.918,17.033,16.837,16.888,201310,0
20100923,16.866,17.113,16.806,17.106,89391,0
20100924,17.241,17.396,17.188,17.205,204485,0
20100927,17.249,17.361,17.205,17.292,158189,0
20100928,17.284,17.518,17.218,17.45,154324,0
20100929,17.1,17.211,16.697,16.725,298388,0
20100930,16.697,16.875,16.644,16.777,304762,0
20101001,16.986,16.986,16.83,16.837,173788,0
20101004,16.906,17.009,16.845,16.927,203966,0
20101005,17.046,17.159,16.974,16.986,264399,0
20101006,17.106,17.144,16.845,16.888,224560,0
20101007,16.941,16.941,16.755,16.822,135325,0
20101008,16.822,16.866,16.755,16.83,142418,0
20101011,16.755,16.957,16.725,16.949,331099,0
20101012,16.941,17.053,16.918,16.979,464908,0
20101013,17.04,17.121,16.941,17.084,362011,0
20101014,17.077,17.084,16.949,17.024,183053,0
20101015,17.068,17.068,16.06,16.395,362727,0
20101018,16.612,16.672,16.134,16.172,243263,0
20101019,16.172,16.39,15.843,15.902,123831,0
20101020,15.902,16.125,15.725,16.008,163664,0
20101021,16.008,16.284,16.008,16.232,151839,0
20101022,16.292,16.622,16.292,16.53,125916,0
20101025,16.622,16.681,16.179,16.292,125657,0
20101026,16.172,16.367,16.06,16.187,157754,0
20101027,16.194,16.436,16.194,16.395,105100,0
20101028,16.403,16.515,16.323,16.449,142976,0
20101029,16.539,16.562,16.351,16.367,102367,0
20101101,16.515,16.554,16.395,16.462,97669,0
20101102,16.546,16.57,16.436,16.47,161806,0
20101103,16.462,16.777,16.411,16.747,329336,0
20101104,16.806,16.957,16.762,16.822,154951,0
20101105,16.822,16.866,16.644,16.644,99593,0
20101108,16.612,16.725,16.581,16.688,195955,0
20101109,16.688,16.965,16.636,16.927,221598,0
20101110,16.853,17,16.815,16.979,91470,0
20101111,16.837,16.927,16.672,16.845,123460,0
20101112,16.806,16.83,16.747,16.801,71222,0
20101115,16.806,16.866,16.725,16.815,175105,0
20101116,16.681,16.71,16.254,16.59,289104,0
20101117,16.403,16.688,16.218,16.629,123905,0
20101118,16.636,16.853,16.598,16.801,163716,0
20101119,16.71,16.993,16.702,16.934,101504,0
20101122,16.913,16.913,16.479,16.636,69335,0
20101123,16.343,16.419,16.143,16.315,69436,0
20101124,16.33,16.598,16.323,16.554,93301,0
20101126,16.367,16.39,16.105,16.194,65122,0
20101129,16.06,16.194,15.687,15.918,149092,0
20101130,15.822,15.978,15.703,15.911,94581,0
20101201,16.114,16.39,16.114,16.211,97338,0
20101202,16.336,16.382,16.211,16.247,129979,0
20101203,16.151,16.238,16.054,16.098,51665,0
20101206,16.12,16.238,16.098,16.134,74241,0
20101207,16.218,16.284,16.06,16.06,150042,0
20101208,16.016,16.074,15.896,15.918,60332,0
20101209,15.941,16.06,15.843,15.911,63809,0
20101210,15.858,15.911,15.739,15.843,85275,0
20101213,15.896,15.902,15.687,15.806,78292,0
20101214,15.761,15.798,15.216,15.254,112631,0
20101215,15.334,15.522,15.195,15.195,130841,0
20101216,15.14,15.314,14.798,14.902,128296,0
20101217,14.926,14.968,14.821,14.866,104507,0
20101220,14.894,14.961,14.671,14.671,111852,0
20101221,14.671,14.775,14.557,14.708,78235,0
20101222,14.783,14.935,14.717,14.79,79386,0
20101223,14.798,14.902,14.723,14.754,63827,0
20101227,14.677,14.909,14.677,14.834,63507,0
20101228,14.834,15.239,14.834,15.134,101261,0
20101229,14.909,14.947,14.827,14.902,70259,0
20101230,14.909,15.148,14.888,14.909,54190,0
20101231,15.068,15.165,14.985,15.134,57883,0
20110103,15.134,15.276,15.127,15.14,116144,0
20110104,15.202,15.239,14.977,15.165,73537,0
20110105,15.202,15.298,15.148,15.223,60160,0
20110106,15.276,15.358,15.245,15.262,224744,0
20110107,15.322,15.486,15.208,15.208,56874,0
20110110,15.262,15.314,15.073,15.305,63676,0
20110111,15.402,15.424,15.195,15.245,70505,0
20110112,15.314,15.613,15.262,15.552,110871,0
20110113,15.62,15.649,15.479,15.53,66777,0
20110114,15.582,15.687,15.486,15.492,94806,0
20110118,15.566,15.649,15.507,15.62,97759,0
20110119,15.703,15.747,15.625,15.664,148577,0
20110120,15.596,15.625,15.454,15.454,52006,0
20110121,15.479,15.545,15.388,15.411,85693,0
20110124,15.395,15.56,15.365,15.411,54445,0
20110125,15.351,15.434,15.106,15.254,80838,0
20110126,15.268,15.298,15.106,15.127,57641,0
20110127,15.079,15.239,15.079,15.121,99559,0
20110128,15.088,15.088,14.916,14.916,47803,0
20110131,14.916,15.134,14.768,15.134,1145621,0
20110201,15.127,15.322,15.106,15.254,79541,0
20110202,15.283,15.454,15.223,15.441,130269,0
20110203,15.507,15.657,15.395,15.635,131780,0
20110204,15.62,16.074,15.596,15.941,105233,0
20110207,16.023,16.067,15.761,15.761,68820,0
20110208,15.851,15.858,15.703,15.73,290674,0
20110209,15.761,15.889,15.725,15.822,118874,0
20110210,15.866,15.911,15.739,15.858,117922,0
20110211,15.902,15.987,15.814,15.987,67325,0
20110214,15.955,15.987,15.874,15.896,69263,0
20110215,15.851,15.964,15.836,15.881,54691,0
20110216,15.874,16.12,15.874,16.074,109616,0
20110218,16.083,16.323,16.03,16.315,197073,0
20110222,16.037,16.211,15.926,15.926,153053,0
20110223,15.955,16.114,15.866,16.023,132248,0
20110224,15.978,16.06,15.926,15.978,55913,0
20110225,16.008,16.06,15.969,15.969,44057,0
20110228,16.12,16.218,15.987,16.194,109923,0
20110301,16.359,16.367,16.105,16.114,116863,0
20110302,16.143,16.194,16.03,16.067,46435,0
20110303,16.091,16.247,16.067,16.211,59644,0
20110304,16.12,16.187,16.054,16.172,74292,0
20110307,16.187,16.211,16.114,16.159,66896,0
20110308,16.134,16.323,16.134,16.306,80777,0
20110309,16.284,16.323,16.232,16.277,61146,0
20110310,16.27,16.323,16.179,16.315,77690,0
20110311,16.151,16.299,16.114,16.284,48606,0
20110314,16.247,16.284,16.179,16.232,56539,0
20110315,15.955,16.083,15.911,15.978,103762,0
20110316,15.964,16.054,15.955,16,70428,0
20110317,16.008,16.023,15.776,15.902,108032,0
20110318,15.918,15.987,15.851,15.911,86451,0
20110321,16.023,16.047,15.949,15.949,75884,0
20110322,15.978,16.016,15.933,15.949,70264,0
20110323,15.949,16.03,15.941,15.993,51602,0
20110324,16.054,16.074,15.964,15.964,97816,0
20110325,15.969,16.016,15.926,15.949,85288,0
20110328,15.955,15.993,15.918,15.978,60249,0
20110329,15.955,16.047,15.949,16,70094,0
20110330,15.843,15.858,15.755,15.776,75117,0
20110331,15.798,15.933,15.791,15.866,66371,0
20110401,15.881,15.964,15.836,15.889,62719,0
20110404,15.889,15.933,15.806,15.822,97305,0
20110405,15.791,15.955,15.791,15.911,78706,0
20110406,15.949,15.949,15.874,15.889,67016,0
20110407,15.933,15.964,15.798,15.806,330111,0
20110408,15.814,15.866,15.761,15.769,39644,0
20110411,15.798,15.889,15.798,15.798,33741,0
20110412,15.822,15.902,15.747,15.755,43614,0
20110413,15.776,15.814,15.709,15.776,58820,0
20110414,15.761,15.836,15.747,15.761,147170,0
20110415,15.836,15.851,15.785,15.828,45203,0
20110418,15.828,15.836,15.73,15.755,86961,0
20110419,15.755,15.896,15.755,15.828,76291,0
20110420,15.926,15.978,15.851,15.941,82159,0
20110421,15.941,15.993,15.874,15.964,217225,0
20110425,15.987,16.037,15.941,16.03,36875,0
20110426,16.008,16.134,16.008,16.06,66414,0
20110427,16.067,16.151,16.067,16.12,48281,0
20110428,16.211,16.232,16.105,16.105,111844,0
20110429,16.172,16.194,16.105,16.143,48705,0
20110502,16.143,16.225,16.125,16.187,112886,0
20110503,16.211,16.375,16.179,16.343,80746,0
20110504,16.343,16.351,16.306,16.33,62797,0
20110505,16.367,16.494,16.299,16.427,188165,0
20110506,16.576,16.581,16.47,16.539,109540,0
20110509,16.546,16.77,16.546,16.747,130398,0
20110510,16.697,16.747,16.644,16.71,137866,0
20110511,16.71,16.725,16.657,16.697,66976,0
20110512,16.657,16.793,16.629,16.777,62361,0
20110513,16.747,16.815,16.741,16.777,55437,0
20110516,16.725,16.777,16.702,16.716,55168,0
20110517,16.71,16.716,16.636,16.697,27901,0
20110518,16.725,16.725,16.57,16.622,96445,0
20110519,16.644,16.697,16.562,16.612,108591,0
20110520,16.657,16.777,16.622,16.741,57470,0
20110523,16.71,16.716,16.612,16.648,42445,0
20110524,16.629,16.636,16.503,16.554,91329,0
20110525,16.515,16.629,16.515,16.554,59897,0
20110526,16.554,16.612,16.509,16.606,83639,0
20110527,16.648,16.747,16.606,16.716,70128,0
20110531,16.71,16.801,16.598,16.716,111742,0
20110601,16.845,16.859,16.71,16.716,124612,0
20110602,16.716,16.716,16.57,16.629,123917,0
20110603,16.622,16.644,16.581,16.629,68566,0
20110606,16.598,16.636,16.515,16.562,109570,0
20110607,16.562,16.71,16.546,16.606,162789,0
20110608,16.629,16.648,16.53,16.53,124229,0
20110609,16.59,16.672,16.503,16.629,113049,0
20110610,16.581,16.657,16.554,16.612,180786,0
20110613,16.612,16.666,16.612,16.636,191069,0
20110614,16.71,16.71,16.666,16.688,99329,0
20110615,16.666,16.702,16.53,16.606,106776,0
20110616,16.509,16.581,15.993,16.098,246907,0
20110617,16.12,16.323,16.12,16.232,149724,0
20110620,16.299,16.299,16.074,16.218,102447,0
20110621,16.247,16.462,16.247,16.359,105850,0
20110622,16.436,16.494,16.403,16.442,61384,0
20110623,16.395,16.395,16.159,16.359,149396,0
20110624,16.375,16.427,16.218,16.225,83609,0
20110627,16.247,16.299,16.232,16.247,85447,0
20110628,16.351,16.47,16.315,16.47,215065,0
20110629,16.238,16.315,16.143,16.225,155622,0
20110630,16.323,16.806,16.284,16.806,163231,0
20110701,16.681,16.681,16.375,16.375,72386,0
20110705,16.442,16.442,16.292,16.323,52181,0
20110706,16.284,16.359,16.238,16.306,81488,0
20110707,16.33,16.39,16.247,16.292,80191,0
20110708,16.277,16.395,16.254,16.382,47622,0
20110711,16.254,16.254,16,16.008,116305,0
20110712,15.902,16.023,15.851,15.874,93968,0
20110713,15.814,15.902,15.649,15.709,165909,0
20110714,15.747,15.755,15.582,15.613,87767,0
20110715,15.703,15.858,15.613,15.836,104182,0
20110718,15.814,15.822,15.515,15.596,95875,0
20110719,15.687,15.725,15.552,15.59,79900,0
20110720,15.59,15.709,15.538,15.575,109170,0
20110721,15.664,16.105,15.657,15.987,154912,0
20110722,15.926,16.114,15.761,16.023,74989,0
20110725,15.949,15.978,15.73,15.926,103883,0
20110726,15.851,15.949,15.791,15.881,101677,0
20110727,15.785,15.881,15.625,15.694,121182,0
20110728,15.694,15.739,15.596,15.657,97258,0
20110729,15.635,15.635,15.216,15.314,90036,0
20110801,15.486,15.755,15.434,15.657,178466,0
20110802,15.657,15.709,15.507,15.582,264146,0
20110803,15.59,15.673,15.479,15.515,258670,0
20110804,15.358,15.545,14.55,14.812,223430,0
20110805,14.723,14.947,13.52,14.221,462600,0
20110808,13.452,13.573,11.399,11.75,762695,0
20110809,11.803,13.648,11.803,13.544,295763,0
20110810,13.663,13.663,12.705,12.789,194889,0
20110811,12.797,13.4,12.543,13.291,153971,0
20110812,13.118,13.776,13.118,13.655,177933,0
20110815,13.796,14.314,13.796,14.187,182997,0
20110816,14.314,14.38,14.081,14.208,107172,0
20110817,14.255,14.401,14.161,14.221,80973,0
20110818,13.948,13.948,12.923,13.492,130227,0
20110819,13.304,13.604,12.975,13.363,144697,0
20110822,13.484,13.721,13.02,13.163,109429,0
20110823,13.17,13.186,12.916,13.126,188414,0
20110824,13.102,13.319,13.072,13.238,129522,0
20110825,13.304,13.625,13.304,13.446,76566,0
20110826,13.452,13.962,13.409,13.962,84272,0
20110829,13.998,14.23,13.962,14.194,103324,0
20110830,14.275,14.334,14.042,14.119,128318,0
20110831,14.261,14.372,14.088,14.199,114449,0
20110901,14.199,14.334,13.895,14.034,103101,0
20110902,13.782,14.093,13.663,14.022,36640,0
20110906,13.446,13.848,13.259,13.782,111392,0
20110907,13.864,14.016,13.812,13.915,77692,0
20110908,13.922,14.058,13.513,13.669,141498,0
20110909,13.573,13.573,13.192,13.363,97320,0
20110912,12.999,12.999,12.505,12.721,186047,0
20110913,12.871,12.871,12.505,12.757,97345,0
20110914,12.78,13.259,12.637,13.198,119585,0
20110915,13.349,13.663,13.349,13.655,122415,0
20110916,13.82,13.887,13.46,13.565,87110,0
20110919,13.298,13.379,13.155,13.332,59130,0
20110920,13.332,13.371,13.192,13.259,77728,0
20110921,13.266,13.431,13.155,13.386,98429,0
20110922,12.945,13.029,12.611,12.864,128089,0
20110923,12.825,12.923,12.483,12.611,83474,0
20110926,12.697,12.817,12.17,12.772,127350,0
20110927,12.901,13.349,12.901,13.058,159582,0
20110928,12.812,12.952,12.348,12.407,78360,0
20110929,12.637,12.789,12.407,12.552,56765,0
20110930,12.483,12.685,12.304,12.571,101542,0
20111003,12.111,12.424,11.563,11.654,111361,0
20111004,11.578,11.578,10.95,11.452,204857,0
20111005,11.452,11.623,11.362,11.607,182953,0
20111006,11.713,12.871,11.661,12.871,91177,0
20111007,12.923,13.379,12.804,13.298,168204,0
20111010,13.409,13.604,13.029,13.205,91608,0
20111011,13.298,13.298,12.817,12.892,38151,0
20111012,12.983,13.4,12.983,13.205,86389,0
20111013,13.138,13.138,12.839,13.011,44360,0
20111014,13.079,13.177,12.577,12.654,70752,0
20111017,12.602,12.772,12.249,12.577,91993,0
20111018,12.685,12.916,12.51,12.825,133302,0
20111019,12.952,13.138,12.697,12.789,101189,0
20111020,12.669,12.871,12.625,12.871,83249,0
20111021,12.93,13.072,12.849,13.072,46275,0
20111024,13.072,13.416,12.975,13.416,100256,0
20111025,13.273,13.291,13.02,13.072,111086,0
20111026,13.186,13.363,13.029,13.363,92873,0
20111027,13.669,13.922,13.634,13.843,263035,0
20111028,13.663,13.812,13.604,13.728,84883,0
20111031,13.446,13.581,13.238,13.238,116724,0
20111101,12.697,13.087,12.416,12.661,148395,0
20111102,12.797,12.945,12.669,12.797,105066,0
20111103,12.99,13.072,12.812,13.072,82602,0
20111104,12.999,13.198,12.969,13.155,84612,0
20111107,13.155,13.231,12.999,13.066,99438,0
20111108,13.126,13.186,12.969,13.087,104287,0
20111109,12.738,12.772,12.31,12.444,144309,0
20111110,12.631,12.745,12.325,12.424,80628,0
20111111,12.51,12.99,12.451,12.969,113553,0
20111114,12.825,13.006,12.619,12.753,139217,0
20111115,12.713,12.713,12.466,12.631,106702,0
20111116,12.563,12.685,12.363,12.424,168901,0
20111117,12.424,12.492,12.17,12.249,85617,0
20111118,12.257,12.304,12.086,12.176,121868,0
20111121,12.07,12.07,11.803,11.989,99140,0
20111122,11.959,12.035,11.766,12.035,75188,0
20111123,11.848,11.884,11.578,11.726,105273,0
20111125,11.661,11.908,11.661,11.825,54805,0
20111128,12.116,12.295,11.949,12.05,122637,0
20111129,12.079,12.079,11.848,11.922,124765,0
20111130,12.451,12.451,11.968,12.13,130812,0
20111201,12.138,12.266,12.07,12.13,112717,0
20111202,12.257,12.348,12.182,12.249,59954,0
20111205,12.385,12.535,12.304,12.444,125517,0
20111206,12.416,12.518,12.363,12.483,173344,0
20111207,12.392,12.438,12.17,12.424,123231,0
20111208,12.31,12.385,12.05,12.138,59231,0
20111209,12.138,12.341,12.138,12.304,93314,0
20111212,12.138,12.237,12.003,12.182,105592,0
20111213,12.122,12.407,12.102,12.295,152847,0
20111214,12.31,12.341,12.111,12.161,117864,0
20111215,12.213,12.249,11.959,12.027,150582,0
20111216,12.027,12.198,11.998,12.063,96241,0
20111219,12.042,12.111,11.998,12.05,131825,0
20111220,12.161,12.206,12.018,12.102,166479,0
20111221,12.111,12.281,12.042,12.281,167793,0
20111222,12.243,12.594,12.237,12.577,254301,0
20111223,12.619,12.729,12.586,12.692,95032,0
20111227,12.697,12.697,12.451,12.451,124040,0
20111228,11.959,12.147,11.848,12.094,104162,0
20111229,11.983,12.243,11.983,12.138,152020,0
20111230,12.182,12.213,12.116,12.182,115944,0
20120103,12.332,12.498,12.288,12.385,110472,0
20120104,12.392,12.765,12.392,12.713,87603,0
20120105,12.611,13.05,12.611,12.952,166388,0
20120106,12.975,13.102,12.939,13.05,185140,0
20120109,13.058,13.231,13.02,13.186,160281,0
20120110,13.291,13.617,13.273,13.476,131332,0
20120111,13.393,13.431,13.281,13.386,104983,0
20120112,13.386,13.513,13.363,13.4,140169,0
20120113,13.298,13.31,13.109,13.231,107469,0
20120117,13.371,13.431,13.326,13.371,150737,0
20120118,13.379,13.551,13.358,13.431,246835,0
20120119,13.573,13.634,13.439,13.439,380861,0
20120120,13.446,13.604,13.446,13.558,136158,0
20120123,13.604,13.804,13.604,13.692,229454,0
20120124,13.587,13.76,13.573,13.745,136605,0
20120125,13.768,13.974,13.685,13.88,103732,0
20120126,14.016,14.102,13.94,14.067,92916,0
20120127,14.076,14.187,14.067,14.127,75076,0
20120130,14.008,14.088,13.948,13.998,171420,0
20120131,13.998,14.042,13.948,14.022,157702,0
20120201,14.022,14.169,14.022,14.135,124473,0
20120202,14.199,14.342,14.194,14.255,229657,0
20120203,14.314,14.491,14.289,14.462,115094,0
20120206,14.454,14.582,14.439,14.521,119248,0
20120207,14.454,14.662,14.454,14.617,166623,0
20120208,14.634,15.028,14.634,15.028,183245,0
20120209,15.121,15.202,14.768,14.916,331610,0
20120210,14.775,14.866,14.658,14.739,140495,0
20120213,14.827,15.001,14.821,14.977,97482,0
20120214,14.968,15.073,14.88,15.068,106653,0
20120215,15.165,15.195,15.088,15.121,96017,0
20120216,15.053,15.112,14.902,15.106,158567,0
20120217,15.068,15.254,15.053,15.216,108957,0
20120221,15.216,15.268,15.172,15.262,167625,0
20120222,15.186,15.232,15.121,15.186,121261,0
20120223,15.254,15.314,15.216,15.314,80861,0
20120224,15.314,15.411,15.254,15.402,150301,0
20120227,15.358,15.53,15.328,15.471,82354,0
20120228,15.419,15.679,15.419,15.643,101150,0
20120229,15.643,15.828,15.643,15.785,152936,0
20120301,15.791,15.911,15.709,15.911,151283,0
20120302,15.911,16.008,15.851,15.969,123580,0
20120305,15.969,15.969,15.836,15.858,71835,0
20120306,15.703,15.761,15.374,15.454,174637,0
20120307,15.492,15.747,15.486,15.643,98232,0
20120308,15.747,15.964,15.747,15.896,91749,0
20120309,15.926,16.091,15.866,16,142156,0
20120312,16,16.203,15.969,16.172,137445,0
20120313,16.179,16.395,16.165,16.351,198109,0
20120314,16.351,16.403,16.27,16.306,130974,0
20120315,16.306,16.359,16.203,16.27,79983,0
20120316,16.27,16.299,16.203,16.277,79317,0
20120319,16.277,16.359,16.211,16.336,99588,0
20120320,16.247,16.39,16.238,16.367,148009,0
20120321,16.367,16.403,16.306,16.359,100647,0
20120322,16.306,16.367,16.254,16.359,99285,0
20120323,16.292,16.39,16.292,16.367,59276,0
20120326,16.367,16.436,16.367,16.419,87524,0
20120327,16.359,16.427,16.336,16.351,128853,0
20120328,16.06,16.105,16.023,16.074,120895,0
20120329,16.023,16.023,15.933,15.941,101658,0
20120330,15.933,16.134,15.926,16.037,338297,0
20120402,16.06,16.151,16.008,16.008,262015,0
20120403,15.978,16.054,15.969,15.969,118525,0
20120404,15.836,15.969,15.769,15.918,118709,0
20120405,15.941,15.987,15.918,15.955,21407,0
20120409,15.806,15.858,15.769,15.769,43654,0
20120410,15.73,15.755,15.507,15.53,194976,0
20120411,15.59,15.596,15.411,15.471,90581,0
20120412,15.434,15.987,15.434,15.949,82087,0
20120413,15.814,15.902,15.703,15.791,46620,0
20120416,15.896,15.955,15.776,15.918,82310,0
20120417,16.054,16.06,15.918,15.918,81926,0
20120418,15.874,15.889,15.739,15.739,71283,0
20120419,15.761,15.874,15.747,15.866,81747,0
20120420,15.926,15.926,15.582,15.605,78603,0
20120423,15.424,15.479,15.202,15.382,114410,0
20120424,15.365,15.515,15.314,15.388,47472,0
20120425,15.471,15.575,15.471,15.53,48088,0
20120426,15.501,15.673,15.471,15.673,22009,0
20120427,15.694,15.747,15.649,15.716,34588,0
20120430,15.673,15.836,15.673,15.761,44182,0
20120501,15.73,15.955,15.73,15.896,53229,0
20120502,15.851,15.964,15.814,15.911,43750,0
20120503,15.874,15.911,15.843,15.902,47313,0
20120504,15.806,15.889,15.747,15.822,41645,0
20120507,15.791,15.969,15.791,15.949,66704,0
20120508,15.874,15.949,15.828,15.949,64454,0
20120509,15.822,15.822,15.664,15.679,67067,0
20120510,15.785,15.798,15.664,15.725,57027,0
20120511,15.59,15.687,15.447,15.492,114586,0
20120514,15.283,15.298,15.079,15.127,153600,0
20120515,15.134,15.134,14.783,14.88,109862,0
20120516,14.866,14.866,14.545,14.61,100732,0
20120517,14.61,14.61,13.848,13.864,73188,0
20120518,13.948,13.948,13.304,13.46,181305,0
20120521,13.469,14.38,13.469,14.372,174733,0
20120522,14.454,14.935,14.454,14.701,89405,0
20120523,14.617,14.617,14.042,14.305,629940,0
20120524,14.237,14.357,14.081,14.169,432422,0
20120525,14.169,14.246,14.081,14.161,117530,0
20120529,14.267,14.439,14.058,14.394,400570,0
20120530,14.255,14.305,14.016,14.022,174332,0
20120531,14.102,14.169,13.804,14.119,150958,0
20120601,13.843,13.974,13.745,13.895,70232,0
20120604,13.82,14.148,13.804,14.127,73227,0
20120605,14.169,14.469,14.14,14.462,144802,0
20120606,14.582,14.708,14.574,14.65,78528,0
20120607,14.798,14.894,14.582,14.582,131060,0
20120608,14.478,14.685,14.478,14.604,170262,0
20120611,14.677,14.761,14.305,14.314,125923,0
20120612,14.314,14.454,14.221,14.425,67999,0
20120613,14.425,14.462,14.357,14.462,73356,0
20120614,14.497,14.775,14.486,14.754,127592,0
20120615,14.761,14.916,14.634,14.821,85311,0
20120618,14.812,15.073,14.775,15.068,166767,0
20120619,15.156,15.195,15.02,15.134,88002,0
20120620,15.134,15.276,15.008,15.239,73657,0
20120621,15.245,15.262,15.079,15.121,45788,0
20120622,15.079,15.351,15.037,15.298,96201,0
20120625,15.223,15.343,15.156,15.216,123082,0
20120626,15.245,15.351,15.156,15.314,123759,0
20120627,15.045,15.216,14.902,15.18,177757,0
20120628,15.088,15.134,15.037,15.097,69470,0
20120629,15.254,15.254,15.097,15.134,90134,0
20120702,15.208,15.447,15.172,15.447,95747,0
20120703,15.447,15.605,15.434,15.575,55092,0
20120705,15.575,15.828,15.454,15.739,144107,0
20120706,15.679,15.836,15.613,15.806,87967,0
20120709,15.755,15.806,15.687,15.776,77722,0
20120710,15.806,15.866,15.673,15.747,159322,0
20120711,15.798,15.798,15.582,15.761,78664,0
20120712,15.709,15.851,15.582,15.791,90102,0
20120713,15.761,15.993,15.761,15.949,92216,0
20120716,15.926,16.054,15.889,16.047,111114,0
20120717,16.047,16.098,15.987,16.054,165858,0
20120718,15.987,16.06,15.926,15.964,141164,0
20120719,15.918,16.06,15.874,16.037,142966,0
20120720,15.911,16.037,15.836,15.955,163040,0
20120723,15.56,15.902,15.56,15.874,177461,0
20120724,15.716,15.798,15.664,15.755,260213,0
20120725,15.747,15.814,15.62,15.716,100673,0
20120726,15.776,15.798,15.679,15.703,159297,0
20120727,15.739,15.978,15.73,15.902,194184,0
20120730,15.836,16.067,15.836,16.047,119727,0
20120731,15.993,16.284,15.993,16.194,177710,0
20120801,16.194,16.284,16.074,16.203,173152,0
20120802,16.114,16.277,16.114,16.218,132315,0
20120803,16.218,16.277,16.134,16.172,182253,0
20120806,16.194,16.284,16.151,16.254,235618,0
20120807,16.254,16.33,16.225,16.306,123468,0
20120808,16.27,16.411,16.27,16.411,129277,0
20120809,16.375,16.411,16.336,16.403,141598,0
20120810,16.343,16.436,16.336,16.436,95638,0
20120813,16.436,16.522,16.436,16.47,137437,0
20120814,16.47,16.59,16.455,16.576,161880,0
20120815,16.503,16.666,16.503,16.636,160666,0
20120816,16.606,16.755,16.581,16.755,153022,0
20120817,16.71,16.806,16.688,16.806,135711,0
20120820,16.793,16.806,16.747,16.806,126366,0
20120821,16.784,16.806,16.762,16.793,182909,0
20120822,16.702,16.986,16.702,16.934,138753,0
20120823,16.934,17.059,16.888,16.941,137099,0
20120824,16.927,16.979,16.875,16.974,115558,0
20120827,16.965,16.974,16.897,16.918,144139,0
20120828,16.918,16.934,16.875,16.897,139983,0
20120829,16.897,17.033,16.897,17.009,185025,0
20120830,17.009,17.113,16.941,17.053,189229,0
20120831,17.024,17.137,16.986,17.106,82734,0
20120904,17.04,17.106,16.979,17.068,117810,0
20120905,17.033,17.181,17.033,17.137,139291,0
20120906,17.137,17.39,17.121,17.361,222865,0
20120907,17.382,17.539,17.309,17.518,317551,0
20120910,17.518,17.741,17.501,17.717,353964,0
20120911,17.717,17.921,17.711,17.883,548359,0
20120912,17.883,17.988,17.837,17.964,180957,0
20120913,17.929,18.025,17.875,18.003,193277,0
20120914,18.01,18.172,18.01,18.153,205295,0
20120917,18.146,18.153,18.062,18.146,115662,0
20120918,18.086,18.131,18.031,18.078,127379,0
20120919,18.078,18.146,18.078,18.105,152175,0
20120920,18.078,18.105,18.003,18.054,136830,0
20120921,18.04,18.092,18.019,18.071,115890,0
20120924,17.959,18.071,17.959,17.988,114319,0
20120925,17.98,18.045,17.921,17.934,104794,0
20120926,17.845,18.019,17.777,17.952,110371,0
20120927,17.733,17.733,17.539,17.553,107174,0
20120928,17.553,17.553,17.463,17.463,156564,0
20121001,17.494,17.57,17.48,17.531,70479,0
20121002,17.501,17.636,17.494,17.598,96325,0
20121003,17.591,17.672,17.531,17.598,118701,0
20121004,17.631,17.704,17.577,17.682,68351,0
20121005,17.682,17.897,17.682,17.897,75665,0
20121008,17.809,17.921,17.785,17.921,84086,0
20121009,17.904,17.904,17.704,17.717,140102,0
20121010,17.717,17.852,17.717,17.824,113058,0
20121011,17.809,17.911,17.75,17.861,93042,0
20121012,17.817,17.911,17.817,17.904,103433,0
20121015,17.897,17.929,17.869,17.911,96511,0
20121016,17.929,18.086,17.911,17.98,127136,0
20121017,17.98,18.04,17.952,18.003,73638,0
20121018,18.003,18.003,17.785,17.793,183782,0
20121019,17.75,17.801,17.645,17.645,185120,0
20121022,17.636,17.883,17.598,17.852,135212,0
20121023,17.817,17.988,17.764,17.964,85921,0
20121024,17.934,18.003,17.904,17.942,141396,0
20121025,17.942,17.988,17.83,17.861,120198,0
20121026,17.904,17.929,17.883,17.921,74335,0
20121031,17.875,18.139,17.861,18.139,158830,0
20121101,18.112,18.153,18.01,18.098,165586,0
20121102,18.131,18.207,18.045,18.164,93348,0
20121105,18.139,18.443,18.078,18.346,202865,0
20121106,18.301,18.435,18.285,18.338,231340,0
20121107,18.278,18.325,18.139,18.217,174806,0
20121108,18.217,18.325,18.164,18.199,91772,0
20121109,18.199,18.199,18.078,18.098,135446,0
20121112,18.098,18.259,17.929,18.153,103566,0
20121113,18.092,18.158,18.045,18.054,129184,0
20121114,18.054,18.146,17.682,17.757,135829,0
20121115,17.777,17.861,17.518,17.704,386739,0
20121116,17.651,18.062,17.631,17.904,201743,0
20121119,17.971,18.071,17.757,17.809,152544,0
20121120,17.672,17.785,17.651,17.726,267056,0
20121121,17.741,17.959,17.741,17.83,312684,0
20121123,17.861,17.921,17.861,17.869,34729,0
20121126,17.869,17.911,17.785,17.845,113357,0
20121127,17.809,17.988,17.809,17.817,285891,0
20121128,17.777,17.921,17.75,17.921,107003,0
20121129,17.921,18.019,17.892,17.934,92170,0
20121130,17.897,17.959,17.837,17.845,74670,0
20121203,17.861,17.942,17.861,17.921,140113,0
20121204,17.942,17.964,17.921,17.952,85557,0
20121205,17.952,18.003,17.904,17.929,127574,0
20121206,17.934,18.04,17.934,17.994,100261,0
20121207,17.994,18.031,17.971,17.988,64148,0
20121210,17.988,18.045,17.83,17.869,127515,0
20121211,17.952,17.964,17.591,17.934,209889,0
20121212,17.942,18.003,17.869,17.921,108432,0
20121213,17.959,17.964,17.892,17.904,111091,0
20121214,17.929,17.964,17.875,17.934,112934,0
20121217,17.904,17.971,17.845,17.883,122687,0
20121218,17.929,18.054,17.921,18.04,311078,0
20121219,18.04,18.146,18.01,18.045,156580,0
20121220,18.092,18.224,18.045,18.158,102754,0
20121221,18.139,18.267,18.071,18.199,220384,0
20121224,18.241,18.292,18.158,18.273,68631,0
20121226,18.241,18.273,18.105,18.172,114541,0
20121227,18.123,18.322,18.086,18.226,172301,0
20121228,18.184,18.245,18.158,18.184,105292,0
20121231,18.086,18.214,18.04,18.148,64380,0
20130102,18.253,18.263,18.175,18.184,116528,0
20130103,18.154,18.253,18.154,18.214,115320,0
20130104,18.253,18.288,18.22,18.288,118662,0
20130107,18.276,18.366,18.269,18.329,62218,0
20130108,18.322,18.442,18.297,18.314,176285,0
20130109,18.366,18.375,18.193,18.276,195332,0
20130110,18.288,18.433,18.269,18.412,88953,0
20130111,18.427,18.579,18.412,18.526,97808,0
20130114,18.503,18.548,18.473,18.541,49024,0
20130115,18.485,18.587,18.485,18.587,91922,0
20130116,18.541,18.617,18.534,18.564,109459,0
20130117,18.594,18.693,18.594,18.653,180100,0
20130118,18.653,18.76,18.633,18.76,136958,0
20130122,18.714,18.881,18.7,18.881,170592,0
20130123,18.859,18.881,18.766,18.82,111209,0
20130124,18.82,18.82,18.776,18.783,65303,0
20130125,18.755,18.876,18.723,18.852,115570,0
20130128,18.807,18.852,18.776,18.799,74796,0
20130129,18.783,18.82,18.755,18.793,124354,0
20130130,18.766,18.852,18.766,18.799,133411,0
20130131,18.783,18.82,18.76,18.76,118948,0
20130201,18.799,18.816,18.76,18.783,60511,0
20130204,18.76,18.766,18.731,18.76,63743,0
20130205,18.76,18.807,18.731,18.76,79074,0
20130206,18.766,18.799,18.755,18.766,64004,0
20130207,18.76,18.836,18.746,18.827,124036,0
20130208,18.836,18.852,18.783,18.793,36956,0
20130211,18.783,18.859,18.76,18.76,45797,0
20130212,18.766,18.82,18.746,18.766,82012,0
20130213,18.793,18.827,18.746,18.76,139455,0
20130214,18.76,18.852,18.76,18.852,81734,0
20130215,18.82,18.844,18.783,18.844,68436,0
20130219,18.844,18.844,18.783,18.799,54005,0
20130220,18.799,18.876,18.799,18.852,51742,0
20130221,18.836,18.836,18.783,18.816,26994,0
20130222,18.816,18.816,18.766,18.783,85875,0
20130225,18.793,18.836,18.76,18.766,53064,0
20130226,18.793,18.868,18.776,18.827,92493,0
20130227,18.816,18.876,18.816,18.836,77348,0
20130228,18.859,18.859,18.783,18.799,109073,0
20130301,18.793,18.816,18.723,18.746,108078,0
20130304,18.746,18.881,18.746,18.836,73474,0
20130305,18.881,18.913,18.82,18.82,64091,0
20130306,18.868,18.904,18.827,18.889,86528,0
20130307,18.859,18.958,18.852,18.942,56250,0
20130308,18.904,18.942,18.868,18.897,71812,0
20130311,18.844,18.937,18.82,18.928,55516,0
20130312,18.859,18.942,18.859,18.937,59902,0
20130313,18.897,18.974,18.881,18.942,100271,0
20130314,18.942,19.034,18.942,19.01,182031,0
20130315,19.01,19.095,18.937,18.988,239081,0
20130318,18.889,19.057,18.889,18.974,352434,0
20130319,19.01,19.034,18.983,19.034,31022,0
20130320,19.01,19.089,19.003,19.042,223215,0
20130321,19.095,19.117,18.983,19.019,111277,0
20130322,19.034,19.057,18.937,18.983,590209,0
20130325,19.003,19.057,18.958,18.974,155826,0
20130326,19.01,19.027,18.897,18.897,210448,0
20130327,18.958,18.958,18.859,18.888,287515,0
20130328,18.95,19.028,18.921,18.921,221704,0
20130401,18.921,18.983,18.842,18.888,209880,0
20130402,18.88,18.966,18.814,18.842,305795,0
20130403,18.888,18.888,18.744,18.773,209651,0
20130404,18.78,18.888,18.78,18.888,100335,0
20130405,18.842,18.942,18.842,18.942,62900,0
20130408,18.966,18.966,18.928,18.966,76074,0
20130409,18.966,19.02,18.95,19.003,70478,0
20130410,19.028,19.113,19.003,19.082,86069,0
20130411,19.082,19.159,19.028,19.119,110627,0
20130412,19.082,19.175,19.082,19.144,107428,0
20130415,19.144,19.144,19.091,19.096,145461,0
20130416,19.096,19.144,19.082,19.119,196166,0
20130417,19.082,19.144,19.011,19.119,107459,0
20130418,19.096,19.198,19.096,19.198,72807,0
20130419,19.198,19.251,19.082,19.119,175494,0
20130422,19.207,19.207,19.096,19.18,66526,0
20130423,19.152,19.267,19.152,19.251,183314,0
20130424,19.251,19.274,19.23,19.237,84603,0
20130425,19.267,19.381,19.237,19.381,136975,0
20130426,19.337,19.399,19.312,19.381,70842,0
20130429,19.39,19.544,19.381,19.536,168919,0
20130430,19.536,19.559,19.452,19.452,78318,0
20130501,19.468,19.483,19.328,19.414,74168,0
20130502,19.423,19.468,19.381,19.435,72123,0
20130503,19.429,19.468,19.361,19.368,42726,0
20130506,19.39,19.443,19.381,19.443,76508,0
20130507,19.405,19.505,19.39,19.505,151695,0
20130508,19.529,19.544,19.452,19.544,92803,0
20130509,19.544,19.544,19.461,19.505,70878,0
20130510,19.505,19.544,19.435,19.505,88210,0
20130513,19.505,19.513,19.452,19.513,44253,0
20130514,19.468,19.498,19.405,19.429,53536,0
20130515,19.429,19.429,19.319,19.372,64639,0
20130516,19.39,19.429,19.352,19.352,78049,0
20130517,19.361,19.429,19.361,19.414,32382,0
20130520,19.429,19.429,19.312,19.429,72459,0
20130521,19.429,19.468,19.361,19.452,121985,0
20130522,19.414,19.461,19.381,19.405,138615,0
20130523,19.405,19.429,19.368,19.39,78908,0
20130524,19.368,19.461,19.368,19.443,47902,0
20130528,19.423,19.544,19.39,19.399,96486,0
20130529,19.423,19.452,19.328,19.352,78122,0
20130530,19.381,19.476,19.381,19.443,38380,0
20130531,19.429,19.443,19.337,19.361,222920,0
20130603,19.361,19.423,19.144,19.207,184709,0
20130604,19.188,19.251,19.152,19.188,77342,0
20130605,19.237,19.237,19.044,19.091,111468,0
20130606,19.18,19.18,19.058,19.159,115489,0
20130607,19.136,19.198,19.074,19.136,152805,0
20130610,19.136,19.136,19.051,19.113,56497,0
20130611,19.113,19.136,18.819,18.958,138346,0
20130612,19.003,19.082,18.241,18.465,257408,0
20130613,18.389,18.657,17.847,18.657,218810,0
20130614,18.696,18.966,18.657,18.966,84780,0
20130617,19.188,19.188,18.928,19.036,148128,0
20130618,18.989,19.242,18.921,19.188,176444,0
20130619,19.188,19.274,18.859,18.942,94825,0
20130620,18.704,18.796,18.556,18.711,100454,0
20130621,18.744,18.875,18.582,18.582,65535,0
20130624,18.495,18.495,17.988,18.042,196753,0
20130625,18.15,18.458,18.081,18.404,95243,0
20130626,18.55,18.682,18.52,18.536,85465,0
20130627,18.612,18.941,18.612,18.879,60981,0
20130628,19.245,19.27,18.999,19.005,85211,0
20130701,18.746,18.801,18.698,18.755,68890,0
20130702,18.83,18.873,18.73,18.856,87348,0
20130703,18.767,18.767,18.643,18.666,25272,0
20130705,18.666,18.666,18.298,18.408,99708,0
20130708,18.566,18.582,18.157,18.181,93397,0
20130709,18.269,18.288,18.095,18.127,81621,0
20130710,18.19,18.276,18.081,18.212,41562,0
20130711,18.338,18.43,18.234,18.288,49262,0
20130712,18.281,18.535,18.281,18.376,45916,0
20130715,18.408,18.455,18.346,18.361,46038,0
20130716,18.472,18.589,18.448,18.566,68183,0
20130717,18.684,18.684,18.566,18.566,46609,0
20130718,18.589,18.69,18.535,18.643,74945,0
20130719,18.675,18.675,18.423,18.423,129497,0
20130722,18.511,18.596,18.385,18.385,70498,0
20130723,18.549,18.549,18.401,18.448,90834,0
20130724,18.519,18.519,18.199,18.352,60651,0
20130725,18.253,18.416,18.127,18.393,74090,0
20130726,18.352,18.535,18.281,18.502,45459,0
20130729,18.582,18.604,18.218,18.281,42230,0
20130730,18.262,18.361,18.19,18.306,53811,0
20130731,18.253,18.43,18.19,18.423,63540,0
20130801,18.393,18.485,18.33,18.416,87654,0
20130802,18.423,18.485,18.352,18.352,45908,0
20130805,18.288,18.352,18.262,18.306,44853,0
20130806,18.276,18.306,18.15,18.181,49989,0
20130807,18.181,18.298,18.163,18.226,55959,0
20130808,18.253,18.338,18.171,18.208,48753,0
20130809,18.208,18.269,18.136,18.136,34714,0
20130812,18.171,18.208,18.1,18.1,74507,0
20130813,18.127,18.157,18.081,18.088,47913,0
20130814,18.15,18.15,17.813,17.835,73783,0
20130815,17.875,17.875,17.333,17.499,164013,0
20130816,17.499,17.499,17.122,17.286,92678,0
20130819,17.286,17.286,16.935,17.085,92872,0
20130820,17.092,17.333,17.085,17.178,159217,0
20130821,17.272,17.272,17.045,17.092,94712,0
20130822,17.122,17.538,17.122,17.46,88165,0
20130823,17.46,17.78,17.46,17.759,55652,0
20130826,17.821,17.932,17.798,17.828,71899,0
20130827,17.788,17.86,17.649,17.734,69184,0
20130828,17.734,17.828,17.67,17.704,95312,0
20130829,17.71,17.805,17.71,17.773,41511,0
20130830,18.075,18.261,18.05,18.217,37526,0
20130903,17.977,18.046,17.843,17.86,82675,0
20130904,17.86,17.946,17.805,17.805,113373,0
20130905,17.765,17.85,17.67,17.759,67013,0
20130906,17.773,17.78,17.641,17.67,56159,0
20130909,17.743,17.752,17.635,17.68,51298,0
20130910,17.704,17.869,17.704,17.869,36067,0
20130911,17.773,18.064,17.773,17.96,44704,0
20130912,18.046,18.046,17.86,17.956,42038,0
20130913,17.986,18.1,17.986,18.073,73272,0
20130916,18.15,18.163,18.046,18.081,152104,0
20130917,18.055,18.127,18.046,18.095,86964,0
20130918,18.095,18.253,17.875,18.226,193616,0
20130919,18.208,18.281,18.088,18.136,46236,0
20130920,18.095,18.144,18.031,18.064,85971,0
20130923,18.109,18.144,18.041,18.055,71677,0
20130924,18.117,18.15,17.968,18.073,73046,0
20130925,18.1,18.163,18.1,18.117,54087,0
20130926,18.181,18.316,18.163,18.306,41268,0
20130927,18.386,18.465,18.261,18.297,61246,0
20130930,18.224,18.402,18.113,18.211,59952,0
20131001,18.177,18.261,18.042,18.113,47722,0
20131002,18.105,18.132,18.05,18.105,56793,0
20131003,18.084,18.113,17.939,18.068,71985,0
20131004,18.02,18.068,18.012,18.05,22648,0
20131007,18.091,18.091,17.906,17.948,28768,0
20131008,17.962,18.075,17.948,18.012,74727,0
20131009,18.075,18.075,17.994,18.004,60319,0
20131010,18.02,18.05,17.958,17.988,50980,0
20131011,18.059,18.059,17.969,18.004,62553,0
20131014,17.979,18.075,17.979,18.034,54096,0
20131015,18.026,18.05,17.969,17.969,69959,0
20131016,17.962,18.042,17.962,17.969,68425,0
20131017,18.05,18.346,17.958,18.075,69878,0
20131018,18.098,18.37,18.098,18.37,64305,0
20131021,18.37,18.37,18.28,18.361,64634,0
20131022,18.37,18.569,18.353,18.552,61150,0
20131023,18.601,18.704,18.53,18.537,59389,0
20131024,18.586,18.729,18.569,18.65,89759,0
20131025,18.65,18.65,18.56,18.634,44428,0
20131028,18.634,18.729,18.56,18.641,59807,0
20131029,18.689,18.689,18.552,18.641,56672,0
20131030,18.608,18.641,18.37,18.417,42452,0
20131031,18.386,18.594,18.37,18.537,51070,0
20131101,18.451,18.513,18.177,18.37,41318,0
20131104,18.346,18.544,18.33,18.537,64565,0
20131105,18.537,18.537,18.306,18.353,63696,0
20131106,18.37,18.577,18.315,18.569,102123,0
20131107,18.608,18.745,18.577,18.737,62584,0
20131108,18.689,18.784,18.487,18.522,129729,0
20131111,18.586,18.682,18.497,18.608,46140,0
20131112,18.608,18.665,18.586,18.586,46521,0
20131113,18.634,18.65,18.544,18.569,73672,0
20131114,18.552,18.682,18.537,18.586,63876,0
20131115,18.544,18.711,18.544,18.672,62151,0
20131118,18.65,18.873,18.65,18.729,48372,0
20131119,18.696,18.809,18.665,18.753,83768,0
20131120,18.823,18.839,18.72,18.766,160031,0
20131121,18.766,18.839,18.711,18.784,52753,0
20131122,18.831,18.985,18.793,18.959,121934,0
20131125,18.902,18.999,18.873,18.95,110777,0
20131126,18.976,19.151,18.976,19.04,115738,0
20131127,19.095,19.181,19.024,19.07,67167,0
20131129,19.061,19.151,19.014,19.014,24732,0
20131202,19.014,19.07,18.942,19.024,95317,0
20131203,19.024,19.103,19.024,19.089,79338,0
20131204,19.07,19.095,19.032,19.079,190733,0
20131205,19.048,19.151,18.985,19.048,169569,0
20131206,19.056,19.151,19.024,19.032,52445,0
20131209,19.089,19.089,18.999,19.024,122268,0
20131210,19.005,19.032,18.942,19.014,87081,0
20131211,19.024,19.024,18.942,18.942,66634,0
20131212,18.921,18.921,18.65,18.704,92041,0
20131213,18.665,18.847,18.608,18.847,94395,0
20131216,18.831,18.921,18.809,18.873,125144,0
20131217,18.873,18.959,18.823,18.831,65152,0
20131218,18.831,18.887,18.776,18.831,67845,0
20131219,18.95,19.048,18.745,18.745,107635,0
20131220,18.766,18.823,18.766,18.784,155254,0
20131223,18.879,18.976,18.753,18.793,93060,0
20131224,18.847,18.847,18.641,18.655,113223,0
20131226,18.729,18.784,18.505,18.617,88214,0
20131227,18.749,18.749,18.481,18.523,106053,0
20131230,18.465,18.552,18.431,18.481,110872,0
20131231,18.401,18.756,18.401,18.756,128334,0
20140102,18.742,19.177,18.635,18.846,56982,0
20140103,18.879,19.006,18.862,19.006,37578,0
20140106,18.999,19.081,18.992,19.081,47527,0
20140107,19.153,19.153,19.041,19.041,60086,0
20140108,19.072,19.09,19.006,19.072,41779,0
20140109,19.081,19.096,18.992,19.063,67595,0
20140110,19.096,19.171,19.09,19.128,31591,0
20140113,19.162,19.235,19.09,19.12,76424,0
20140114,19.153,19.185,19.057,19.113,55883,0
20140115,19.162,19.185,19.081,19.12,80739,0
20140116,19.138,19.153,19.063,19.153,81214,0
20140117,19.128,19.177,19.12,19.128,122520,0
20140121,19.177,19.203,19.128,19.147,79758,0
20140122,19.171,19.194,19.147,19.185,129418,0
20140123,19.203,19.25,19.171,19.194,88958,0
20140124,19.171,19.241,19.128,19.147,59391,0
20140127,19.138,19.185,19.12,19.147,50379,0
20140128,19.128,19.218,19.12,19.194,66830,0
20140129,19.171,19.21,19.128,19.128,50016,0
20140130,19.153,19.267,19.153,19.162,84755,0
20140131,19.203,19.235,19.12,19.138,69231,0
20140203,19.171,19.185,19.12,19.128,39993,0
20140204,19.106,19.177,19.096,19.147,117254,0
20140205,19.147,19.177,19.138,19.147,39992,0
20140206,19.162,19.194,19.12,19.171,79318,0
20140207,19.171,19.398,19.128,19.37,122722,0
20140210,19.37,19.477,19.332,19.388,62026,0
20140211,19.366,19.47,19.366,19.423,130118,0
20140212,19.47,19.64,19.454,19.583,85299,0
20140213,19.599,19.787,19.567,19.752,68306,0
20140214,19.752,19.865,19.752,19.844,103645,0
20140218,19.865,19.9,19.705,19.778,114627,0
20140219,19.77,19.809,19.688,19.752,84561,0
20140220,19.778,19.809,19.752,19.752,86868,0
20140221,19.673,19.787,19.673,19.721,96186,0
20140224,19.77,19.859,19.705,19.705,85168,0
20140225,19.705,19.809,19.696,19.696,73844,0
20140226,19.712,19.826,19.696,19.696,55974,0
20140227,19.73,19.752,19.688,19.738,59310,0
20140228,19.809,19.809,19.752,19.761,43448,0
20140303,19.738,19.752,19.681,19.712,48178,0
20140304,19.73,19.826,19.681,19.761,63641,0
20140305,19.73,19.85,19.73,19.826,60095,0
20140306,19.844,19.865,19.77,19.844,61091,0
20140307,19.85,19.85,19.752,19.809,45606,0
20140310,19.809,19.85,19.73,19.826,56183,0
20140311,19.809,19.956,19.809,19.948,141516,0
20140312,19.972,20.045,19.93,20.029,90015,0
20140313,20.069,20.118,20.029,20.118,63077,0
20140314,20.118,20.118,20.022,20.118,71841,0
20140317,20.15,20.15,20.052,20.069,54036,0
20140318,20.109,20.135,20.052,20.109,58435,0
20140319,20.166,20.166,20.037,20.052,51806,0
20140320,20.029,20.109,19.981,20.109,78404,0
20140321,20.213,20.213,20.078,20.085,98500,0
20140324,20.135,20.185,20.085,20.126,109296,0
20140325,20.141,20.156,20.052,20.126,82501,0
20140326,20.126,20.126,20.052,20.093,74546,0
20140327,20.101,20.118,19.93,20.069,66377,0
20140328,20.122,20.122,20.039,20.047,79804,0
20140331,20.161,20.333,20.161,20.285,137486,0
20140401,20.409,20.451,20.311,20.311,183431,0
20140402,20.311,20.392,20.276,20.326,116265,0
20140403,20.386,20.386,20.285,20.285,84064,0
20140404,20.285,20.342,20.276,20.294,81177,0
20140407,20.326,20.368,20.294,20.342,73549,0
20140408,20.326,20.36,20.285,20.311,61494,0
20140409,20.269,20.417,20.269,20.386,242956,0
20140410,20.409,20.443,20.4,20.4,119137,0
20140411,20.417,20.481,20.409,20.443,48253,0
20140414,20.467,20.576,20.458,20.467,66945,0
20140415,20.467,20.548,20.425,20.517,93055,0
20140416,20.525,20.583,20.474,20.481,103868,0
20140417,20.481,20.5,20.409,20.409,114140,0
20140421,20.417,20.467,20.409,20.409,34996,0
20140422,20.467,20.531,20.434,20.509,184677,0
20140423,20.538,20.576,20.525,20.548,66103,0
20140424,20.517,20.576,20.517,20.557,46183,0
20140425,20.557,20.633,20.531,20.633,87204,0
20140428,20.633,20.68,20.557,20.576,117093,0
20140429,20.576,20.715,20.576,20.656,78688,0
20140430,20.623,20.698,20.623,20.698,162043,0
20140501,20.69,20.763,20.623,20.729,90598,0
20140502,20.705,20.756,20.705,20.715,197312,0
20140505,20.737,20.803,20.715,20.772,87528,0
20140506,20.772,20.82,20.763,20.813,144975,0
20140507,20.737,20.83,20.737,20.803,133543,0
20140508,20.786,20.82,20.786,20.813,116034,0
20140509,20.803,20.813,20.795,20.813,21996,0
20140512,20.861,20.861,20.737,20.803,125972,0
20140513,20.795,20.861,20.795,20.845,58431,0
20140514,20.803,20.904,20.795,20.896,89224,0
20140515,20.845,20.896,20.82,20.845,53277,0
20140516,20.838,20.926,20.838,20.904,63821,0
20140519,20.861,20.904,20.838,20.877,66736,0
20140520,20.877,20.896,20.845,20.877,56599,0
20140521,20.861,20.877,20.845,20.845,60914,0
20140522,20.845,20.877,20.813,20.82,113095,0
20140523,20.82,20.896,20.82,20.869,301424,0
20140527,20.861,20.861,20.82,20.845,48707,0
20140528,20.82,20.944,20.803,20.91,126280,0
20140529,20.904,20.935,20.83,20.887,66862,0
20140530,20.877,20.904,20.845,20.845,59609,0
20140602,20.852,20.91,20.852,20.887,46482,0
20140603,20.887,20.91,20.82,20.904,83683,0
20140604,20.83,20.983,20.83,20.944,445896,0
20140605,20.91,20.961,20.904,20.944,39022,0
20140606,20.935,20.961,20.861,20.896,59704,0
20140609,20.904,20.983,20.904,20.926,112400,0
20140610,20.896,20.954,20.887,20.944,57235,0
20140611,20.918,21.002,20.887,20.993,55407,0
20140612,20.944,20.993,20.904,20.983,42234,0
20140613,20.983,21.011,20.877,20.896,40481,0
20140616,20.904,21.019,20.904,20.993,151834,0
20140617,20.926,21.034,20.926,21.011,64923,0
20140618,21.011,21.041,20.983,20.983,41933,0
20140619,20.983,20.983,20.91,20.91,49808,0
20140620,20.935,21.002,20.904,20.983,43284,0
20140623,20.983,21.041,20.926,21.011,27856,0
20140624,20.977,21.084,20.977,21.069,75413,0
20140625,21.034,21.069,20.968,21.041,57111,0
20140626,21.041,21.099,21.041,21.091,79800,0
20140627,21.111,21.145,21.07,21.137,68710,0
20140630,21.137,21.178,21.102,21.151,309743,0
20140701,21.145,21.187,21.119,21.178,63015,0
20140702,21.16,21.219,21.111,21.187,132388,0
20140703,21.17,21.17,21.111,21.137,19211,0
20140707,21.137,21.195,21.137,21.187,42768,0
20140708,21.17,21.203,21.16,21.195,16751,0
20140709,21.211,21.211,21.17,21.195,30646,0
20140710,21.195,21.211,21.178,21.178,33341,0
20140711,21.195,21.228,21.151,21.219,80651,0
20140714,21.228,21.253,21.17,21.187,36144,0
20140715,21.151,21.219,21.151,21.195,44496,0
20140716,21.17,21.27,21.151,21.237,196725,0
20140717,21.228,21.228,21.17,21.219,80045,0
20140718,21.16,21.219,21.086,21.086,132402,0
20140721,21.111,21.245,21.102,21.245,48813,0
20140722,21.228,21.261,21.228,21.245,100731,0
20140723,21.219,21.245,21.187,21.195,59140,0
20140724,21.203,21.237,21.16,21.17,39045,0
20140725,21.16,21.178,21.151,21.16,14438,0
20140728,21.16,21.178,21.145,21.151,19575,0
20140729,21.151,21.178,21.145,21.145,25335,0
20140730,21.219,21.219,21.111,21.137,25737,0
20140731,21.129,21.151,21.061,21.137,65447,0
20140801,21.078,21.137,20.977,21.043,47299,0
20140804,21.036,21.036,20.845,20.918,39312,0
20140805,20.91,20.984,20.895,20.895,34879,0
20140806,20.935,20.969,20.895,20.895,28260,0
20140807,20.926,21.094,20.91,21.086,61761,0
20140808,21.07,21.102,21.028,21.052,11951,0
20140811,21.145,21.17,21.043,21.07,13760,0
20140812,21.102,21.129,21.086,21.102,10389,0
20140813,21.111,21.16,21.111,21.151,11123,0
20140814,21.17,21.228,21.16,21.228,26150,0
20140815,21.16,21.261,21.145,21.211,20807,0
20140818,21.219,21.27,21.211,21.219,51952,0
20140819,21.211,21.277,21.16,21.277,46941,0
20140820,21.219,21.277,21.219,21.245,27149,0
20140821,21.228,21.261,21.16,21.228,43550,0
20140822,21.195,21.245,21.137,21.195,47451,0
20140825,21.195,21.245,21.16,21.237,56896,0
20140826,21.228,21.253,21.187,21.219,38475,0
20140827,21.219,21.261,21.203,21.245,190354,0
20140828,21.228,21.286,21.228,21.277,20906,0
20140829,21.261,21.277,21.228,21.27,28539,0
20140902,21.245,21.27,21.219,21.245,59886,0
20140903,21.237,21.261,21.211,21.211,29657,0
20140904,21.211,21.245,21.111,21.111,61588,0
20140905,21.094,21.219,21.07,21.16,88160,0
20140908,21.151,21.219,21.151,21.195,22829,0
20140909,21.219,21.237,21.17,21.187,41308,0
20140910,21.137,21.253,21.137,21.228,106120,0
20140911,21.219,21.219,21.17,21.187,10989,0
20140912,21.178,21.195,21.137,21.16,20672,0
20140915,21.137,21.245,21.137,21.228,39894,0
20140916,21.228,21.261,21.187,21.195,42575,0
20140917,21.195,21.253,21.17,21.187,23695,0
20140918,21.195,21.261,21.178,21.253,36879,0
20140919,21.245,21.253,21.151,21.151,16936,0
20140922,21.16,21.178,21.151,21.178,41192,0
20140923,21.178,21.261,21.178,21.261,54646,0
20140924,21.203,21.219,21.195,21.203,12918,0
20140925,21.195,21.203,21.137,21.187,38419,0
20140926,21.151,21.228,21.151,21.219,27438,0
20140929,21.213,21.281,21.189,21.221,16607,0
20140930,21.231,21.323,21.231,21.274,240263,0
20141001,21.255,21.314,21.255,21.299,34894,0
20141002,21.29,21.323,21.274,21.29,117933,0
20141003,21.314,21.341,21.29,21.308,48596,0
20141006,21.323,21.349,21.274,21.29,33714,0
20141007,21.29,21.299,21.281,21.281,29421,0
20141008,21.281,21.314,21.255,21.29,30132,0
20141009,21.29,21.349,21.274,21.333,379481,0
20141010,21.314,21.333,21.29,21.29,13234,0
20141013,21.29,21.308,21.274,21.281,10175,0
20141014,21.281,21.341,21.274,21.314,31466,0
20141015,21.333,21.366,21.274,21.314,54613,0
20141016,21.231,21.359,21.231,21.308,53341,0
20141017,21.308,21.366,21.299,21.359,48675,0
20141020,21.299,21.366,21.299,21.359,33555,0
20141021,21.314,21.366,21.314,21.333,35796,0
20141022,21.314,21.366,21.274,21.341,59461,0
20141023,21.359,21.359,21.323,21.359,26757,0
20141024,21.333,21.359,21.281,21.359,51693,0
20141027,21.341,21.409,21.323,21.409,55311,0
20141028,21.409,21.469,21.409,21.46,26152,0
20141029,21.409,21.46,21.382,21.418,19060,0
20141030,21.46,21.46,21.392,21.451,21840,0
20141031,21.441,21.441,21.299,21.299,111489,0
20141103,21.349,21.451,21.349,21.382,46264,0
20141104,21.392,21.485,21.349,21.451,138632,0
20141105,21.426,21.451,21.366,21.401,39530,0
20141106,21.401,21.418,21.349,21.349,45369,0
20141107,21.374,21.426,21.333,21.382,66455,0
20141110,21.409,21.418,21.359,21.401,55841,0
20141111,21.392,21.441,21.392,21.426,25276,0
20141112,21.432,21.478,21.401,21.46,68226,0
20141113,21.418,21.485,21.392,21.485,129424,0
20141114,21.491,21.51,21.451,21.501,24462,0
20141117,21.501,21.57,21.478,21.537,42739,0
20141118,21.529,21.588,21.485,21.52,81437,0
20141119,21.537,21.544,21.529,21.544,19255,0
20141120,21.485,21.56,21.485,21.51,42798,0
20141121,21.588,21.588,21.529,21.579,41703,0
20141124,21.529,21.579,21.501,21.579,253828,0
20141125,21.579,21.579,21.544,21.551,17007,0
20141126,21.551,21.619,21.551,21.588,25025,0
20141128,21.596,21.603,21.588,21.588,7660,0
20141201,21.596,21.611,21.52,21.579,33818,0
20141202,21.579,21.596,21.551,21.56,17124,0
20141203,21.551,21.596,21.537,21.579,46075,0
20141204,21.579,21.596,21.51,21.57,523229,0
20141205,21.579,21.596,21.382,21.56,35889,0
20141208,21.51,21.629,21.491,21.603,31402,0
20141209,21.491,21.596,21.491,21.588,11344,0
20141210,21.529,21.596,21.529,21.579,23851,0
20141211,21.551,21.603,21.544,21.579,13143,0
20141212,21.551,21.57,21.501,21.52,17085,0
20141215,21.52,21.596,21.501,21.551,19858,0
20141216,21.491,21.579,21.491,21.52,75341,0
20141217,21.51,21.603,21.51,21.551,70803,0
20141218,21.619,21.619,21.551,21.551,29138,0
20141219,21.57,21.611,21.551,21.596,26218,0
20141222,21.57,21.619,21.56,21.588,16089,0
20141223,21.579,21.596,21.544,21.57,35878,0
20141224,21.56,21.57,21.551,21.56,9521,0
20141226,21.56,21.619,21.544,21.619,28259,0
20141229,21.744,21.804,21.744,21.744,82937,0
20141230,21.744,21.822,21.744,21.794,21698,0
20141231,21.77,21.838,21.734,21.762,25648,0
20150102,21.77,21.854,21.734,21.813,10250,0
20150105,21.744,21.77,21.702,21.734,35061,0
20150106,21.71,21.762,21.665,21.692,25074,0
20150107,21.71,21.77,21.702,21.718,27452,0
20150108,21.734,21.785,21.725,21.734,19930,0
20150109,21.718,21.762,21.702,21.744,24300,0
20150112,21.785,21.785,21.71,21.718,12918,0
20150113,21.734,21.77,21.718,21.718,16901,0
20150114,21.71,21.804,21.71,21.752,21056,0
20150115,21.838,21.874,21.744,21.77,61883,0
20150116,21.734,21.943,21.734,21.943,47349,0
20150120,21.822,21.874,21.744,21.77,96912,0
20150121,21.838,21.838,21.762,21.822,81628,0
20150122,21.822,21.831,21.785,21.831,14182,0
20150123,21.95,21.967,21.883,21.959,61854,0
20150126,21.934,21.959,21.854,21.914,45657,0
20150127,21.914,21.959,21.874,21.959,13862,0
20150128,21.924,21.975,21.907,21.975,19347,0
20150129,21.934,21.934,21.804,21.864,64933,0
20150130,21.831,21.934,21.831,21.854,45431,0
20150202,21.924,21.934,21.864,21.914,24001,0
20150203,21.943,21.943,21.883,21.899,21050,0
20150204,21.847,21.943,21.847,21.914,59087,0
20150205,21.907,21.943,21.899,21.899,46292,0
20150206,21.883,21.907,21.883,21.883,23393,0
20150209,21.778,21.914,21.778,21.899,55061,0
20150210,21.847,21.959,21.847,21.874,368508,0
20150211,21.854,21.874,21.831,21.864,34632,0
20150212,21.864,21.891,21.838,21.838,33314,0
20150213,21.847,21.967,21.838,21.914,256859,0
20150217,21.883,21.943,21.847,21.847,28468,0
20150218,21.831,21.874,21.744,21.847,30939,0
20150219,21.752,21.914,21.744,21.914,43372,0
20150220,21.794,21.959,21.794,21.907,16033,0
20150223,21.914,22.02,21.891,21.994,47311,0
20150224,21.95,22.028,21.934,21.95,76133,0
20150225,22.02,22.028,21.95,21.975,32194,0
20150226,21.994,22.044,21.959,22.044,20619,0
20150227,22.011,22.064,21.984,22.035,24276,0
20150302,22.054,22.104,22.011,22.064,29960,0
20150303,22.044,22.114,22.044,22.104,22994,0
20150304,22.096,22.218,22.089,22.158,41341,0
20150305,22.132,22.165,22.096,22.114,36115,0
20150306,22.104,22.104,22.011,22.064,42618,0
20150309,22.011,22.114,21.95,21.994,21832,0
20150310,21.984,22.114,21.984,22.114,18232,0
20150311,22.114,22.114,22.044,22.071,10684,0
20150312,22.054,22.08,22.035,22.044,16489,0
20150313,22.035,22.035,21.994,22.011,16141,0
20150316,22.011,22.071,22.011,22.071,9636,0
20150317,22.004,22.08,22.004,22.064,6619,0
20150318,22.004,22.192,22.004,22.089,24965,0
20150319,22.14,22.165,22.114,22.132,11845,0
20150320,22.114,22.209,22.114,22.209,27521,0
20150323,22.114,22.218,22.114,22.209,28916,0
20150324,22.199,22.209,22.158,22.199,16374,0
20150325,22.209,22.252,22.199,22.227,20089,0
20150326,22.227,22.227,22.114,22.199,12425,0
20150327,22.209,22.234,22.14,22.14,28334,0
20150330,22.151,22.257,22.151,22.247,26084,0
20150331,22.203,22.247,22.177,22.203,17358,0
20150401,22.212,22.238,22.177,22.212,13385,0
20150402,22.16,22.186,22.125,22.167,142538,0
20150406,22.16,22.186,22.072,22.082,30315,0
20150407,22.091,22.098,22.045,22.055,31428,0
20150408,22.116,22.116,22.045,22.091,42899,0
20150409,22.091,22.142,22.091,22.098,28076,0
20150410,22.151,22.151,22.091,22.125,33061,0
20150413,22.098,22.151,22.098,22.106,10295,0
20150414,22.106,22.151,22.091,22.098,17731,0
20150415,22.177,22.196,22.116,22.116,49401,0
20150416,22.125,22.134,22.065,22.072,45368,0
20150417,22.098,22.116,21.898,21.898,184178,0
20150420,22.021,22.045,21.975,21.975,59699,0
20150421,22.004,22.055,21.967,22.021,36177,0
20150422,22.072,22.098,22.036,22.045,49407,0
20150423,22.055,22.098,22.045,22.098,35233,0
20150424,22.098,22.134,22.098,22.098,21664,0
20150427,22.151,22.177,22.116,22.151,20475,0
20150428,22.134,22.177,22.072,22.106,37065,0
20150429,22.098,22.134,22.045,22.106,15329,0
20150430,22.16,22.16,22.055,22.072,25967,0
20150501,22.098,22.177,22.082,22.134,30660,0
20150504,22.082,22.196,22.065,22.065,52852,0
20150505,22.082,22.082,22.036,22.055,39581,0
20150506,22.065,22.065,21.967,21.984,80765,0
20150507,21.994,21.994,21.906,21.967,49270,0
20150508,21.994,22.134,21.994,22.125,42440,0
20150511,22.091,22.091,21.933,21.975,55253,0
20150512,21.923,22.072,21.906,22.036,47633,0
20150513,22.029,22.238,22.029,22.222,44728,0
20150514,22.247,22.405,22.229,22.369,39007,0
20150515,22.395,22.395,22.222,22.238,17092,0
20150518,22.203,22.264,22.16,22.222,16086,0
20150519,22.16,22.186,22.125,22.167,15901,0
20150520,22.125,22.273,22.125,22.257,23450,0
20150521,22.264,22.369,22.264,22.334,17618,0
20150522,22.273,22.326,22.264,22.273,10639,0
20150526,22.264,22.318,22.203,22.264,17025,0
20150527,22.212,22.257,22.177,22.203,21505,0
20150528,22.238,22.308,22.238,22.308,39859,0
20150529,22.308,22.308,22.222,22.222,21394,0
20150601,22.247,22.292,22.203,22.203,42917,0
20150602,22.16,22.238,22.134,22.212,34081,0
20150603,22.212,22.292,22.212,22.292,35920,0
20150604,22.292,22.395,22.283,22.318,43241,0
20150605,22.298,22.378,22.264,22.318,22878,0
20150608,22.318,22.334,22.238,22.292,19333,0
20150609,22.292,22.308,22.212,22.264,17040,0
20150610,22.238,22.298,22.229,22.257,15502,0
20150611,22.273,22.283,22.247,22.273,9559,0
20150612,22.318,22.318,22.264,22.264,6406,0
20150615,22.212,22.273,22.212,22.212,23908,0
20150616,22.283,22.326,22.212,22.292,31114,0
20150617,22.273,22.318,22.247,22.257,16245,0
20150618,22.238,22.298,22.196,22.196,61318,0
20150619,22.222,22.273,22.222,22.264,42096,0
20150622,22.292,22.308,22.212,22.229,21965,0
20150623,22.247,22.326,22.229,22.283,23123,0
20150624,22.222,22.318,22.222,22.257,27112,0
20150625,22.264,22.334,22.264,22.283,38668,0
20150626,22.283,22.422,22.273,22.318,37065,0
20150629,22.418,22.418,22.319,22.364,18253,0
20150630,22.39,22.585,22.364,22.559,166103,0
20150701,22.551,22.576,22.533,22.576,22874,0
20150702,22.559,22.568,22.514,22.542,19494,0
20150706,22.489,22.542,22.471,22.48,16903,0
20150707,22.461,22.523,22.461,22.505,17128,0
20150708,22.489,22.523,22.48,22.514,41128,0
20150709,22.551,22.568,22.489,22.505,42142,0
20150710,22.542,22.576,22.497,22.559,15211,0
20150713,22.576,22.585,22.514,22.533,37186,0
20150714,22.533,22.559,22.497,22.542,97558,0
20150715,22.576,22.63,22.551,22.613,24947,0
20150716,22.604,22.799,22.604,22.737,56228,0
20150717,22.737,22.737,22.613,22.666,57129,0
20150720,22.71,22.71,22.63,22.684,31662,0
20150721,22.71,22.71,22.63,22.684,36622,0
20150722,22.63,22.666,22.604,22.613,40790,0
20150723,22.604,22.613,22.514,22.533,91610,0
20150724,22.568,22.568,22.514,22.551,16113,0
20150727,22.542,22.542,22.497,22.505,15664,0
20150728,22.514,22.604,22.505,22.585,23551,0
20150729,22.585,22.604,22.48,22.48,33016,0
20150730,22.497,22.533,22.497,22.514,22311,0
20150731,22.523,22.585,22.523,22.542,14986,0
20150803,22.542,22.568,22.533,22.542,19935,0
20150804,22.559,22.604,22.497,22.497,22874,0
20150805,22.551,22.576,22.533,22.551,20734,0
20150806,22.576,22.63,22.559,22.613,19726,0
20150807,22.559,22.63,22.559,22.613,8111,0
20150810,22.585,22.63,22.559,22.622,22874,0
20150811,22.585,22.71,22.585,22.71,18373,0
20150812,22.595,22.701,22.595,22.701,18480,0
20150813,22.675,22.701,22.63,22.638,16113,0
20150814,22.622,22.692,22.604,22.692,7662,0
20150817,22.613,22.684,22.613,22.684,8902,0
20150818,22.684,22.684,22.647,22.675,16453,0
20150819,22.638,22.638,22.595,22.595,13522,0
20150820,22.576,22.595,22.559,22.568,10819,0
20150821,22.559,22.604,22.523,22.523,19945,0
20150824,22.453,22.453,22.229,22.229,344010,0
20150825,22.356,22.364,22.249,22.337,69523,0
20150826,22.453,22.453,22.275,22.364,45524,0
20150827,22.426,22.514,22.364,22.435,43834,0
20150828,22.426,22.505,22.426,22.48,24677,0
20150831,22.497,22.505,22.461,22.48,11382,0
20150901,22.435,22.542,22.435,22.533,31552,0
20150902,22.585,22.585,22.461,22.559,37186,0
20150903,22.542,22.559,22.489,22.514,14762,0
20150904,22.461,22.505,22.453,22.489,21860,0
20150908,22.514,22.595,22.489,22.585,20619,0
20150909,22.622,22.622,22.559,22.604,23327,0
20150910,22.613,22.63,22.542,22.63,22733,0
20150911,22.622,22.737,22.622,22.737,31776,0
20150914,22.728,22.746,22.666,22.71,17241,0
20150915,22.684,22.701,22.613,22.622,31099,0
20150916,22.63,22.675,22.63,22.675,11267,0
20150917,22.719,22.763,22.638,22.754,33878,0
20150918,22.701,22.71,22.657,22.701,29746,0
20150921,22.692,22.763,22.692,22.763,19381,0
20150922,22.719,22.719,22.63,22.647,30536,0
20150923,22.647,22.71,22.647,22.71,18480,0
20150924,22.701,22.71,22.675,22.701,36999,0
20150925,22.71,22.746,22.675,22.719,29521,0
20150928,22.675,22.692,22.647,22.692,9441,0
20150929,22.757,22.947,22.704,22.767,28748,0
20150930,22.794,22.794,22.659,22.659,33188,0
20151001,22.677,22.74,22.605,22.695,29967,0
20151002,22.704,22.74,22.64,22.74,21977,0
20151005,22.757,22.903,22.757,22.903,37727,0
20151006,22.884,22.884,22.812,22.866,17648,0
20151007,22.84,22.866,22.812,22.848,24975,0
20151008,22.775,22.84,22.749,22.83,25863,0
20151009,22.803,22.812,22.767,22.785,33520,0
20151012,22.803,22.866,22.794,22.857,16700,0
20151013,22.82,22.84,22.775,22.775,18869,0
20151014,22.803,22.84,22.794,22.794,20978,0
20151015,22.82,22.92,22.82,22.92,31967,0
20151016,22.92,23.01,22.84,23.01,37072,0
20151019,22.983,22.983,22.884,22.884,18147,0
20151020,22.84,22.947,22.84,22.947,20575,0
20151021,22.92,23.01,22.92,22.975,18758,0
20151022,22.956,23.029,22.947,23.029,15872,0
20151023,22.993,23.055,22.866,22.884,16982,0
20151026,22.92,22.975,22.884,22.975,14984,0
20151027,22.966,22.966,22.857,22.884,29414,0
20151028,22.875,22.975,22.866,22.966,22198,0
20151029,22.903,22.956,22.875,22.911,23752,0
20151030,22.956,23,22.903,23,44286,0
20151102,22.993,23.063,22.966,23.019,31119,0
20151103,23.046,23.11,23.01,23.01,31301,0
20151104,23.038,23.101,22.93,23.101,39791,0
20151105,23.073,23.146,23.063,23.146,21312,0
20151106,23.055,23.063,22.903,23.063,14429,0
20151109,22.956,23.092,22.911,23.063,31524,0
20151110,22.966,23.046,22.966,23.01,44953,0
20151111,23.019,23.164,23.01,23.118,25306,0
20151112,23.055,23.118,23.038,23.118,16982,0
20151113,23.118,23.155,23.082,23.136,27526,0
20151116,23.092,23.11,23.073,23.073,8657,0
20151117,23.063,23.073,22.975,23.01,16096,0
20151118,22.975,23.038,22.93,22.947,23198,0
20151119,22.937,22.993,22.857,22.893,45952,0
20151120,22.903,22.947,22.903,22.92,15872,0
20151123,22.937,22.975,22.93,22.956,13541,0
20151124,22.92,22.983,22.92,22.983,42067,0
20151125,22.993,23.063,22.983,23.055,48061,0
20151127,23.055,23.189,23.055,23.189,18648,0
20151130,23.181,23.181,22.975,23.11,48838,0
20151201,23.101,23.29,23.101,23.272,34431,0
20151202,23.252,23.252,23.073,23.164,23676,0
20151203,23.046,23.155,23.01,23.136,22826,0
20151204,23.092,23.189,23.092,23.173,20868,0
20151207,23.11,23.146,23.092,23.118,14540,0
20151208,23.118,23.155,23.029,23.046,40148,0
20151209,23.082,23.101,23.019,23.046,20423,0
20151210,23.101,23.101,23,23.029,26860,0
20151211,22.956,22.993,22.857,22.884,15096,0
20151214,22.875,22.875,22.523,22.605,87464,0
20151215,22.668,22.775,22.623,22.704,47506,0
20151216,22.712,22.866,22.712,22.866,20423,0
20151217,22.857,22.947,22.848,22.857,25641,0
20151218,22.884,22.937,22.857,22.911,25529,0
20151221,23,23,22.857,22.884,32301,0
20151222,22.956,22.956,22.92,22.937,14940,0
20151223,22.956,23.038,22.947,22.993,14984,0
20151224,23,23.178,22.983,23.126,11767,0
20151228,23.082,23.199,23.038,23.199,38019,0
20151229,23.34,23.449,23.276,23.413,83035,0
20151230,23.357,23.385,23.32,23.366,14251,0
20151231,23.394,23.394,23.276,23.357,8176,0
20160104,23.248,23.366,23.157,23.293,50207,0
20160105,23.32,23.385,23.312,23.32,31139,0
20160106,23.32,23.385,23.285,23.385,42875,0
20160107,23.221,23.34,23.221,23.229,36055,0
20160108,23.239,23.239,23.064,23.074,136170,0
20160111,23.138,23.138,23.083,23.128,44940,0
20160112,23.157,23.221,23.128,23.212,25552,0
20160113,23.212,23.248,23.138,23.183,30528,0
20160114,23.183,23.271,23.157,23.183,26719,0
20160115,23.157,23.175,23.019,23.119,44300,0
20160119,23.138,23.192,23.055,23.101,15965,0
20160120,23.074,23.074,22.864,23,49225,0
20160121,22.992,23.111,22.982,23.038,25923,0
20160122,23.046,23.138,23.038,23.083,41726,0
20160125,23.093,23.101,23.038,23.038,20068,0
20160126,23.038,23.101,23.01,23.019,31747,0
20160127,22.936,23.093,22.936,23.055,49813,0
20160128,23.074,23.221,23.019,23.221,62241,0
20160129,23.248,23.349,23.183,23.32,23882,0
20160201,23.32,23.468,23.183,23.458,40603,0
20160202,23.183,23.404,23.183,23.325,27056,0
20160203,23.468,23.468,23.183,23.34,41710,0
20160204,23.32,23.32,23.046,23.074,44956,0
20160205,23.093,23.093,22.726,22.818,127338,0
20160208,22.699,22.699,21.766,22.141,186720,0
20160209,21.813,22.039,21.298,21.739,231309,0
20160210,21.967,22.352,21.931,22.096,102022,0
20160211,21.766,21.985,20.516,21.209,250227,0
20160212,21.427,21.562,21.081,21.235,91042,0
20160216,21.657,22.304,21.657,22.26,71378,0
20160217,22.525,22.708,22.506,22.699,87672,0
20160218,22.854,22.918,22.708,22.803,74619,0
20160219,22.772,23,22.635,22.955,62031,0
20160222,23,23.119,22.772,22.772,53251,0
20160223,22.689,22.763,22.553,22.708,32557,0
20160224,22.589,22.901,22.48,22.901,89053,0
20160225,23.019,23.019,22.754,23,47952,0
20160226,23,23.01,22.918,22.918,28499,0
20160229,22.936,23.138,22.891,23.113,40876,0
20160301,23.064,23.385,23.064,23.312,40757,0
20160302,23.312,23.32,23.192,23.229,22334,0
20160303,23.192,23.248,23.138,23.248,33490,0
20160304,23.183,23.221,23.147,23.221,14963,0
20160307,23.111,23.165,23,23.165,20932,0
20160308,23.019,23.202,23.019,23.183,28686,0
20160309,23.165,23.266,23.165,23.239,18499,0
20160310,23.293,23.312,23.229,23.293,14198,0
20160311,23.248,23.32,23.138,23.266,41574,0
20160314,23.32,23.366,23.266,23.366,28983,0
20160315,23.33,23.357,23.248,23.276,20332,0
20160316,23.302,23.369,23.256,23.312,28136,0
20160317,23.312,23.37,23.248,23.285,48975,0
20160318,23.362,23.381,23.293,23.293,74615,0
20160321,23.293,23.366,23.251,23.293,26033,0
20160322,23.212,23.344,23.212,23.285,28432,0
20160323,23.285,23.34,23.285,23.325,24755,0
20160324,23.349,23.357,23.293,23.34,35356,0
20160328,23.34,23.404,23.34,23.34,87041,0
20160329,23.394,23.541,23.375,23.503,47193,0
20160330,23.525,23.562,23.487,23.525,39418,0
20160331,23.581,23.6,23.506,23.59,40086,0
20160401,23.46,23.581,23.395,23.405,45014,0
20160404,23.302,23.312,23.12,23.278,30879,0
20160405,23.181,23.376,23.145,23.255,41448,0
20160406,23.33,23.349,23.237,23.292,61899,0
20160407,23.172,23.302,23.07,23.21,78768,0
20160408,23.255,23.385,23.237,23.357,57743,0
20160411,23.47,23.497,23.422,23.432,27164,0
20160412,23.47,23.581,23.46,23.497,43891,0
20160413,23.571,23.571,23.089,23.487,73967,0
20160414,23.562,23.562,23.497,23.525,50818,0
20160415,23.543,23.562,23.357,23.357,96955,0
20160418,23.451,23.466,23.357,23.367,54795,0
20160419,23.441,23.46,23.395,23.414,113892,0
20160420,23.47,23.571,23.47,23.552,36561,0
20160421,23.6,23.608,23.525,23.525,31650,0
20160422,23.6,23.656,23.562,23.571,44272,0
20160425,23.54,23.6,23.525,23.543,36144,0
20160426,23.552,23.608,23.543,23.571,18567,0
20160427,23.617,23.711,23.562,23.608,34943,0
20160428,23.608,23.747,23.608,23.701,21979,0
20160429,23.738,23.794,23.646,23.776,33512,0
20160502,23.766,23.86,23.747,23.812,39754,0
20160503,23.766,23.766,23.665,23.692,64259,0
20160504,23.682,23.738,23.617,23.665,21231,0
20160505,23.711,23.711,23.608,23.656,16140,0
20160506,23.656,23.781,23.636,23.766,27477,0
20160509,23.776,23.789,23.701,23.729,22889,0
20160510,23.729,23.812,23.729,23.804,25654,0
20160511,23.776,23.877,23.711,23.723,28936,0
20160512,23.766,23.869,23.766,23.869,18016,0
20160513,23.868,23.868,23.817,23.868,28488,0
20160516,23.868,23.942,23.868,23.896,28916,0
20160517,23.922,23.942,23.859,23.896,42521,0
20160518,23.86,23.98,23.86,23.971,31559,0
20160519,23.971,23.971,23.729,23.872,10668,0
20160520,23.821,23.961,23.812,23.961,15455,0
20160523,23.98,24.064,23.951,24.064,17691,0
20160524,23.961,24.072,23.961,24.072,32854,0
20160525,23.998,24.072,23.998,24.007,25683,0
20160526,24.045,24.137,23.998,24.016,56381,0
20160527,24.026,24.072,24.016,24.026,45717,0
20160531,24.072,24.091,24.016,24.091,49583,0
20160601,24.137,24.146,24.064,24.137,40716,0
20160602,24.101,24.146,23.886,23.925,79331,0
20160603,23.916,24.137,23.886,24.137,63402,0
20160606,24.101,24.101,23.971,24.007,22449,0
20160607,23.971,24.072,23.961,24.036,38621,0
20160608,23.998,23.998,23.803,23.933,56051,0
20160609,23.86,23.951,23.831,23.951,46235,0
20160610,23.896,23.933,23.86,23.886,30205,0
20160613,23.86,23.906,23.804,23.831,44837,0
20160614,23.86,23.86,23.59,23.804,48757,0
20160615,23.804,23.945,23.804,23.925,44269,0
20160616,23.925,23.925,23.776,23.804,47233,0
20160617,23.86,23.998,23.831,23.933,35121,0
20160620,23.98,24.088,23.961,24.045,49667,0
20160621,24.12,24.137,24.055,24.137,54309,0
20160622,24.175,24.175,24.081,24.156,76940,0
20160623,24.156,24.211,24.081,24.11,40912,0
20160624,23.525,23.933,23.525,23.786,41192,0
20160627,23.656,23.682,23.275,23.46,116045,0
20160628,23.636,24.016,23.6,23.998,45649,0
20160629,24.049,24.133,23.935,24.029,72687,0
20160630,24.075,24.303,24.075,24.265,64824,0
20160701,24.445,24.445,24.031,24.095,85475,0
20160705,24.151,24.19,24.029,24.066,52330,0
20160706,24.029,24.133,23.897,24.085,57758,0
20160707,24.155,24.349,24.095,24.095,42692,0
20160708,24.217,24.235,24.133,24.199,40708,0
20160711,24.435,24.435,24.171,24.273,38938,0
20160712,24.396,24.415,24.207,24.415,34054,0
20160713,24.359,24.359,24.141,24.265,50827,0
20160714,24.322,24.349,24.247,24.33,25426,0
20160715,24.303,24.462,24.237,24.379,135817,0
20160718,24.425,24.528,24.303,24.491,42840,0
20160719,24.472,24.52,24.41,24.41,41923,0
20160720,24.435,24.472,24.303,24.349,25209,0
20160721,24.303,24.339,24.265,24.303,30993,0
20160722,24.265,24.33,24.227,24.33,12533,0
20160725,24.247,24.369,24.162,24.369,37387,0
20160726,24.379,24.379,24.273,24.359,29780,0
20160727,24.293,24.349,24.237,24.349,27879,0
20160728,24.283,24.349,24.273,24.349,17669,0
20160729,24.293,24.52,24.273,24.52,43998,0
20160801,24.415,24.52,24.359,24.359,29775,0
20160802,24.396,24.435,24.283,24.379,31264,0
20160803,24.283,24.388,24.283,24.379,29618,0
20160804,24.379,24.396,24.359,24.359,24098,0
20160805,24.359,24.585,24.359,24.585,23860,0
20160808,24.585,24.613,24.528,24.609,83030,0
20160809,24.633,24.765,24.388,24.501,67134,0
20160810,24.472,24.472,24.33,24.415,27824,0
20160811,24.409,24.445,24.359,24.388,35315,0
20160812,24.273,24.388,24.273,24.388,19594,0
20160815,24.388,24.388,24.265,24.303,28813,0
20160816,24.265,24.293,24.207,24.293,21566,0
20160817,24.303,24.406,24.247,24.339,66210,0
20160818,24.283,24.33,24.265,24.303,26932,0
20160819,24.273,24.359,24.256,24.283,34502,0
20160822,24.237,24.303,24.237,24.237,60628,0
20160823,24.339,24.339,24.217,24.217,33775,0
20160824,24.273,24.339,24.217,24.313,26590,0
20160825,24.339,24.339,24.265,24.303,87808,0
20160826,24.313,24.339,24.265,24.339,22616,0
20160829,24.293,24.339,24.273,24.33,12071,0
20160830,24.283,24.406,24.283,24.349,14337,0
20160831,24.388,24.415,24.303,24.303,37487,0
20160901,24.359,24.406,24.33,24.33,29734,0
20160902,24.322,24.453,24.322,24.445,16798,0
20160906,24.445,24.491,24.379,24.481,27345,0
20160907,24.425,24.481,24.359,24.359,37893,0
20160908,24.388,24.435,24.33,24.359,30518,0
20160909,24.313,24.379,24.199,24.265,74516,0
20160912,24.227,24.33,24.217,24.303,57671,0
20160913,24.247,24.335,24.217,24.265,40952,0
20160914,24.313,24.322,24.256,24.322,22418,0
20160915,24.33,24.454,24.293,24.454,10705,0
20160916,24.425,24.454,24.359,24.359,31727,0
20160919,24.481,24.567,24.44,24.52,12802,0
20160920,24.472,24.472,24.379,24.379,26830,0
20160921,24.388,24.642,24.388,24.613,56853,0
20160922,24.633,24.642,24.538,24.585,24597,0
20160923,24.511,24.613,24.473,24.585,15223,0
20160926,24.52,24.52,24.379,24.379,66674,0
20160927,24.379,24.594,24.379,24.594,20066,0
20160928,24.646,24.855,24.56,24.77,17017,0
20160929,24.77,24.855,24.396,24.445,48361,0
20160930,24.463,24.636,24.463,24.512,43318,0
20161003,24.626,24.626,24.463,24.502,18315,0
20161004,24.53,24.703,24.53,24.53,28388,0
20161005,24.543,24.588,24.512,24.512,13148,0
20161006,24.512,24.559,24.445,24.502,16600,0
20161007,24.473,24.492,24.445,24.445,20435,0
20161010,24.549,24.579,24.368,24.435,27539,0
20161011,24.378,24.378,24.291,24.33,18576,0
20161012,24.338,24.338,24.197,24.197,33223,0
20161013,24.157,24.395,24.137,24.301,14617,0
20161014,24.281,24.425,24.244,24.291,20918,0
20161017,24.264,24.415,24.197,24.388,49246,0
20161018,24.521,24.827,24.406,24.626,39866,0
20161019,24.54,24.607,24.358,24.549,43661,0
20161020,24.549,24.549,24.482,24.54,28233,0
20161021,24.54,24.703,24.45,24.703,65780,0
20161024,24.664,24.664,24.53,24.579,23012,0
20161025,24.626,24.855,24.626,24.77,37359,0
20161026,24.77,24.77,24.626,24.703,31068,0
20161027,24.626,24.646,24.512,24.607,17875,0
20161028,24.455,24.646,24.415,24.473,32175,0
20161031,24.473,24.473,24.378,24.378,12685,0
20161101,24.388,24.425,24.348,24.348,37215,0
20161102,24.358,24.358,24.157,24.157,40566,0
20161103,24.157,24.224,24.147,24.177,32056,0
20161104,24.197,24.271,24.197,24.197,29786,0
20161107,24.197,24.264,24.197,24.224,23555,0
20161108,24.244,24.244,24.1,24.13,40684,0
20161109,24.08,24.145,24.053,24.08,23812,0
20161110,24.137,24.137,23.909,23.909,63365,0
20161111,23.986,23.986,23.794,23.87,69238,0
20161114,23.87,23.937,23.822,23.87,112862,0
20161115,24.053,24.204,24.053,24.053,48792,0
20161116,24.004,24.11,23.996,24.053,101112,0
20161117,24.11,24.11,24.043,24.053,58119,0
20161118,24.137,24.177,24.053,24.053,65026,0
20161121,24.063,24.167,24.053,24.053,37024,0
20161122,24.071,24.09,23.986,24.026,39454,0
20161123,23.937,24.056,23.937,24.033,33613,0
20161125,24.043,24.09,24.004,24.043,18650,0
20161128,24.053,24.08,24.023,24.043,15254,0
20161129,24.043,24.043,23.976,24.043,18973,0
20161130,24.043,24.08,23.956,23.966,82158,0
20161201,23.966,23.986,23.909,23.909,39063,0
20161202,23.919,23.937,23.848,23.899,32065,0
20161205,23.843,23.996,23.843,23.996,17769,0
20161206,23.986,24.147,23.986,24.134,18266,0
20161207,24.157,24.227,24.13,24.172,31831,0
20161208,24.234,24.234,24.13,24.136,23268,0
20161209,24.197,24.197,23.966,24.013,33421,0
20161212,24.013,24.08,23.919,23.952,31894,0
20161213,23.956,23.973,23.909,23.947,67047,0
20161214,23.956,24.053,23.93,23.986,48172,0
20161215,23.956,24.082,23.937,23.956,45340,0
20161216,23.966,24.043,23.966,23.996,48655,0
20161219,24.013,24.066,24.004,24.063,34822,0
20161220,24.023,24.12,24.023,24.12,28946,0
20161221,24.11,24.291,24.11,24.291,35237,0
20161222,24.291,24.33,24.214,24.33,47122,0
20161223,24.33,24.482,24.322,24.482,32469,0
20161227,24.338,24.378,24.33,24.348,58913,0
20161228,24.449,24.459,24.255,24.273,62466,0
20161229,24.283,24.448,24.283,24.313,37780,0
20161230,24.429,24.429,24.283,24.283,15961,0
20170103,24.303,24.39,24.303,24.351,37394,0
20170104,24.507,24.633,24.459,24.604,86604,0
20170105,24.604,24.643,24.361,24.419,45914,0
20170106,24.477,24.478,24.371,24.371,31408,0
20170109,24.381,24.565,24.371,24.419,30754,0
20170110,24.4,24.565,24.4,24.517,19205,0
20170111,24.633,24.633,24.42,24.536,27498,0
20170112,24.613,24.623,24.527,24.623,36991,0
20170113,24.635,24.635,24.527,24.545,21814,0
20170117,24.672,24.701,24.477,24.536,68848,0
20170118,24.545,24.545,24.459,24.519,52874,0
20170119,24.555,24.555,24.332,24.381,53047,0
20170120,24.391,24.643,24.323,24.643,44241,0
20170123,24.459,24.605,24.459,24.517,33902,0
20170124,24.643,24.643,24.536,24.536,17375,0
20170125,24.517,24.633,24.517,24.565,36197,0
20170126,24.517,24.596,24.477,24.585,42178,0
20170127,24.487,24.672,24.487,24.536,21687,0
20170130,24.517,24.653,24.517,24.585,16843,0
20170131,24.565,24.603,24.517,24.536,92275,0
20170201,24.487,24.662,24.487,24.575,28597,0
20170202,24.653,24.672,24.585,24.604,29355,0
20170203,24.575,24.653,24.527,24.545,123480,0
20170206,24.623,24.623,24.565,24.565,25256,0
20170207,24.565,24.643,24.565,24.604,256345,0
20170208,24.604,24.662,24.585,24.643,79960,0
20170209,24.623,24.672,24.613,24.633,711976,0
20170210,24.681,24.681,24.613,24.613,21952,0
20170213,24.623,24.721,24.623,24.701,44333,0
20170214,24.691,24.701,24.613,24.681,141313,0
20170215,24.701,24.711,24.681,24.681,52127,0
20170216,24.749,24.905,24.681,24.769,274642,0
20170217,24.837,24.837,24.769,24.769,11554,0
20170221,24.924,24.924,24.779,24.827,26552,0
20170222,24.817,24.856,24.759,24.827,459785,0
20170223,24.827,24.914,24.817,24.914,311542,0
20170224,24.856,24.953,24.856,24.953,123772,0
20170227,24.885,24.953,24.885,24.953,28637,0
20170228,24.944,25.041,24.944,25.002,15178,0
20170301,24.953,24.992,24.934,24.973,41957,0
20170302,24.885,25.021,24.885,24.924,60357,0
20170303,24.905,25.041,24.895,24.973,94864,0
20170306,24.944,24.963,24.895,24.919,12808,0
20170307,24.924,24.973,24.876,24.963,15003,0
20170308,24.934,24.973,24.905,24.924,117137,0
20170309,24.973,25.031,24.905,24.953,221266,0
20170310,24.973,25.012,24.905,24.992,37466,0
20170313,24.992,25.012,24.973,24.992,41063,0
20170314,24.983,25.051,24.973,25.051,25869,0
20170315,25.002,25.128,25.002,25.118,61017,0
20170316,25.07,25.186,25.07,25.138,52610,0
20170317,25.109,25.284,25.099,25.245,75445,0
20170320,25.196,25.242,25.196,25.225,16828,0
20170321,25.225,25.236,25.177,25.209,35970,0
20170322,25.186,25.216,25.148,25.196,60453,0
20170323,25.186,25.186,25.128,25.136,22047,0
20170324,25.099,25.109,25.031,25.031,24919,0
20170327,25.051,25.138,25.051,25.06,20296,0
20170328,25.07,25.148,25.07,25.138,23381,0
20170329,25.091,25.269,25.091,25.16,46333,0
20170330,25.22,25.239,25.18,25.19,133802,0
20170331,25.18,25.218,25.131,25.131,31344,0
20170403,25.16,25.18,25.003,25.18,50370,0
20170404,25.131,25.2,25.131,25.19,9313,0
20170405,25.229,25.229,25.131,25.131,30484,0
20170406,25.18,25.229,25.141,25.21,30278,0
20170407,25.192,25.192,25.101,25.131,22556,0
20170410,25.131,25.171,25.131,25.131,18414,0
20170411,25.141,25.18,25.062,25.072,25555,0
20170412,25.091,25.111,25.082,25.091,13922,0
20170413,25.091,25.18,25.082,25.18,25059,0
20170417,25.141,25.229,25.141,25.22,10479,0
20170418,25.16,25.259,25.111,25.229,47359,0
20170419,25.229,25.249,25.17,25.19,12970,0
20170420,25.22,25.22,25.16,25.19,10455,0
20170421,25.229,25.229,25.18,25.229,17233,0
20170424,25.229,25.249,25.2,25.22,17011,0
20170425,25.22,25.298,25.22,25.286,37341,0
20170426,25.249,25.427,25.17,25.348,24586,0
20170427,25.348,25.427,25.293,25.367,20081,0
20170428,25.407,25.427,25.338,25.338,12992,0
20170501,25.289,25.397,25.289,25.358,10198,0
20170502,25.358,25.407,25.308,25.407,11697,0
20170503,25.407,25.555,25.387,25.555,30495,0
20170504,25.456,25.49,25.427,25.454,12948,0
20170505,25.525,25.525,25.387,25.427,22646,0
20170508,25.367,25.564,25.367,25.525,49095,0
20170509,25.456,25.525,25.427,25.515,89439,0
20170510,25.427,25.515,25.427,25.505,22344,0
20170511,25.446,25.517,25.436,25.476,9321,0
20170512,25.476,25.574,25.476,25.555,14063,0
20170515,25.594,25.594,25.486,25.486,16781,0
20170516,25.456,25.594,25.456,25.545,24051,0
20170517,25.604,25.614,25.515,25.564,14803,0
20170518,25.446,25.564,25.446,25.555,22030,0
20170519,25.476,25.614,25.476,25.535,21044,0
20170522,25.564,25.614,25.555,25.574,25500,0
20170523,25.584,25.584,25.555,25.584,24160,0
20170524,25.555,25.673,25.555,25.584,11037,0
20170525,25.594,25.624,25.584,25.614,23280,0
20170526,25.574,25.722,25.574,25.722,13998,0
20170530,25.594,25.742,25.594,25.663,16977,0
20170531,25.663,25.698,25.663,25.673,19473,0
20170601,25.633,25.712,25.633,25.663,43965,0
20170602,25.663,25.781,25.663,25.712,19188,0
20170605,25.653,25.669,25.564,25.564,11369,0
20170606,25.574,25.624,25.564,25.624,18376,0
20170607,25.624,25.712,25.555,25.643,37231,0
20170608,25.584,25.624,25.535,25.624,20285,0
20170609,25.535,25.604,25.535,25.584,11313,0
20170612,25.663,25.712,25.577,25.624,10653,0
20170613,25.545,25.624,25.535,25.574,9783,0
20170614,25.564,25.665,25.535,25.632,53103,0
20170615,25.653,25.712,25.614,25.643,26839,0
20170616,25.663,25.693,25.653,25.653,13928,0
20170619,25.722,25.722,25.653,25.663,13077,0
20170620,25.702,25.702,25.683,25.683,12756,0
20170621,25.732,25.732,25.702,25.712,7662,0
20170622,25.722,25.722,25.673,25.683,38018,0
20170623,25.624,25.752,25.624,25.732,27592,0
20170626,25.732,25.836,25.712,25.791,31592,0
20170627,25.8,25.939,25.8,25.87,19836,0
20170628,25.8486,25.94,25.83,25.91,81713,0
20170629,25.93,25.9501,25.84,25.89,13236,0
20170630,25.96,26.04,25.85,25.91,20919,0
20170703,26.07,26.1,25.98,26.0799,5283,0
20170705,26.05,26.05,25.88,26.01,33214,0
20170706,26.01,26.14,26.01,26.02,243274,0
20170707,26.05,26.13,26.05,26.06,37632,0
20170710,26.07,26.18,25.31,26.12,91364,0
20170711,26.02,26.15,26.01,26.13,55665,0
20170712,26.18,26.22,26.06,26.07,36544,0
20170713,26.18,26.18,26.05,26.08,26668,0
20170714,26.08,26.15,26.08,26.08,23934,0
20170717,26.06,26.09,26.01,26.03,85037,0
20170718,26.02,26.12,26.01,26.1,35235,0
20170719,26.19,26.24,26.06,26.12,64556,0
20170720,26.07,26.1753,26.07,26.15,14490,0
20170721,26.26,26.34,26.045,26.34,113016,0
20170724,26.18,26.2362,26.13,26.19,17790,0
20170725,26.21,26.21,26.06,26.08,19584,0
20170726,26.03,26.25,26.03,26.22,14297,0
20170727,26.18,26.2,26.099,26.1,13147,0
20170728,26.07,26.2,26.06,26.2,8416,0
20170731,26.1284,26.19,26.08,26.14,23100,0
20170801,26.04,26.25,26.04,26.24,14988,0
