Date,Open,High,Low,Close,Volume,OpenInt
20100823,15.386,15.549,15.378,15.519,82712,0
20100824,15.506,15.624,15.408,15.588,116292,0
20100825,15.43,15.579,15.43,15.571,73331,0
20100826,15.557,15.571,15.506,15.571,92472,0
20100827,15.571,15.655,15.528,15.579,113041,0
20100830,15.677,15.682,15.488,15.512,115050,0
20100831,15.437,15.588,15.415,15.571,168377,0
20100901,15.856,15.953,15.766,15.907,240365,0
20100902,15.916,16.041,15.916,16.033,147238,0
20100903,16.177,16.197,15.981,15.981,102552,0
20100907,16.004,16.041,15.937,16.041,146812,0
20100908,16.057,16.177,16.004,16.057,122071,0
20100909,16.185,16.502,16.138,16.502,173753,0
20100910,16.502,16.616,16.391,16.451,187366,0
20100913,16.473,16.519,16.295,16.379,212471,0
20100914,16.443,16.459,16.362,16.459,101832,0
20100915,16.422,16.511,16.391,16.473,235128,0
20100916,16.473,16.735,16.319,16.602,209740,0
20100917,16.676,17.174,16.562,17.077,495312,0
20100920,17.077,17.361,17.012,17.361,233587,0
20100921,17.301,17.301,16.853,16.919,110357,0
20100922,16.875,16.975,16.713,16.815,166930,0
20100923,16.742,17.027,16.668,16.986,346236,0
20100924,17.122,17.332,17.071,17.129,189586,0
20100927,17.301,17.407,17.241,17.295,198005,0
20100928,17.295,17.509,17.229,17.495,312312,0
20100929,17.212,17.368,16.781,16.801,410337,0
20100930,16.934,17.035,16.781,16.787,248425,0
20101001,17.063,17.077,16.934,16.961,156530,0
20101004,16.943,17.027,16.927,16.934,214119,0
20101005,17.019,17.114,16.927,16.927,290786,0
20101006,16.986,17.063,16.787,16.815,167732,0
20101007,16.848,16.848,16.622,16.66,190511,0
20101008,16.728,16.801,16.668,16.682,150774,0
20101011,16.689,16.801,16.676,16.773,158299,0
20101012,16.883,16.986,16.824,16.934,183424,0
20101013,17.094,17.094,16.901,16.913,244579,0
20101014,16.913,16.952,16.795,16.919,140411,0
20101015,17.003,17.003,15.937,16.177,216890,0
20101018,16.211,16.43,16.109,16.109,176138,0
20101019,16.177,16.31,15.862,15.9,114703,0
20101020,16.02,16.138,15.715,15.997,64928,0
20101021,16.161,16.303,16.004,16.279,40008,0
20101022,16.384,16.585,16.384,16.556,89716,0
20101025,16.713,16.781,16.289,16.332,74947,0
20101026,16.379,16.481,16.191,16.236,30156,0
20101027,16.236,16.466,16.236,16.399,41503,0
20101028,16.55,16.697,16.43,16.562,260761,0
20101029,16.676,16.676,16.443,16.511,74482,0
20101101,16.55,16.668,16.511,16.571,70024,0
20101102,16.72,16.72,16.533,16.556,95144,0
20101103,16.602,16.893,16.533,16.893,209191,0
20101104,17.019,17.04,16.875,16.883,126743,0
20101105,16.952,16.952,16.787,16.787,99655,0
20101108,16.883,16.883,16.713,16.861,124289,0
20101109,16.853,17.107,16.747,17.046,205245,0
20101110,17.019,17.107,16.919,17.04,175659,0
20101111,16.986,17.035,16.861,16.913,50676,0
20101112,16.913,17.003,16.833,16.901,74202,0
20101115,16.875,16.995,16.801,16.875,71773,0
20101116,16.861,16.861,16.578,16.807,206678,0
20101117,16.728,16.807,16.55,16.773,86858,0
20101118,16.773,16.961,16.773,16.901,130382,0
20101119,16.853,17.012,16.853,16.975,50645,0
20101122,16.901,16.901,16.63,16.807,164693,0
20101123,16.511,16.682,16.303,16.66,148741,0
20101124,16.608,16.713,16.571,16.571,79978,0
20101126,16.451,16.451,16.272,16.339,17971,0
20101129,16.355,16.355,15.832,16.086,103750,0
20101130,15.945,16.092,15.766,15.975,105606,0
20101201,16.064,16.481,16.064,16.205,57719,0
20101202,16.319,16.37,16.185,16.221,39604,0
20101203,16.229,16.258,16.064,16.101,35343,0
20101206,16.161,16.391,16.012,16.264,122347,0
20101207,16.43,16.497,16.117,16.185,58905,0
20101208,16.264,16.289,16.101,16.152,68165,0
20101209,16.252,16.324,16.057,16.177,57886,0
20101210,16.138,16.138,16.027,16.05,44545,0
20101213,16.145,16.145,15.953,16.027,46437,0
20101214,16.027,16.033,15.461,15.488,79044,0
20101215,15.655,15.781,15.408,15.408,101488,0
20101216,15.506,15.512,15.065,15.184,95086,0
20101217,15.162,15.169,15.029,15.042,45867,0
20101220,15.042,15.169,14.797,14.797,101577,0
20101221,14.797,14.91,14.715,14.91,43866,0
20101222,14.833,15.029,14.805,14.944,34288,0
20101223,15.013,15.021,14.872,14.917,40277,0
20101227,14.983,15.065,14.931,14.983,47396,0
20101228,15.095,15.408,15.042,15.333,67026,0
20101229,15.162,15.184,14.976,15.14,46227,0
20101230,15.192,15.319,15.072,15.095,49606,0
20101231,15.311,15.37,15.177,15.282,29107,0
20110103,15.37,15.506,15.301,15.349,39966,0
20110104,15.349,15.454,15.207,15.354,50304,0
20110105,15.354,15.512,15.267,15.394,69702,0
20110106,15.497,15.557,15.394,15.535,60272,0
20110107,15.69,15.69,15.467,15.476,40318,0
20110110,15.482,15.565,15.362,15.565,48571,0
20110111,15.699,15.721,15.497,15.497,64467,0
20110112,15.512,16.324,15.512,15.907,61804,0
20110113,15.937,15.967,15.79,15.79,32999,0
20110114,15.876,16.072,15.81,15.81,51412,0
20110118,15.893,15.928,15.781,15.916,26752,0
20110119,15.818,16.072,15.818,15.967,46069,0
20110120,15.893,15.928,15.759,15.81,28896,0
20110121,15.945,16.02,15.759,15.818,27111,0
20110124,15.721,15.84,15.715,15.742,33727,0
20110125,15.728,15.773,15.437,15.579,45166,0
20110126,15.519,15.588,15.386,15.422,38291,0
20110127,15.401,15.557,15.386,15.437,48348,0
20110128,15.378,15.415,15.199,15.199,36861,0
20110131,15.267,15.43,15.109,15.43,39018,0
20110201,15.447,15.69,15.447,15.571,52982,0
20110202,15.476,15.795,15.476,15.736,44538,0
20110203,15.728,16.033,15.699,15.981,63580,0
20110204,16.004,16.466,15.981,16.289,54703,0
20110207,16.379,16.466,16.101,16.101,41726,0
20110208,16.131,16.264,16.131,16.169,81134,0
20110209,16.131,16.362,16.086,16.272,55398,0
20110210,16.242,16.379,16.145,16.362,73078,0
20110211,16.242,16.391,16.236,16.379,48947,0
20110214,16.379,16.379,16.272,16.324,21610,0
20110215,16.289,16.355,16.258,16.279,61533,0
20110216,16.31,16.533,16.31,16.466,80737,0
20110218,16.438,16.668,16.399,16.653,79491,0
20110222,16.481,16.585,16.191,16.221,149255,0
20110223,16.205,16.473,16.177,16.399,116714,0
20110224,16.422,16.43,16.211,16.31,47723,0
20110225,16.324,16.391,16.289,16.295,30541,0
20110228,16.355,16.533,16.324,16.533,64014,0
20110301,16.653,16.697,16.443,16.443,51487,0
20110302,16.422,16.511,16.362,16.399,24932,0
20110303,16.481,16.533,16.289,16.497,44448,0
20110304,16.497,16.497,16.324,16.466,32036,0
20110307,16.443,16.481,16.332,16.384,67344,0
20110308,16.391,16.556,16.391,16.533,36281,0
20110309,16.511,16.593,16.481,16.585,90992,0
20110310,16.585,16.585,16.497,16.519,45816,0
20110311,16.466,16.519,16.451,16.502,20353,0
20110314,16.414,16.502,16.399,16.473,45232,0
20110315,16.258,16.295,16.161,16.191,68536,0
20110316,16.221,16.252,16.145,16.177,36228,0
20110317,16.211,16.211,16.012,16.057,32117,0
20110318,16.086,16.109,15.981,16.092,51048,0
20110321,16.197,16.252,16.124,16.177,39619,0
20110322,16.177,16.197,16.101,16.131,47528,0
20110323,16.131,16.161,16.079,16.145,57835,0
20110324,16.211,16.252,16.092,16.092,43683,0
20110325,16.117,16.152,16.05,16.092,46396,0
20110328,16.117,16.138,16.092,16.124,32474,0
20110329,16.145,16.205,16.131,16.145,38932,0
20110330,15.9,15.937,15.818,15.818,61944,0
20110331,15.945,16.02,15.9,15.981,62465,0
20110401,15.997,16.057,15.953,15.967,38245,0
20110404,16.012,16.02,15.826,15.869,70554,0
20110405,15.886,16.012,15.886,15.997,25039,0
20110406,16.057,16.072,15.876,15.945,65391,0
20110407,15.945,16.004,15.856,15.856,53359,0
20110408,15.945,15.945,15.781,15.802,55562,0
20110411,15.849,15.876,15.818,15.84,30021,0
20110412,15.862,15.907,15.75,15.75,45108,0
20110413,15.766,15.826,15.69,15.818,329983,0
20110414,15.795,15.832,15.715,15.721,33961,0
20110415,15.802,15.869,15.773,15.862,79122,0
20110418,15.832,15.84,15.766,15.781,82304,0
20110419,15.832,15.928,15.81,15.893,89888,0
20110420,15.916,16.033,15.876,16.033,44023,0
20110421,15.916,15.997,15.876,15.981,36613,0
20110425,16.004,16.057,15.953,16.057,29624,0
20110426,16.079,16.161,16.064,16.124,29969,0
20110427,16.169,16.205,16.101,16.205,53338,0
20110428,16.211,16.272,16.197,16.197,48027,0
20110429,16.169,16.303,16.169,16.272,59801,0
20110502,16.258,16.319,16.205,16.295,47751,0
20110503,16.324,16.533,16.324,16.519,40384,0
20110504,16.502,16.502,16.422,16.473,54768,0
20110505,16.451,16.66,16.414,16.55,64020,0
20110506,16.55,16.676,16.542,16.622,38561,0
20110509,16.622,16.757,16.608,16.757,41208,0
20110510,16.757,16.795,16.72,16.747,63108,0
20110511,16.72,16.795,16.706,16.795,29849,0
20110512,16.773,16.824,16.72,16.801,71778,0
20110513,16.801,16.833,16.795,16.801,57512,0
20110516,16.781,16.795,16.742,16.757,33710,0
20110517,16.689,16.773,16.66,16.713,99289,0
20110518,16.697,16.757,16.668,16.713,63726,0
20110519,16.706,16.787,16.646,16.787,48791,0
20110520,16.742,16.867,16.728,16.833,55376,0
20110523,16.801,16.815,16.72,16.757,50536,0
20110524,16.713,16.747,16.616,16.706,48071,0
20110525,16.646,16.757,16.622,16.622,66904,0
20110526,16.593,16.735,16.593,16.72,43903,0
20110527,16.765,16.875,16.697,16.861,51910,0
20110531,16.861,16.861,16.676,16.833,88938,0
20110601,16.875,16.919,16.833,16.853,64232,0
20110602,16.833,16.861,16.676,16.747,22667,0
20110603,16.637,16.773,16.637,16.72,35111,0
20110606,16.676,16.742,16.585,16.66,48712,0
20110607,16.66,16.757,16.622,16.706,51389,0
20110608,16.668,16.72,16.646,16.653,35045,0
20110609,16.63,16.742,16.578,16.72,43694,0
20110610,16.72,16.735,16.66,16.676,19066,0
20110613,16.676,16.773,16.676,16.706,39311,0
20110614,16.728,16.757,16.72,16.742,31000,0
20110615,16.773,16.801,16.637,16.697,78571,0
20110616,16.637,16.637,16.004,16.124,200159,0
20110617,16.289,16.406,16.145,16.289,70484,0
20110620,16.289,16.289,16.117,16.221,60474,0
20110621,16.258,16.511,16.258,16.481,21813,0
20110622,16.511,16.593,16.481,16.519,65550,0
20110623,16.399,16.399,16.205,16.289,124599,0
20110624,16.37,16.399,16.145,16.152,92210,0
20110627,16.185,16.252,16.161,16.185,32470,0
20110628,16.252,16.414,16.252,16.399,48937,0
20110629,16.221,16.295,16.138,16.205,73362,0
20110630,16.295,16.833,16.264,16.801,87069,0
20110701,16.608,16.689,16.443,16.443,44902,0
20110705,16.399,16.497,16.303,16.355,53589,0
20110706,16.347,16.399,16.197,16.362,92789,0
20110707,16.362,16.399,16.303,16.339,64226,0
20110708,16.279,16.43,16.279,16.414,51864,0
20110711,16.211,16.236,16.012,16.033,89882,0
20110712,15.967,16.02,15.928,15.928,57224,0
20110713,15.937,15.997,15.677,15.706,81005,0
20110714,15.736,15.79,15.63,15.677,63545,0
20110715,15.781,15.907,15.616,15.856,70373,0
20110718,15.802,15.802,15.497,15.596,98011,0
20110719,15.728,15.802,15.602,15.63,230330,0
20110720,15.682,15.781,15.565,15.571,97922,0
20110721,15.668,16.145,15.655,16.027,157468,0
20110722,16.072,16.138,15.953,16.027,70252,0
20110725,15.967,15.967,15.759,15.849,51761,0
20110726,15.876,15.928,15.766,15.876,136800,0
20110727,15.795,15.826,15.616,15.736,74090,0
20110728,15.661,15.773,15.624,15.706,72074,0
20110729,15.638,15.638,15.244,15.319,70844,0
20110801,15.482,15.736,15.333,15.638,108839,0
20110802,15.488,15.655,15.37,15.571,264347,0
20110803,15.512,15.624,15.467,15.506,105427,0
20110804,15.506,15.565,14.573,14.805,248575,0
20110805,14.878,14.893,13.737,14.244,208112,0
20110808,13.284,13.59,11.301,11.689,375305,0
20110809,11.994,13.59,11.717,13.425,209319,0
20110810,13.416,13.566,12.621,12.762,209199,0
20110811,12.838,13.38,12.83,13.255,150911,0
20110812,13.398,13.822,13.389,13.665,199468,0
20110815,13.881,14.387,13.881,14.141,194467,0
20110816,14.164,14.415,14.058,14.2,153235,0
20110817,14.297,14.409,14.171,14.23,51777,0
20110818,13.932,13.932,13.085,13.432,98360,0
20110819,13.217,13.598,13.025,13.321,71582,0
20110822,13.761,13.761,13.12,13.17,60261,0
20110823,13.269,13.269,12.957,13.12,82449,0
20110824,13.06,13.343,13.052,13.297,33386,0
20110825,13.409,13.611,13.343,13.456,63755,0
20110826,13.464,14.03,13.464,13.961,61989,0
20110829,14.105,14.283,14.044,14.268,47148,0
20110830,14.439,14.447,14.132,14.223,75409,0
20110831,14.297,14.431,14.177,14.277,61388,0
20110901,14.379,14.461,14.012,14.097,157617,0
20110902,13.872,14.132,13.835,14.03,22307,0
20110906,13.67,13.917,13.492,13.782,75942,0
20110907,13.917,14.044,13.864,13.961,49770,0
20110908,14.044,14.141,13.552,13.685,155787,0
20110909,13.641,13.641,13.247,13.404,54504,0
20110912,13.06,13.187,12.516,12.77,111417,0
20110913,12.933,12.957,12.582,12.77,100930,0
20110914,13.017,13.261,12.702,13.187,106056,0
20110915,13.448,13.677,13.448,13.641,140564,0
20110916,13.782,13.961,13.56,13.581,62065,0
20110919,13.372,13.398,13.231,13.329,58359,0
20110920,13.476,13.515,13.231,13.255,49376,0
20110921,13.357,13.476,13.305,13.389,115537,0
20110922,13.102,13.111,12.681,12.83,70612,0
20110923,12.83,12.95,12.589,12.613,62640,0
20110926,12.739,12.838,12.173,12.821,62529,0
20110927,13.025,13.416,12.969,13.036,69359,0
20110928,12.472,12.969,12.373,12.404,77237,0
20110929,12.635,12.856,12.432,12.524,77279,0
20110930,12.478,12.665,12.337,12.516,54319,0
20111003,12.321,12.45,11.57,11.613,62000,0
20111004,11.486,11.531,10.885,11.344,127951,0
20111005,11.458,11.672,11.344,11.605,132254,0
20111006,11.723,12.77,11.723,12.762,187774,0
20111007,12.969,13.416,12.791,13.231,84671,0
20111010,13.425,13.657,13.127,13.209,56786,0
20111011,13.036,13.277,12.882,12.89,36371,0
20111012,13.044,13.409,13.044,13.224,66953,0
20111013,13.179,13.179,12.903,13.028,36161,0
20111014,13.097,13.195,12.627,12.627,67721,0
20111017,12.687,12.83,12.442,12.627,97882,0
20111018,12.746,12.969,12.553,12.903,78014,0
20111019,12.984,13.187,12.786,12.838,63898,0
20111020,12.838,12.898,12.681,12.873,56047,0
20111021,12.969,13.111,12.941,13.097,19039,0
20111024,13.025,13.456,12.984,13.425,125694,0
20111025,13.416,13.425,13.111,13.111,80306,0
20111026,13.195,13.425,13.111,13.364,44808,0
20111027,13.677,14.012,13.677,13.954,57036,0
20111028,13.864,13.888,13.693,13.857,38290,0
20111031,13.701,13.701,13.305,13.343,68898,0
20111101,12.898,13.284,12.673,12.702,144667,0
20111102,12.873,13.052,12.797,12.903,34266,0
20111103,13.06,13.255,12.933,13.203,69665,0
20111104,13.111,13.416,13.097,13.261,109044,0
20111107,13.209,13.38,13.156,13.237,28389,0
20111108,13.372,13.389,13.136,13.237,55505,0
20111109,12.911,12.911,12.486,12.553,71413,0
20111110,12.739,12.739,12.501,12.568,63204,0
20111111,12.673,13.127,12.673,13.085,49160,0
20111114,13.085,13.144,12.762,12.898,63807,0
20111115,12.77,12.83,12.665,12.77,57753,0
20111116,12.657,12.844,12.516,12.562,55719,0
20111117,12.568,12.589,12.344,12.404,67428,0
20111118,12.501,12.501,12.262,12.352,83511,0
20111121,12.211,12.232,11.972,12.158,51699,0
20111122,12.144,12.211,11.972,12.195,38273,0
20111123,11.955,12.046,11.77,11.844,35985,0
20111125,11.823,12.061,11.823,11.936,11427,0
20111128,12.262,12.442,12.084,12.144,93520,0
20111129,12.262,12.262,12.023,12.084,81490,0
20111130,12.352,12.432,12.135,12.292,70769,0
20111201,12.3,12.427,12.255,12.27,81799,0
20111202,12.344,12.516,12.308,12.373,47886,0
20111205,12.537,12.694,12.524,12.613,43707,0
20111206,12.621,12.717,12.529,12.687,110894,0
20111207,12.568,12.643,12.314,12.643,55838,0
20111208,12.493,12.493,12.262,12.3,65329,0
20111209,12.381,12.516,12.367,12.478,40720,0
20111212,12.3,12.381,12.151,12.36,69790,0
20111213,12.321,12.582,12.292,12.493,80207,0
20111214,12.373,12.524,12.277,12.344,50663,0
20111215,12.411,12.427,12.151,12.211,41883,0
20111216,12.225,12.432,12.165,12.203,60209,0
20111219,12.232,12.308,12.158,12.195,52160,0
20111220,12.277,12.373,12.158,12.203,93319,0
20111221,12.247,12.381,12.151,12.381,63589,0
20111222,12.314,12.649,12.225,12.597,87054,0
20111223,12.621,12.746,12.606,12.746,60275,0
20111227,12.755,12.755,12.45,12.493,72363,0
20111228,12.173,12.255,12.023,12.225,85951,0
20111229,12.107,12.277,12.107,12.211,79328,0
20111230,12.211,12.262,12.135,12.247,122803,0
20120103,12.404,12.546,12.373,12.463,45267,0
20120104,12.472,12.838,12.389,12.797,94230,0
20120105,12.702,13.12,12.702,13.009,143278,0
20120106,13,13.163,13,13.136,80697,0
20120109,13.136,13.338,13.085,13.305,69290,0
20120110,13.404,13.657,13.404,13.523,141964,0
20120111,13.476,13.5,13.372,13.416,361549,0
20120112,13.432,13.53,13.404,13.476,164572,0
20120113,13.364,13.364,13.187,13.321,84866,0
20120117,13.425,13.492,13.343,13.398,182610,0
20120118,13.416,13.5,13.389,13.484,66210,0
20120119,13.56,13.677,13.492,13.5,101414,0
20120120,13.5,13.717,13.5,13.62,96016,0
20120123,13.685,13.843,13.67,13.777,108819,0
20120124,13.685,13.782,13.626,13.754,147232,0
20120125,13.754,14.012,13.693,13.917,69557,0
20120126,13.999,14.164,13.961,14.11,68540,0
20120127,14.097,14.23,14.081,14.177,55211,0
20120130,14.089,14.125,13.978,14.089,65443,0
20120131,14.038,14.125,13.991,14.081,121915,0
20120201,14.081,14.209,14.081,14.192,66311,0
20120202,14.23,14.337,14.209,14.283,96662,0
20120203,14.348,14.536,14.312,14.514,81101,0
20120206,14.469,14.573,14.461,14.529,84276,0
20120207,14.514,14.655,14.483,14.596,83943,0
20120208,14.596,15.005,14.596,14.983,121883,0
20120209,15.089,15.192,14.751,14.944,401280,0
20120210,14.767,14.872,14.655,14.701,104368,0
20120213,14.818,15.021,14.797,15.021,101206,0
20120214,14.976,15.192,14.938,15.147,104198,0
20120215,15.156,15.296,15.147,15.207,81673,0
20120216,15.117,15.199,14.99,15.169,80513,0
20120217,15.109,15.354,15.109,15.296,161108,0
20120221,15.319,15.349,15.282,15.319,61403,0
20120222,15.296,15.342,15.267,15.319,67236,0
20120223,15.274,15.415,15.274,15.415,30126,0
20120224,15.415,15.565,15.378,15.542,125227,0
20120227,15.512,15.638,15.437,15.542,206965,0
20120228,15.549,15.759,15.512,15.75,81145,0
20120229,15.742,15.916,15.728,15.876,114126,0
20120301,15.876,16.027,15.84,15.997,125588,0
20120302,15.975,16.064,15.937,16.05,86738,0
20120305,16.05,16.05,15.923,15.928,94173,0
20120306,15.766,15.766,15.454,15.497,95283,0
20120307,15.571,15.781,15.565,15.668,63752,0
20120308,15.736,15.99,15.736,15.907,67178,0
20120309,15.916,16.117,15.916,16.027,97196,0
20120312,16.004,16.229,15.975,16.191,101000,0
20120313,16.185,16.443,16.185,16.379,158536,0
20120314,16.347,16.438,16.264,16.324,191356,0
20120315,16.295,16.324,15.997,16.303,119059,0
20120316,16.303,16.303,16.185,16.242,100285,0
20120319,16.221,16.399,16.221,16.31,92681,0
20120320,16.229,16.332,16.205,16.324,80026,0
20120321,16.324,16.399,16.279,16.347,95531,0
20120322,16.252,16.339,16.252,16.319,170905,0
20120323,16.295,16.384,16.258,16.355,96218,0
20120326,16.355,16.406,16.324,16.384,88673,0
20120327,16.31,16.362,16.295,16.31,124699,0
20120328,16.169,16.169,15.953,16.041,96423,0
20120329,15.916,15.967,15.818,15.886,121361,0
20120330,15.886,16.109,15.886,16.012,143381,0
20120402,15.99,16.086,15.981,16.004,172805,0
20120403,15.945,16.02,15.928,15.975,44013,0
20120404,15.886,15.945,15.856,15.923,78156,0
20120405,15.9,15.959,15.9,15.928,58981,0
20120409,15.862,15.869,15.766,15.79,74621,0
20120410,15.706,15.766,15.528,15.528,138683,0
20120411,15.571,15.63,15.437,15.482,165360,0
20120412,15.43,15.967,15.43,15.9,88099,0
20120413,15.832,15.9,15.699,15.773,63639,0
20120416,15.795,15.937,15.773,15.916,62942,0
20120417,16.004,16.02,15.876,15.876,93165,0
20120418,15.862,15.876,15.773,15.79,81497,0
20120419,15.81,15.886,15.79,15.849,36035,0
20120420,15.826,15.869,15.565,15.61,80326,0
20120423,15.488,15.488,15.244,15.394,102399,0
20120424,15.301,15.482,15.282,15.37,117507,0
20120425,15.447,15.565,15.447,15.476,63539,0
20120426,15.476,15.624,15.476,15.624,23282,0
20120427,15.655,15.728,15.638,15.69,47451,0
20120430,15.638,15.849,15.638,15.79,39888,0
20120501,15.75,15.937,15.75,15.862,47114,0
20120502,15.818,15.953,15.81,15.928,26770,0
20120503,15.923,15.923,15.81,15.893,30424,0
20120504,15.781,15.849,15.715,15.818,69679,0
20120507,15.742,15.923,15.742,15.923,29214,0
20120508,15.876,15.916,15.781,15.907,46487,0
20120509,15.759,15.79,15.588,15.655,63442,0
20120510,15.766,15.766,15.648,15.69,36408,0
20120511,15.588,15.677,15.437,15.497,49663,0
20120514,15.378,15.378,15.081,15.109,123237,0
20120515,15.057,15.072,14.767,14.858,85976,0
20120516,14.782,14.842,14.514,14.596,95057,0
20120517,14.544,14.551,13.864,13.872,113308,0
20120518,13.804,13.835,13.35,13.523,126710,0
20120521,13.62,14.387,13.53,14.387,96895,0
20120522,14.415,14.902,14.415,14.684,54494,0
20120523,14.499,14.551,14.157,14.402,80480,0
20120524,14.379,14.447,14.177,14.312,64165,0
20120525,14.209,14.356,14.141,14.244,59366,0
20120529,14.303,14.536,14.192,14.483,79973,0
20120530,14.319,14.439,14.081,14.132,69331,0
20120531,14.26,14.277,13.954,14.217,106184,0
20120601,13.954,14.125,13.888,14.058,45182,0
20120604,13.932,14.268,13.902,14.244,34878,0
20120605,14.244,14.611,14.149,14.544,79775,0
20120606,14.684,14.818,14.655,14.723,42580,0
20120607,14.872,14.938,14.655,14.671,54480,0
20120608,14.573,14.767,14.567,14.738,29501,0
20120611,14.922,14.922,14.455,14.455,68364,0
20120612,14.439,14.551,14.348,14.499,62439,0
20120613,14.499,14.557,14.461,14.529,31581,0
20120614,14.655,14.893,14.611,14.872,92638,0
20120615,14.944,14.976,14.723,14.91,32055,0
20120618,14.79,15.199,14.79,15.177,119464,0
20120619,15.282,15.301,15.162,15.267,37254,0
20120620,15.333,15.461,15.177,15.401,74694,0
20120621,15.354,15.415,15.244,15.288,78588,0
20120622,15.342,15.447,15.192,15.447,27193,0
20120625,15.326,15.467,15.244,15.326,60365,0
20120626,15.326,15.476,15.274,15.422,54331,0
20120627,15.177,15.296,15.005,15.267,147333,0
20120628,15.117,15.244,15.117,15.192,39927,0
20120629,15.766,15.766,15.282,15.296,94816,0
20120702,15.467,15.624,15.251,15.624,52613,0
20120703,15.579,15.706,15.542,15.677,30654,0
20120705,15.677,15.945,15.624,15.886,73278,0
20120706,15.79,15.959,15.706,15.916,57877,0
20120709,15.856,15.945,15.818,15.907,32384,0
20120710,15.907,15.959,15.802,15.893,69793,0
20120711,15.937,15.937,15.759,15.923,50574,0
20120712,15.759,15.967,15.759,15.923,55828,0
20120713,15.893,16.138,15.84,16.033,103339,0
20120716,16.012,16.211,16.012,16.152,63990,0
20120717,16.152,16.289,16.124,16.169,115999,0
20120718,16.169,16.211,16.079,16.092,139736,0
20120719,16.092,16.236,16.02,16.211,102635,0
20120720,16.109,16.211,16.033,16.131,85021,0
20120723,15.959,16.012,15.79,15.967,100115,0
20120724,15.928,15.967,15.818,15.856,138795,0
20120725,15.781,15.937,15.781,15.849,86118,0
20120726,15.849,15.916,15.818,15.849,147951,0
20120727,15.869,16.131,15.869,16.027,102045,0
20120730,15.953,16.242,15.953,16.197,99146,0
20120731,16.185,16.466,16.169,16.362,204905,0
20120801,16.362,16.438,16.279,16.379,92948,0
20120802,16.391,16.438,16.303,16.303,80865,0
20120803,16.399,16.473,16.332,16.37,108757,0
20120806,16.37,16.511,16.37,16.497,104469,0
20120807,16.43,16.622,16.422,16.585,91542,0
20120808,16.511,16.622,16.511,16.616,60946,0
20120809,16.542,16.646,16.542,16.585,117762,0
20120810,16.562,16.66,16.542,16.653,65622,0
20120813,16.616,16.676,16.602,16.616,133512,0
20120814,16.63,16.773,16.608,16.773,133630,0
20120815,16.757,16.773,16.697,16.773,79578,0
20120816,16.735,16.867,16.728,16.853,109876,0
20120817,16.853,16.919,16.801,16.919,111117,0
20120820,16.913,16.927,16.842,16.919,118219,0
20120821,16.919,16.995,16.883,16.975,95994,0
20120822,16.919,17.145,16.919,17.145,127978,0
20120823,17.04,17.241,17.04,17.174,107842,0
20120824,17.122,17.16,17.019,17.107,112316,0
20120827,17.054,17.181,17.054,17.169,113938,0
20120828,17.101,17.181,17.101,17.169,127292,0
20120829,17.16,17.241,17.16,17.235,80019,0
20120830,17.174,17.295,17.174,17.241,134385,0
20120831,17.295,17.339,17.22,17.308,67639,0
20120904,17.256,17.308,17.204,17.235,81369,0
20120905,17.229,17.347,17.229,17.322,83254,0
20120906,17.322,17.495,17.295,17.481,77733,0
20120907,17.517,17.668,17.457,17.668,258748,0
20120910,17.668,17.963,17.668,17.943,303663,0
20120911,17.89,18.069,17.89,17.963,180357,0
20120912,17.963,18.109,17.963,18.069,164917,0
20120913,18.069,18.18,18.018,18.151,146231,0
20120914,18.159,18.293,18.151,18.24,115540,0
20120917,18.227,18.24,18.167,18.234,83709,0
20120918,18.194,18.219,18.099,18.159,99030,0
20120919,18.115,18.248,18.115,18.219,118066,0
20120920,18.176,18.211,18.123,18.194,90299,0
20120921,18.151,18.24,18.127,18.135,97373,0
20120924,18.115,18.151,18.062,18.069,42446,0
20120925,18.077,18.135,17.943,17.963,76558,0
20120926,17.963,18.109,17.845,18.062,112113,0
20120927,17.816,17.822,17.629,17.652,127781,0
20120928,17.652,17.652,17.554,17.561,133863,0
20121001,17.561,17.668,17.554,17.614,69921,0
20121002,17.614,17.682,17.576,17.652,56710,0
20121003,17.629,17.801,17.629,17.682,38006,0
20121004,17.682,17.838,17.682,17.83,72537,0
20121005,17.89,18.069,17.816,18.062,72949,0
20121008,18.082,18.082,17.98,18.055,67544,0
20121009,18.001,18.04,17.763,17.845,105423,0
20121010,17.816,17.936,17.816,17.92,72588,0
20121011,17.92,18.001,17.816,17.876,92444,0
20121012,17.89,17.928,17.838,17.905,40773,0
20121015,17.943,18.022,17.89,18.022,57102,0
20121016,17.988,18.077,17.98,18.069,78255,0
20121017,18.069,18.115,18.055,18.099,100134,0
20121018,18.091,18.091,17.861,17.883,125458,0
20121019,17.845,17.883,17.734,17.734,170651,0
20121022,17.703,18.022,17.703,17.98,94468,0
20121023,18.022,18.022,17.83,17.98,49163,0
20121024,17.98,18.055,17.912,18.01,62560,0
20121025,17.996,18.055,17.912,17.92,69727,0
20121026,17.89,17.988,17.89,17.98,28652,0
20121031,17.988,18.115,17.943,18.115,71131,0
20121101,18.055,18.188,18.055,18.099,61180,0
20121102,18.115,18.234,18.099,18.219,49502,0
20121105,18.099,18.375,18.099,18.33,87244,0
20121106,18.315,18.389,18.271,18.323,79423,0
20121107,18.3,18.315,18.091,18.227,439029,0
20121108,18.159,18.286,18.159,18.194,93277,0
20121109,18.18,18.203,18.115,18.135,62669,0
20121112,18.082,18.24,18.055,18.135,123752,0
20121113,18.109,18.151,18.069,18.082,79712,0
20121114,18.077,18.18,17.785,17.861,96931,0
20121115,17.785,17.943,17.609,17.756,347639,0
20121116,17.816,18.077,17.719,17.897,177347,0
20121119,18.03,18.04,17.756,17.816,95361,0
20121120,17.794,17.816,17.756,17.779,168871,0
20121121,17.838,18.022,17.83,17.854,313759,0
20121123,17.876,17.963,17.868,17.883,82630,0
20121126,17.89,17.958,17.83,17.854,71275,0
20121127,17.883,18.001,17.838,17.897,116109,0
20121128,17.897,17.988,17.845,17.95,54024,0
20121129,17.95,18.055,17.936,17.95,87968,0
20121130,17.963,18.001,17.883,17.963,64144,0
20121203,17.936,18.018,17.912,17.988,58011,0
20121204,17.98,18.022,17.963,18.022,55743,0
20121205,18.022,18.049,17.943,17.95,41695,0
20121206,17.98,18.099,17.963,18.099,55521,0
20121207,18.049,18.069,18.022,18.04,37417,0
20121210,17.98,18.109,17.958,17.963,63354,0
20121211,17.963,18.062,17.785,18.062,81437,0
20121212,17.996,18.109,17.996,18.04,72671,0
20121213,18.04,18.077,17.996,18.01,91714,0
20121214,17.98,18.082,17.98,18.018,53517,0
20121217,18.082,18.082,17.95,17.98,74647,0
20121218,17.98,18.219,17.98,18.18,164584,0
20121219,18.176,18.345,18.135,18.286,153984,0
20121220,18.3,18.367,18.271,18.345,72137,0
20121221,18.3,18.524,18.188,18.419,229893,0
20121224,18.315,18.419,18.308,18.419,39332,0
20121226,18.419,18.621,18.33,18.487,100397,0
20121227,18.582,18.72,18.416,18.515,98984,0
20121228,18.515,18.582,18.409,18.545,73748,0
20121231,18.477,18.515,18.409,18.491,75000,0
20130102,18.515,18.561,18.439,18.462,69316,0
20130103,18.469,18.531,18.439,18.5,80224,0
20130104,18.523,18.552,18.485,18.538,53639,0
20130107,18.538,18.599,18.506,18.552,66089,0
20130108,18.575,18.682,18.485,18.491,125158,0
20130109,18.538,18.561,18.462,18.506,159449,0
20130110,18.5,18.621,18.491,18.605,31418,0
20130111,18.605,18.689,18.605,18.659,46432,0
20130114,18.682,18.779,18.659,18.703,56465,0
20130115,18.703,18.756,18.652,18.756,47256,0
20130116,18.695,18.779,18.675,18.772,85920,0
20130117,18.779,18.817,18.736,18.779,66117,0
20130118,18.779,18.879,18.779,18.871,62122,0
20130122,18.871,18.925,18.817,18.879,107429,0
20130123,18.857,18.917,18.811,18.864,73157,0
20130124,18.857,18.864,18.779,18.788,69145,0
20130125,18.804,18.879,18.797,18.871,64912,0
20130128,18.864,18.879,18.833,18.871,39855,0
20130129,18.833,18.871,18.817,18.817,37684,0
20130130,18.864,18.893,18.824,18.824,33917,0
20130131,18.84,18.871,18.817,18.817,33070,0
20130201,18.824,18.833,18.756,18.756,64165,0
20130204,18.736,18.824,18.736,18.824,30305,0
20130205,18.817,18.849,18.763,18.811,44899,0
20130206,18.779,18.849,18.779,18.824,36132,0
20130207,18.817,18.864,18.779,18.864,27993,0
20130208,18.833,18.901,18.804,18.811,42663,0
20130211,18.871,18.871,18.797,18.817,62354,0
20130212,18.824,18.893,18.817,18.817,43289,0
20130213,18.84,18.84,18.779,18.817,63743,0
20130214,18.811,18.871,18.779,18.84,52828,0
20130215,18.871,18.871,18.817,18.871,13503,0
20130219,18.909,18.909,18.811,18.817,62875,0
20130220,18.804,18.84,18.804,18.811,65147,0
20130221,18.824,18.833,18.788,18.824,39603,0
20130222,18.811,18.84,18.804,18.804,36236,0
20130225,18.804,18.864,18.804,18.804,51493,0
20130226,18.849,18.879,18.824,18.857,50803,0
20130227,18.901,18.909,18.817,18.824,49875,0
20130228,18.833,18.893,18.833,18.864,39544,0
20130301,18.871,18.871,18.756,18.797,58717,0
20130304,18.824,18.893,18.788,18.849,46785,0
20130305,18.849,18.909,18.849,18.864,29505,0
20130306,18.864,18.893,18.817,18.879,44812,0
20130307,18.857,18.917,18.857,18.909,39780,0
20130308,18.992,18.992,18.893,18.931,58893,0
20130311,18.94,18.978,18.931,18.961,29722,0
20130312,18.946,19.03,18.946,18.97,51270,0
20130313,19.046,19.046,18.94,18.946,38429,0
20130314,18.953,19.022,18.94,19.022,82634,0
20130315,18.961,19.075,18.94,18.961,298837,0
20130318,18.931,19.008,18.893,18.97,119091,0
20130319,18.97,19.037,18.961,19.008,46671,0
20130320,19.008,19.075,18.985,19.075,40635,0
20130321,19.081,19.12,19.069,19.075,17615,0
20130322,19.081,19.115,19.046,19.046,205653,0
20130325,19.06,19.091,18.992,18.999,26909,0
20130326,19.022,19.053,19.008,19.008,27028,0
20130327,19.078,19.118,18.963,19.011,148814,0
20130328,19.011,19.118,19.011,19.011,71467,0
20130401,19.003,19.072,18.963,18.988,62058,0
20130402,18.98,19.041,18.911,18.926,151576,0
20130403,18.988,18.988,18.824,18.84,47995,0
20130404,18.879,19.011,18.858,18.98,78903,0
20130405,18.932,19.064,18.932,19.041,31699,0
20130408,18.988,19.05,18.988,19.025,41276,0
20130409,19.025,19.072,19.025,19.056,37568,0
20130410,19.118,19.148,19.072,19.126,22317,0
20130411,19.126,19.148,19.118,19.118,44751,0
20130412,19.118,19.172,19.118,19.118,65214,0
20130415,19.187,19.187,19.126,19.155,42545,0
20130416,19.155,19.195,19.155,19.181,39027,0
20130417,19.195,19.235,19.134,19.235,81016,0
20130418,19.235,19.297,19.209,19.265,37180,0
20130419,19.297,19.297,19.141,19.141,92079,0
20130422,19.195,19.235,19.134,19.172,57237,0
20130423,19.164,19.278,19.164,19.235,53199,0
20130424,19.235,19.265,19.195,19.216,40697,0
20130425,19.195,19.373,19.172,19.358,78186,0
20130426,19.358,19.358,19.265,19.305,28602,0
20130429,19.324,19.601,19.311,19.587,143493,0
20130430,19.54,19.572,19.479,19.479,46527,0
20130501,19.509,19.509,19.373,19.426,44787,0
20130502,19.394,19.54,19.394,19.54,48273,0
20130503,19.535,19.54,19.447,19.473,49544,0
20130506,19.473,19.527,19.473,19.487,31933,0
20130507,19.535,19.587,19.479,19.587,107391,0
20130508,19.587,19.617,19.509,19.617,51925,0
20130509,19.626,19.626,19.535,19.587,57551,0
20130510,19.671,19.695,19.535,19.549,56421,0
20130513,19.595,19.595,19.519,19.54,24460,0
20130514,19.54,19.54,19.403,19.403,95949,0
20130515,19.394,19.403,19.324,19.358,24629,0
20130516,19.332,19.365,19.318,19.349,30571,0
20130517,19.324,19.394,19.324,19.349,24984,0
20130520,19.34,19.394,19.318,19.358,28529,0
20130521,19.349,19.411,19.332,19.373,64438,0
20130522,19.373,19.433,19.373,19.426,73106,0
20130523,19.411,19.419,19.324,19.358,69894,0
20130524,19.358,19.456,19.332,19.403,18726,0
20130528,19.378,19.502,19.378,19.403,62332,0
20130529,19.378,19.419,19.324,19.349,66931,0
20130530,19.311,19.433,19.27,19.433,21934,0
20130531,19.456,19.456,19.256,19.318,45549,0
20130603,19.358,19.358,19.187,19.27,261972,0
20130604,19.278,19.318,19.235,19.256,32368,0
20130605,19.243,19.278,19.126,19.181,40652,0
20130606,19.118,19.235,19.087,19.187,42449,0
20130607,19.235,19.297,19.235,19.256,39030,0
20130610,19.243,19.265,19.187,19.243,42708,0
20130611,19.195,19.249,19.05,19.126,129372,0
20130612,19.118,19.148,18.349,18.611,130736,0
20130613,18.503,18.942,18.023,18.824,86372,0
20130614,18.85,19.172,18.85,19.155,34061,0
20130617,19.235,19.311,19.172,19.235,75764,0
20130618,19.187,19.426,19.141,19.349,63828,0
20130619,19.349,19.433,19.118,19.181,76463,0
20130620,18.955,18.995,18.865,18.98,93326,0
20130621,18.902,19.064,18.84,18.886,36751,0
20130624,18.689,18.689,18.273,18.456,54370,0
20130625,18.709,18.817,18.386,18.778,85113,0
20130626,18.932,18.988,18.778,18.804,76343,0
20130627,18.923,19.118,18.82,19.118,37386,0
20130628,19.324,19.435,19.165,19.165,67710,0
20130701,18.891,18.939,18.861,18.868,31587,0
20130702,18.945,19.015,18.907,19.015,54419,0
20130703,18.828,18.961,18.765,18.781,39277,0
20130705,18.689,18.781,18.477,18.507,46352,0
20130708,18.491,18.664,18.313,18.376,47008,0
20130709,18.64,18.64,18.274,18.274,47447,0
20130710,18.282,18.415,18.236,18.376,35615,0
20130711,18.491,18.595,18.415,18.486,50820,0
20130712,18.453,18.75,18.453,18.501,33109,0
20130715,18.541,18.595,18.477,18.516,48359,0
20130716,18.627,18.806,18.595,18.781,88104,0
20130717,18.875,18.875,18.711,18.711,31888,0
20130718,18.689,18.835,18.689,18.806,43164,0
20130719,18.781,18.828,18.649,18.657,52047,0
20130722,18.72,18.774,18.57,18.602,68717,0
20130723,18.595,18.745,18.595,18.627,37970,0
20130724,18.595,18.649,18.383,18.486,57760,0
20130725,18.445,18.602,18.304,18.602,56122,0
20130726,18.555,18.75,18.491,18.745,37122,0
20130729,18.854,18.883,18.486,18.516,22349,0
20130730,18.533,18.587,18.399,18.477,27268,0
20130731,18.376,18.617,18.376,18.602,26331,0
20130801,18.617,18.728,18.507,18.564,28318,0
20130802,18.564,18.649,18.486,18.486,18550,0
20130805,18.445,18.541,18.383,18.415,43228,0
20130806,18.376,18.453,18.282,18.391,20406,0
20130807,18.313,18.491,18.29,18.391,41542,0
20130808,18.507,18.507,18.328,18.383,28863,0
20130809,18.337,18.376,18.242,18.242,30715,0
20130812,18.274,18.368,18.25,18.25,23281,0
20130813,18.25,18.29,18.187,18.242,28871,0
20130814,18.257,18.297,18.008,18.016,33409,0
20130815,18,18,17.585,17.665,53868,0
20130816,17.561,17.688,17.31,17.381,47669,0
20130819,17.477,17.506,17.131,17.171,56361,0
20130820,17.21,17.523,17.21,17.398,68600,0
20130821,17.493,17.493,17.241,17.36,37378,0
20130822,17.435,17.75,17.422,17.672,90001,0
20130823,17.672,18.016,17.672,18.016,47112,0
20130826,18.039,18.148,18.008,18.049,35588,0
20130827,18.056,18.078,17.852,17.953,70579,0
20130828,17.86,18.03,17.86,17.994,44004,0
20130829,17.994,17.994,17.922,17.945,30584,0
20130830,18.25,18.497,18.25,18.449,62491,0
20130903,18.211,18.282,18.056,18.056,28317,0
20130904,18.078,18.125,17.966,17.976,51528,0
20130905,17.913,18.049,17.868,17.96,60587,0
20130906,17.945,18.022,17.852,17.868,24480,0
20130909,17.883,17.931,17.828,17.883,36806,0
20130910,17.922,18.022,17.913,18.022,35820,0
20130911,18.085,18.242,17.96,18.18,44255,0
20130912,18.242,18.242,18.03,18.118,66713,0
20130913,18.148,18.282,18.133,18.22,55675,0
20130916,18.297,18.297,18.148,18.18,70454,0
20130917,18.242,18.242,18.148,18.187,40166,0
20130918,18.211,18.359,17.994,18.337,92466,0
20130919,18.313,18.313,18.187,18.313,55123,0
20130920,18.274,18.274,18.148,18.211,33676,0
20130923,18.274,18.274,18.22,18.257,50595,0
20130924,18.257,18.297,18.148,18.187,75570,0
20130925,18.257,18.282,18.187,18.228,39322,0
20130926,18.297,18.407,18.22,18.407,56534,0
20130927,18.474,18.577,18.306,18.331,44716,0
20130930,18.33,18.449,18.219,18.267,35766,0
20131001,18.22,18.354,18.138,18.146,74745,0
20131002,18.236,18.236,18.131,18.138,42092,0
20131003,18.236,18.236,18.013,18.082,33014,0
20131004,18.026,18.1,18.013,18.06,17893,0
20131007,18.036,18.091,17.99,18.004,31226,0
20131008,18.091,18.11,17.99,18.068,14210,0
20131009,18.138,18.138,18.004,18.004,20126,0
20131010,18.138,18.138,17.981,17.99,24636,0
20131011,18.06,18.1,17.99,18.004,23611,0
20131014,18.138,18.138,18.019,18.068,23810,0
20131015,18.131,18.156,17.971,17.981,41610,0
20131016,17.957,18.045,17.957,17.957,35754,0
20131017,17.971,18.385,17.971,18.1,48446,0
20131018,18.323,18.467,18.242,18.467,25790,0
20131021,18.41,18.529,18.37,18.489,41578,0
20131022,18.529,18.609,18.474,18.568,40010,0
20131023,18.562,18.689,18.529,18.609,36186,0
20131024,18.689,19.211,18.689,18.802,113332,0
20131025,18.728,18.831,18.712,18.815,27042,0
20131028,18.802,18.879,18.72,18.783,20210,0
20131029,18.759,18.848,18.695,18.737,36894,0
20131030,18.775,18.775,18.434,18.474,40515,0
20131031,18.402,18.577,18.402,18.497,30809,0
20131101,18.467,18.552,18.331,18.41,27125,0
20131104,18.385,18.681,18.385,18.631,91557,0
20131105,18.513,18.577,18.449,18.513,21874,0
20131106,18.474,18.72,18.474,18.72,91041,0
20131107,18.681,18.912,18.681,18.848,48520,0
20131108,18.838,18.894,18.815,18.822,57443,0
20131111,18.857,18.991,18.822,18.864,78538,0
20131112,18.927,18.967,18.894,18.927,84351,0
20131113,18.934,18.943,18.871,18.894,62579,0
20131114,18.927,19.047,18.886,18.975,56038,0
20131115,19.03,19.077,18.991,19.054,60392,0
20131118,19.085,19.254,19.007,19.054,44053,0
20131119,19.07,19.142,19.07,19.07,29792,0
20131120,19.077,19.197,19.047,19.102,42209,0
20131121,19.165,19.182,19.021,19.157,27446,0
20131122,19.126,19.339,19.126,19.31,34266,0
20131125,19.331,19.331,19.238,19.246,81394,0
20131126,19.246,19.443,19.246,19.349,55368,0
20131127,19.349,19.476,19.339,19.373,17937,0
20131129,19.373,19.404,19.303,19.303,14746,0
20131202,19.386,19.413,19.246,19.358,33577,0
20131203,19.303,19.476,19.303,19.404,46137,0
20131204,19.404,19.483,19.365,19.404,168781,0
20131205,19.42,19.483,19.294,19.435,117560,0
20131206,19.483,19.515,19.429,19.46,46545,0
20131209,19.46,19.46,19.358,19.365,26734,0
20131210,19.324,19.413,19.31,19.349,62791,0
20131211,19.476,19.476,19.284,19.331,66669,0
20131212,19.31,19.31,18.991,19.013,239437,0
20131213,18.95,19.238,18.903,19.238,63333,0
20131216,19.182,19.182,19.085,19.118,72289,0
20131217,19.134,19.324,19.118,19.149,33182,0
20131218,19.182,19.19,18.958,18.983,65443,0
20131219,18.983,19.19,18.934,18.967,47117,0
20131220,19.07,19.118,18.991,19.077,64684,0
20131223,19.268,19.324,19.063,19.102,35351,0
20131224,19.102,19.19,18.958,18.998,13674,0
20131226,19.007,19.118,18.848,18.921,35014,0
20131227,18.997,19.086,18.804,18.818,66161,0
20131230,18.932,19.03,18.706,18.762,56785,0
20131231,18.696,19.006,18.696,18.956,69516,0
20140102,18.835,19.094,18.835,19.077,25545,0
20140103,19.094,19.223,19.094,19.168,23336,0
20140106,19.193,19.37,19.193,19.298,30787,0
20140107,19.363,19.402,19.176,19.223,41422,0
20140108,19.2,19.306,19.2,19.298,29404,0
20140109,19.306,19.313,19.193,19.271,48783,0
20140110,19.306,19.411,19.242,19.256,40553,0
20140113,19.306,19.434,19.289,19.37,56784,0
20140114,19.383,19.427,19.271,19.306,18060,0
20140115,19.378,19.459,19.313,19.345,34493,0
20140116,19.402,19.427,19.336,19.363,49583,0
20140117,19.419,19.441,19.279,19.279,75257,0
20140121,19.345,19.402,19.298,19.298,47419,0
20140122,19.321,19.402,19.321,19.383,22672,0
20140123,19.378,19.427,19.289,19.327,38682,0
20140124,19.223,19.427,19.223,19.383,61745,0
20140127,19.402,19.515,19.363,19.515,66791,0
20140128,19.449,19.669,19.441,19.669,43206,0
20140129,19.62,19.669,19.596,19.637,50582,0
20140130,19.652,19.813,19.652,19.726,75695,0
20140131,19.709,19.733,19.603,19.637,43512,0
20140203,19.676,19.693,19.603,19.637,22728,0
20140204,19.581,19.644,19.555,19.563,51397,0
20140205,19.547,19.62,19.336,19.587,24413,0
20140206,19.563,19.661,19.563,19.644,16867,0
20140207,19.685,19.798,19.62,19.701,42942,0
20140210,19.676,19.823,19.676,19.757,24111,0
20140211,19.854,19.854,19.701,19.766,55904,0
20140212,19.806,19.846,19.726,19.846,45825,0
20140213,19.831,19.983,19.806,19.973,39376,0
20140214,19.854,20.17,19.854,20.105,52958,0
20140218,20.13,20.258,20.114,20.122,33561,0
20140219,20.17,20.17,20.114,20.13,31806,0
20140220,20.031,20.105,20.025,20.039,49514,0
20140221,20.039,20.081,20.031,20.059,23315,0
20140224,20.049,20.137,19.961,19.961,37421,0
20140225,19.983,20.039,19.862,19.888,32870,0
20140226,19.967,20.065,19.888,19.888,27381,0
20140227,20.009,20.009,19.846,19.87,53526,0
20140228,19.888,19.993,19.854,19.888,56005,0
20140303,19.87,19.953,19.84,19.862,52063,0
20140304,19.967,20.031,19.91,20.009,74476,0
20140305,20.001,20.065,19.973,20.039,22436,0
20140306,20.105,20.105,19.973,19.993,41984,0
20140307,20.049,20.049,19.854,19.862,59689,0
20140310,19.831,20.001,19.831,19.935,24542,0
20140311,19.967,20.114,19.967,20.114,35717,0
20140312,20.081,20.25,20.081,20.243,41963,0
20140313,20.193,20.21,20.13,20.21,34746,0
20140314,20.21,20.324,20.193,20.324,33044,0
20140317,20.315,20.371,20.21,20.284,42522,0
20140318,20.266,20.331,20.21,20.21,62290,0
20140319,20.274,20.315,20.18,20.18,64208,0
20140320,20.21,20.292,20.21,20.284,37194,0
20140321,20.308,20.355,20.274,20.292,36819,0
20140324,20.315,20.35,20.25,20.258,75797,0
20140325,20.266,20.34,20.226,20.315,31826,0
20140326,20.308,20.34,20.258,20.308,14224,0
20140327,20.324,20.324,20.25,20.266,29861,0
20140328,20.363,20.363,20.207,20.215,38078,0
20140331,20.349,20.485,20.349,20.405,49515,0
20140401,20.513,20.513,20.354,20.389,51658,0
20140402,20.371,20.471,20.371,20.419,62012,0
20140403,20.419,20.462,20.349,20.349,46859,0
20140404,20.371,20.462,20.349,20.371,50166,0
20140407,20.405,20.471,20.405,20.447,53028,0
20140408,20.419,20.485,20.405,20.478,40319,0
20140409,20.504,20.535,20.462,20.504,38831,0
20140410,20.528,20.61,20.485,20.513,49646,0
20140411,20.462,20.577,20.462,20.543,10656,0
20140414,20.543,20.61,20.485,20.504,44606,0
20140415,20.535,20.61,20.478,20.561,25691,0
20140416,20.561,20.601,20.485,20.519,21128,0
20140417,20.552,20.552,20.241,20.241,80092,0
20140421,20.371,20.437,20.354,20.389,45583,0
20140422,20.454,20.519,20.419,20.504,34964,0
20140423,20.561,20.601,20.535,20.57,55582,0
20140424,20.57,20.61,20.535,20.543,39913,0
20140425,20.61,20.725,20.586,20.725,109476,0
20140428,20.725,20.765,20.684,20.707,39111,0
20140429,20.7,20.756,20.692,20.725,28875,0
20140430,20.707,20.765,20.707,20.725,35832,0
20140501,20.7,20.725,20.627,20.65,61004,0
20140502,20.668,20.734,20.627,20.676,29420,0
20140505,20.734,20.734,20.658,20.692,43420,0
20140506,20.707,20.756,20.692,20.734,41311,0
20140507,20.75,20.783,20.716,20.734,39511,0
20140508,20.734,20.79,20.725,20.734,18722,0
20140509,20.734,20.75,20.716,20.734,35182,0
20140512,20.75,20.839,20.734,20.814,41858,0
20140513,20.783,20.822,20.75,20.773,49774,0
20140514,20.765,20.839,20.75,20.839,23658,0
20140515,20.79,20.83,20.75,20.765,29483,0
20140516,20.773,20.814,20.75,20.79,42790,0
20140519,20.783,20.848,20.783,20.848,27710,0
20140520,20.839,20.857,20.814,20.857,20476,0
20140521,20.857,20.879,20.814,20.83,31919,0
20140522,20.822,20.83,20.75,20.773,30816,0
20140523,20.756,20.79,20.741,20.756,21223,0
20140527,20.808,20.814,20.707,20.734,41797,0
20140528,20.734,20.872,20.734,20.857,30190,0
20140529,20.872,20.905,20.83,20.866,17840,0
20140530,20.839,20.872,20.808,20.822,36720,0
20140602,20.857,20.905,20.773,20.896,55275,0
20140603,20.879,20.915,20.848,20.915,68398,0
20140604,20.848,20.915,20.83,20.905,95484,0
20140605,20.872,20.989,20.857,20.98,43292,0
20140606,20.98,20.989,20.872,20.872,28058,0
20140609,20.888,20.937,20.879,20.915,37249,0
20140610,20.896,20.997,20.888,20.989,50664,0
20140611,20.945,21.01,20.905,20.997,277901,0
20140612,20.98,20.98,20.879,20.98,61083,0
20140613,20.953,20.962,20.915,20.915,12745,0
20140616,20.931,20.989,20.905,20.98,36087,0
20140617,20.923,20.972,20.905,20.953,26152,0
20140618,20.98,21.038,20.972,20.989,23946,0
20140619,20.962,20.989,20.915,20.923,32996,0
20140620,20.945,21.019,20.923,20.989,41938,0
20140623,20.953,21.038,20.915,20.962,27801,0
20140624,21.01,21.029,20.962,21.019,38002,0
20140625,21.038,21.054,20.98,20.989,15155,0
20140626,21.019,21.06,21.01,21.06,28539,0
20140627,21.065,21.116,21.007,21.102,16545,0
20140630,21.133,21.16,21.058,21.16,36706,0
20140701,21.133,21.133,21.112,21.133,24243,0
20140702,21.151,21.16,21.075,21.075,215665,0
20140703,21.084,21.102,21.052,21.058,16149,0
20140707,21.116,21.176,21.102,21.151,48069,0
20140708,21.112,21.16,21.065,21.151,29006,0
20140709,21.133,21.176,21.116,21.125,22921,0
20140710,21.125,21.151,21.084,21.084,13504,0
20140711,21.142,21.243,21.112,21.234,37055,0
20140714,21.259,21.268,21.16,21.183,27721,0
20140715,21.209,21.218,21.116,21.133,39180,0
20140716,21.133,21.218,21.116,21.209,42138,0
20140717,21.16,21.192,21.133,21.176,29579,0
20140718,21.133,21.268,21.112,21.209,52376,0
20140721,21.183,21.276,21.176,21.276,37576,0
20140722,21.234,21.259,21.209,21.218,24032,0
20140723,21.259,21.276,21.2,21.243,18269,0
20140724,21.251,21.251,21.183,21.183,11426,0
20140725,21.192,21.192,21.16,21.16,15851,0
20140728,21.16,21.209,21.125,21.125,17536,0
20140729,21.133,21.151,21.093,21.093,25459,0
20140730,21.133,21.133,21.093,21.093,12447,0
20140731,21.084,21.112,21.026,21.102,46111,0
20140801,21.125,21.125,20.968,20.993,17241,0
20140804,20.993,20.993,20.861,20.891,33252,0
20140805,20.891,20.919,20.861,20.869,20668,0
20140806,20.883,20.927,20.861,20.861,20274,0
20140807,20.919,21.084,20.883,21.026,34546,0
20140808,21.052,21.084,20.993,21,15736,0
20140811,21.007,21.075,21,21.016,26084,0
20140812,21.052,21.075,21.045,21.075,8371,0
20140813,21.084,21.133,21.075,21.133,18893,0
20140814,21.125,21.209,21.125,21.192,4866,0
20140815,21.133,21.209,21.116,21.125,11759,0
20140818,21.133,21.292,21.133,21.2,27784,0
20140819,21.176,21.243,21.151,21.243,26127,0
20140820,21.209,21.251,21.209,21.218,15740,0
20140821,21.183,21.209,21.075,21.151,29176,0
20140822,21.142,21.183,21.125,21.151,24471,0
20140825,21.151,21.192,21.133,21.183,14196,0
20140826,21.142,21.209,21.142,21.169,25970,0
20140827,21.176,21.251,21.169,21.2,35990,0
20140828,21.2,21.243,21.192,21.234,22755,0
20140829,21.2,21.259,21.192,21.227,28992,0
20140902,21.285,21.285,21.192,21.234,14657,0
20140903,21.169,21.227,21.169,21.183,12253,0
20140904,21.16,21.2,21.084,21.084,53502,0
20140905,21.133,21.151,21.075,21.133,24054,0
20140908,21.102,21.176,21.102,21.176,17850,0
20140909,21.125,21.183,21.116,21.142,28008,0
20140910,21.116,21.176,21.102,21.151,57302,0
20140911,21.125,21.142,21.102,21.102,30105,0
20140912,21.112,21.116,21.052,21.116,9244,0
20140915,21.065,21.183,21.065,21.142,22502,0
20140916,21.133,21.243,21.116,21.151,42674,0
20140917,21.151,21.2,21.133,21.169,22583,0
20140918,21.151,21.176,21.142,21.151,18280,0
20140919,21.176,21.183,21.116,21.116,13057,0
20140922,21.093,21.142,21.065,21.093,14986,0
20140923,21.133,21.218,21.102,21.218,61142,0
20140924,21.192,21.209,21.16,21.16,13788,0
20140925,21.183,21.183,21.116,21.133,12891,0
20140926,21.102,21.176,21.102,21.169,16202,0
20140929,21.207,21.216,21.167,21.167,23224,0
20140930,21.19,21.292,21.19,21.267,34236,0
20141001,21.226,21.309,21.226,21.292,14179,0
20141002,21.233,21.326,21.233,21.267,28742,0
20141003,21.292,21.292,21.25,21.258,23728,0
20141006,21.258,21.302,21.198,21.25,33035,0
20141007,21.25,21.285,21.226,21.25,53025,0
20141008,21.258,21.326,21.216,21.243,23972,0
20141009,21.309,21.309,21.243,21.285,33665,0
20141010,21.285,21.285,21.243,21.243,11234,0
20141013,21.292,21.292,21.25,21.25,9056,0
20141014,21.258,21.326,21.258,21.275,26435,0
20141015,21.309,21.317,21.25,21.292,40998,0
20141016,21.25,21.309,21.233,21.302,31563,0
20141017,21.393,21.393,21.174,21.174,67997,0
20141020,21.285,21.309,21.258,21.267,28854,0
20141021,21.369,21.377,21.317,21.334,23034,0
20141022,21.386,21.403,21.258,21.267,73514,0
20141023,21.309,21.377,21.285,21.344,23376,0
20141024,21.317,21.351,21.309,21.351,9616,0
20141027,21.351,21.41,21.351,21.377,12582,0
20141028,21.444,21.454,21.393,21.444,11781,0
20141029,21.478,21.478,21.326,21.326,40735,0
20141030,21.334,21.393,21.334,21.377,53339,0
20141031,21.393,21.393,21.275,21.275,80692,0
20141103,21.317,21.41,21.317,21.393,38161,0
20141104,21.361,21.437,21.351,21.386,258649,0
20141105,21.403,21.437,21.369,21.377,24738,0
20141106,21.377,21.386,21.351,21.361,28842,0
20141107,21.369,21.42,21.351,21.351,41082,0
20141110,21.437,21.462,21.386,21.462,18350,0
20141111,21.437,21.504,21.42,21.444,10223,0
20141112,21.42,21.487,21.393,21.393,21307,0
20141113,21.428,21.497,21.386,21.428,33003,0
20141114,21.462,21.52,21.454,21.52,13747,0
20141117,21.469,21.537,21.437,21.52,20869,0
20141118,21.497,21.537,21.444,21.504,42360,0
20141119,21.529,21.529,21.504,21.529,8619,0
20141120,21.529,21.556,21.487,21.513,16693,0
20141121,21.504,21.529,21.428,21.497,24979,0
20141124,21.478,21.529,21.444,21.513,29346,0
20141125,21.487,21.52,21.469,21.478,21853,0
20141126,21.504,21.572,21.504,21.546,32664,0
20141128,21.529,21.587,21.529,21.556,6202,0
20141201,21.564,21.615,21.497,21.497,13171,0
20141202,21.497,21.564,21.497,21.513,37229,0
20141203,21.497,21.564,21.497,21.546,22215,0
20141204,21.469,21.564,21.469,21.537,109702,0
20141205,21.504,21.572,21.497,21.513,10069,0
20141208,21.487,21.587,21.478,21.529,19326,0
20141209,21.478,21.529,21.478,21.52,18622,0
20141210,21.529,21.556,21.497,21.529,9896,0
20141211,21.504,21.564,21.504,21.504,12888,0
20141212,21.504,21.529,21.454,21.454,18350,0
20141215,21.462,21.546,21.462,21.546,30611,0
20141216,21.529,21.529,21.469,21.469,14143,0
20141217,21.529,21.587,21.462,21.537,32596,0
20141218,21.52,21.564,21.504,21.537,24773,0
20141219,21.537,21.581,21.513,21.572,20418,0
20141222,21.537,21.581,21.529,21.537,23072,0
20141223,21.556,21.615,21.546,21.546,7690,0
20141224,21.564,21.596,21.529,21.529,8416,0
20141226,21.546,21.64,21.537,21.587,5460,0
20141229,21.664,21.768,21.664,21.732,18564,0
20141230,21.699,21.811,21.699,21.758,13995,0
20141231,21.752,21.811,21.673,21.699,41974,0
20150102,21.707,21.775,21.707,21.732,10194,0
20150105,21.724,21.758,21.664,21.732,65123,0
20150106,21.707,21.768,21.691,21.707,22179,0
20150107,21.768,21.768,21.682,21.732,28957,0
20150108,21.742,21.775,21.732,21.752,10953,0
20150109,21.732,21.828,21.699,21.784,14353,0
20150112,21.768,21.784,21.732,21.742,9723,0
20150113,21.758,21.758,21.707,21.714,13938,0
20150114,21.707,21.752,21.699,21.707,25751,0
20150115,21.818,22.05,21.714,21.752,27333,0
20150116,21.752,21.931,21.752,21.931,29820,0
20150120,21.835,21.835,21.707,21.732,60044,0
20150121,21.792,22.11,21.707,21.732,45342,0
20150122,21.758,21.818,21.732,21.811,15037,0
20150123,21.871,21.897,21.852,21.888,26540,0
20150126,21.852,21.94,21.844,21.904,22142,0
20150127,21.88,21.948,21.88,21.922,13839,0
20150128,21.871,21.922,21.835,21.904,29657,0
20150129,21.957,21.957,21.784,21.844,22934,0
20150130,21.871,21.88,21.828,21.828,19857,0
20150202,21.88,21.922,21.835,21.904,26933,0
20150203,21.88,21.88,21.818,21.828,45503,0
20150204,21.818,21.844,21.818,21.835,11963,0
20150205,21.835,21.88,21.818,21.844,16124,0
20150206,21.88,21.88,21.818,21.818,14077,0
20150209,21.862,21.871,21.792,21.835,17852,0
20150210,21.835,21.835,21.811,21.828,7272,0
20150211,21.811,21.844,21.792,21.828,46030,0
20150212,21.862,21.862,21.792,21.828,153211,0
20150213,21.811,21.862,21.802,21.844,19628,0
20150217,21.852,21.852,21.758,21.758,55066,0
20150218,21.818,21.835,21.752,21.835,71667,0
20150219,21.768,21.862,21.768,21.811,33993,0
20150220,21.802,21.862,21.784,21.844,18193,0
20150223,21.871,21.957,21.844,21.904,52764,0
20150224,21.88,21.982,21.88,21.912,20988,0
20150225,21.897,21.973,21.897,21.922,16705,0
20150226,21.897,22.025,21.897,22.025,25610,0
20150227,21.965,22,21.948,22,11428,0
20150302,21.965,22.06,21.965,22.05,19426,0
20150303,21.965,22.05,21.965,22.033,24778,0
20150304,22.069,22.11,22.069,22.076,21287,0
20150305,22.06,22.11,22.041,22.085,15819,0
20150306,21.982,22.085,21.982,22.041,27686,0
20150309,22.076,22.085,21.948,21.973,22217,0
20150310,22.11,22.11,21.957,22.033,20822,0
20150311,22,22.069,21.973,21.982,11747,0
20150312,21.99,22.009,21.965,21.982,20471,0
20150313,21.982,21.982,21.957,21.965,9889,0
20150316,21.973,22.05,21.973,22.017,14191,0
20150317,21.973,22.041,21.973,22,5118,0
20150318,21.982,22.11,21.982,22.102,29546,0
20150319,22.033,22.11,22.033,22.094,19658,0
20150320,22.102,22.17,22.102,22.146,31757,0
20150323,22.18,22.189,22.12,22.189,12796,0
20150324,22.136,22.17,22.094,22.13,28265,0
20150325,22.13,22.206,22.13,22.162,15122,0
20150326,22.17,22.18,22.136,22.162,11282,0
20150327,22.17,22.223,22.17,22.189,12562,0
20150330,22.299,22.299,22.134,22.177,21883,0
20150331,22.187,22.187,22.152,22.152,10263,0
20150401,22.143,22.168,22.134,22.134,18447,0
20150402,22.152,22.152,22.116,22.152,31163,0
20150406,22.134,22.16,22.072,22.072,15811,0
20150407,22.082,22.082,22.046,22.055,11781,0
20150408,22.055,22.098,22.021,22.021,35403,0
20150409,22.082,22.152,22.046,22.082,45613,0
20150410,22.082,22.098,22.038,22.082,30934,0
20150413,22.091,22.126,22.055,22.091,17415,0
20150414,22.098,22.116,22.082,22.091,16270,0
20150415,22.168,22.177,22.098,22.126,24477,0
20150416,22.126,22.126,22.065,22.082,19170,0
20150417,22.091,22.106,21.994,21.994,99450,0
20150420,22.072,22.072,22.004,22.021,46525,0
20150421,22.046,22.065,22.021,22.046,17641,0
20150422,22.055,22.116,22.055,22.091,18290,0
20150423,22.116,22.152,22.098,22.126,17759,0
20150424,22.134,22.143,22.106,22.134,8879,0
20150427,22.152,22.177,22.134,22.152,12146,0
20150428,22.152,22.177,22.098,22.106,9739,0
20150429,22.082,22.126,22.021,22.106,20279,0
20150430,22.072,22.106,22.021,22.055,22227,0
20150501,22.168,22.187,22.126,22.168,30822,0
20150504,22.143,22.257,22.143,22.16,25665,0
20150505,22.116,22.16,22.106,22.16,15124,0
20150506,22.072,22.098,21.925,21.925,58243,0
20150507,21.968,22.011,21.95,21.976,32503,0
20150508,22.021,22.177,22.021,22.168,10885,0
20150511,22.134,22.134,21.985,21.985,15696,0
20150512,21.933,22.168,21.933,22.046,28389,0
20150513,22.116,22.265,22.046,22.257,28758,0
20150514,22.282,22.379,22.248,22.335,46976,0
20150515,22.257,22.396,22.187,22.257,16301,0
20150518,22.187,22.257,22.126,22.126,17446,0
20150519,22.126,22.152,22.046,22.116,34029,0
20150520,22.143,22.221,22.116,22.195,14664,0
20150521,22.204,22.299,22.204,22.248,20394,0
20150522,22.265,22.308,22.238,22.299,23488,0
20150526,22.299,22.299,22.221,22.229,10094,0
20150527,22.195,22.248,22.195,22.213,13290,0
20150528,22.213,22.342,22.213,22.291,24841,0
20150529,22.291,22.299,22.274,22.282,8709,0
20150601,22.308,22.369,22.238,22.265,20698,0
20150602,22.213,22.318,22.213,22.282,28572,0
20150603,22.257,22.335,22.229,22.308,14551,0
20150604,22.318,22.342,22.318,22.335,16614,0
20150605,22.308,22.361,22.282,22.299,17188,0
20150608,22.282,22.369,22.282,22.327,17989,0
20150609,22.299,22.318,22.195,22.195,16862,0
20150610,22.143,22.361,22.143,22.229,15582,0
20150611,22.265,22.274,22.248,22.248,5261,0
20150612,22.274,22.299,22.213,22.213,11802,0
20150615,22.204,22.238,22.143,22.143,12146,0
20150616,22.126,22.274,22.126,22.238,22800,0
20150617,22.238,22.335,22.213,22.318,20511,0
20150618,22.335,22.388,22.274,22.291,28643,0
20150619,22.291,22.327,22.187,22.221,12146,0
20150622,22.221,22.274,22.213,22.265,9969,0
20150623,22.265,22.388,22.265,22.361,38235,0
20150624,22.379,22.413,22.361,22.369,26238,0
20150625,22.388,22.44,22.379,22.413,39301,0
20150626,22.464,22.464,22.388,22.388,34601,0
20150629,22.421,22.483,22.421,22.463,20199,0
20150630,22.463,22.688,22.463,22.668,122275,0
20150701,22.678,22.695,22.641,22.688,10946,0
20150702,22.712,22.712,22.616,22.659,21102,0
20150706,22.641,22.659,22.597,22.65,17604,0
20150707,22.607,22.65,22.607,22.641,9592,0
20150708,22.668,22.678,22.616,22.624,27084,0
20150709,22.678,22.688,22.633,22.641,34079,0
20150710,22.695,22.695,22.607,22.616,20199,0
20150713,22.607,22.703,22.607,22.633,16588,0
20150714,22.641,22.678,22.624,22.65,14099,0
20150715,22.688,22.712,22.641,22.688,19665,0
20150716,22.836,22.925,22.783,22.854,29115,0
20150717,22.854,22.854,22.792,22.854,26518,0
20150720,22.854,22.864,22.757,22.757,25841,0
20150721,22.74,22.792,22.74,22.774,17041,0
20150722,22.712,22.757,22.712,22.73,4853,0
20150723,22.73,22.73,22.641,22.712,15122,0
20150724,22.792,22.792,22.678,22.703,11960,0
20150727,22.678,22.695,22.65,22.695,7787,0
20150728,22.668,22.802,22.633,22.774,20537,0
20150729,22.73,22.774,22.633,22.633,15574,0
20150730,22.641,22.75,22.641,22.73,16814,0
20150731,22.703,22.783,22.703,22.73,6207,0
20150803,22.721,22.721,22.65,22.721,19875,0
20150804,22.695,22.765,22.688,22.688,14557,0
20150805,22.712,22.757,22.695,22.73,10383,0
20150806,22.757,22.774,22.712,22.757,17864,0
20150807,22.721,22.757,22.712,22.757,6544,0
20150810,22.721,22.792,22.703,22.757,18845,0
20150811,22.74,22.854,22.74,22.836,7053,0
20150812,22.819,22.836,22.721,22.836,16250,0
20150813,22.783,22.819,22.712,22.73,18055,0
20150814,22.712,22.783,22.688,22.688,8577,0
20150817,22.695,22.757,22.695,22.721,16136,0
20150818,22.721,22.74,22.703,22.703,20876,0
20150819,22.703,22.73,22.688,22.721,13428,0
20150820,22.659,22.73,22.624,22.65,12186,0
20150821,22.65,22.659,22.571,22.571,18281,0
20150824,22.456,22.463,22.129,22.19,35497,0
20150825,22.34,22.349,22.234,22.252,15122,0
20150826,22.34,22.349,22.252,22.305,35772,0
20150827,22.367,22.447,22.367,22.401,17716,0
20150828,22.401,22.5,22.385,22.473,12526,0
20150831,22.438,22.483,22.411,22.411,26293,0
20150901,22.385,22.518,22.385,22.518,17716,0
20150902,22.562,22.562,22.509,22.554,25841,0
20150903,22.518,22.518,22.456,22.5,28888,0
20150904,22.473,22.473,22.401,22.421,12976,0
20150908,22.535,22.579,22.473,22.579,24600,0
20150909,22.571,22.624,22.562,22.587,8915,0
20150910,22.571,22.607,22.525,22.587,15719,0
20150911,22.597,22.678,22.571,22.678,9819,0
20150914,22.545,22.678,22.545,22.624,26518,0
20150915,22.616,22.633,22.545,22.554,13090,0
20150916,22.607,22.624,22.554,22.624,9027,0
20150917,22.668,22.688,22.571,22.616,20302,0
20150918,22.616,22.641,22.535,22.607,14444,0
20150921,22.562,22.688,22.562,22.678,12526,0
20150922,22.597,22.668,22.579,22.587,32050,0
20150923,22.597,22.65,22.587,22.65,14669,0
20150924,22.633,22.712,22.633,22.703,18378,0
20150925,22.695,22.73,22.641,22.73,14444,0
20150928,22.65,22.703,22.607,22.633,28535,0
20150929,22.739,22.739,22.657,22.72,18224,0
20150930,22.702,22.72,22.622,22.622,8780,0
20151001,22.676,22.765,22.594,22.604,23670,0
20151002,22.622,22.676,22.577,22.676,14336,0
20151005,22.686,22.846,22.686,22.812,20652,0
20151006,22.837,22.855,22.774,22.783,11558,0
20151007,22.884,22.884,22.792,22.812,18782,0
20151008,22.739,22.828,22.739,22.828,8556,0
20151009,22.865,23.081,22.774,22.812,32340,0
20151012,22.774,22.855,22.774,22.846,11522,0
20151013,22.802,22.837,22.72,22.72,21004,0
20151014,22.749,22.812,22.749,22.774,9335,0
20151015,22.749,22.855,22.749,22.828,15559,0
20151016,22.812,22.964,22.802,22.964,27672,0
20151019,22.954,22.954,22.918,22.918,5036,0
20151020,22.938,23.005,22.846,23.005,11818,0
20151021,22.964,23.044,22.954,23.044,15447,0
20151022,23.044,23.081,23.034,23.054,18559,0
20151023,23.081,23.081,22.9,22.918,13670,0
20151026,22.947,23.001,22.875,22.971,9892,0
20151027,22.938,22.981,22.846,22.884,19003,0
20151028,22.928,23.01,22.918,23.001,13002,0
20151029,22.9,22.981,22.9,22.971,14114,0
20151030,23.017,23.017,22.954,23.001,13225,0
20151102,23.034,23.081,23.001,23.081,20713,0
20151103,23.081,23.189,23.081,23.089,15114,0
20151104,23.064,23.107,22.981,23.107,21525,0
20151105,23.044,23.16,23.044,23.152,33120,0
20151106,23.073,23.081,22.908,23.081,12336,0
20151109,23.054,23.081,22.938,23.054,39176,0
20151110,22.947,23.127,22.947,23.127,15337,0
20151111,23.097,23.17,23.089,23.107,24228,0
20151112,23.107,23.107,23.001,23.027,12113,0
20151113,22.991,23.073,22.991,23.054,10668,0
20151116,23.01,23.017,22.947,22.971,9446,0
20151117,22.971,23.017,22.908,22.971,16337,0
20151118,22.908,23.044,22.908,23.017,16558,0
20151119,22.947,23.01,22.928,22.928,22116,0
20151120,22.938,23.017,22.938,22.991,19671,0
20151123,22.964,23.034,22.954,23.017,11890,0
20151124,22.947,23.017,22.928,23.017,18671,0
20151125,23.027,23.064,23.01,23.054,20449,0
20151127,22.991,23.17,22.991,23.17,23893,0
20151130,23.17,23.17,23.117,23.136,12224,0
20151201,23.16,23.349,23.16,23.341,17688,0
20151202,23.279,23.296,23.199,23.27,14811,0
20151203,23.199,23.27,23.16,23.262,15364,0
20151204,23.207,23.333,23.207,23.286,10447,0
20151207,23.252,23.262,23.215,23.262,9557,0
20151208,23.223,23.262,23.136,23.199,7116,0
20151209,23.215,23.215,23.127,23.152,5334,0
20151210,23.073,23.136,22.991,23.01,18559,0
20151211,22.991,23.001,22.9,22.938,13002,0
20151214,22.846,22.846,22.531,22.657,52781,0
20151215,22.837,22.837,22.604,22.82,51677,0
20151216,22.875,22.947,22.837,22.947,5668,0
20151217,22.971,23.017,22.947,22.954,10890,0
20151218,22.971,22.991,22.9,22.918,9003,0
20151221,22.865,22.947,22.865,22.891,47788,0
20151222,22.908,22.947,22.875,22.938,32022,0
20151223,22.938,23.017,22.9,22.938,25117,0
20151224,22.947,23.199,22.947,23.152,10826,0
20151228,23.064,23.207,23.044,23.207,23799,0
20151229,23.423,23.442,23.25,23.359,33628,0
20151230,23.423,23.423,23.295,23.305,8680,0
20151231,23.305,23.353,23.295,23.295,6401,0
20160104,22.975,23.285,22.975,23.213,23089,0
20160105,23.213,23.295,23.196,23.213,43898,0
20160106,22.931,23.324,22.931,23.324,15393,0
20160107,22.931,23.269,22.931,23.132,30901,0
20160108,23.157,23.177,23.077,23.123,20285,0
20160111,23.157,23.159,23.132,23.132,18655,0
20160112,23.157,23.241,23.141,23.167,26238,0
20160113,23.25,23.25,23.113,23.132,29607,0
20160114,23.113,23.413,23.113,23.132,36091,0
20160115,23.113,23.121,22.601,23.077,34102,0
20160119,23.085,23.213,22.995,23.049,22440,0
20160120,23.049,23.049,22.838,22.965,43566,0
20160121,22.975,23.049,22.911,22.975,33887,0
20160122,23.029,23.059,22.965,22.985,54814,0
20160125,23.005,23.013,22.941,22.957,29188,0
20160126,22.995,23.029,22.957,22.975,29041,0
20160127,23.005,23.059,22.985,23.059,19661,0
20160128,23.068,23.217,23.059,23.205,45247,0
20160129,23.132,23.304,23.132,23.26,16145,0
20160201,23.132,23.432,23.132,23.397,16724,0
20160202,23.397,23.397,23.196,23.349,29064,0
20160203,23.432,23.432,23.167,23.241,34418,0
20160204,23.26,23.305,22.975,22.975,75312,0
20160205,23.049,23.049,22.701,22.783,123121,0
20160208,22.51,22.621,20.345,22.117,82449,0
20160209,21.743,22.098,21.296,21.689,81640,0
20160210,21.989,22.319,21.915,22.063,52762,0
20160211,21.596,21.962,20.71,21.049,83651,0
20160212,21.222,21.642,21.084,21.514,80110,0
20160216,21.861,22.527,21.825,22.473,56413,0
20160217,22.611,22.829,22.611,22.783,42440,0
20160218,22.783,22.941,22.765,22.847,72279,0
20160219,22.821,23.132,22.621,23.132,58124,0
20160222,23.113,23.157,22.893,22.893,57239,0
20160223,22.793,22.975,22.675,22.838,23635,0
20160224,22.629,22.995,22.621,22.995,17815,0
20160225,22.965,23.149,22.921,23.103,21644,0
20160226,23.029,23.187,23.011,23.013,35705,0
20160229,23.013,23.231,22.941,23.177,21928,0
20160301,23.113,23.37,23.103,23.269,48811,0
20160302,23.141,23.241,23.113,23.167,25853,0
20160303,23.205,23.205,23.149,23.187,26625,0
20160304,23.103,23.123,23.039,23.085,54128,0
20160307,23.085,23.103,22.885,23.103,37678,0
20160308,23.068,23.157,23.039,23.141,16723,0
20160309,23.149,23.196,23.113,23.196,16953,0
20160310,23.177,23.241,23.177,23.213,15019,0
20160311,23.221,23.278,23.149,23.278,49911,0
20160314,23.278,23.324,23.239,23.324,15338,0
20160315,23.269,23.278,23.157,23.231,34512,0
20160316,23.187,23.295,23.187,23.25,24399,0
20160317,23.285,23.293,23.196,23.213,19979,0
20160318,23.221,23.295,23.221,23.26,27619,0
20160321,23.324,23.324,23.265,23.269,14067,0
20160322,23.278,23.338,23.231,23.314,20191,0
20160323,23.305,23.359,23.305,23.359,10489,0
20160324,23.314,23.397,23.314,23.341,18507,0
20160328,23.341,23.469,23.341,23.432,21713,0
20160329,23.477,23.579,23.469,23.551,35838,0
20160330,23.596,23.642,23.568,23.618,22869,0
20160331,23.698,23.698,23.577,23.596,20079,0
20160401,23.596,23.596,23.363,23.383,23906,0
20160404,23.392,23.392,23.178,23.253,15886,0
20160405,23.233,23.409,23.168,23.298,27715,0
20160406,23.363,23.383,23.253,23.327,33421,0
20160407,23.198,23.298,23.113,23.262,46284,0
20160408,23.363,23.513,23.253,23.418,33503,0
20160411,23.531,23.587,23.467,23.531,31802,0
20160412,23.791,23.791,23.604,23.661,43717,0
20160413,23.568,23.661,23.568,23.652,28513,0
20160414,23.661,23.688,23.592,23.661,23743,0
20160415,23.717,23.726,23.577,23.596,89597,0
20160418,23.663,23.688,23.558,23.613,16192,0
20160419,23.707,23.707,23.633,23.669,19677,0
20160420,23.734,23.832,23.623,23.818,24423,0
20160421,23.743,23.818,23.734,23.772,18820,0
20160422,23.743,23.818,23.726,23.782,29366,0
20160425,23.707,23.799,23.661,23.688,15466,0
20160426,23.707,23.791,23.678,23.687,11150,0
20160427,23.698,23.873,23.652,23.763,21722,0
20160428,23.791,23.902,23.782,23.883,20789,0
20160429,23.837,23.938,23.753,23.911,28381,0
20160502,23.929,23.967,23.856,23.92,21600,0
20160503,23.929,23.938,23.846,23.869,14048,0
20160504,23.846,23.851,23.753,23.753,17188,0
20160505,23.753,23.856,23.717,23.717,26990,0
20160506,23.717,23.929,23.717,23.837,18432,0
20160509,23.846,23.906,23.837,23.846,13909,0
20160510,23.873,23.911,23.772,23.846,20323,0
20160511,23.879,23.985,23.846,23.902,11240,0
20160512,23.881,24.05,23.873,23.929,20551,0
20160513,23.902,23.993,23.856,23.967,22535,0
20160516,23.969,24.032,23.911,23.929,19444,0
20160517,23.911,24.032,23.911,24.003,13145,0
20160518,24.032,24.087,23.948,24.013,33827,0
20160519,23.837,24.003,23.791,24.003,11094,0
20160520,23.948,24.042,23.948,23.998,7674,0
20160523,23.957,24.115,23.957,24.106,26473,0
20160524,24.106,24.226,24.087,24.198,28783,0
20160525,24.226,24.226,24.05,24.198,18190,0
20160526,24.133,24.207,24.032,24.136,15031,0
20160527,24.059,24.147,23.994,24.096,18711,0
20160531,24.032,24.198,24.022,24.18,26249,0
20160601,24.236,24.264,24.087,24.264,13358,0
20160602,24.171,24.194,24.05,24.059,15710,0
20160603,24.059,24.264,24.05,24.264,33345,0
20160606,24.207,24.245,24.05,24.119,18864,0
20160607,24.041,24.133,23.976,24.059,22912,0
20160608,24.068,24.152,24.006,24.106,29210,0
20160609,24.003,24.077,23.976,24.05,16616,0
20160610,23.976,24.18,23.976,24.152,22455,0
20160613,24.124,24.226,24.081,24.161,17595,0
20160614,24.142,24.142,23.883,24.05,24548,0
20160615,24.133,24.337,24.133,24.319,23888,0
20160616,24.264,24.282,24.171,24.171,22510,0
20160617,24.18,24.402,24.18,24.402,23846,0
20160620,24.365,24.597,24.32,24.597,21189,0
20160621,24.467,24.56,24.467,24.56,22084,0
20160622,24.467,24.551,24.347,24.449,25897,0
20160623,24.458,24.532,24.429,24.514,38774,0
20160624,23.892,24.375,23.706,24.198,40531,0
20160627,23.799,24.01,23.531,23.717,86618,0
20160628,24.087,24.421,23.864,24.329,45903,0
20160629,24.618,24.618,24.118,24.128,80035,0
20160630,24.279,24.326,24.194,24.298,37453,0
20160701,24.345,24.392,24.052,24.157,34277,0
20160705,24.157,24.241,24.006,24.157,26473,0
20160706,24.044,24.203,23.969,24.194,19939,0
20160707,24.118,24.42,24.118,24.269,31987,0
20160708,24.382,24.401,24.307,24.392,17148,0
20160711,24.392,24.41,24.345,24.382,12371,0
20160712,24.561,24.561,24.41,24.41,14925,0
20160713,24.467,24.486,24.316,24.429,26393,0
20160714,24.476,24.476,24.26,24.307,35110,0
20160715,24.25,24.467,24.25,24.269,112798,0
20160718,24.326,24.467,24.298,24.467,20738,0
20160719,24.467,24.533,24.392,24.429,18313,0
20160720,24.326,24.388,24.298,24.307,27144,0
20160721,24.298,24.345,24.184,24.241,40459,0
20160722,24.184,24.241,24.176,24.194,23923,0
20160725,24.307,24.391,24.203,24.373,34865,0
20160726,24.373,24.373,24.241,24.364,36302,0
20160727,24.269,24.269,24.194,24.213,46138,0
20160728,24.213,24.241,24.213,24.213,19970,0
20160729,24.213,24.368,24.184,24.335,47265,0
20160801,24.354,24.392,24.288,24.354,17292,0
20160802,24.364,24.364,24.213,24.326,29198,0
20160803,24.307,24.307,24.232,24.298,13795,0
20160804,24.307,24.373,24.279,24.298,19611,0
20160805,24.298,24.401,24.298,24.364,32663,0
20160808,24.335,24.401,24.335,24.392,52303,0
20160809,24.298,24.429,24.298,24.35,35068,0
20160810,24.316,24.401,24.316,24.392,19275,0
20160811,24.369,24.401,24.335,24.356,16465,0
20160812,24.222,24.382,24.222,24.373,21352,0
20160815,24.354,24.354,24.25,24.288,18386,0
20160816,24.232,24.354,24.232,24.354,28914,0
20160817,24.364,24.429,24.241,24.429,33569,0
20160818,24.392,24.401,24.307,24.373,10482,0
20160819,24.345,24.373,24.25,24.26,13093,0
20160822,24.26,24.382,24.222,24.269,30362,0
20160823,24.26,24.26,24.232,24.241,22329,0
20160824,24.222,24.298,24.222,24.241,42569,0
20160825,24.26,24.291,24.194,24.26,56290,0
20160826,24.25,24.373,24.249,24.316,27039,0
20160829,24.279,24.307,24.241,24.288,27907,0
20160830,24.288,24.335,24.279,24.307,38551,0
20160831,24.335,24.368,24.26,24.26,48148,0
20160901,24.26,24.345,24.26,24.316,24513,0
20160902,24.326,24.439,24.316,24.439,16808,0
20160906,24.364,24.458,24.364,24.458,18778,0
20160907,24.429,24.439,24.401,24.41,22261,0
20160908,24.401,24.429,24.345,24.429,12802,0
20160909,24.369,24.369,24.203,24.26,20953,0
20160912,24.241,24.373,24.241,24.373,19911,0
20160913,24.232,24.326,24.222,24.307,33450,0
20160914,24.241,24.326,24.241,24.326,12391,0
20160915,24.25,24.393,24.25,24.392,8561,0
20160916,24.392,24.429,24.355,24.382,29858,0
20160919,24.429,24.476,24.298,24.373,13781,0
20160920,24.354,24.467,24.354,24.467,11338,0
20160921,24.505,24.627,24.401,24.514,50764,0
20160922,24.627,24.646,24.505,24.561,24692,0
20160923,24.524,24.607,24.401,24.448,35118,0
20160926,24.458,24.514,24.429,24.495,50874,0
20160927,24.458,24.683,24.458,24.683,22410,0
20160928,24.691,24.691,24.586,24.681,18057,0
20160929,24.643,24.714,24.318,24.442,45107,0
20160930,24.49,24.537,24.442,24.49,38269,0
20161003,24.5,24.547,24.5,24.537,34235,0
20161004,24.595,24.681,24.442,24.442,18629,0
20161005,24.48,24.604,24.395,24.423,27626,0
20161006,24.404,24.509,24.404,24.433,18388,0
20161007,24.404,24.48,24.404,24.404,12687,0
20161010,24.433,24.461,24.404,24.461,22570,0
20161011,24.461,24.461,24.395,24.452,23519,0
20161012,24.442,24.442,24.289,24.289,33690,0
20161013,24.289,24.357,24.184,24.331,7550,0
20161014,24.395,24.403,24.337,24.347,13766,0
20161017,24.366,24.366,24.251,24.299,10483,0
20161018,24.328,24.738,24.328,24.604,26922,0
20161019,24.604,24.624,24.452,24.461,18801,0
20161020,24.461,24.528,24.433,24.519,11405,0
20161021,24.404,24.661,24.404,24.661,49127,0
20161024,24.509,24.591,24.5,24.567,16806,0
20161025,24.5,24.939,24.5,24.929,30070,0
20161026,24.767,24.767,24.606,24.748,33032,0
20161027,24.72,24.72,24.576,24.653,7857,0
20161028,24.604,24.634,24.557,24.557,8022,0
20161031,24.586,24.595,24.471,24.528,25416,0
20161101,24.528,24.595,24.518,24.583,12994,0
20161102,24.557,24.557,24.433,24.461,16891,0
20161103,24.461,24.48,24.299,24.309,25080,0
20161104,24.413,24.423,24.227,24.366,13416,0
20161107,24.461,24.461,24.251,24.251,9031,0
20161108,24.251,24.337,24.136,24.146,31356,0
20161109,24.079,24.194,24.079,24.079,23445,0
20161110,24.079,24.089,23.841,23.984,46466,0
20161111,24.079,24.079,23.811,23.993,33359,0
20161114,23.888,23.888,23.697,23.8,57823,0
20161115,23.888,24.069,23.831,24.032,36108,0
20161116,24.032,24.108,23.955,24.002,59789,0
20161117,23.955,24.098,23.955,24.012,28789,0
20161118,24.117,24.146,23.955,23.974,58974,0
20161121,24.002,24.098,24.002,24.032,29144,0
20161122,24.203,24.203,24.004,24.041,29630,0
20161123,24.041,24.079,23.958,24.079,25430,0
20161125,24.002,24.079,23.993,24.012,12195,0
20161128,24.032,24.051,24.012,24.022,16561,0
20161129,23.993,24.092,23.945,24.032,24474,0
20161130,23.945,24.032,23.935,23.955,54626,0
20161201,23.955,23.965,23.792,23.859,44159,0
20161202,23.831,23.935,23.831,23.935,21061,0
20161205,23.907,24.022,23.898,24.018,17267,0
20161206,23.984,24.156,23.984,24.127,77479,0
20161207,24.289,24.299,24.203,24.289,59782,0
20161208,24.251,24.28,24.222,24.258,43712,0
20161209,24.184,24.28,24.184,24.261,88757,0
20161212,24.136,24.261,24.136,24.242,32320,0
20161213,24.146,24.27,24.136,24.251,26410,0
20161214,24.136,24.309,24.136,24.232,32533,0
20161215,24.165,24.347,24.127,24.232,28868,0
20161216,24.242,24.27,24.156,24.184,16087,0
20161219,24.156,24.213,24.146,24.193,23930,0
20161220,24.222,24.289,24.194,24.261,22169,0
20161221,24.232,24.385,24.213,24.309,22272,0
20161222,24.356,24.433,24.281,24.413,32387,0
20161223,24.537,24.537,24.347,24.376,11938,0
20161227,24.337,24.376,24.203,24.347,45699,0
20161228,24.451,24.451,24.257,24.286,34309,0
20161229,24.276,24.393,24.276,24.325,30535,0
20161230,24.325,24.334,24.266,24.296,20142,0
20170103,24.344,24.402,23.209,24.334,14768,0
20170104,24.364,24.596,24.364,24.548,79240,0
20170105,24.548,24.548,24.334,24.383,22128,0
20170106,24.383,24.519,24.383,24.451,32270,0
20170109,24.49,24.626,24.48,24.5,25348,0
20170110,24.48,24.548,24.344,24.537,34838,0
20170111,24.528,24.645,24.49,24.577,18829,0
20170112,24.664,24.664,24.548,24.596,30881,0
20170113,24.664,24.694,24.626,24.694,32322,0
20170117,24.703,24.723,24.555,24.596,22080,0
20170118,24.596,24.673,24.526,24.538,11399,0
20170119,24.548,24.562,24.451,24.451,47708,0
20170120,24.451,24.596,24.374,24.577,23265,0
20170123,24.451,24.645,24.451,24.558,23285,0
20170124,24.509,24.591,24.509,24.548,7089,0
20170125,24.451,24.587,24.451,24.568,25327,0
20170126,24.509,24.577,24.509,24.577,21856,0
20170127,24.577,24.713,24.538,24.548,29452,0
20170130,24.606,24.644,24.49,24.568,16482,0
20170131,24.538,24.577,24.501,24.538,29235,0
20170201,24.587,24.596,24.548,24.587,9125,0
20170202,24.694,24.694,22.948,24.626,24280,0
20170203,24.604,24.676,24.548,24.558,116137,0
20170206,24.596,24.646,24.596,24.616,9740,0
20170207,24.626,24.645,24.364,24.645,20987,0
20170208,24.636,24.703,24.63,24.664,15190,0
20170209,24.568,24.626,24.558,24.596,29012,0
20170210,24.587,24.616,24.587,24.616,17085,0
20170213,24.636,24.694,24.626,24.684,31943,0
20170214,24.664,24.713,24.626,24.703,41460,0
20170215,24.713,24.721,24.655,24.664,40881,0
20170216,24.674,24.8,24.664,24.732,94085,0
20170217,24.81,24.81,24.703,24.732,22362,0
20170221,24.858,24.858,24.723,24.762,18144,0
20170222,24.868,24.868,24.742,24.839,56932,0
20170223,24.839,24.858,24.752,24.8,22718,0
20170224,24.849,24.897,24.825,24.897,73981,0
20170227,24.888,24.975,24.888,24.946,16419,0
20170228,24.941,24.975,24.941,24.956,8347,0
20170301,24.771,25.004,24.771,25.004,38570,0
20170302,24.972,24.999,24.898,24.946,50976,0
20170303,24.888,25.052,24.863,24.926,10456,0
20170306,24.936,24.989,24.888,24.987,7893,0
20170307,24.975,24.994,24.888,24.952,13549,0
20170308,24.936,24.965,24.83,24.965,61063,0
20170309,24.781,24.965,24.781,24.888,74330,0
20170310,24.946,24.985,24.888,24.946,22179,0
20170313,24.936,25.392,24.936,24.975,74459,0
20170314,24.965,25.004,24.965,25.004,18506,0
20170315,24.985,25.14,24.985,25.062,34535,0
20170316,25.052,25.163,25.052,25.13,50777,0
20170317,25.179,25.266,25.15,25.179,33522,0
20170320,25.324,25.324,25.179,25.198,26905,0
20170321,25.344,25.344,25.179,25.21,31509,0
20170322,25.208,25.208,25.15,25.15,28048,0
20170323,25.15,25.227,25.091,25.091,15850,0
20170324,25.101,25.149,25.052,25.052,12001,0
20170327,25.13,25.13,25.052,25.072,22242,0
20170328,25.072,25.218,25.072,25.155,23487,0
20170329,25.157,25.236,25.137,25.167,30552,0
20170330,25.147,25.206,25.127,25.127,37883,0
20170331,25.147,25.167,25.117,25.117,15014,0
20170403,25.147,25.147,25.098,25.117,68938,0
20170404,25.137,25.167,25.108,25.117,39502,0
20170405,25.137,25.157,25.117,25.117,28622,0
20170406,25.108,25.16,25.098,25.147,30054,0
20170407,25.147,25.177,25.117,25.145,50356,0
20170410,25.157,25.167,25.117,25.147,20601,0
20170411,25.147,25.177,25.096,25.117,21525,0
20170412,25.127,25.147,25.108,25.137,8878,0
20170413,25.157,25.167,25.098,25.167,16209,0
20170417,25.186,25.226,25.167,25.201,13504,0
20170418,25.147,25.167,25.127,25.147,30330,0
20170419,25.117,25.196,25.114,25.127,316497,0
20170420,25.196,25.216,25.157,25.177,19928,0
20170421,25.246,25.246,25.156,25.186,20841,0
20170424,25.186,25.255,25.186,25.231,24873,0
20170425,25.186,25.255,25.186,25.216,15848,0
20170426,25.186,25.317,25.186,25.295,31154,0
20170427,25.312,25.314,25.265,25.285,16213,0
20170428,25.265,25.314,25.196,25.226,26621,0
20170501,25.238,25.334,25.238,25.324,12396,0
20170502,25.364,25.374,25.255,25.374,27169,0
20170503,25.413,25.462,25.364,25.443,26406,0
20170504,25.443,25.443,25.305,25.305,68579,0
20170505,25.344,25.344,25.305,25.324,6490,0
20170508,25.443,25.443,25.305,25.314,48884,0
20170509,25.265,25.374,25.265,25.334,19378,0
20170510,25.275,25.428,25.275,25.393,13379,0
20170511,25.374,25.462,25.369,25.452,22570,0
20170512,25.423,25.449,25.423,25.433,6285,0
20170515,25.571,25.571,25.433,25.445,30226,0
20170516,25.472,25.472,25.433,25.471,13801,0
20170517,25.49,25.61,25.462,25.531,29994,0
20170518,25.61,25.61,25.443,25.502,17232,0
20170519,25.452,25.557,25.443,25.443,6028,0
20170522,25.452,25.531,25.452,25.531,6511,0
20170523,25.433,25.561,25.433,25.521,29881,0
20170524,25.551,25.571,25.482,25.571,6400,0
20170525,25.59,25.59,25.511,25.58,6597,0
20170526,25.511,25.632,25.511,25.58,16343,0
20170530,25.551,25.61,25.531,25.59,10169,0
20170531,25.59,25.63,25.531,25.63,15078,0
20170601,25.59,25.59,25.531,25.59,21185,0
20170602,25.531,25.6,25.531,25.59,15551,0
20170605,25.531,25.58,25.511,25.511,15812,0
20170606,25.502,25.593,25.502,25.571,13958,0
20170607,25.541,25.541,25.492,25.531,26059,0
20170608,25.472,25.589,25.472,25.589,14595,0
20170609,25.738,25.738,25.462,25.462,13296,0
20170612,25.511,25.576,25.482,25.536,9111,0
20170613,25.541,25.6,25.492,25.541,8745,0
20170614,25.511,25.58,25.492,25.541,11942,0
20170615,25.6,25.61,25.561,25.58,14001,0
20170616,25.58,25.608,25.541,25.564,10611,0
20170619,25.708,25.708,25.551,25.61,7667,0
20170620,25.59,25.61,25.561,25.59,30116,0
20170621,25.6,25.62,25.58,25.59,13506,0
20170622,25.61,25.632,25.521,25.571,17112,0
20170623,25.59,25.605,25.571,25.571,39143,0
20170626,25.61,25.659,25.59,25.59,32357,0
20170627,25.571,25.723,25.571,25.61,37725,0
20170628,25.6628,25.76,25.62,25.75,20202,0
20170629,25.76,25.8,25.71,25.8,9960,0
20170630,25.81,25.82,25.75,25.76,13990,0
20170703,25.73,25.86,25.73,25.75,7717,0
20170705,25.76,25.808,25.7,25.74,16622,0
20170706,25.71,25.88,25.71,25.82,127925,0
20170707,25.82,25.85,25.75,25.82,34066,0
20170710,25.84,25.94,25.75,25.84,39260,0
20170711,25.8,25.85,25.8,25.85,8144,0
20170712,25.89,25.94,25.73,25.78,20855,0
20170713,25.781,25.93,25.781,25.88,34306,0
20170714,25.88,25.9707,25.88,25.94,11131,0
20170717,25.9,25.98,25.82,25.83,26938,0
20170718,25.9,25.93,25.82,25.9,41593,0
20170719,25.98,26,25.85,25.87,28542,0
20170720,26.01,26.03,25.91,26.01,38152,0
20170721,26.01,26.02,25.78,25.87,64720,0
20170724,25.85,26.009,25.85,25.99,25735,0
20170725,25.99,26.02,25.931,25.96,20934,0
20170726,25.98,26.154,25.9504,26.1,13952,0
20170727,26.11,26.11,25.99,26.0096,10811,0
20170728,26.08,26.1,25.984,26.0766,8910,0
20170731,26.01,26.1,26,26.05,15597,0
20170801,26.06,26.06,25.98,26.04,8926,0
