Date,Open,High,Low,Close,Volume,OpenInt
20100823,15.438,15.452,15.339,15.345,9775,0
20100824,15.269,15.269,14.968,15.009,12869,0
20100825,15.023,15.07,15.023,15.07,5161,0
20100826,15.177,15.269,15.169,15.269,3911,0
20100827,15.2,15.33,15.161,15.33,5871,0
20100830,15.345,15.538,15.192,15.192,16031,0
20100831,15.285,15.315,15.124,15.215,5702,0
20100901,15.169,15.277,15.139,15.192,4430,0
20100902,15.254,15.345,15.076,15.345,8085,0
20100903,15.345,15.469,15.208,15.285,9350,0
20100907,15.285,15.369,15.208,15.246,8862,0
20100908,15.292,15.315,15.155,15.246,5027,0
20100909,15.322,15.322,15.155,15.322,16324,0
20100910,15.254,15.46,15.254,15.407,10884,0
20100913,15.523,15.576,15.415,15.469,20628,0
20100914,15.415,15.638,15.385,15.538,20200,0
20100915,15.499,15.661,15.429,15.615,27761,0
20100916,15.567,15.683,15.567,15.622,5604,0
20100917,15.615,15.622,15.607,15.622,2738,0
20100920,15.729,15.729,15.615,15.622,3650,0
20100921,15.722,15.96,15.692,15.692,22547,0
20100922,15.791,16.035,15.752,15.752,3539,0
20100923,15.767,16.029,15.767,15.906,8603,0
20100924,15.921,16.336,15.921,16.312,17595,0
20100927,16.221,16.221,16.19,16.198,1303,0
20100928,16.266,16.266,16.266,16.266,130,0
20100929,16.159,16.42,16.159,16.213,29454,0
20100930,16.205,16.689,16.137,16.266,9644,0
20101001,16.481,16.481,16.113,16.12,13684,0
20101004,16.052,16.305,15.998,16.305,14010,0
20101005,16.52,16.643,16.396,16.643,2086,0
20101006,16.605,16.665,16.457,16.612,23589,0
20101007,16.573,16.612,16.497,16.497,3911,0
20101008,16.643,16.643,16.497,16.497,15318,0
20101011,16.527,16.62,16.527,16.62,4014,0
20101012,16.665,16.665,16.542,16.542,2069,0
20101013,16.658,16.665,16.658,16.665,5474,0
20101014,16.643,16.643,15.938,15.938,25028,0
20101015,16.198,16.39,16.106,16.151,2738,0
20101018,16.166,16.198,16.013,16.013,10553,0
20101019,16.198,16.451,16.19,16.228,11468,0
20101020,16.258,16.266,16.258,16.266,391,0
20101021,16.396,16.396,16.396,16.396,130,0
20101022,16.396,16.489,16.396,16.489,3185,0
20101025,16.497,16.612,16.451,16.573,9905,0
20101027,16.643,16.643,16.457,16.457,783,0
20101028,16.52,16.52,16.52,16.52,391,0
20101029,16.489,16.65,16.413,16.627,4821,0
20101101,16.627,16.735,16.627,16.735,1336,0
20101102,16.711,17.065,16.711,17.065,1582,0
20101103,17.025,17.043,16.803,17.034,1596,0
20101104,17.034,17.034,16.958,17.019,4626,0
20101105,17.109,17.109,17.109,17.109,1303,0
20101108,17.324,17.324,16.965,17.034,5734,0
20101109,16.965,17.034,16.881,17.034,7820,0
20101110,16.958,16.958,16.881,16.881,3290,0
20101112,16.696,16.711,16.497,16.711,1253,0
20101115,16.65,16.819,16.65,16.819,1435,0
20101116,16.573,16.819,16.573,16.819,1694,0
20101117,16.735,16.994,16.735,16.834,4978,0
20101118,16.803,16.803,16.803,16.803,2293,0
20101122,16.888,16.888,16.888,16.888,1492,0
20101123,16.949,17.109,16.765,16.765,4137,0
20101124,16.994,17.103,16.874,17.103,1173,0
20101129,16.935,17.056,16.881,16.881,2216,0
20101201,16.881,16.881,16.696,16.743,2411,0
20101202,16.719,16.726,16.719,16.726,653,0
20101203,16.765,17.186,16.765,16.888,1043,0
20101206,16.773,16.773,16.773,16.773,304,0
20101207,16.726,16.803,16.726,16.803,261,0
20101208,16.711,16.711,16.62,16.62,521,0
20101209,16.505,16.505,16.505,16.505,261,0
20101210,16.558,16.573,16.558,16.573,1564,0
20101213,16.573,16.573,16.198,16.198,7690,0
20101214,16.312,16.404,16.312,16.343,1633,0
20101215,16.42,16.42,16.42,16.42,130,0
20101220,16.42,16.42,16.305,16.305,2999,0
20101221,16.527,16.536,16.527,16.536,2607,0
20101222,16.565,16.565,16.565,16.565,1303,0
20101223,16.497,16.542,16.382,16.382,1564,0
20101227,16.558,16.627,16.558,16.573,6816,0
20101228,16.85,16.85,16.85,16.85,130,0
20101229,16.612,16.62,16.573,16.573,1011,0
20101231,16.726,16.75,16.726,16.75,783,0
20110103,16.98,17.073,16.98,17.073,717,0
20110104,16.958,16.958,16.605,16.803,19029,0
20110105,16.927,16.927,16.842,16.888,1656,0
20110106,16.864,16.958,16.856,16.958,846,0
20110107,17.065,17.065,17.065,17.065,130,0
20110110,17.073,17.073,17.073,17.073,4755,0
20110111,17.034,17.073,16.949,16.949,1043,0
20110112,17.073,17.073,17.073,17.073,521,0
20110113,17.002,17.002,16.941,16.941,2999,0
20110114,16.958,16.958,16.958,16.958,1694,0
20110118,16.958,16.958,16.918,16.918,1291,0
20110119,16.994,16.994,16.881,16.881,1891,0
20110120,16.842,16.842,16.842,16.842,2204,0
20110121,16.803,16.811,16.803,16.803,5995,0
20110124,16.758,16.941,16.758,16.941,2541,0
20110125,16.85,16.85,16.803,16.803,2476,0
20110126,16.765,16.78,16.726,16.726,1951,0
20110127,16.881,16.911,16.881,16.881,2999,0
20110128,16.881,17.034,16.881,16.958,1923,0
20110131,17.025,17.186,17.025,17.186,1564,0
20110203,17.186,17.186,17.186,17.186,1017,0
20110204,17.118,17.118,17.109,17.109,261,0
20110207,17.15,17.15,17.109,17.109,5734,0
20110208,16.881,17.087,16.881,16.994,867,0
20110209,17.234,17.256,16.911,16.965,4562,0
20110210,16.65,16.65,16.52,16.52,4286,0
20110211,16.497,16.643,16.497,16.643,521,0
20110214,16.65,16.65,16.643,16.643,912,0
20110215,16.643,16.643,16.511,16.536,2738,0
20110216,16.542,16.542,16.542,16.542,653,0
20110222,16.505,16.505,16.505,16.505,1303,0
20110223,16.565,16.565,16.565,16.565,391,0
20110225,16.612,16.827,16.612,16.827,8172,0
20110228,16.689,16.689,16.689,16.689,261,0
20110302,16.595,16.595,16.474,16.497,1564,0
20110303,16.497,16.765,16.497,16.765,1938,0
20110304,16.765,16.765,16.765,16.765,261,0
20110308,16.558,16.581,16.558,16.565,3812,0
20110309,16.65,16.65,16.65,16.65,130,0
20110310,16.689,16.689,16.565,16.565,3146,0
20110311,16.612,16.62,16.612,16.62,1817,0
20110314,16.643,16.689,16.635,16.689,1303,0
20110315,16.62,16.689,16.573,16.573,1173,0
20110316,16.573,16.573,16.565,16.573,2346,0
20110318,16.573,16.573,16.573,16.573,282,0
20110322,16.75,16.758,16.75,16.758,1498,0
20110323,16.75,16.75,16.75,16.75,521,0
20110324,16.68,16.696,16.635,16.635,521,0
20110325,16.643,16.696,16.643,16.696,1955,0
20110328,16.735,16.803,16.627,16.803,2216,0
20110329,16.834,16.834,16.834,16.834,261,0
20110330,16.842,16.874,16.62,16.842,2076,0
20110331,16.773,16.949,16.765,16.935,1303,0
20110401,16.918,16.935,16.911,16.911,1303,0
20110404,16.958,16.958,16.958,16.958,130,0
20110405,16.927,16.927,16.888,16.888,653,0
20110406,16.834,16.888,16.827,16.827,783,0
20110407,16.819,16.935,16.811,16.935,653,0
20110411,16.765,16.803,16.75,16.773,1825,0
20110414,16.881,16.881,16.881,16.881,912,0
20110420,16.85,16.85,16.85,16.85,130,0
20110426,16.927,16.958,16.927,16.958,261,0
20110427,17.002,17.141,16.958,16.958,14858,0
20110429,17.034,17.211,16.888,16.958,2555,0
20110502,17.034,17.141,16.994,16.994,521,0
20110504,17.248,17.248,17.248,17.248,130,0
20110506,16.988,17.181,16.98,17.049,6517,0
20110511,16.888,17.012,16.888,17.012,391,0
20110512,16.935,16.935,16.918,16.918,261,0
20110513,17.034,17.034,17.034,17.034,386,0
20110516,17.034,17.034,17.034,17.034,912,0
20110517,17.019,17.034,17.019,17.034,1435,0
20110519,16.935,17.034,16.927,16.927,1694,0
20110520,17.025,17.034,17.025,17.034,1694,0
20110523,17.034,17.034,17.034,17.034,261,0
20110525,17.034,17.034,17.034,17.034,130,0
20110601,17.043,17.096,17.034,17.096,1564,0
20110602,17.034,17.034,17.034,17.034,130,0
20110603,17.025,17.025,17.025,17.025,261,0
20110606,16.958,16.958,16.773,16.935,1825,0
20110607,16.864,16.874,16.864,16.874,560,0
20110608,16.78,16.78,16.765,16.765,783,0
20110609,16.735,16.735,16.735,16.735,261,0
20110614,16.704,16.704,16.689,16.689,4170,0
20110615,16.704,16.704,16.704,16.704,195,0
20110620,16.689,16.689,16.689,16.689,4345,0
20110621,16.673,16.726,16.673,16.689,9514,0
20110622,16.589,16.704,16.404,16.704,2377,0
20110623,16.481,16.65,16.481,16.65,3578,0
20110624,16.711,17.449,16.711,17.118,54157,0
20110627,17.211,17.211,17.211,17.211,261,0
20110628,17.181,17.211,17.181,17.194,2094,0
20110629,17.265,17.27,17.265,17.27,391,0
20110630,17.265,17.502,17.265,17.408,4495,0
20110705,17.341,17.341,17.333,17.333,10564,0
20110706,17.548,17.556,17.548,17.556,293,0
20110707,17.319,17.524,17.319,17.524,1955,0
20110708,17.471,17.471,17.44,17.44,1694,0
20110711,17.565,17.565,17.524,17.565,2999,0
20110712,17.487,17.533,17.471,17.533,2898,0
20110713,17.632,17.679,17.632,17.679,10590,0
20110718,17.418,17.609,17.394,17.609,2145,0
20110719,17.609,17.609,17.609,17.609,6517,0
20110721,17.671,17.671,17.548,17.671,653,0
20110722,17.654,17.708,17.648,17.662,3994,0
20110726,17.51,17.671,17.51,17.671,592,0
20110727,17.51,17.51,17.502,17.502,775,0
20110728,17.44,17.44,17.103,17.103,16082,0
20110729,17.049,17.073,17.043,17.049,2705,0
20110801,16.965,17.103,16.965,17.103,846,0
20110802,17.302,17.302,17.302,17.302,148,0
20110803,17.078,17.103,17.049,17.049,5604,0
20110804,17.073,17.087,17.065,17.073,2282,0
20110805,17.078,17.078,16.842,17.065,16782,0
20110808,16.811,16.811,15.452,16.266,14052,0
20110809,16.151,16.758,15.853,16.39,3835,0
20110810,16.143,16.143,16.143,16.143,130,0
20110815,16.343,16.39,16.343,16.39,391,0
20110817,16.39,16.39,16.343,16.343,1825,0
20110818,16.12,16.413,16.089,16.113,10789,0
20110822,15.622,15.622,15.622,15.622,1253,0
20110824,15.844,15.853,15.706,15.729,963,0
20110826,15.945,16.404,15.945,16.404,1435,0
20110831,16.497,16.497,16.489,16.497,4301,0
20110901,16.312,16.312,16.305,16.305,1435,0
20110906,16.252,16.266,15.759,16.19,4692,0
20110907,16.435,16.758,16.435,16.595,783,0
20110908,16.842,16.881,16.396,16.396,3115,0
20110913,16.312,16.312,16.312,16.312,2738,0
20110919,16.558,16.558,16.542,16.558,1694,0
20110920,16.312,16.312,16.289,16.289,2607,0
20110921,16.12,16.281,16.12,16.281,261,0
20110922,16.143,16.143,16.035,16.035,1564,0
20110927,15.799,15.891,15.737,15.891,1694,0
20110928,16.067,16.075,16.067,16.075,1303,0
20111003,15.96,15.96,15.96,15.96,653,0
20111004,15.737,15.96,15.598,15.96,5734,0
20111006,15.361,15.867,15.361,15.714,1212,0
20111010,15.523,16.228,15.506,16.228,7820,0
20111012,16.228,16.228,16.089,16.089,2607,0
20111014,15.83,15.83,15.607,15.615,2216,0
20111017,15.615,15.638,15.615,15.615,391,0
20111019,15.891,15.897,15.891,15.897,783,0
20111024,16.305,16.305,15.998,15.998,783,0
20111025,15.929,16.067,15.897,16.067,2607,0
20111026,16.236,16.236,16.106,16.106,1043,0
20111027,15.991,16.083,15.938,16.083,1331,0
20111028,16.382,16.382,16.382,16.382,130,0
20111103,16.198,16.198,16.198,16.198,391,0
20111108,16.435,16.435,16.312,16.312,1825,0
20111109,16.366,16.366,16.129,16.129,1303,0
20111110,16.319,16.319,15.945,16.035,1435,0
20111111,16.19,16.19,15.806,15.83,2086,0
20111114,16.029,16.029,15.782,15.891,2738,0
20111115,16.005,16.035,15.799,15.822,8667,0
20111116,15.844,15.945,15.791,15.844,17595,0
20111117,16.035,16.035,15.853,15.906,1577,0
20111118,15.951,16.029,15.897,16.029,391,0
20111121,15.982,16.013,15.629,15.638,3792,0
20111123,15.629,15.806,15.545,15.806,2086,0
20111125,15.584,15.661,15.545,15.545,4953,0
20111128,15.576,15.676,15.576,15.661,521,0
20111129,15.514,15.644,15.46,15.514,5278,0
20111130,15.523,15.644,15.46,15.46,1043,0
20111201,15.429,15.46,15.353,15.353,2658,0
20111202,15.407,15.83,15.361,15.83,1435,0
20111206,15.661,15.86,15.353,15.806,5147,0
20111207,15.714,15.767,15.523,15.652,1800,0
20111208,15.676,15.676,15.477,15.652,783,0
20111209,15.591,15.652,15.491,15.652,783,0
20111212,15.438,15.615,15.345,15.615,2064,0
20111213,15.424,15.591,15.424,15.553,391,0
20111214,15.644,15.676,15.514,15.598,1175,0
20111215,15.446,15.545,15.446,15.545,261,0
20111216,15.506,15.676,15.506,15.531,4033,0
20111219,15.706,15.706,15.561,15.652,7690,0
20111220,15.759,15.791,15.561,15.607,4553,0
20111222,15.722,15.722,15.714,15.714,261,0
20111223,15.759,15.776,15.644,15.759,2864,0
20111228,15.791,15.791,15.791,15.791,130,0
20111229,15.822,15.83,15.615,15.767,3393,0
20111230,15.853,15.86,15.767,15.767,391,0
20120103,15.875,15.875,15.652,15.676,2607,0
20120104,15.629,15.644,15.46,15.644,3650,0
20120105,15.638,16.013,15.638,16.013,1955,0
20120106,16.059,16.182,16.059,16.182,1182,0
20120109,16.12,16.12,16.035,16.035,1564,0
20120110,15.96,16.228,15.96,16.143,4170,0
20120111,16.166,16.612,16.166,16.551,4680,0
20120112,16.834,16.834,16.497,16.497,4686,0
20120113,16.689,16.689,16.366,16.481,2476,0
20120117,16.505,16.62,16.474,16.497,5344,0
20120118,16.612,16.65,16.573,16.581,1694,0
20120119,16.643,16.65,16.551,16.558,3737,0
20120120,16.65,16.65,16.65,16.65,391,0
20120123,16.65,16.65,16.413,16.413,587,0
20120124,16.62,16.62,16.62,16.62,130,0
20120125,16.489,16.643,16.244,16.643,5215,0
20120126,16.65,16.765,16.595,16.765,1932,0
20120127,16.803,16.803,16.497,16.497,6125,0
20120130,16.689,16.689,16.305,16.305,10165,0
20120131,16.52,16.551,16.266,16.266,2119,0
20120201,16.481,16.581,16.305,16.497,2346,0
20120202,16.551,16.726,16.551,16.595,17058,0
20120203,16.743,16.75,16.573,16.735,3473,0
20120206,16.75,16.864,16.726,16.856,2266,0
20120207,16.803,16.85,16.673,16.85,4553,0
20120208,16.743,16.827,16.527,16.827,5403,0
20120209,16.565,16.789,16.497,16.511,16970,0
20120210,16.044,16.044,15.822,15.822,653,0
20120213,16.083,16.083,15.867,16.035,912,0
20120215,16.067,16.281,15.897,16.281,2346,0
20120216,16.281,16.39,16.19,16.39,1173,0
20120217,16.12,16.359,16.12,16.359,717,0
20120221,16.12,16.198,15.116,16.013,7342,0
20120222,16.013,16.244,15.975,16.221,5201,0
20120223,16.258,16.329,16.258,16.329,261,0
20120224,16.067,16.258,16.067,16.198,1043,0
20120227,15.867,16.228,15.867,16.228,1173,0
20120228,16.228,16.489,16.205,16.489,10232,0
20120229,16.689,16.689,16.173,16.396,4821,0
20120301,16.627,16.627,16.627,16.627,130,0
20120302,16.635,16.635,16.635,16.635,130,0
20120305,16.62,16.627,16.62,16.627,521,0
20120307,16.244,16.467,16.182,16.382,4040,0
20120308,16.373,16.373,16.305,16.343,653,0
20120309,16.312,16.312,16.312,16.312,130,0
20120312,16.396,16.396,16.396,16.396,130,0
20120313,16.542,16.542,16.366,16.373,653,0
20120314,16.359,16.481,16.359,16.481,6565,0
20120315,16.643,16.643,16.481,16.573,783,0
20120316,16.605,16.605,16.605,16.605,130,0
20120319,16.536,16.765,16.536,16.765,391,0
20120320,16.542,16.765,16.536,16.765,521,0
20120321,16.758,16.765,16.595,16.765,1173,0
20120322,16.711,16.765,16.711,16.765,522,0
20120327,16.635,16.673,16.551,16.612,783,0
20120328,16.65,16.658,16.511,16.658,2717,0
20120329,16.627,16.689,16.511,16.689,653,0
20120330,16.689,16.689,16.689,16.689,130,0
20120403,16.481,16.689,16.481,16.689,1435,0
20120404,16.665,16.665,16.665,16.665,195,0
20120409,16.658,16.665,16.65,16.65,3258,0
20120410,16.511,16.643,16.497,16.643,1435,0
20120411,16.589,16.842,16.589,16.803,9495,0
20120412,16.704,16.874,16.704,16.874,712,0
20120413,16.918,16.918,16.918,16.918,130,0
20120416,16.75,16.935,16.743,16.935,783,0
20120417,16.78,16.935,16.78,16.935,581,0
20120419,16.765,16.864,16.765,16.864,391,0
20120420,16.918,16.918,16.918,16.918,130,0
20120423,16.918,16.918,16.918,16.918,130,0
20120424,16.658,16.941,16.65,16.941,1043,0
20120427,16.589,16.842,16.581,16.842,521,0
20120430,16.927,16.927,16.927,16.927,195,0
20120501,16.918,16.949,16.689,16.949,8406,0
20120502,16.971,16.971,16.971,16.971,130,0
20120503,16.971,16.971,16.971,16.971,195,0
20120504,16.941,16.941,16.941,16.941,261,0
20120507,16.665,16.935,16.665,16.935,326,0
20120508,16.958,16.958,16.958,16.958,130,0
20120509,16.881,16.941,16.881,16.941,1435,0
20120511,16.98,16.98,16.881,16.958,1253,0
20120514,16.658,16.796,16.511,16.796,1435,0
20120515,16.351,16.918,16.351,16.918,521,0
20120517,16.864,16.881,16.864,16.864,1303,0
20120518,16.881,16.881,16.551,16.78,3587,0
20120521,16.896,16.896,16.627,16.85,653,0
20120525,16.62,16.864,16.62,16.864,261,0
20120529,16.881,16.896,16.864,16.881,2149,0
20120530,16.68,16.856,16.68,16.856,3258,0
20120601,16.803,16.803,16.789,16.789,1891,0
20120604,16.881,16.881,16.65,16.874,4562,0
20120605,16.842,16.856,16.834,16.834,521,0
20120606,16.803,16.803,16.789,16.789,2086,0
20120607,16.819,16.834,16.796,16.819,1762,0
20120608,16.773,16.803,16.711,16.803,1173,0
20120612,16.803,16.827,16.643,16.803,4676,0
20120613,16.765,16.834,16.658,16.834,3779,0
20120614,16.819,16.85,16.735,16.85,1564,0
20120615,16.827,16.941,16.78,16.927,10943,0
20120618,16.881,16.881,16.811,16.881,1965,0
20120619,16.75,16.949,16.75,16.918,2741,0
20120620,16.927,16.949,16.927,16.949,2938,0
20120621,16.881,16.904,16.489,16.773,8818,0
20120622,16.803,16.803,16.68,16.765,2562,0
20120625,16.581,16.864,16.581,16.711,13573,0
20120626,16.827,16.994,16.827,16.881,20054,0
20120627,16.827,16.958,16.827,16.941,783,0
20120628,16.958,17.181,16.958,17.109,15457,0
20120629,17.109,17.256,17.109,17.217,5344,0
20120702,17.248,17.248,17.225,17.234,1043,0
20120703,17.096,17.096,16.842,16.935,27932,0
20120705,17.034,17.073,16.918,16.958,6907,0
20120706,16.896,16.918,16.827,16.896,64342,0
20120709,16.918,17.025,16.896,17.025,3258,0
20120710,17.056,17.186,17.034,17.073,2204,0
20120711,17.012,17.256,16.965,17.248,784,0
20120712,17.186,17.186,17.186,17.186,361,0
20120716,17.043,17.288,17.043,17.288,653,0
20120717,17.324,17.624,17.31,17.624,1173,0
20120718,17.493,17.624,17.186,17.265,29922,0
20120719,17.487,17.51,17.279,17.51,9305,0
20120720,17.516,17.516,17.349,17.349,3650,0
20120723,17.54,17.54,17.27,17.394,1172,0
20120724,17.418,17.418,17.418,17.418,521,0
20120725,17.426,17.426,17.418,17.418,261,0
20120726,17.955,17.955,17.295,17.295,20674,0
20120727,17.524,17.632,17.295,17.493,4432,0
20120730,17.471,17.871,17.471,17.855,14904,0
20120731,17.739,18.705,17.708,18.223,32642,0
20120801,18.392,18.729,18.392,18.607,62128,0
20120802,18.669,18.745,18.377,18.377,2216,0
20120803,18.491,18.669,18.323,18.506,5757,0
20120806,18.777,18.799,18.669,18.799,8276,0
20120807,18.777,18.777,18.723,18.729,5750,0
20120808,18.759,18.777,18.736,18.759,4875,0
20120809,18.777,18.777,18.723,18.736,4541,0
20120810,18.185,18.192,18.031,18.154,3034,0
20120813,18.101,18.101,18.031,18.031,2439,0
20120814,18.031,18.031,17.801,17.801,3219,0
20120815,17.809,17.809,17.679,17.725,7299,0
20120816,17.686,17.686,17.632,17.648,5734,0
20120817,18.101,18.101,17.762,17.855,521,0
20120820,17.878,17.878,17.694,17.694,1303,0
20120821,17.725,17.725,17.725,17.725,653,0
20120822,17.762,17.762,17.671,17.686,2640,0
20120823,17.679,17.755,17.679,17.755,912,0
20120824,17.739,17.739,17.725,17.733,2801,0
20120827,17.725,17.762,17.654,17.654,2607,0
20120828,17.64,17.762,17.64,17.762,1564,0
20120829,17.762,17.809,17.609,17.64,9107,0
20120831,17.662,17.662,17.624,17.624,2266,0
20120904,17.457,17.624,17.457,17.587,8383,0
20120905,17.601,17.662,17.487,17.487,1303,0
20120906,17.686,17.686,17.54,17.54,11860,0
20120907,17.64,17.801,17.601,17.609,5734,0
20120910,17.457,17.733,17.457,17.702,4132,0
20120911,17.648,17.654,17.648,17.654,521,0
20120912,17.618,17.64,17.556,17.632,8607,0
20120913,17.64,17.64,17.556,17.64,2346,0
20120914,17.502,17.54,17.457,17.457,23331,0
20120917,17.493,17.502,17.457,17.457,2607,0
20120919,17.565,17.565,17.565,17.565,130,0
20120920,17.548,17.548,17.54,17.54,521,0
20120925,17.624,17.624,17.418,17.418,2876,0
20120926,17.463,17.594,17.44,17.44,5147,0
20120927,17.548,17.548,17.533,17.533,521,0
20120928,17.533,17.533,17.533,17.533,130,0
20121001,17.463,17.463,17.457,17.457,391,0
20121002,17.516,17.601,17.418,17.493,3713,0
20121003,17.44,17.457,17.341,17.378,9255,0
20121008,17.403,17.463,17.386,17.463,783,0
20121009,17.408,17.408,17.408,17.408,261,0
20121010,17.594,17.594,17.394,17.449,6517,0
20121011,17.493,17.587,17.493,17.533,4562,0
20121012,17.493,17.587,17.457,17.479,6384,0
20121015,17.648,17.686,17.54,17.618,1800,0
20121016,17.686,17.762,17.632,17.747,5449,0
20121017,17.717,17.762,17.686,17.686,4613,0
20121018,17.755,17.801,17.755,17.762,4821,0
20121019,17.725,17.809,17.679,17.679,3025,0
20121022,17.801,17.84,17.648,17.648,15062,0
20121023,17.648,17.648,17.648,17.648,1303,0
20121024,17.648,17.648,17.502,17.502,8732,0
20121025,17.556,17.686,17.556,17.686,4223,0
20121026,17.648,17.686,17.609,17.609,13554,0
20121031,17.717,17.931,17.717,17.878,51131,0
20121101,17.893,18.078,17.893,18.078,521,0
20121102,18.207,18.261,18.207,18.261,1749,0
20121105,18.337,18.422,18.337,18.337,3467,0
20121106,18.377,18.452,18.323,18.323,1253,0
20121107,18.3,18.3,17.955,17.993,1933,0
20121108,18.146,18.146,18.054,18.054,783,0
20121109,17.955,18.054,17.931,17.939,1236,0
20121112,18.132,18.139,18.024,18.031,3519,0
20121113,17.924,18.031,17.755,17.863,8276,0
20121114,18.016,18.047,17.878,17.878,6514,0
20121115,18.062,18.062,18.062,18.062,130,0
20121116,18.069,18.069,17.886,17.916,1694,0
20121121,18.377,18.377,18.377,18.377,1303,0
20121123,18.047,18.047,18.047,18.047,130,0
20121126,18.062,18.108,18.062,18.108,4012,0
20121127,18.207,18.207,18.062,18.062,1303,0
20121130,18.054,18.2,18.054,18.2,1043,0
20121204,18.084,18.162,18.054,18.108,3499,0
20121205,18.132,18.132,18.084,18.092,2476,0
20121206,18.084,18.084,18.054,18.054,672,0
20121207,18.101,18.185,18.092,18.101,5632,0
20121210,18.337,18.337,18.337,18.337,1043,0
20121212,18.331,18.331,18.331,18.331,195,0
20121213,18.215,18.215,18.207,18.207,261,0
20121214,18.192,18.192,18.108,18.185,3571,0
20121218,18.185,18.185,18.185,18.185,391,0
20121219,18.185,18.185,18.176,18.176,912,0
20121220,18.176,18.185,18.123,18.123,1955,0
20121221,18.176,18.176,18.176,18.176,130,0
20121224,18.176,18.176,18.176,18.176,130,0
20121227,18.108,18.169,18.047,18.047,6125,0
20121228,18.185,18.239,18.185,18.239,2162,0
20121231,18.2,18.2,18.2,18.2,783,0
20130103,18.239,18.239,18.239,18.239,261,0
20130104,18.491,18.491,18.491,18.491,130,0
20130107,18.523,18.523,18.523,18.523,130,0
20130108,18.661,18.661,18.661,18.661,234,0
20130111,18.545,18.545,18.537,18.537,979,0
20130115,18.777,18.777,18.607,18.607,1193,0
20130116,18.799,18.799,18.799,18.799,130,0
20130117,18.777,18.807,18.777,18.807,391,0
20130124,18.807,18.914,18.723,18.875,3863,0
20130125,18.844,18.897,18.844,18.897,2149,0
20130128,18.777,18.875,18.652,18.875,3461,0
20130129,19.021,19.021,19.021,19.021,130,0
20130131,19.005,19.005,19.005,19.005,391,0
20130201,19.013,19.013,19.013,19.013,901,0
20130204,18.952,19.005,18.952,18.952,1118,0
20130205,19.013,19.013,19.013,19.013,6841,0
20130206,19.045,19.045,18.929,18.929,1236,0
20130207,18.982,19.136,18.799,18.883,15249,0
20130208,18.813,18.974,18.699,18.974,5749,0
20130211,19.028,19.045,19.028,19.045,2890,0
20130212,19.442,19.442,19.442,19.442,1136,0
20130213,19.419,19.419,19.419,19.419,631,0
20130214,19.419,19.419,19.109,19.109,1970,0
20130215,19.182,19.284,19.173,19.284,1514,0
20130219,19.3,19.3,19.182,19.182,641,0
20130220,19.158,19.182,19.158,19.182,622,0
20130221,19.109,19.109,19.023,19.03,5929,0
20130222,19.109,19.3,19.109,19.3,8725,0
20130225,19.237,19.237,19.038,19.182,5677,0
20130226,19.182,19.261,19.182,19.229,2524,0
20130304,19.229,19.325,19.182,19.325,4277,0
20130305,19.196,19.237,19.196,19.237,1893,0
20130307,19.196,19.293,19.182,19.22,1434,0
20130308,19.22,19.22,19.22,19.22,188,0
20130312,19.276,19.276,19.206,19.206,1386,0
20130313,19.22,19.22,19.22,19.22,882,0
20130315,19.261,19.395,19.261,19.395,2712,0
20130318,19.34,19.38,19.34,19.38,5298,0
20130319,19.348,19.348,19.331,19.34,631,0
20130321,19.229,19.229,19.22,19.22,1129,0
20130327,19.261,19.261,19.261,19.261,555,0
20130401,19.331,19.609,19.261,19.419,12791,0
20130402,19.34,19.34,19.34,19.34,379,0
20130404,19.269,19.269,19.206,19.206,2270,0
20130408,19.331,19.34,19.331,19.34,882,0
20130409,19.34,19.434,19.34,19.355,1640,0
20130410,19.34,19.395,19.34,19.34,882,0
20130411,19.372,19.489,19.307,19.419,3337,0
20130416,19.459,19.459,19.459,19.459,253,0
20130417,19.498,19.498,19.498,19.498,145,0
20130418,19.498,19.618,19.498,19.618,3340,0
20130419,19.618,19.618,19.618,19.618,1262,0
20130423,19.618,19.625,19.618,19.618,1546,0
20130425,19.618,19.697,19.618,19.697,2513,0
20130426,19.618,19.633,19.618,19.618,1514,0
20130429,19.618,19.625,19.618,19.625,882,0
20130430,19.618,19.618,19.618,19.618,125,0
20130501,19.618,19.816,19.618,19.816,3998,0
20130502,19.736,19.816,19.736,19.816,2018,0
20130503,19.785,19.823,19.785,19.785,504,0
20130506,19.785,19.895,19.785,19.816,1640,0
20130507,19.934,19.942,19.816,19.816,5423,0
20130508,19.823,19.823,19.816,19.816,694,0
20130509,20.03,20.03,19.934,19.942,1262,0
20130510,19.934,20.014,19.934,20.014,2466,0
20130513,19.958,19.958,19.879,19.909,4416,0
20130514,19.768,20.102,19.768,20.102,1640,0
20130515,20.014,20.021,20.014,20.014,1262,0
20130516,19.982,19.982,19.982,19.982,164,0
20130528,19.919,19.919,19.903,19.903,443,0
20130529,19.816,19.816,19.816,19.816,1259,0
20130531,20.006,20.014,20.006,20.006,1386,0
20130604,19.871,19.879,19.854,19.879,2145,0
20130607,19.974,19.974,19.895,19.895,504,0
20130610,19.816,19.816,19.791,19.816,3029,0
20130611,19.656,19.697,19.562,19.697,4154,0
20130612,19.618,19.618,19.618,19.618,593,0
20130613,19.325,19.428,19.214,19.419,2524,0
20130614,19.618,19.618,19.618,19.618,631,0
20130617,19.974,19.974,19.6,19.712,885,0
20130618,19.498,19.498,19.38,19.403,4706,0
20130620,19.15,19.261,19.15,19.261,1401,0
20130621,19.395,19.419,19.395,19.419,4214,0
20130624,19.34,19.34,19.103,19.103,3542,0
20130625,19.109,19.22,19.103,19.22,2586,0
20130628,19.798,19.808,19.798,19.798,1222,0
20130701,19.22,19.22,19.22,19.22,4416,0
20130702,19.317,19.317,19.062,19.126,2083,0
20130703,19.071,19.071,19.071,19.071,169,0
20130705,19.109,19.109,19.103,19.103,253,0
20130709,19.317,19.331,19.055,19.055,821,0
20130715,19.03,19.03,19.03,19.03,190,0
20130716,19.071,19.284,19.071,19.126,1385,0
20130717,19.331,19.331,19.3,19.325,1559,0
20130718,19.325,19.325,19.317,19.317,882,0
20130719,19.325,19.325,19.325,19.325,882,0
20130722,19.442,19.442,19.442,19.442,125,0
20130723,19.664,19.664,19.664,19.664,125,0
20130724,19.618,19.618,19.451,19.451,1262,0
20130725,19.434,19.442,19.434,19.442,253,0
20130729,19.562,19.562,19.403,19.419,3343,0
20130730,19.459,19.459,19.419,19.419,1640,0
20130802,19.442,19.442,19.38,19.38,568,0
20130809,19.633,19.633,19.633,19.633,125,0
20130812,19.325,19.652,19.25,19.259,8182,0
20130813,19.505,19.505,19.25,19.35,7450,0
20130814,19.25,19.25,19.25,19.25,121,0
20130815,19.3,19.325,19.038,19.162,3786,0
20130819,18.997,18.997,18.588,18.588,18808,0
20130820,18.588,18.834,18.588,18.834,5861,0
20130821,18.759,18.759,18.752,18.752,1343,0
20130822,18.638,18.638,18.588,18.588,2028,0
20130823,18.588,19.3,18.588,18.777,3786,0
20130826,18.628,18.628,18.628,18.628,904,0
20130827,18.915,18.915,18.849,18.849,366,0
20130830,18.628,18.891,18.628,18.891,1589,0
20130903,18.563,18.563,18.407,18.422,13887,0
20130904,18.422,18.588,18.417,18.588,23879,0
20130905,18.448,18.58,18.448,18.58,1766,0
20130906,18.57,18.588,18.57,18.588,2504,0
20130909,18.588,18.71,18.588,18.71,2686,0
20130910,18.71,18.734,18.702,18.727,3983,0
20130911,18.71,19.055,18.71,18.834,1422,0
20130912,18.791,18.791,18.588,18.695,3498,0
20130916,18.695,18.695,18.695,18.695,1710,0
20130917,18.71,18.834,18.604,18.743,11678,0
20130920,18.834,18.915,18.834,18.907,3418,0
20131001,18.874,18.874,18.849,18.849,3786,0
20131002,18.981,19.005,18.981,19.005,244,0
20131010,18.834,18.834,18.834,18.834,1222,0
20131014,18.809,18.809,18.784,18.784,635,0
20131015,18.743,18.743,18.71,18.71,1075,0
20131017,18.932,18.956,18.801,18.801,7938,0
20131018,19.129,19.129,19.129,19.129,244,0
20131021,19.062,19.079,19.062,19.079,1222,0
20131024,18.834,18.834,18.834,18.834,366,0
20131029,18.956,18.956,18.956,18.956,1222,0
20131101,18.874,18.94,18.727,18.727,1332,0
20131104,18.767,18.956,18.734,18.734,977,0
20131105,18.759,18.759,18.759,18.759,121,0
20131106,18.801,18.801,18.784,18.784,244,0
20131108,18.759,18.989,18.759,18.989,244,0
20131118,18.809,18.915,18.752,18.915,4127,0
20131119,18.752,18.752,18.752,18.752,502,0
20131120,18.727,18.752,18.505,18.604,3320,0
20131122,18.834,18.834,18.816,18.834,3232,0
20131125,18.676,18.676,18.67,18.67,366,0
20131126,18.973,18.981,18.505,18.546,12104,0
20131127,18.702,18.702,18.588,18.702,1100,0
20131129,18.719,18.719,18.67,18.67,488,0
20131202,18.67,18.752,18.67,18.67,610,0
20131204,18.727,18.727,18.719,18.727,3418,0
20131205,18.752,18.883,18.752,18.883,2442,0
20131206,18.849,18.849,18.613,18.834,7159,0
20131211,18.465,18.505,18.465,18.505,550,0
20131213,18.791,18.791,18.743,18.743,1820,0
20131216,18.791,18.791,18.513,18.513,2351,0
20131217,18.48,18.48,18.448,18.448,610,0
20131218,18.474,18.849,18.474,18.834,6401,0
20131220,18.448,18.448,18.448,18.448,1467,0
20131223,18.531,18.531,18.531,18.531,244,0
20131226,18.947,18.981,18.947,18.981,610,0
20131227,18.743,18.767,18.628,18.628,3664,0
20131231,18.94,18.981,18.94,18.981,2394,0
20140102,18.891,18.891,18.891,18.891,244,0
20140106,18.989,18.989,18.947,18.956,1467,0
20140109,18.973,19.038,18.973,18.981,7300,0
20140110,19.079,19.12,19.079,19.12,967,0
20140113,19.062,19.12,19.062,19.12,2747,0
20140114,19.12,19.12,19.12,19.12,610,0
20140115,19.244,19.292,19.202,19.202,2755,0
20140116,19.365,19.365,19.365,19.365,2442,0
20140117,19.162,19.162,19.162,19.162,366,0
20140121,19.365,19.381,19.365,19.381,761,0
20140122,19.325,19.325,19.244,19.244,1832,0
20140123,19.307,19.307,19.307,19.307,635,0
20140124,19.325,19.325,19.325,19.325,402,0
20140127,19.399,19.399,19.399,19.399,366,0
20140130,19.399,19.399,19.325,19.325,366,0
20140131,19.423,19.423,19.423,19.423,1222,0
20140204,19.244,19.448,19.244,19.439,977,0
20140206,19.407,19.407,19.407,19.407,317,0
20140207,19.226,19.226,19.226,19.226,610,0
20140210,19.407,19.407,19.244,19.244,904,0
20140211,19.244,19.39,19.244,19.39,1015,0
20140212,19.443,19.452,19.358,19.418,10479,0
20140213,19.571,19.571,19.571,19.571,590,0
20140214,19.773,19.773,19.773,19.773,130,0
20140219,19.732,19.909,19.732,19.909,2951,0
20140220,19.909,19.909,19.909,19.909,118,0
20140224,20.078,20.078,19.681,19.681,1003,0
20140225,19.597,19.663,19.597,19.663,679,0
20140303,19.663,19.825,19.663,19.825,590,0
20140304,19.74,19.909,19.732,19.909,5496,0
20140305,19.909,19.909,19.825,19.825,943,0
20140307,19.825,19.858,19.825,19.858,7790,0
20140310,19.825,19.825,19.74,19.798,3229,0
20140311,19.867,19.909,19.867,19.909,613,0
20140312,20.028,20.028,20.028,20.028,590,0
20140317,19.909,19.909,19.909,19.909,1084,0
20140319,19.961,20.247,19.961,20.247,3541,0
20140320,19.825,19.825,19.825,19.825,504,0
20140321,19.85,19.85,19.825,19.833,1135,0
20140327,20.011,20.011,20.011,20.011,471,0
20140328,20.011,20.121,20.011,20.121,1544,0
20140331,20.104,20.121,20.053,20.053,1421,0
20140401,20.037,20.037,20.037,20.037,472,0
20140402,19.961,19.961,19.961,19.961,590,0
20140403,20.037,20.037,20.037,20.037,884,0
20140404,20.028,20.121,20.028,20.037,1003,0
20140408,20.037,20.037,20.037,20.037,236,0
20140409,20.037,20.037,20.037,20.037,943,0
20140411,20.121,20.121,20.028,20.037,4286,0
20140414,20.282,20.282,20.282,20.282,355,0
20140415,20.274,20.274,20.274,20.274,609,0
20140416,20.545,20.545,20.13,20.13,355,0
20140421,20.706,20.749,20.706,20.749,1734,0
20140423,20.266,20.266,20.266,20.266,236,0
20140425,20.774,20.774,20.757,20.757,2607,0
20140428,20.689,20.808,20.486,20.808,2881,0
20140501,20.757,20.757,20.757,20.757,118,0
20140502,20.969,20.969,20.969,20.969,356,0
20140507,20.757,20.842,20.672,20.799,4662,0
20140508,20.849,20.849,20.849,20.849,118,0
20140509,20.884,20.884,20.884,20.884,3121,0
20140512,20.892,20.892,20.799,20.808,1121,0
20140513,20.884,20.884,20.799,20.799,4906,0
20140514,21.003,21.155,21.003,21.155,494,0
20140520,21.087,21.087,21.087,21.087,249,0
20140521,21.054,21.054,21.054,21.054,709,0
20140522,20.969,20.969,20.969,20.969,1181,0
20140527,21.146,21.146,21.146,21.146,118,0
20140528,21.146,21.146,21.146,21.146,1299,0
20140529,21.18,21.545,21.18,21.528,6786,0
20140602,21.603,21.603,21.104,21.341,4369,0
20140603,21.23,21.435,21.222,21.222,3895,0
20140604,21.595,21.68,21.493,21.68,9345,0
20140605,21.672,21.672,21.468,21.672,2894,0
20140609,21.417,21.435,21.417,21.435,4720,0
20140610,21.545,21.545,21.545,21.545,590,0
20140611,21.536,21.545,21.536,21.545,1281,0
20140613,21.367,21.392,21.367,21.392,2258,0
20140616,21.435,21.435,21.435,21.435,355,0
20140617,21.435,21.435,21.435,21.435,445,0
20140618,21.46,21.545,21.46,21.545,709,0
20140620,21.493,21.545,21.477,21.545,2119,0
20140623,21.545,21.545,21.536,21.545,1003,0
20140624,21.477,21.536,21.477,21.519,1808,0
20140627,21.926,21.926,21.511,21.511,391,0
20140701,21.646,21.646,21.646,21.646,6963,0
20140702,21.672,21.672,21.646,21.646,1771,0
20140703,21.646,21.646,21.646,21.646,236,0
20140707,21.646,21.646,21.646,21.646,236,0
20140708,21.646,21.646,21.646,21.646,355,0
20140710,21.646,21.646,21.646,21.646,1081,0
20140711,21.646,21.646,21.646,21.646,1771,0
20140714,21.68,21.688,21.68,21.688,1181,0
20140715,21.655,21.655,21.655,21.655,2360,0
20140716,21.672,21.672,21.672,21.672,1416,0
20140721,21.655,21.655,21.655,21.655,1181,0
20140722,21.706,21.706,21.655,21.655,3283,0
20140728,21.917,21.917,21.917,21.917,154,0
20140730,21.688,21.697,21.655,21.655,2996,0
20140801,21.842,21.842,21.519,21.519,2832,0
20140805,21.807,21.807,21.68,21.68,1736,0
20140806,21.613,21.697,21.613,21.697,3304,0
20140807,21.773,21.773,21.613,21.613,590,0
20140808,21.731,21.757,21.731,21.757,3924,0
20140811,21.757,21.757,21.748,21.757,1575,0
20140812,21.348,21.917,21.348,21.733,4633,0
20140813,21.933,21.933,21.76,21.76,3826,0
20140814,21.987,21.987,21.987,21.987,604,0
20140815,22.091,22.091,22.047,22.047,427,0
20140819,21.943,21.943,21.943,21.943,914,0
20140820,21.943,21.943,21.943,21.943,114,0
20140821,21.725,21.793,21.725,21.793,1268,0
20140826,21.978,21.978,21.96,21.978,1373,0
20140828,21.987,21.987,21.987,21.987,572,0
20140904,21.812,21.812,21.812,21.812,152,0
20140905,22.013,22.03,21.943,21.987,2594,0
20140910,21.864,21.864,21.82,21.82,1831,0
20140911,21.838,21.838,21.725,21.812,3988,0
20140912,21.767,21.767,21.767,21.767,801,0
20140915,21.767,21.767,21.68,21.68,1778,0
20140918,21.733,21.733,21.68,21.68,6214,0
20140919,21.855,21.855,21.68,21.68,2595,0
20140923,21.725,21.725,21.725,21.725,114,0
20140925,21.689,21.767,21.68,21.767,2433,0
20140926,21.767,21.767,21.767,21.767,1715,0
20140929,21.767,21.767,21.741,21.741,687,0
20140930,21.767,21.767,21.767,21.767,1715,0
20141002,21.777,21.777,21.751,21.751,1431,0
20141010,21.767,21.767,21.767,21.767,161,0
20141013,21.873,21.873,21.873,21.873,114,0
20141017,21.987,21.987,21.969,21.969,458,0
20141021,21.943,21.943,21.926,21.943,3088,0
20141024,21.987,21.987,21.987,21.987,801,0
20141103,21.987,21.987,21.987,21.987,1144,0
20141104,21.987,21.987,21.987,21.987,229,0
20141110,21.995,21.995,21.995,21.995,1144,0
20141118,22.091,22.109,21.995,22.101,3734,0
20141126,22.039,22.039,22.039,22.039,458,0
20141128,22.073,22.073,22.073,22.073,114,0
20141202,22.03,22.03,22.03,22.03,229,0
20141204,22.387,22.397,22.387,22.397,1144,0
20141226,22.109,22.205,22.091,22.205,1041,0
20141231,22.205,22.205,22.205,22.205,253,0
20150106,22.101,22.267,22.083,22.267,3331,0
20150107,22.101,22.257,22.091,22.248,3411,0
20150112,22.335,22.335,22.161,22.161,229,0
20150113,22.387,22.387,22.205,22.205,1427,0
20150114,22.354,22.354,22.187,22.335,1745,0
20150126,22.354,22.354,22.354,22.354,1144,0
20150128,22.423,22.467,22.302,22.467,687,0
20150129,22.335,22.335,22.335,22.335,1144,0
20150130,22.467,22.625,22.354,22.625,3546,0
20150202,22.494,22.511,22.361,22.381,5605,0
20150204,22.511,22.511,22.475,22.511,4629,0
20150205,22.511,22.511,22.511,22.511,2059,0
20150206,22.44,22.633,22.423,22.625,1144,0
20150209,22.633,22.633,22.633,22.633,801,0
20150211,22.807,22.916,22.69,22.916,1762,0
20150212,22.547,22.547,22.547,22.547,332,0
20150213,22.682,22.682,22.682,22.682,658,0
20150217,22.628,22.635,22.628,22.635,610,0
20150220,22.547,22.574,22.52,22.554,5974,0
20150223,22.635,22.635,22.635,22.635,1110,0
20150224,22.554,22.726,22.5,22.554,7110,0
20150225,22.628,22.628,22.628,22.628,665,0
20150226,22.554,22.645,22.554,22.645,997,0
20150227,22.682,22.682,22.682,22.682,332,0
20150304,22.682,22.682,22.682,22.682,111,0
20150305,22.709,22.709,22.709,22.709,111,0
20150309,22.682,22.682,22.682,22.682,777,0
20150310,22.682,22.682,22.682,22.682,886,0
20150312,22.682,22.682,22.682,22.682,444,0
20150316,22.672,22.726,22.672,22.726,1220,0
20150317,22.717,22.717,22.717,22.717,111,0
20150320,22.69,22.699,22.69,22.699,777,0
20150406,22.898,22.907,22.898,22.907,777,0
20150407,22.853,22.853,22.817,22.817,1109,0
20150408,22.817,22.817,22.817,22.817,554,0
20150413,22.817,22.817,22.817,22.817,111,0
20150415,22.979,22.979,22.979,22.979,1695,0
20150421,22.979,22.979,22.943,22.943,1220,0
20150427,22.943,22.943,22.943,22.943,111,0
20150430,22.952,22.952,22.943,22.943,1109,0
20150504,22.916,22.916,22.916,22.916,2772,0
20150505,22.88,22.907,22.88,22.907,1552,0
20150506,22.817,22.825,22.817,22.817,3166,0
20150511,22.473,22.726,22.33,22.375,1886,0
20150513,22.763,22.763,22.547,22.547,332,0
20150518,22.736,22.736,22.726,22.736,1220,0
20150521,22.608,22.608,22.608,22.608,111,0
20150527,22.934,22.934,22.717,22.717,222,0
20150528,22.717,22.717,22.717,22.717,338,0
20150601,22.726,22.726,22.726,22.726,1663,0
20150602,22.726,22.726,22.726,22.726,1165,0
20150611,23.051,23.051,23.051,23.051,233,0
20150615,23.051,23.051,23.051,23.051,111,0
20150617,22.79,22.79,22.717,22.717,1886,0
20150629,23.087,23.087,23.087,23.087,332,0
20150702,23.042,23.042,23.015,23.042,3770,0
20150707,23.169,23.213,23.169,23.213,1220,0
20150709,23.213,23.213,23.213,23.213,111,0
20150710,23.213,23.213,23.213,23.213,111,0
20150716,22.943,22.943,22.943,22.943,332,0
20150717,22.943,22.943,22.943,22.943,222,0
20150721,22.898,22.898,22.898,22.898,444,0
20150722,23.25,23.25,23.25,23.25,111,0
20150727,22.898,22.898,22.898,22.898,554,0
20150803,23.213,23.213,23.015,23.015,665,0
20150804,23.285,23.304,23.285,23.304,1109,0
20150811,23.348,23.348,23.348,23.348,332,0
20150812,22.771,22.771,22.537,22.537,7540,0
20150814,22.537,22.537,22.537,22.537,111,0
20150818,22.547,22.547,22.537,22.537,554,0
20150820,22.537,22.537,22.537,22.537,111,0
20150821,22.456,22.456,22.456,22.456,6985,0
20150824,22.392,22.411,22.321,22.321,4325,0
20150825,22.817,22.817,22.547,22.547,444,0
20150827,22.574,22.574,22.527,22.527,997,0
20150828,22.466,22.726,22.456,22.574,2218,0
20150901,22.861,22.861,22.861,22.861,665,0
20150903,22.853,22.853,22.853,22.853,111,0
20150904,22.736,22.736,22.601,22.601,1331,0
20150909,22.898,22.898,22.898,22.898,111,0
20150910,22.898,22.898,22.726,22.817,444,0
20150914,22.736,22.736,22.618,22.618,665,0
20150916,22.591,22.591,22.095,22.5,6764,0
20150921,22.547,22.547,22.547,22.547,111,0
20150922,22.547,22.547,22.547,22.547,6653,0
20150923,22.321,22.338,22.321,22.33,997,0
20151019,22.635,22.635,22.635,22.635,689,0
20151027,22.635,22.635,22.635,22.635,111,0
20151103,22.635,22.655,22.547,22.547,997,0
20151104,22.763,22.763,22.763,22.763,111,0
20151106,22.429,22.473,22.429,22.473,1552,0
20151110,22.961,22.961,22.547,22.547,1886,0
20151112,22.574,22.574,22.547,22.547,1996,0
20151113,22.51,22.547,22.5,22.5,9425,0
20151116,22.466,22.466,22.466,22.466,332,0
20151119,22.5,22.547,22.5,22.547,1331,0
20151125,22.384,22.392,22.33,22.384,3660,0
20151127,22.618,22.635,22.547,22.635,1996,0
20151201,22.635,22.635,22.635,22.635,8,0
20151202,22.466,22.635,22.466,22.635,665,0
20151203,22.635,22.635,22.635,22.635,61,0
20151211,22.483,22.771,22.456,22.771,886,0
20151217,22.817,22.817,22.473,22.817,1996,0
20151221,22.547,22.581,22.446,22.456,8094,0
20151222,22.411,22.438,22.411,22.411,2162,0
20151223,22.591,22.744,22.564,22.601,3215,0
20151224,22.559,22.591,22.493,22.512,24450,0
20151228,22.69,22.69,22.411,22.547,5919,0
20151229,22.547,22.583,22.527,22.547,5263,0
20151230,22.572,22.717,22.5,22.5,1714,0
20151231,22.635,22.635,22.493,22.493,6077,0
20160104,22.547,22.547,22.33,22.546,2759,0
20160105,22.429,22.601,22.429,22.527,11310,0
20160106,22.547,22.547,22.429,22.446,9908,0
20160107,22.554,22.635,22.384,22.591,11612,0
20160108,22.554,22.554,22.462,22.537,4617,0
20160111,22.69,22.699,22.537,22.699,6712,0
20160112,22.419,22.635,22.419,22.635,3752,0
20160113,22.635,22.645,22.429,22.518,4391,0
20160114,22.384,22.466,22.203,22.23,16121,0
20160115,22.438,22.438,22.23,22.24,7003,0
20160119,22.041,22.122,22.023,22.059,3548,0
20160120,22.158,22.158,21.454,21.572,9352,0
20160121,22.131,22.131,21.563,21.563,1152,0
20160122,22.06,22.086,21.915,22.023,6565,0
20160126,22.167,22.167,21.725,21.725,1697,0
20160128,21.826,21.957,21.824,21.957,2018,0
20160129,21.951,22.014,21.951,21.984,4596,0
20160201,21.87,21.975,21.87,21.87,2660,0
20160202,21.942,21.969,21.924,21.96,2068,0
20160203,21.87,21.87,21.824,21.851,1858,0
20160204,21.78,21.861,21.736,21.839,3329,0
20160205,21.839,21.861,21.752,21.86,4105,0
20160208,21.87,21.951,21.554,21.644,7983,0
20160209,21.861,21.87,21.644,21.824,2716,0
20160210,20.904,21.595,20.904,21.447,5694,0
20160211,21.352,21.585,21.352,21.352,1400,0
20160212,21.669,21.687,21.352,21.352,325,0
20160216,21.697,21.697,21.072,21.679,2577,0
20160218,21.026,21.445,21.026,21.445,2789,0
20160219,21.687,21.687,21.408,21.408,4069,0
20160223,21.398,21.398,21.352,21.352,1317,0
20160225,21.352,21.352,21.352,21.352,460,0
20160226,21.352,21.352,21.166,21.166,3578,0
20160301,21.333,21.445,21.333,21.445,1287,0
20160302,21.352,21.352,21.352,21.352,214,0
20160303,21.421,21.444,21.305,21.435,2015,0
20160304,21.323,21.323,21.306,21.306,779,0
20160307,21.85,21.85,21.85,21.85,515,0
20160308,21.679,21.679,21.679,21.679,214,0
20160309,21.501,21.715,21.492,21.715,1126,0
20160310,21.603,21.715,21.492,21.715,1664,0
20160311,21.617,21.725,21.617,21.725,1712,0
20160314,21.608,21.613,21.529,21.585,3577,0
20160315,21.539,21.585,21.519,21.585,859,0
20160316,21.585,21.725,21.578,21.679,3298,0
20160317,21.641,21.641,21.641,21.641,258,0
20160318,21.716,21.725,21.631,21.679,2225,0
20160321,21.725,21.725,21.725,21.725,108,0
20160322,21.725,21.725,21.671,21.671,214,0
20160324,21.669,21.725,21.669,21.725,4183,0
20160328,21.716,21.911,21.65,21.911,2086,0
20160330,21.911,21.911,21.801,21.911,3646,0
20160331,21.911,22.266,21.911,22.266,293,0
20160401,21.876,21.876,21.818,21.818,3915,0
20160404,22.03,22.03,21.865,21.978,1137,0
20160405,22.116,22.116,22.116,22.116,1073,0
20160406,21.659,22.126,21.659,21.977,1555,0
20160407,21.958,21.958,21.93,21.958,8365,0
20160412,21.958,21.958,21.958,21.958,386,0
20160413,21.958,21.958,21.725,21.763,2320,0
20160414,21.723,21.723,21.679,21.679,3218,0
20160418,21.93,21.93,21.735,21.771,5716,0
20160419,21.771,21.771,21.771,21.771,214,0
20160420,21.623,21.771,21.398,21.674,1876,0
20160421,21.77,21.818,21.529,21.557,2745,0
20160422,21.725,21.725,21.725,21.725,161,0
20160427,21.716,21.725,21.682,21.725,536,0
20160428,21.725,21.725,21.716,21.716,429,0
20160429,21.725,21.725,21.725,21.725,322,0
20160504,21.464,21.473,21.212,21.473,2576,0
20160506,21.474,21.476,21.426,21.426,2896,0
20160509,21.426,21.575,21.212,21.268,18642,0
20160510,21.279,21.549,21.166,21.454,10650,0
20160511,21.026,21.623,20.382,20.494,29147,0
20160512,20.83,21.347,20.559,21.072,20481,0
20160513,20.932,21.328,20.466,20.839,24787,0
20160516,20.569,21.194,20.569,20.913,18479,0
20160517,20.606,20.922,20.606,20.662,22570,0
20160518,20.615,20.694,20.382,20.634,18732,0
20160519,20.606,20.746,20.522,20.727,6957,0
20160520,20.811,20.83,20.699,20.83,1287,0
20160523,20.839,20.895,20.653,20.895,10177,0
20160524,20.886,20.886,20.718,20.886,2274,0
20160525,20.886,20.886,20.653,20.783,11938,0
20160526,20.625,20.969,20.625,20.96,9438,0
20160527,20.96,20.96,20.96,20.96,108,0
20160531,20.875,20.96,20.875,20.96,4240,0
20160601,20.96,21.11,20.899,20.988,5997,0
20160603,20.95,20.96,20.83,20.895,8080,0
20160606,20.848,20.96,20.84,20.932,1287,0
20160607,21.072,21.352,20.513,20.783,51425,0
20160608,20.746,20.866,20.466,20.634,20548,0
20160609,20.513,20.699,20.401,20.494,12576,0
20160610,20.215,20.587,20.139,20.233,11318,0
20160613,20.317,20.466,19.59,20.027,26778,0
20160614,20.233,20.69,20.233,20.69,11794,0
20160615,20.886,20.886,20.886,20.886,3432,0
20160616,20.876,20.942,20.699,20.942,4611,0
20160617,20.746,20.978,20.746,20.978,214,0
20160620,21.072,21.072,20.662,20.792,1614,0
20160621,20.732,21.026,20.732,20.932,5365,0
20160622,20.839,20.958,20.839,20.95,1198,0
20160623,20.96,21.202,20.96,21.002,6607,0
20160627,20.856,21.029,20.82,20.904,1430,0
20160628,20.886,20.886,20.886,20.886,322,0
20160629,20.886,20.886,20.373,20.783,9604,0
20160630,20.699,20.83,20.401,20.83,3646,0
20160705,20.746,20.751,20.355,20.746,4310,0
20160706,20.746,20.83,20.522,20.68,18894,0
20160707,20.792,20.792,20.429,20.651,11464,0
20160708,20.387,20.792,20.387,20.642,3809,0
20160711,20.634,20.83,20.634,20.792,3969,0
20160712,20.783,21.222,20.783,21.054,13320,0
20160713,23.123,23.123,20.859,21.156,8478,0
20160714,21.194,21.349,20.569,20.914,17071,0
20160715,21.016,21.069,20.671,20.671,4858,0
20160718,20.876,20.876,20.616,20.699,6424,0
20160719,20.755,20.755,20.513,20.736,8267,0
20160720,20.676,20.755,20.458,20.653,10210,0
20160721,20.727,20.746,20.559,20.69,5953,0
20160722,20.736,20.83,20.653,20.727,12670,0
20160725,20.792,20.82,20.727,20.811,10587,0
20160726,20.643,20.792,20.643,20.736,16640,0
20160727,20.587,20.69,20.569,20.68,7360,0
20160728,20.597,20.671,20.569,20.662,5288,0
20160729,20.653,20.932,20.653,20.932,3003,0
20160801,20.97,21.212,20.97,21.156,5392,0
20160802,21.166,21.23,21.114,21.23,4429,0
20160803,21.267,21.286,21.199,21.286,5386,0
20160804,21.239,21.305,21.239,21.305,1850,0
20160805,21.286,21.426,21.286,21.426,10109,0
20160808,21.445,21.575,21.426,21.567,5216,0
20160809,21.454,21.539,21.268,21.483,12277,0
20160810,21.621,21.621,20.616,21.34,4941,0
20160811,21.099,21.312,21.089,21.312,2769,0
20160812,21.321,21.563,21.321,21.563,3847,0
20160815,21.485,21.563,21.35,21.563,5192,0
20160816,21.481,21.553,21.437,21.534,4222,0
20160817,21.447,21.572,21.438,21.56,4926,0
20160818,21.447,21.707,21.447,21.707,7093,0
20160819,21.659,22.065,21.504,22.045,13840,0
20160822,22.065,22.065,21.935,22.045,4871,0
20160823,22.045,22.21,21.833,22.21,16887,0
20160824,21.794,22.21,21.794,22.007,9851,0
20160825,21.92,22.683,21.92,22.538,12414,0
20160826,22.519,22.692,22.21,22.673,4042,0
20160829,22.567,22.741,21.968,22.007,12508,0
20160830,21.968,21.968,21.505,21.727,8639,0
20160831,21.775,21.823,21.531,21.635,5704,0
20160901,21.437,21.611,21.437,21.611,419,0
20160902,21.679,22.065,21.514,21.727,1311,0
20160906,22.21,22.21,21.659,21.688,1991,0
20160907,21.679,22.056,21.65,22.016,14082,0
20160908,21.958,22.026,21.881,22.026,835,0
20160912,22.132,22.258,21.978,22.21,5978,0
20160913,21.978,22.21,21.978,22.21,4737,0
20160914,22.161,23.146,22.074,22.712,6865,0
20160915,22.712,22.741,22.308,22.499,3543,0
20160916,22.654,22.751,22.229,22.509,3851,0
20160919,22.731,22.731,22.412,22.625,3541,0
20160920,22.577,22.741,22.47,22.625,907,0
20160921,22.596,22.886,22.596,22.886,3229,0
20160922,22.915,22.924,22.702,22.702,3230,0
20160923,22.828,22.905,22.818,22.857,1982,0
20160926,22.702,23.001,22.702,22.857,3891,0
20160927,22.828,23.011,22.799,23.001,4854,0
20160928,23.021,23.03,22.976,23.03,2458,0
20160929,23.03,23.658,22.887,22.887,3281,0
20160930,23.6,23.6,23.301,23.523,3625,0
20161003,23.523,23.588,23.472,23.472,2484,0
20161004,23.506,23.506,23.325,23.325,967,0
20161005,23.33,23.455,23.296,23.296,622,0
20161006,23.127,23.465,23.127,23.379,3127,0
20161007,23.465,23.658,23.262,23.639,6538,0
20161011,23.658,23.658,23.32,23.571,942,0
20161012,23.629,23.629,23.629,23.629,139,0
20161013,23.447,23.447,23.32,23.32,1797,0
20161014,23.426,23.426,23.301,23.388,1346,0
20161017,23.292,23.32,23.292,23.32,207,0
20161018,23.397,23.397,23.368,23.397,1222,0
20161019,23.397,23.465,23.397,23.465,207,0
20161020,23.562,23.562,23.562,23.562,224,0
20161024,23.542,23.562,23.542,23.562,709,0
20161025,23.562,23.562,23.37,23.37,2667,0
20161026,23.562,23.562,23.504,23.504,803,0
20161027,23.272,23.504,23.272,23.504,725,0
20161028,23.484,23.484,23.281,23.281,3205,0
20161031,23.533,23.552,23.504,23.533,2667,0
20161101,23.309,23.658,23.309,23.368,2822,0
20161107,23.417,23.417,23.301,23.349,828,0
20161108,23.417,23.417,23.417,23.417,104,0
20161109,23.368,23.368,23.368,23.368,311,0
20161110,23.465,23.465,23.156,23.156,4064,0
20161115,23.253,23.272,22.847,22.847,2584,0
20161116,23.108,23.127,23.108,23.127,621,0
20161117,23.108,23.108,22.914,23.03,3057,0
20161121,22.721,22.721,22.317,22.317,2751,0
20161123,22.039,22.077,21.804,21.93,8690,0
20161128,21.988,21.988,21.988,21.988,543,0
20161129,22.026,22.187,21.978,21.978,643,0
20161202,22.007,22.329,22.007,22.329,746,0
20161205,22.113,22.2,22.113,22.2,621,0
20161209,22.393,22.393,19.738,21.244,17383,0
20161212,21.244,21.244,20.858,21.244,3779,0
20161213,21.244,21.244,20.906,21.157,5442,0
20161214,21.263,21.263,21.263,21.263,311,0
20161215,21.194,21.196,21.147,21.196,1398,0
20161216,21.244,21.244,21.244,21.244,801,0
20161219,21.205,21.37,21.157,21.157,828,0
20161220,21.369,21.369,21.244,21.244,2831,0
20161221,21.485,21.485,21.215,21.292,7788,0
20161222,21.437,21.437,21.302,21.408,1683,0
20161223,21.485,21.485,21.196,21.196,6559,0
20161227,21.447,21.476,21.186,21.341,2227,0
20161229,21.263,21.292,21.244,21.292,3210,0
20170104,21.485,21.485,21.167,21.456,2250,0
20170105,21.485,21.485,21.447,21.447,1017,0
20170106,21.398,21.881,21.398,21.881,621,0
20170109,21.862,21.862,21.862,21.862,104,0
20170110,21.683,21.968,21.495,21.872,1388,0
20170117,21.967,22.016,21.904,21.952,1541,0
20170118,21.959,21.959,21.244,21.901,1792,0
20170119,21.901,21.901,21.621,21.621,2812,0
20170126,21.796,21.796,21.796,21.796,570,0
20170127,21.997,21.997,21.922,21.922,496,0
20170130,21.926,22.065,21.926,22.065,834,0
20170131,22.065,22.335,21.849,21.849,3267,0
20170202,22.117,22.161,22.113,22.113,2227,0
20170203,22.132,22.287,20.761,21.549,5609,0
20170206,21.534,21.666,21.534,21.666,2117,0
20170208,21.772,22.065,21.772,22.065,207,0
20170209,21.91,22.345,21.543,22.287,5641,0
20170210,22.6,22.6547,22.33,22.33,3466,0
20170213,22.3223,22.3223,22.3,22.3,900,0
20170214,22.49,22.49,22.49,22.49,400,0
20170215,22.69,22.75,22.69,22.72,4844,0
20170217,23,23.0004,22.72,22.73,1100,0
20170221,22.72,22.8718,22.72,22.8718,741,0
20170222,22.72,22.7325,22.72,22.72,1500,0
20170223,22.71,22.72,22.5064,22.51,3987,0
20170224,22.6147,22.6147,22.6147,22.6147,152,0
20170227,22.71,22.71,22.606,22.64,500,0
20170228,22.6406,22.6406,22.6406,22.6406,575,0
20170301,22.7017,22.7017,22.7017,22.7017,200,0
20170302,22.73,22.79,22.7,22.72,1525,0
20170303,22.8,22.8,22.5001,22.68,1060,0
20170306,22.71,22.71,22.71,22.71,100,0
20170307,22.71,22.71,22.71,22.71,160,0
20170308,22.5203,22.5203,22.5203,22.5203,450,0
20170309,22.55,22.674,22.55,22.674,1599,0
20170314,22.59,22.59,22.59,22.59,100,0
20170315,22.58,22.9,22.58,22.8002,1814,0
20170321,22.81,22.81,22.6988,22.6988,430,0
20170327,22.9837,23.47,22.9837,23.43,1714,0
20170328,23.5473,24.63,23.5473,24.63,3324,0
20170329,24.36,24.49,24.1089,24.49,2365,0
20170330,24.24,24.42,24.07,24.4,4220,0
20170331,24.35,24.93,24.31,24.4999,4584,0
20170403,24.27,24.27,24.25,24.25,500,0
20170405,23.7872,23.7872,23.7872,23.7872,500,0
20170410,23.8,23.8,23.8,23.8,100,0
20170411,23.8,23.8,23.8,23.8,100,0
20170412,23.8,24.11,23.5501,24.11,2600,0
20170419,23.87,23.87,23.87,23.87,300,0
20170420,23.7306,23.7306,23.7306,23.7306,1200,0
20170421,24.31,24.31,24.31,24.31,100,0
20170427,24.35,24.35,23.48,23.6651,950,0
20170501,23.7,24.196,23.7,24.196,200,0
20170502,24.39,24.39,24.39,24.39,500,0
20170503,24.14,24.14,24.14,24.14,100,0
20170504,24,24,23.8,23.8,1034,0
20170510,24.0444,24.0444,23.7,23.7,1350,0
20170512,23.99,24.3151,23.81,24.3151,400,0
20170515,23.72,23.8385,23.4,23.4,3300,0
20170516,23.4,24.0644,23.3522,23.55,2900,0
20170517,23.81,24.0001,23.81,24,3334,0
20170518,24.22,24.8,23.8857,23.94,8182,0
20170519,24.344,24.3799,24.08,24.28,800,0
20170522,24.45,24.6497,24.45,24.5,2448,0
20170523,24.03,24.1899,24.02,24.02,3220,0
20170524,24.4999,24.572,24.4999,24.5,3120,0
20170525,24.39,24.6012,24.01,24.03,6600,0
20170526,24.0648,24.1599,23.6,23.6,6300,0
20170531,23.8845,23.8845,23.5,23.5,3613,0
20170601,23.89,23.89,23.8193,23.8193,640,0
20170602,23.87,23.9,23.7821,23.87,2900,0
20170605,24.15,24.35,23.83,23.83,3125,0
20170606,24.039,24.095,24.02,24.07,900,0
20170607,23.9,24,23.9,23.9,915,0
20170612,23.9,24.07,23.9,24.07,700,0
20170613,23.9,24.07,23.9,24.07,300,0
20170614,23.9,24.2588,23.9,24.2588,1785,0
20170615,23.9501,24.0152,23.9501,24.0151,1060,0
20170616,24.03,24.04,24.0061,24.0161,800,0
20170619,23.8986,24.0199,23.8522,23.94,2400,0
20170622,23.99,23.99,23.82,23.82,1465,0
20170623,23.96,23.96,23.9,23.9,400,0
20170626,23.85,23.9,23.85,23.9,6040,0
20170628,23.91,24,23.9,24,4270,0
20170629,24.0101,24.02,24.01,24.01,1100,0
20170630,24.02,24.271,24.0101,24.271,440,0
20170703,24.25,24.25,24.1,24.1,1200,0
20170705,24.05,24.05,24,24,2180,0
20170706,24.1818,24.22,24.18,24.22,2134,0
20170710,24.34,24.34,24,24,5330,0
20170711,24.125,24.18,24.1001,24.15,2312,0
20170712,24.29,24.29,24.04,24.04,1536,0
20170713,24.1,24.37,24.04,24.185,6542,0
20170714,24.12,24.12,24.04,24.0923,867,0
20170717,24.3,24.3,23.75,23.75,3141,0
20170718,23.9,24.07,23.5995,24.07,8349,0
20170719,23.97,24.05,23.814,23.94,700,0
20170720,24,24,24,24,500,0
20170724,23.9,23.9,23.9,23.9,200,0
20170725,23.9,24.1,23.75,23.9,5010,0
20170727,24.01,24.01,24,24,295,0
20170728,24.09,24.3509,23.93,24.34,13109,0
20170731,24.29,24.4,24.25,24.4,900,0
20170801,24.46,24.51,24.41,24.5,1300,0
