Date,Open,High,Low,Close,Volume,OpenInt
20130624,47.182,47.444,47.182,47.444,40870,0
20130625,47.426,47.547,47.426,47.547,24960,0
20130626,47.528,47.528,47.492,47.528,8537,0
20130627,47.557,47.603,47.557,47.575,15983,0
20130628,48.373,48.611,48.373,48.611,7219,0
20130701,47.77,47.836,47.744,47.828,6510,0
20130702,47.78,47.78,47.744,47.744,699,0
20130703,47.649,47.697,47.603,47.603,7287,0
20130705,47.565,47.565,47.323,47.444,18724,0
20130708,47.416,47.453,47.397,47.397,9913,0
20130709,47.397,47.434,47.361,47.416,23914,0
20130710,47.434,47.499,47.434,47.492,4540,0
20130711,47.492,47.537,47.463,47.537,1525,0
20130712,47.499,47.499,47.499,47.499,214,0
20130715,47.537,47.547,47.537,47.547,1018,0
20130716,47.547,47.547,47.509,47.547,6774,0
20130717,47.547,47.678,47.547,47.678,7135,0
20130718,46.715,47.649,46.715,47.613,14770,0
20130722,47.64,47.649,47.603,47.64,6636,0
20130723,47.649,47.649,47.473,47.613,4388,0
20130724,47.649,47.649,47.528,47.603,5138,0
20130725,47.557,47.603,47.557,47.603,3532,0
20130726,47.557,47.603,47.557,47.603,4401,0
20130730,47.649,47.649,47.565,47.649,15439,0
20130731,47.649,47.649,47.575,47.649,10569,0
20130801,47.649,47.649,47.649,47.649,1231,0
20130802,47.603,47.649,47.557,47.557,4150,0
20130805,47.631,47.631,47.631,47.631,226,0
20130807,47.463,47.649,47.463,47.649,6686,0
20130808,47.649,47.649,47.509,47.649,8456,0
20130809,47.744,47.744,47.649,47.744,2065,0
20130812,47.649,47.744,47.584,47.649,6469,0
20130813,47.649,47.649,47.565,47.565,5030,0
20130814,47.744,47.744,47.744,47.744,901,0
20130815,47.649,47.649,47.565,47.649,16687,0
20130816,47.744,47.836,47.744,47.744,9740,0
20130819,47.836,47.884,47.744,47.789,6978,0
20130820,47.715,47.828,47.668,47.668,2970,0
20130821,47.734,47.734,47.649,47.649,1664,0
20130822,47.649,47.799,47.649,47.789,1605,0
20130823,47.799,47.799,47.799,47.799,856,0
20130827,47.836,47.884,47.836,47.836,4279,0
20130828,47.836,47.884,47.836,47.836,9044,0
20130829,47.836,47.836,47.836,47.836,3211,0
20130830,48.611,48.611,48.601,48.601,2448,0
20130903,47.93,47.93,47.93,47.93,642,0
20130904,47.976,48.024,47.976,48.024,3435,0
20130905,48.117,48.117,47.884,48.015,3143,0
20130906,47.855,47.976,47.846,47.976,5565,0
20130909,48.024,48.024,48.024,48.024,210,0
20130910,48.024,48.117,48.024,48.117,5008,0
20130911,48.041,48.117,48.041,48.117,5481,0
20130912,48.117,48.117,48.117,48.117,915,0
20130913,48.117,48.117,48.07,48.089,28067,0
20130916,48.117,48.117,48.117,48.117,43414,0
20130917,48.165,48.279,48.137,48.165,72082,0
20130919,48.183,48.183,48.183,48.183,1475,0
20130920,48.146,48.146,48.04,48.04,737,0
20130923,48.098,48.098,48.098,48.098,2211,0
20130924,48.137,48.137,48.023,48.023,7419,0
20130925,48.089,48.089,48.089,48.089,632,0
20130927,48.202,48.222,48.183,48.222,2634,0
20130930,48.222,48.222,48.222,48.222,926,0
20131001,48.231,48.269,48.231,48.269,839,0
20131003,48.183,48.183,48.183,48.183,106,0
20131007,48.183,48.183,47.88,48.137,14403,0
20131008,48.004,48.013,47.946,48.013,23224,0
20131009,47.946,48.04,47.946,48.04,22330,0
20131010,47.946,47.965,47.908,47.946,22578,0
20131011,47.927,47.927,47.88,47.899,5407,0
20131014,47.917,47.917,47.917,47.917,157,0
20131016,48.04,48.04,48.04,48.04,264,0
20131017,48.107,48.231,48.107,48.212,3092,0
20131024,48.137,48.137,48.137,48.137,421,0
20131025,48.137,48.137,48.06,48.06,527,0
20131028,48.04,48.04,48.04,48.04,2081,0
20131031,48.183,48.24,48.183,48.24,316,0
20131104,48.231,48.231,48.231,48.231,1053,0
20131106,48.183,48.231,48.183,48.183,1381,0
20131112,48.117,48.183,48.117,48.183,3225,0
20131113,48.156,48.156,48.137,48.137,1263,0
20131114,48.089,48.089,48.089,48.089,6443,0
20131115,48.098,48.183,48.098,48.183,983,0
20131119,48.089,48.089,48.089,48.089,1685,0
20131121,48.089,48.137,48.089,48.137,7199,0
20131122,48.089,48.089,48.06,48.06,5267,0
20131125,48.079,48.137,48.079,48.079,5471,0
20131126,48.117,48.117,48.07,48.07,5239,0
20131127,48.127,48.165,48.07,48.137,8538,0
20131129,48.137,48.202,48.137,48.202,440,0
20131202,48.202,48.202,48.183,48.202,1053,0
20131204,48.231,48.326,48.231,48.326,1565,0
20131206,48.373,48.373,48.373,48.373,737,0
20131211,48.393,48.393,48.335,48.393,439,0
20131212,48.393,48.393,48.393,48.393,693,0
20131213,48.373,48.393,48.373,48.393,54707,0
20131216,48.855,48.855,48.422,48.537,64008,0
20131217,48.537,48.537,48.537,48.537,548,0
20131219,48.566,48.672,48.566,48.633,10503,0
20131220,48.663,48.663,48.663,48.663,4982,0
20131223,48.71,48.71,48.71,48.71,120,0
20131224,48.663,48.663,48.663,48.663,371,0
20131226,48.71,48.71,48.71,48.71,3446,0
20131227,48.672,48.71,48.672,48.71,1330,0
20131230,48.71,48.807,48.71,48.807,3424,0
20131231,48.71,48.807,48.71,48.807,796,0
20140103,48.807,48.807,48.807,48.807,2179,0
20140108,48.807,48.807,48.807,48.807,591,0
20140109,48.807,48.807,48.807,48.807,1260,0
20140110,48.807,48.903,48.807,48.903,3067,0
20140113,48.855,48.903,48.855,48.903,3632,0
20140114,48.903,48.903,48.903,48.903,1556,0
20140117,48.874,48.903,48.874,48.903,345,0
20140128,48.932,48.932,48.913,48.913,233,0
20140129,48.913,48.913,48.913,48.913,830,0
20140130,48.913,48.913,48.913,48.913,208,0
20140131,48.999,49.087,48.999,49.048,10391,0
20140204,49.019,49.019,49.019,49.019,726,0
20140205,49.019,49.019,49.019,49.019,208,0
20140206,49.019,49.087,49.019,49.087,950,0
20140207,49.019,49.019,49.019,49.019,208,0
20140213,49.048,49.048,49.048,49.048,623,0
20140214,49.087,49.087,49.048,49.048,761,0
20140218,49.048,49.087,48.952,49.048,3870,0
20140219,49.067,49.067,49.067,49.067,208,0
20140220,49.048,49.048,49.048,49.048,2365,0
20140221,49.087,49.096,49.087,49.096,4197,0
20140224,49.096,49.096,49.096,49.096,213,0
20140226,49.144,49.144,49.144,49.144,5189,0
20140228,49.163,49.163,49.163,49.163,1245,0
20140304,49.096,49.163,49.096,49.115,984,0
20140305,49.163,49.163,49.163,49.163,623,0
20140306,49.124,49.124,49.124,49.124,236,0
20140307,49.144,49.192,49.144,49.192,7484,0
20140310,49.192,49.231,49.192,49.192,1272,0
20140312,49.202,49.202,49.202,49.202,980,0
20140314,49.231,49.231,49.202,49.222,52127,0
20140317,49.29,49.29,49.133,49.202,49813,0
20140318,49.26,49.26,49.25,49.25,6033,0
20140319,49.25,49.25,49.25,49.25,7567,0
20140320,49.25,49.25,49.25,49.25,4540,0
20140321,49.29,49.29,49.26,49.26,1779,0
20140325,49.29,49.329,49.29,49.329,5855,0
20140326,49.319,49.319,49.319,49.319,205,0
20140327,49.319,49.319,49.319,49.319,515,0
20140328,49.27,49.319,49.27,49.319,758,0
20140407,49.319,49.319,49.319,49.319,510,0
20140408,49.368,49.397,49.368,49.397,4787,0
20140409,49.407,49.417,49.407,49.417,3158,0
20140414,49.387,49.436,49.319,49.407,3679,0
20140415,49.358,49.358,49.358,49.358,306,0
20140416,49.417,49.417,49.417,49.417,283,0
20140417,49.417,49.466,49.417,49.466,29566,0
20140422,49.407,49.407,49.407,49.407,946,0
20140423,49.486,49.583,49.436,49.505,20473,0
20140424,49.486,49.554,49.466,49.476,4579,0
20140425,49.495,49.495,49.495,49.495,2147,0
20140430,49.495,49.534,49.495,49.534,3068,0
20140501,49.583,49.583,49.583,49.583,5113,0
20140505,49.583,49.583,49.583,49.583,2609,0
20140507,49.603,49.603,49.583,49.583,1329,0
20140508,49.534,49.563,49.534,49.563,341,0
20140509,49.603,49.651,49.603,49.623,8204,0
20140512,49.632,49.632,49.632,49.632,715,0
20140515,49.544,49.632,49.544,49.632,286,0
20140516,49.632,49.72,49.632,49.632,1114,0
20140519,49.642,49.642,49.642,49.642,2113,0
20140520,49.681,49.72,49.681,49.72,1328,0
20140521,49.681,49.681,49.681,49.681,102,0
20140522,49.681,49.681,49.681,49.681,1459,0
20140527,49.71,49.71,49.71,49.71,812,0
20140528,49.71,49.71,49.71,49.71,1440,0
20140529,49.681,49.681,49.681,49.681,3518,0
20140530,49.661,49.661,49.661,49.661,1023,0
20140602,49.671,49.73,49.671,49.73,1478,0
20140603,49.661,49.661,49.661,49.661,418,0
20140604,49.7,49.759,49.7,49.759,2772,0
20140605,49.778,49.778,49.778,49.778,1432,0
20140606,49.74,49.74,49.74,49.74,131,0
20140609,49.778,49.798,49.778,49.798,435,0
20140610,49.798,49.798,49.798,49.798,102,0
20140611,49.837,49.857,49.837,49.857,9018,0
20140612,49.867,49.877,49.847,49.847,31557,0
20140613,49.837,49.867,49.837,49.867,5419,0
20140616,49.837,49.837,49.778,49.788,8988,0
20140617,49.927,50.046,49.927,50.046,50172,0
20140619,49.878,49.878,49.878,49.878,47961,0
20140620,49.888,49.888,49.888,49.888,1562,0
20140624,49.927,49.927,49.927,49.927,101,0
20140625,49.947,49.947,49.898,49.898,47770,0
20140626,49.898,49.898,49.898,49.898,2216,0
20140627,49.898,49.898,49.898,49.898,1817,0
20140701,49.927,49.957,49.927,49.957,387,0
20140702,49.927,49.927,49.898,49.898,4131,0
20140708,49.908,49.947,49.908,49.947,739,0
20140709,49.927,49.957,49.927,49.957,2026,0
20140710,49.908,49.908,49.908,49.908,425,0
20140714,49.947,49.987,49.937,49.977,15266,0
20140715,50.007,50.007,50.007,50.007,609,0
20140716,50.007,50.017,50.007,50.017,5390,0
20140717,49.937,49.937,49.927,49.927,1813,0
20140718,50.007,50.007,49.927,49.927,840,0
20140721,50.007,50.007,50.007,50.007,750,0
20140722,50.007,50.007,50.007,50.007,1136,0
20140723,50.017,50.017,50.017,50.017,2015,0
20140724,50.017,50.017,50.017,50.017,2216,0
20140728,50.007,50.007,49.927,49.957,1941,0
20140729,50.007,50.027,50.007,50.027,1898,0
20140730,50.037,50.037,50.037,50.037,1530,0
20140801,49.937,49.937,49.937,49.937,1106,0
20140804,49.957,49.957,49.957,49.957,605,0
20140806,50.027,50.066,50.027,50.066,2804,0
20140807,50.007,50.066,50.007,50.066,1813,0
20140821,50.096,50.096,50.046,50.056,2264,0
20140828,50.046,50.126,50.027,50.126,4646,0
20140829,50.156,50.215,50.146,50.146,3629,0
20140902,50.076,50.076,50.076,50.076,412,0
20140903,50.076,50.076,50.076,50.076,101,0
20140904,50.086,50.136,50.086,50.136,901,0
20140905,50.136,50.136,50.136,50.136,319,0
20140908,50.176,50.215,50.176,50.215,4181,0
20140909,50.176,50.225,50.176,50.225,1193,0
20140911,50.225,50.225,50.136,50.136,4520,0
20140912,50.225,50.225,50.225,50.225,49483,0
20140915,50.305,50.305,50.275,50.275,479,0
20140916,50.245,50.275,50.245,50.245,3347,0
20140917,50.26,50.27,50.17,50.2,2380,0
20140922,50.27,50.27,50.19,50.19,701,0
20140923,50.28,50.28,50.28,50.28,1384,0
20140926,50.28,50.28,50.28,50.28,770,0
20140929,50.28,50.28,50.28,50.28,504,0
20141001,50.32,50.32,50.3,50.3,1100,0
20141002,50.25,50.3,50.23,50.3,3200,0
20141003,50.32,50.32,50.32,50.32,270,0
20141007,50.3,50.3,50.3,50.3,304,0
20141008,50.3,50.3,50.3,50.3,300,0
20141009,50.32,50.32,50.32,50.32,1500,0
20141013,50.32,50.32,50.3,50.3,2870,0
20141015,50.31,50.32,50.23,50.23,4117,0
20141016,50.24,50.32,50.24,50.32,828,0
20141017,50.24,50.24,50.24,50.24,270,0
20141020,50.24,50.33,50.24,50.33,807,0
20141021,50.34,50.35,50.33,50.33,2210,0
20141022,50.33,50.33,50.31,50.31,1942,0
20141023,50.31,50.31,50.31,50.31,110,0
20141024,50.31,50.31,50.3,50.3,626,0
20141027,50.31,50.31,50.3,50.31,800,0
20141028,50.31,50.31,50.31,50.31,255,0
20141029,50.33,50.33,50.33,50.33,600,0
20141030,50.28,50.28,50.28,50.28,298,0
20141031,50.5,50.56,50.32,50.4,11509,0
20141103,50.34,50.34,50.34,50.34,1100,0
20141104,50.34,50.36,50.34,50.36,1700,0
20141106,50.38,50.38,50.37,50.38,1600,0
20141107,50.34,50.34,50.34,50.34,100,0
20141114,50.38,50.38,50.38,50.38,300,0
20141117,50.39,50.41,50.39,50.41,2000,0
20141118,50.41,50.42,50.41,50.42,1269,0
20141120,50.42,50.42,50.41,50.41,600,0
20141121,50.43,50.43,50.43,50.43,820,0
20141124,50.43,50.43,50.43,50.43,310,0
20141125,50.44,50.44,50.43,50.44,1109,0
20141128,50.45,50.46,50.45,50.46,200,0
20141201,50.5,50.5,50.5,50.5,3963,0
20141202,50.52,50.52,50.52,50.52,500,0
20141204,50.55,50.58,50.55,50.58,962,0
20141205,50.56,50.56,50.55,50.55,939,0
20141209,50.6,50.7,50.6,50.6,1441,0
20141211,50.56,50.56,50.56,50.56,175,0
20141212,50.62,50.7,50.62,50.68,3309,0
20141215,50.62,50.69,50.62,50.62,1670,0
20141216,50.27,50.32,50.27,50.32,1474,0
20141217,50.32,50.32,50.3,50.31,3488,0
20141218,50.33,50.33,50.28,50.28,852,0
20141219,50.36,50.36,50.36,50.36,581,0
20141224,50.32,50.32,50.32,50.32,446,0
20141226,50.36,50.36,50.35,50.36,2027,0
20141229,50.36,50.36,50.36,50.36,289,0
20150102,50.35,50.35,50.35,50.35,848,0
20150107,50.36,50.36,50.35,50.35,670,0
20150109,50.47,50.47,50.47,50.47,1025,0
20150112,50.45,50.45,50.45,50.45,1085,0
20150114,50.39,50.39,50.39,50.39,200,0
20150122,50.41,50.5,50.41,50.42,1700,0
20150123,50.41,50.41,50.41,50.41,420,0
20150126,50.4,50.4,50.4,50.4,282,0
20150127,50.41,50.41,50.41,50.41,205,0
20150128,50.42,50.42,50.41,50.41,808,0
20150129,50.42,50.5,50.42,50.5,200,0
20150205,50.4,50.4,50.4,50.4,248,0
20150209,50.4,50.4,50.4,50.4,567,0
20150210,50.54,50.54,50.4,50.4,470,0
20150211,50.4,50.5,50.39,50.41,1785,0
20150212,50.5,50.5,50.39,50.39,436,0
20150213,50.42,50.43,50.42,50.42,1135,0
20150217,50.55,50.55,50.41,50.41,1000,0
20150218,50.42,50.42,50.42,50.42,249,0
20150220,50.53,50.54,50.42,50.42,786,0
20150223,50.42,50.42,50.42,50.42,83579,0
20150224,50.44,50.44,50.44,50.44,1708,0
20150225,50.46,50.46,50.46,50.46,340,0
20150302,50.45,50.45,50.45,50.45,157,0
20150304,50.45,50.45,50.45,50.45,417,0
20150305,50.45,50.45,50.45,50.45,195,0
20150306,50.54,50.54,50.47,50.5,1289,0
20150309,50.48,50.48,50.43,50.44,86272,0
20150317,50.12,50.12,50.12,50.12,500,0
20150323,50.47,50.47,50.47,50.47,500,0
20150324,50.15,50.15,50.15,50.15,573,0
20150327,50.325,50.325,50.325,50.325,130,0
20150401,50.21,50.21,50.21,50.21,130,0
20150402,50.24,50.24,50.21,50.22,1824,0
20150406,50.21,50.24,50.21,50.24,1719,0
20150407,50.22,50.28,50.22,50.28,481,0
20150408,50.24,50.24,50.24,50.24,100,0
20150410,50.25,50.25,50.25,50.25,100,0
20150413,50.25,50.25,50.25,50.25,850,0
20150414,50.28,50.29,50.28,50.29,1852,0
20150415,50.35,50.35,50.35,50.35,500,0
20150416,50.31,50.31,50.26,50.26,1021,0
20150417,50.26,50.26,50.26,50.26,234,0
20150420,50.27,50.27,50.25,50.25,2095,0
20150421,50.29,50.43,50.29,50.43,3681,0
20150422,50.27,50.27,50.27,50.27,152,0
20150424,50.291,50.291,50.291,50.291,326,0
20150427,50.43,50.44,50.43,50.44,400,0
20150430,50.3,50.3,50.3,50.3,195,0
20150505,50.3,50.35,50.3,50.35,424,0
20150511,50.32,50.32,50.3,50.3,2712,0
20150512,50.3,50.47,50.3,50.47,280,0
20150515,50.32,50.32,50.32,50.32,233,0
20150519,50.4,50.4,50.4,50.4,111,0
20150520,50.37,50.37,50.37,50.37,600,0
20150521,50.4,50.41,50.4,50.41,300,0
20150522,50.37,50.42,50.34,50.42,2192,0
20150527,50.34,50.35,50.34,50.35,800,0
20150528,50.41,50.41,50.41,50.41,200,0
20150529,50.38,50.38,50.38,50.38,178,0
20150601,50.36,50.36,50.36,50.36,210,0
20150602,50.36,50.388,50.36,50.37,1566,0
20150603,50.37,50.37,50.37,50.37,275,0
20150604,50.37,50.44,50.37,50.41,4200,0
20150605,50.45,50.47,50.447,50.47,6000,0
20150608,50.47,50.5,50.465,50.5,3200,0
20150609,50.45,50.45,50.45,50.45,334,0
20150610,50.47,50.475,50.45,50.45,1344,0
20150611,50.45,50.45,50.45,50.45,500,0
20150612,50.506,50.506,50.46,50.46,606,0
20150615,50.59,50.59,50.47,50.47,400,0
20150616,50.48,50.503,50.476,50.503,6836,0
20150617,50.03,50.21,50.03,50.21,8600,0
20150618,50.15,50.24,50.15,50.2,7100,0
20150619,50.2,50.25,50.2,50.25,13500,0
20150622,50.23,50.23,50.2,50.2,19300,0
20150623,50.2,50.22,50.17,50.17,38817,0
20150624,50.17,50.24,50.16,50.24,27200,0
20150625,50.21,50.24,50.21,50.21,2344,0
20150626,50.22,50.22,50.22,50.22,434,0
20150629,50.22,50.22,50.22,50.22,384,0
20150630,50.28,50.28,50.22,50.22,500,0
20150701,50.228,50.228,50.228,50.228,100,0
20150702,50.25,50.26,50.25,50.26,2350,0
20150707,50.25,50.3,50.25,50.3,4000,0
20150708,50.3,50.34,50.25,50.25,6300,0
20150709,50.25,50.3,50.25,50.3,3740,0
20150715,50.32,50.32,50.31,50.31,2300,0
20150716,50.35,50.35,50.34,50.35,2819,0
20150717,50.39,50.39,50.37,50.37,2199,0
20150720,50.36,50.41,50.36,50.41,719,0
20150721,50.385,50.401,50.37,50.37,2297,0
20150722,50.36,50.36,50.36,50.36,100,0
20150723,50.36,50.36,50.36,50.36,100,0
20150724,50.35,50.35,50.35,50.35,1500,0
20150731,50.37,50.37,50.353,50.353,600,0
20150803,50.37,50.37,50.37,50.37,100,0
20150804,50.33,50.33,50.33,50.33,153,0
20150805,50.35,50.36,50.35,50.36,229,0
20150810,50.37,50.403,50.37,50.38,14589,0
20150811,50.38,50.45,50.38,50.45,1100,0
20150818,50.47,50.47,50.47,50.47,2200,0
20150819,50.47,50.47,50.47,50.47,2100,0
20150820,50.49,50.49,50.49,50.49,400,0
20150824,50.44,50.48,50.44,50.48,796,0
20150825,50.46,50.46,50.46,50.46,137,0
20150826,50.44,50.52,50.44,50.471,4112,0
20150827,50.47,50.48,50.47,50.48,308,0
20150831,50.48,50.528,50.48,50.528,5797,0
20150901,50.49,50.56,50.49,50.56,400,0
20150908,50.75,50.75,50.75,50.75,168,0
20150909,50.756,50.756,50.756,50.756,100,0
20150910,50.947,51,50.9,50.95,8559,0
20150911,50.88,50.88,50.85,50.85,2100,0
20150916,50.95,50.96,50.91,50.95,4000,0
20150923,50.914,50.914,50.82,50.82,325,0
20150924,50.43,50.43,50.41,50.41,1000,0
20151005,50.95,50.95,50.95,50.95,300,0
20151008,50.55,50.55,50.55,50.55,300,0
20151026,50.51,50.55,50.51,50.55,1202,0
20151029,50.51,50.51,50.51,50.51,108,0
20151030,50.51,50.51,50.51,50.51,100,0
20151112,50.55,50.55,50.52,50.52,419,0
20151113,50.73,50.73,50.73,50.73,300,0
20151120,50.75,50.75,50.75,50.75,300,0
20151124,51,51.07,51,51,3000,0
20151201,51,51,51,51,120,0
20151202,51,51.03,51,51.03,800,0
20151204,51.03,51.03,51.03,51.03,600,0
20151210,51.31,51.31,51.31,51.31,600,0
20151216,52.565,52.565,52.565,52.565,100,0
20151221,51.128,51.255,50.86,51.227,1360,0
20151228,50.9,50.9,50.8,50.85,1758,0
20151229,50.86,50.886,50.86,50.886,407,0
20151231,51.12,51.12,51.103,51.12,1500,0
20160104,51.1,51.1,51.1,51.1,200,0
20160111,50.96,50.96,50.95,50.95,1956,0
20160112,51.1999,51.2,51.1999,51.2,796,0
20160113,51.2,51.2,51.2,51.2,400,0
20160201,51.7,51.8,51.7,51.8,811,0
20160202,51.78,51.78,51.78,51.78,200,0
20160204,51.15,51.15,50.9,50.9,700,0
20160211,50.94,50.94,50.91,50.91,561,0
20160212,50.91,50.93,50.91,50.93,427,0
20160216,50.85,50.85,50.85,50.85,325,0
20160217,50.93,50.93,50.93,50.93,359,0
20160218,50.981,51.08,50.981,50.99,1189,0
20160219,50.97,51.1883,50.97,51.1883,203,0
20160223,50.91,50.91,50.9,50.9,4900,0
20160224,50.92,50.9301,50.92,50.9301,2061,0
20160225,50.95,50.9978,50.95,50.9978,1684,0
20160226,50.95,50.96,50.95,50.95,2000,0
20160304,51.01,51.108,51,51,7697,0
20160316,51.05,51.45,51.05,51.0501,469,0
20160329,50.7,51.2037,50.7,50.75,2676,0
20160401,51.05,51.05,50.9001,50.9001,534,0
20160407,50.8,50.8,50.8,50.8,1042,0
20160420,51.1,51.1,51.1,51.1,200,0
20160422,51.1,51.1,51.1,51.1,100,0
20160425,51.1,51.1,51.1,51.1,300,0
20160426,51.09,51.09,51.05,51.05,1437,0
20160428,51.12,51.12,50.9,50.9,2664,0
20160503,51.11,51.11,51.11,51.11,114,0
20160505,51.16,51.25,51.16,51.16,800,0
20160509,51.16,51.6,51.13,51.2,4575,0
20160511,51.232,51.232,51.232,51.232,100,0
20160517,51.21,51.21,51.2,51.2,964,0
20160519,51.1501,51.1501,51.1501,51.1501,1500,0
20160523,51.15,51.1899,50.75,50.85,1584,0
20160524,51.05,51.3,51.05,51.3,204,0
20160525,51.2509,51.26,51.1936,51.2206,1514,0
20160527,51.22,51.22,51.22,51.22,375,0
20160601,51.2521,51.2521,51.05,51.05,1014,0
20160606,51.11,51.11,51.11,51.11,163,0
20160607,51.1999,51.325,51.06,51.1671,14504,0
20160608,51.2,51.6,51.19,51.36,8187,0
20160609,51.4,51.49,51.05,51.14,14718,0
20160610,51.15,52.2499,51.15,51.18,3398,0
20160613,51.42,51.42,51.42,51.42,300,0
20160614,51.21,51.42,51.16,51.26,900,0
20160616,50.85,50.85,50.81,50.83,1767,0
20160621,50.8201,51.4,50.8201,50.83,4874,0
20160622,50.84,51.415,50.84,51.415,500,0
20160623,51.0198,51.197,51.0198,51.197,789,0
20160627,51.4,51.4,51.4,51.4,100,0
20160630,50.89,52.2399,50.89,51.15,3646,0
20160705,51.05,51.05,51.05,51.05,1499,0
20160711,51.3,51.54,51.3,51.5001,2100,0
20160713,51.1238,51.433,51.1238,51.2191,4137,0
20160714,51.11,51.11,51.1,51.11,2600,0
20160715,51.39,51.39,51.05,51.3836,1927,0
20160721,51.15,51.22,51.15,51.15,400,0
20160726,51.25,51.25,51.23,51.23,200,0
20160729,51.26,51.26,51.05,51.05,1834,0
20160808,51.12,51.12,51.12,51.12,1324,0
20160809,51.2358,51.2358,51.2358,51.2358,247,0
20160815,51.2,51.47,51.2,51.31,806,0
20160816,51.31,51.53,51.2,51.37,6370,0
20160817,51.29,51.56,51.29,51.56,8006,0
20160819,51.56,51.56,51.3,51.47,7000,0
20160822,51.57,51.57,51.31,51.54,2118,0
20160823,51.77,51.77,51.33,51.57,1724,0
20160824,51.69,51.69,51.33,51.3721,2264,0
20160825,51.44,51.62,51.43,51.54,3001,0
20160826,51.7,51.7,51.46,51.55,1101,0
20160829,51.69,51.69,51.42,51.56,1601,0
20160830,51.65,51.73,51.47,51.59,2507,0
20160831,51.58,51.72,51.47,51.6,1915,0
20160901,51.5325,51.72,51.47,51.47,2165,0
20160902,51.84,51.84,51.49,51.73,1415,0
20160907,51.71,51.71,51.41,51.51,2009,0
20160908,51.41,51.71,51.41,51.56,1355,0
20160909,51.81,51.83,51.34,51.34,5199,0
20160912,51.59,51.65,51.46,51.58,1106,0
20160913,51.65,51.68,51.48,51.54,1404,0
20160914,51.35,51.64,51.35,51.64,302,0
20160915,51.2,51.24,51.1875,51.24,1301,0
20160916,51.2,51.33,51.2,51.33,1201,0
20160919,51.32,51.34,51.12,51.26,1618,0
20160920,51.2,51.21,51.14,51.2,1904,0
20160921,51.32,51.36,51.13,51.2521,3539,0
20160922,51.24,51.45,50.82,51,8349,0
20160923,50.95,51.12,50.95,51.05,18951,0
20160926,51.05,51.27,51.05,51.15,10010,0
20160927,51.36,51.39,51.2,51.3,6722,0
20160928,51.19,51.4,51.12,51.13,13735,0
20161004,51.1634,51.1634,51.14,51.16,7876,0
20161010,51.14,51.2536,51.14,51.2536,610,0
20161021,51.4,51.4,51.4,51.4,200,0
20161025,51.21,51.65,51.21,51.5731,3087,0
20161027,51.25,51.2969,51.25,51.2969,977,0
20161103,51.26,51.3419,51.26,51.2901,344,0
20161107,51.21,51.3307,51.21,51.3307,384,0
20161109,51.8,51.8,51.8,51.8,100,0
20161110,51.8,51.8,51.8,51.8,100,0
20161111,51.8,51.8,51.8,51.8,142,0
20161114,51.26,51.26,51.21,51.21,979,0
20161117,51.21,51.21,51.21,51.21,100,0
20161118,51.21,51.21,51.21,51.21,100,0
20161121,51.21,51.21,51.21,51.21,100,0
20161122,51.21,51.21,51.21,51.21,100,0
20161128,51.22,51.22,51.21,51.21,1136,0
20161130,51.21,51.21,51.21,51.21,100,0
20161201,51.22,51.22,51.22,51.22,117,0
20161205,51.25,51.26,51.25,51.26,417,0
20161206,51.28,51.28,51.28,51.28,248,0
20161208,51.3,51.3,51.3,51.3,145,0
20161209,51.4,51.4,51.3232,51.4,7130,0
20161213,51.3823,51.3823,51.27,51.27,3181,0
20161214,51.26,51.27,51.26,51.27,288,0
20161215,50.806,50.806,50.806,50.806,167,0
20161216,50.8,50.8,50.8,50.8,100,0
20161219,50.8,50.9616,50.8,50.85,1600,0
20170103,50.85,50.9765,50.85,50.9765,500,0
20170106,50.9,51.1011,50.9,51.1011,5304,0
20170109,51.02,51.02,51.02,51.02,100,0
20170110,51.03,51.03,51.03,51.03,100,0
20170112,51.03,51.03,51.03,51.03,100,0
20170117,51.03,51.438,51.03,51.438,254,0
20170118,51.03,51.03,51.03,51.03,100,0
20170120,51.1218,51.1218,51.06,51.06,573,0
20170123,51.05,51.1795,51.05,51.145,376,0
20170125,51.06,51.06,51.06,51.06,225,0
20170126,51.1489,51.1489,51.1,51.1,447,0
20170131,51.06,51.06,51.06,51.06,1002,0
20170201,51.09,51.09,51.09,51.09,100,0
20170202,51.15,51.15,51.09,51.09,442,0
20170203,51.09,51.09,51.09,51.09,626,0
20170207,51.16,51.5053,51.16,51.3,5650,0
20170208,51.2702,51.33,51.21,51.33,959,0
20170209,51.23,51.35,51.23,51.35,2836,0
20170210,51.22,51.74,51.22,51.74,900,0
20170213,51.24,51.24,51.24,51.24,100,0
20170214,51.26,51.26,51.26,51.26,480,0
20170215,51.24,51.4025,51.24,51.4025,250,0
20170216,51.3175,51.3175,51.3175,51.3175,194,0
20170217,51.24,51.24,51.24,51.24,100,0
20170221,51.25,51.25,51.25,51.25,100,0
20170223,51.25,51.25,51.25,51.25,100,0
20170224,51.26,51.3369,51.26,51.3369,524,0
20170301,51.35,51.35,51.3,51.3,265,0
20170302,51.3,51.3,51.3,51.3,988,0
20170307,51.3,51.425,51.3,51.377,1636,0
20170308,51.3,51.3835,51.3,51.3,4208,0
20170309,51.31,51.397,51.31,51.397,310,0
20170310,51.33,51.33,51.33,51.33,392,0
20170313,51.31,51.31,51.31,51.31,194,0
20170314,51.31,51.31,50.9967,51,2739,0
20170315,51.05,51.05,51.05,51.05,172,0
20170316,50.922,50.922,50.922,50.922,158,0
20170317,50.8,50.8,50.8,50.8,185,0
20170320,50.82,50.82,50.82,50.82,100,0
20170321,50.9,50.9,50.9,50.9,100,0
20170322,50.95,50.95,50.95,50.95,123,0
20170324,51.0631,51.0631,50.96,51.01,1692,0
20170327,51,51.125,51,51.125,668,0
20170330,51,51.0765,51,51.0765,432,0
20170405,51.0869,51.4256,51.01,51.1795,1564,0
20170406,51.04,51.04,51.04,51.04,128,0
20170417,51.01,51.1288,51.01,51.12,500,0
20170420,51.07,51.07,51.07,51.07,200,0
20170421,51.05,51.052,51.05,51.052,690,0
20170424,51.05,51.05,51.05,51.05,100,0
20170426,51.1,51.1867,51.1,51.1867,1212,0
20170427,51.1,51.1,51.1,51.1,135,0
20170428,51.1,51.1,51.1,51.1,100,0
20170501,51.2,51.25,51.2,51.25,2669,0
20170502,51.25,51.28,51.21,51.21,8432,0
20170503,51.23,51.23,51.23,51.23,4500,0
20170504,51.27,51.27,51.21,51.21,4014,0
20170505,51.23,51.23,51.23,51.23,1200,0
20170509,51.23,51.23,51.23,51.23,2000,0
20170510,51.21,51.2335,51.21,51.2335,1025,0
20170511,51.25,51.25,51.23,51.23,2040,0
20170512,51.05,51.05,51.01,51.01,1635,0
20170515,51.07,51.07,51.07,51.07,140,0
20170516,51.07,51.07,51.07,51.07,140,0
20170517,51.06,51.15,51.06,51.11,2042,0
20170523,51.1601,51.1601,51.1601,51.1601,199,0
20170531,51.18,51.18,51.18,51.18,400,0
20170605,51.18,51.18,51.1587,51.18,1637,0
20170606,51.18,51.26,51.18,51.26,2092,0
20170612,51.3,51.3,51.3,51.3,600,0
20170613,51.399,51.4,51.3,51.3,915,0
20170619,50.85,50.8923,50.8125,50.8923,1860,0
20170623,50.8301,50.915,50.7,50.7,1181,0
20170626,50.7,50.7,50.7,50.7,100,0
20170627,50.7,50.7,50.7,50.7,101,0
20170628,50.71,50.71,50.71,50.71,100,0
20170630,50.75,51.0037,50.75,51.0037,200,0
20170705,50.8,50.8757,50.8,50.8757,337,0
20170706,50.8698,50.8698,50.81,50.81,313,0
20170707,50.81,50.81,50.81,50.81,100,0
20170711,51.1,54.453,51.085,51.1,2404,0
20170712,51.05,51.05,50.82,50.82,600,0
20170718,51.1056,51.13,50.95,51,10721,0
20170719,51,51,51,51,3710,0
20170720,51,51,51,51,1900,0
20170724,50.87,50.87,50.84,50.87,406,0
20170727,50.84,50.84,50.84,50.84,353,0
20170731,50.75,50.9,50.7499,50.9,11486,0
