Date,Open,High,Low,Close,Volume,OpenInt
20100823,23.416,23.889,23.406,23.67,3115,0
20100824,23.67,23.846,23.67,23.713,4135,0
20100825,23.88,23.889,23.846,23.854,1026,0
20100826,23.67,23.723,23.67,23.705,685,0
20100827,23.766,23.889,23.713,23.81,4963,0
20100830,24.195,24.195,24.02,24.02,1483,0
20100831,23.959,23.976,23.88,23.976,1939,0
20100901,24.083,24.195,24.083,24.195,458,0
20100902,24.546,24.546,23.88,24.476,6551,0
20100903,24.195,24.372,24.195,24.372,1141,0
20100907,24.195,24.416,24.195,24.416,230,0
20100908,24.985,24.985,24.45,24.889,1996,0
20100909,25.099,25.099,24.809,25.072,3426,0
20100910,24.853,24.879,24.231,24.231,6746,0
20100913,24.126,24.231,23.468,23.468,17885,0
20100914,23.688,24.249,23.688,24.013,4128,0
20100915,22.811,24.24,22.811,23.933,4705,0
20100916,24.091,24.091,23.67,23.889,4078,0
20100917,23.67,23.88,23.451,23.88,6592,0
20100920,23.889,24.046,23.783,23.783,853,0
20100921,23.854,24.073,23.854,24.073,2360,0
20100922,24.073,24.293,23.758,24.108,2486,0
20100923,23.889,24.732,23.889,24.732,6341,0
20100924,24.942,25.23,24.327,24.327,1710,0
20100927,24.336,24.336,24.083,24.108,7570,0
20100928,24.406,24.406,23.898,23.898,1496,0
20100929,24.529,24.723,24.099,24.108,4141,0
20100930,24.327,24.747,24.327,24.546,1887,0
20101001,24.747,24.809,24.747,24.809,1597,0
20101004,24.546,24.766,24.108,24.353,1784,0
20101005,24.353,24.353,24.265,24.275,3984,0
20101006,24.546,24.677,24.205,24.249,2744,0
20101007,24.766,24.766,24.502,24.502,343,0
20101008,24.793,24.809,24.327,24.793,3520,0
20101011,24.766,24.802,24.677,24.747,856,0
20101012,23.723,24.738,23.723,24.738,3890,0
20101013,24.809,24.809,24.363,24.363,1251,0
20101014,24.205,24.423,24.205,24.283,4796,0
20101015,24.126,24.495,24.126,24.495,1377,0
20101018,24.686,24.713,24.24,24.59,1951,0
20101019,23.766,24.766,23.443,24.116,7907,0
20101020,24.336,24.372,24.223,24.223,1497,0
20101021,24.179,24.372,23.758,24.372,2533,0
20101022,23.758,24.283,23.758,24.064,3079,0
20101025,24.265,24.949,24.116,24.116,8336,0
20101026,24.195,24.416,24.195,24.24,1522,0
20101027,23.792,23.828,23.758,23.801,1087,0
20101028,23.801,23.801,23.231,23.476,7368,0
20101029,23.643,23.67,23.336,23.354,1768,0
20101101,23.766,23.766,23.346,23.346,1601,0
20101102,23.564,23.758,23.539,23.758,2431,0
20101103,23.758,23.758,23.451,23.661,4215,0
20101104,23.67,23.88,23.67,23.88,1660,0
20101105,24.038,24.143,23.898,23.898,3735,0
20101108,23.898,23.898,23.468,23.88,4949,0
20101109,23.88,23.88,23.88,23.88,2097,0
20101110,24.02,24.161,23.443,23.661,1990,0
20101111,23.846,24.108,23.625,24.056,6715,0
20101112,23.88,24.143,23.88,24.143,1483,0
20101115,24.686,24.686,23.53,23.67,1925,0
20101116,23.67,23.846,23.67,23.723,1236,0
20101117,24.02,24.17,23.846,23.846,1248,0
20101118,23.95,24.17,23.679,23.679,1542,0
20101119,23.564,23.573,23.564,23.573,458,0
20101122,23.363,23.846,23.363,23.468,1939,0
20101123,23.67,24.372,23.67,24.108,5578,0
20101124,24.108,24.108,23.758,23.801,1254,0
20101129,23.88,24.283,23.88,24.283,1178,0
20101130,23.443,24.24,23.443,23.696,2605,0
20101201,23.713,24.099,23.6,23.679,4391,0
20101202,23.583,23.679,23.547,23.679,2422,0
20101203,23.898,24.283,23.539,23.643,3893,0
20101206,23.643,23.643,23.643,23.643,1026,0
20101207,23.451,23.889,23.451,23.889,3018,0
20101208,23.476,23.792,23.476,23.792,655,0
20101209,23.451,23.494,23.346,23.494,1597,0
20101213,23.328,23.328,23.118,23.118,1825,0
20101215,23.021,23.354,23.013,23.013,1495,0
20101216,23.188,23.363,23.003,23.003,4289,0
20101217,22.97,22.97,22.591,22.793,3598,0
20101220,22.4,22.61,21.934,22.504,3953,0
20101221,22.591,22.854,22.4,22.619,1597,0
20101222,22.784,22.784,22.039,22.619,2165,0
20101227,23.451,23.451,22.793,22.793,1597,0
20101228,23.013,23.013,22.268,22.268,2901,0
20101229,22.354,22.486,22.354,22.486,1200,0
20101230,22.486,22.495,22.486,22.486,2852,0
20101231,22.275,23.705,22.232,22.872,8334,0
20110104,22.619,22.837,22.619,22.837,525,0
20110106,23.416,23.424,23.406,23.424,656,0
20110107,23.398,23.398,22.845,22.881,1540,0
20110110,23.231,23.231,22.915,22.915,1540,0
20110111,22.881,23.231,22.881,23.223,1179,0
20110112,23.056,23.231,22.354,23.231,4038,0
20110113,23.188,23.231,22.802,22.89,1785,0
20110114,22.89,23.363,22.89,23.363,2302,0
20110118,23.319,23.363,22.845,22.845,1713,0
20110119,22.933,22.933,22.933,22.933,145,0
20110120,22.942,23.363,22.845,23.363,4136,0
20110121,23.363,23.363,23.056,23.064,2812,0
20110124,23.354,23.354,23.354,23.354,110,0
20110125,22.6,23.406,22.6,23.406,1740,0
20110126,22.924,23.319,22.924,23.03,2480,0
20110127,23.013,23.406,22.978,22.978,3414,0
20110128,22.97,23.31,22.662,22.802,3336,0
20110131,22.845,22.845,22.845,22.845,382,0
20110201,22.89,23.013,22.89,23.013,341,0
20110202,22.854,23.31,22.854,23.31,1083,0
20110203,23.293,23.31,22.924,22.924,2611,0
20110207,22.9,22.9,22.284,22.863,4257,0
20110208,22.854,22.854,22.689,22.784,2054,0
20110209,22.662,22.67,22.583,22.583,799,0
20110210,22.619,22.793,22.583,22.793,1811,0
20110211,22.872,22.924,22.583,22.793,5103,0
20110214,23.003,23.143,23.003,23.013,3849,0
20110215,23.443,23.443,22.591,22.619,1571,0
20110216,22.837,23.143,22.802,22.802,3841,0
20110218,22.793,22.793,22.619,22.627,981,0
20110222,22.619,22.793,22.574,22.574,1374,0
20110223,22.881,22.881,22.495,22.504,2310,0
20110224,22.53,22.749,22.495,22.591,1608,0
20110225,22.793,22.793,22.574,22.574,911,0
20110228,22.705,22.793,22.53,22.793,1398,0
20110301,22.784,22.793,22.574,22.591,543,0
20110302,22.924,22.96,22.924,22.96,380,0
20110303,22.793,22.793,22.6,22.759,1141,0
20110304,22.793,22.96,22.759,22.96,4896,0
20110307,22.915,22.915,22.627,22.653,1507,0
20110308,22.644,22.89,22.644,22.644,992,0
20110309,22.829,22.829,22.635,22.635,799,0
20110310,22.741,22.741,22.741,22.741,224,0
20110311,22.82,22.829,22.679,22.829,1867,0
20110314,22.829,22.96,22.829,22.9,2498,0
20110315,22.705,22.793,22.635,22.784,2947,0
20110316,22.793,22.907,22.583,22.705,1818,0
20110317,22.705,22.784,22.705,22.784,975,0
20110318,23.013,23.363,23.013,23.363,2852,0
20110321,23.04,23.406,23.021,23.406,2450,0
20110322,23.424,23.424,23.231,23.231,799,0
20110323,23.231,23.451,23.231,23.231,1615,0
20110324,23.25,23.25,23.25,23.25,110,0
20110325,23.082,23.591,23.082,23.591,1620,0
20110328,23.583,23.976,23.24,23.24,3624,0
20110329,23.451,23.67,22.793,23.161,5589,0
20110330,23.214,23.443,23.056,23.056,1179,0
20110331,23.064,23.723,23.064,23.476,8264,0
20110401,23.25,23.625,23.25,23.293,2965,0
20110404,23.494,23.494,22.978,23.073,6012,0
20110405,23.231,23.231,23.143,23.143,593,0
20110406,22.775,23.468,22.775,23.433,1131,0
20110407,23.573,23.573,23.328,23.555,2920,0
20110408,23.625,23.625,22.97,22.97,5539,0
20110411,23.31,23.31,23.152,23.152,2284,0
20110412,23.275,23.443,22.97,23.443,3566,0
20110413,23.25,23.25,23.231,23.231,1740,0
20110414,23.583,23.583,23.275,23.275,341,0
20110415,23.319,23.346,23.302,23.302,1483,0
20110418,23.539,23.539,23.275,23.451,2956,0
20110419,23.653,23.653,23.319,23.521,5589,0
20110420,23.583,23.618,23.583,23.591,1483,0
20110421,23.653,23.67,23.451,23.494,5834,0
20110425,23.583,23.67,23.336,23.661,1810,0
20110426,23.583,23.661,23.293,23.661,4478,0
20110427,23.048,23.31,22.9,23.31,3754,0
20110428,23.266,23.539,23.231,23.319,3393,0
20110429,23.539,23.555,23.328,23.328,3362,0
20110502,23.04,23.424,23.04,23.143,5779,0
20110503,23.451,23.451,23.143,23.143,2284,0
20110504,23.126,23.389,22.97,23.188,7399,0
20110505,23.188,23.433,23.143,23.424,1958,0
20110506,23.231,23.231,23.1,23.1,3227,0
20110509,23.064,23.406,23.003,23.082,3302,0
20110510,23.346,23.354,23.152,23.152,799,0
20110511,23.406,23.406,23.013,23.048,3123,0
20110512,23.013,23.118,23.013,23.013,1157,0
20110516,23.188,23.205,23.188,23.205,877,0
20110517,23.258,23.258,23.013,23.18,3595,0
20110518,23.118,23.118,23.118,23.118,283,0
20110519,23.188,23.231,23.188,23.231,1655,0
20110520,23.143,23.143,23.064,23.064,1370,0
20110523,23.275,23.363,23.064,23.064,2422,0
20110524,23.284,23.284,22.942,23.126,4674,0
20110525,23.266,23.372,23.056,23.091,25386,0
20110526,23.302,23.494,23.231,23.494,3283,0
20110527,23.494,23.494,23.416,23.494,1825,0
20110531,23.433,23.503,23.302,23.302,2624,0
20110601,23.302,23.625,23.25,23.443,24134,0
20110602,23.319,23.933,23.231,23.451,26689,0
20110603,23.31,23.406,23.073,23.302,67503,0
20110606,23.363,23.713,23.363,23.661,69658,0
20110607,23.661,23.67,23.539,23.625,3305,0
20110608,23.513,23.513,23.513,23.513,110,0
20110609,23.547,23.846,23.547,23.749,10399,0
20110610,23.67,23.758,23.591,23.758,3709,0
20110613,23.758,23.889,23.6,23.889,1825,0
20110614,23.67,24.003,23.503,23.862,1562,0
20110615,23.783,23.792,23.783,23.792,1544,0
20110616,23.95,24.45,23.872,23.933,3992,0
20110617,24.24,24.319,23.976,23.976,2772,0
20110620,24.179,24.363,24.108,24.108,772,0
20110621,23.933,24.406,23.933,24.406,1254,0
20110622,24.486,24.713,24.416,24.495,4967,0
20110623,23.801,24.853,23.801,24.336,2533,0
20110624,24.546,24.546,24.416,24.423,741,0
20110627,24.416,24.59,24.416,24.45,569,0
20110628,24.283,24.459,24.283,24.302,2258,0
20110629,24.546,24.732,24.205,24.205,3143,0
20110630,23.906,24.546,23.906,24.231,4210,0
20110701,24.546,24.546,24.153,24.153,6837,0
20110705,24.24,24.265,24.24,24.265,638,0
20110706,24.223,24.24,24.116,24.126,1618,0
20110707,24.275,24.275,24.108,24.135,2217,0
20110708,24.046,24.363,23.688,23.846,8894,0
20110711,24.056,24.186,24.056,24.186,1141,0
20110712,24.143,24.275,23.959,23.959,3478,0
20110713,23.976,24.416,23.968,24.416,3955,0
20110714,24.327,24.486,24.302,24.476,2034,0
20110718,24.766,24.766,24.476,24.556,3471,0
20110719,24.502,24.616,24.372,24.616,1369,0
20110720,24.432,24.59,24.108,24.59,4473,0
20110721,24.336,24.336,24.319,24.336,569,0
20110722,24.24,24.24,24.223,24.24,912,0
20110725,24.38,24.416,24.108,24.108,1163,0
20110726,24.126,24.135,24.108,24.135,2912,0
20110727,23.696,24.108,23.688,23.688,5482,0
20110728,23.679,23.986,23.67,23.758,3553,0
20110729,23.976,23.976,23.713,23.713,598,0
20110801,23.976,23.976,23.846,23.846,243,0
20110803,23.88,24.135,23.88,24.135,1491,0
20110804,24.442,24.45,24.108,24.108,1083,0
20110805,24.126,24.126,23.494,23.758,5558,0
20110808,23.801,24.345,23.231,23.468,2567,0
20110809,23.275,24.459,23.275,24.459,1853,0
20110810,24.416,24.416,22.53,24.099,2625,0
20110811,23.889,24.31,23.67,23.67,4619,0
20110812,23.713,24.099,23.713,24.099,639,0
20110815,24.083,24.083,22.644,23.889,2382,0
20110816,24.108,24.302,23.801,23.801,4579,0
20110817,24.108,24.108,23.862,23.862,1495,0
20110818,24.502,24.502,24.459,24.459,341,0
20110819,24.135,24.713,24.108,24.336,1825,0
20110822,24.546,24.546,24.31,24.31,380,0
20110823,25.019,25.037,24.723,25.037,953,0
20110824,25.029,25.293,24.389,24.959,4245,0
20110825,24.635,24.635,24.635,24.635,230,0
20110826,24.975,25.275,24.556,24.556,2613,0
20110829,24.677,25.284,24.677,25.116,2592,0
20110830,24.459,25.16,24.459,24.713,5132,0
20110831,24.942,25.177,24.889,24.905,1710,0
20110901,24.905,24.905,24.59,24.616,998,0
20110902,24.949,24.949,24.599,24.599,1083,0
20110906,24.723,24.985,24.723,24.809,1885,0
20110907,24.809,24.985,24.565,24.565,1799,0
20110908,24.975,24.975,24.686,24.975,1511,0
20110909,24.896,25.16,24.713,25.16,1540,0
20110912,25.317,25.396,25.037,25.354,1953,0
20110913,25.415,25.424,25.037,25.037,1977,0
20110914,25.378,25.607,25.378,25.607,1460,0
20110915,25.424,25.424,25.247,25.247,1825,0
20110916,24.985,24.985,24.985,24.985,854,0
20110919,24.677,25.52,24.677,25.205,3826,0
20110920,25.23,25.424,25.23,25.424,1882,0
20110921,25.205,25.424,25.205,25.424,2625,0
20110922,25.424,25.817,25.205,25.817,1224,0
20110923,25.861,25.861,25.511,25.511,1253,0
20110926,25.861,25.861,25.213,25.256,2318,0
20110927,25.466,25.503,25.256,25.494,1358,0
20110928,25.466,25.466,25.449,25.449,516,0
20110929,25.371,25.853,25.293,25.808,2335,0
20110930,25.336,26.213,25.029,26.213,16337,0
20111003,26.097,26.51,25.915,26.274,8415,0
20111004,25.887,26.291,25.845,25.845,4107,0
20111005,25.615,26.16,24.845,25.222,10982,0
20111006,25.371,25.714,25.345,25.345,4107,0
20111007,25.466,25.643,25.449,25.598,1939,0
20111010,25.853,26.291,25.598,25.598,1176,0
20111011,25.476,26.3,25.476,25.817,2965,0
20111012,26.255,26.291,25.87,25.887,4711,0
20111013,25.878,25.878,25.783,25.87,6045,0
20111014,25.861,25.949,25.774,25.791,885,0
20111017,25.668,26.168,25.668,26.168,1140,0
20111019,26.274,26.326,25.817,25.887,4947,0
20111020,25.817,25.994,25.686,25.976,1141,0
20111021,26.3,26.387,25.861,26.317,2750,0
20111024,26.3,26.3,26.036,26.036,1685,0
20111025,26.125,26.291,25.949,25.949,2910,0
20111026,26.168,26.3,25.686,26.247,3820,0
20111027,26.23,26.37,25.906,26.37,3653,0
20111028,26.081,26.65,26.081,26.125,1452,0
20111031,26.344,26.344,26.344,26.344,416,0
20111101,27.089,27.089,26.176,26.826,4908,0
20111102,26.826,27.423,26.737,26.957,5475,0
20111103,27.605,27.615,26.746,27.386,3831,0
20111104,27.605,27.615,27.002,27.002,2991,0
20111107,26.853,26.853,26.826,26.826,1296,0
20111108,27.002,27.002,26.658,26.658,548,0
20111109,27.353,27.353,26.957,27.019,1252,0
20111110,26.756,27.335,26.151,26.625,2141,0
20111111,26.564,26.564,26.564,26.564,110,0
20111114,27.246,27.246,26.957,27.106,2094,0
20111115,27.063,27.132,26.993,27.132,1839,0
20111116,26.957,27.027,26.746,27.027,4921,0
20111117,26.746,26.879,26.746,26.879,3406,0
20111118,26.816,26.826,26.564,26.564,1740,0
20111121,26.783,26.816,26.564,26.816,971,0
20111122,26.564,26.564,26.361,26.361,2235,0
20111123,26.3,26.3,25.433,26.265,6815,0
20111125,26.3,26.527,26.3,26.527,952,0
20111128,27.176,27.176,27.176,27.176,1495,0
20111129,26.869,27.167,26.869,27.149,2737,0
20111130,27.002,27.167,25.433,27.167,2879,0
20111201,27.132,27.132,27.132,27.132,266,0
20111202,26.957,26.975,26.869,26.957,855,0
20111205,26.317,26.939,26.317,26.58,3100,0
20111206,26.737,26.737,25.485,26.44,5968,0
20111207,26.326,27.132,26.036,27.132,1000,0
20111208,27.089,27.089,27.079,27.079,521,0
20111209,27.176,27.176,26.143,26.195,2336,0
20111212,26.036,27.176,26.036,26.44,2310,0
20111213,27.046,27.237,26.65,27.036,3248,0
20111214,27.089,27.089,26.58,26.58,866,0
20111215,26.3,27.002,25.949,26.914,4028,0
20111216,26.106,26.667,26.081,26.536,3661,0
20111219,27.002,27.002,26.308,26.308,1049,0
20111220,27.089,27.089,26.783,26.783,879,0
20111221,26.564,26.564,26.134,26.134,341,0
20111222,26.862,26.862,26.862,26.862,230,0
20111223,26.3,26.643,26.097,26.406,2795,0
20111227,26.493,26.493,26.283,26.283,343,0
20111228,26.221,26.423,26.221,26.344,2044,0
20111229,26.213,26.3,26.081,26.081,3294,0
20111230,26.195,26.457,26.195,26.457,1585,0
20120103,26.431,26.721,26.387,26.44,1483,0
20120104,26.737,26.737,26.081,26.431,3388,0
20120105,26.3,26.502,26.3,26.502,230,0
20120106,26.519,26.519,26.3,26.3,1546,0
20120109,27.265,27.265,26.564,26.862,1211,0
20120110,26.905,26.914,26.449,26.449,2805,0
20120111,26.869,26.869,26.519,26.606,8418,0
20120112,26.869,26.869,26.853,26.853,926,0
20120113,26.914,27.509,26.914,27.002,3264,0
20120117,27.378,27.378,27.378,27.378,145,0
20120118,27.493,27.493,26.957,27.159,5234,0
20120119,26.957,26.957,26.957,26.957,110,0
20120120,27.132,27.132,26.826,26.826,378,0
20120123,27.132,27.176,26.746,26.746,2472,0
20120124,26.387,26.949,26.344,26.932,1802,0
20120125,26.536,27.079,26.536,27.009,1422,0
20120126,27.027,27.079,26.993,27.072,2511,0
20120127,26.737,27.167,26.695,26.791,3216,0
20120130,27.142,27.246,26.326,27.246,6502,0
20120131,27.22,27.335,26.914,26.914,1812,0
20120201,27.054,27.308,26.572,26.756,3536,0
20120202,26.835,26.835,26.308,26.317,3163,0
20120203,26.686,26.695,26.116,26.378,5704,0
20120206,26.869,26.869,26.274,26.274,2329,0
20120207,26.519,26.643,26.106,26.387,3133,0
20120208,26.606,26.606,25.949,26.466,2834,0
20120209,26.317,26.737,26.317,26.519,2238,0
20120210,26.704,26.704,26.046,26.046,3294,0
20120213,26.274,26.387,26.036,26.036,2989,0
20120214,26.046,26.106,26.046,26.106,850,0
20120215,26.361,26.37,26.255,26.308,1559,0
20120216,26.606,26.658,26.3,26.3,2978,0
20120217,26.317,26.51,25.915,25.924,4044,0
20120221,26.291,26.65,26.283,26.65,3949,0
20120222,26.643,26.667,26.353,26.658,2225,0
20120223,26.353,26.353,26.151,26.3,4143,0
20120224,26.737,26.737,26.134,26.134,6820,0
20120227,26.274,26.519,26.134,26.134,4953,0
20120229,26.353,26.361,25.915,25.915,1899,0
20120301,26.036,26.213,25.756,26.027,3518,0
20120302,25.66,26.423,25.66,26.423,2606,0
20120305,26.423,26.423,26.168,26.168,1408,0
20120306,26.134,26.134,26.081,26.081,2692,0
20120307,26.081,26.081,25.949,25.949,341,0
20120308,26.081,26.589,26.036,26.589,11512,0
20120309,26.957,26.957,26.396,26.564,6118,0
20120312,26.387,26.387,25.976,26.106,1850,0
20120313,26.51,26.606,26.018,26.247,2509,0
20120314,25.896,25.896,25.545,25.545,4090,0
20120315,26.036,26.036,25.994,25.994,3245,0
20120316,26.255,26.283,25.87,25.87,3207,0
20120319,26.186,26.186,25.994,26.16,1702,0
20120320,26.16,26.16,26.16,26.16,649,0
20120321,26.036,26.036,25.52,25.94,5127,0
20120322,25.826,27.089,25.826,26.737,22494,0
20120323,26.519,26.519,26.387,26.406,3760,0
20120326,26.344,26.835,26.3,26.835,7506,0
20120327,26.527,26.527,26.344,26.353,2745,0
20120328,26.737,26.895,26.466,26.862,4551,0
20120329,26.905,27.212,26.905,27.027,569,0
20120330,26.869,26.887,25.878,26.326,6705,0
20120402,26.265,26.493,26.265,26.493,1254,0
20120403,26.519,26.546,26.519,26.546,341,0
20120404,26.51,26.51,26.51,26.51,276,0
20120405,26.106,26.106,26.089,26.089,1710,0
20120409,26.081,26.125,25.433,26.097,2395,0
20120410,25.878,26.081,24.994,25.029,9348,0
20120411,25.643,25.861,25.256,25.466,5315,0
20120412,25.494,26.027,25.293,25.747,5255,0
20120413,25.783,26.195,25.643,26.073,1756,0
20120416,25.87,25.87,25.808,25.808,496,0
20120417,25.808,26.081,25.808,26.081,887,0
20120418,25.449,25.643,25.441,25.643,549,0
20120419,25.783,25.783,25.457,25.485,684,0
20120420,25.643,25.976,25.643,25.976,248,0
20120424,26.344,26.51,26.344,26.466,890,0
20120425,26.466,26.466,26.466,26.466,1060,0
20120426,26.3,26.344,26.3,26.344,2573,0
20120427,26.3,26.51,26.265,26.265,1307,0
20120430,26.255,26.255,26.255,26.255,110,0
20120501,25.861,25.861,25.293,25.607,3790,0
20120502,26.011,26.125,26.011,26.106,879,0
20120503,26.213,26.3,26.213,26.3,569,0
20120504,26.3,26.308,25.686,26.3,5053,0
20120507,26.555,26.826,26.361,26.387,3247,0
20120508,26.387,26.519,26.081,26.519,1899,0
20120510,26.791,26.816,26.476,26.783,1758,0
20120511,26.826,26.826,26.826,26.826,922,0
20120514,26.564,27.046,26.564,27.046,1126,0
20120515,26.966,26.966,26.65,26.905,1621,0
20120516,27.027,27.027,26.466,26.466,1946,0
20120517,26.238,26.238,26.238,26.238,794,0
20120518,26.485,26.485,26.485,26.485,110,0
20120521,26.493,26.519,26.493,26.519,714,0
20120522,26.765,26.765,26.457,26.457,400,0
20120523,26.431,26.737,26.168,26.168,1875,0
20120524,26.221,26.23,26.221,26.23,668,0
20120529,25.878,25.878,25.73,25.73,341,0
20120530,25.651,26.168,25.651,25.878,5969,0
20120531,26.3,26.713,25.826,26.713,3346,0
20120601,26.695,26.695,26.695,26.695,110,0
20120604,25.906,26.344,25.906,26.3,2466,0
20120605,26.036,26.3,26.027,26.3,447,0
20120606,26.055,26.213,26.011,26.213,1539,0
20120607,26.387,26.387,26.176,26.176,458,0
20120608,26.125,26.431,25.957,26.431,1860,0
20120611,26.431,26.686,26.431,26.686,1512,0
20120612,26.176,26.485,25.896,26.3,4732,0
20120613,26.097,26.502,26.089,26.502,855,0
20120614,26.616,26.616,26.616,26.616,110,0
20120615,26.58,26.606,26.476,26.476,2054,0
20120618,26.3,26.564,26.3,26.308,974,0
20120619,27.308,27.308,25.714,26.476,10728,0
20120620,26.564,26.808,26.564,26.808,618,0
20120621,26.783,26.783,26.783,26.783,458,0
20120622,26.3,26.3,26.116,26.116,445,0
20120625,26.476,26.476,26.089,26.3,1082,0
20120626,26.431,26.606,26.431,26.606,470,0
20120628,26.116,26.116,26.116,26.116,140,0
20120629,26.308,26.728,26.308,26.728,1369,0
20120702,26.686,26.737,26.308,26.737,2503,0
20120703,27.079,27.079,26.895,26.895,267,0
20120705,27.019,27.019,27.019,27.019,110,0
20120706,26.606,26.993,26.606,26.993,781,0
20120709,26.625,27.079,26.387,26.791,1650,0
20120710,26.914,27.579,26.65,27.132,5139,0
20120712,27.265,27.493,27.186,27.493,982,0
20120713,27.693,27.834,26.449,27.563,11628,0
20120716,27.563,27.563,27.563,27.563,341,0
20120717,27.597,27.597,27.597,27.597,805,0
20120718,27.738,27.738,27.65,27.703,689,0
20120720,27.431,27.72,27.431,27.72,250,0
20120723,27.685,27.703,27.431,27.431,3121,0
20120725,27.413,27.413,27.413,27.413,170,0
20120726,27.65,27.65,27.439,27.439,341,0
20120727,27.265,27.413,27.265,27.396,3256,0
20120730,27.509,27.589,27.229,27.589,912,0
20120731,27.237,27.605,27.237,27.605,652,0
20120801,27.335,27.335,27.335,27.335,110,0
20120802,27.545,27.597,27.545,27.597,341,0
20120803,27.685,27.703,27.676,27.703,569,0
20120806,27.526,28.036,27.526,28.036,908,0
20120807,27.878,27.878,26.932,27.142,6355,0
20120808,27.063,27.316,27.054,27.316,1398,0
20120809,27.405,27.405,26.536,26.536,2308,0
20120810,27.132,27.343,26.686,26.686,3224,0
20120813,26.65,26.869,26.65,26.728,1394,0
20120814,26.606,26.737,26.597,26.737,1107,0
20120815,26.826,27.132,26.826,27.132,1421,0
20120816,27.046,27.167,26.835,27.159,3058,0
20120821,26.658,26.869,26.658,26.746,4104,0
20120822,26.643,26.643,26.485,26.564,2301,0
20120824,26.774,26.774,26.378,26.44,2410,0
20120827,26.65,26.713,26.44,26.485,3431,0
20120828,26.51,26.51,26.485,26.485,1709,0
20120829,26.564,26.606,26.536,26.536,682,0
20120831,26.695,26.695,26.564,26.625,547,0
20120904,26.774,26.869,26.564,26.658,604,0
20120905,26.869,26.879,26.853,26.879,1047,0
20120906,27.176,27.176,26.939,26.966,1749,0
20120910,27.106,27.106,26.799,27.097,588,0
20120911,26.737,27.063,26.737,27.063,299,0
20120912,26.808,27.132,26.808,26.835,1670,0
20120913,26.869,26.869,26.862,26.862,3312,0
20120914,26.862,26.895,26.862,26.862,4384,0
20120919,26.536,26.993,26.519,26.765,7180,0
20120920,27.079,27.159,26.519,26.536,4821,0
20120921,26.862,26.949,26.862,26.914,3366,0
20120924,27.054,27.079,26.957,27.079,1253,0
20120925,27.159,27.159,27.002,27.002,1301,0
20120926,26.686,26.686,26.519,26.527,3113,0
20120927,26.519,26.564,25.861,26.125,9551,0
20120928,26.431,26.966,26.3,26.923,13238,0
20121001,26.746,26.746,26.737,26.737,302,0
20121002,26.326,26.606,26.308,26.396,4356,0
20121003,26.44,26.44,26.396,26.396,8030,0
20121004,26.51,26.51,26.37,26.378,509,0
20121005,26.527,26.625,26.396,26.625,1990,0
20121008,26.396,26.606,26.396,26.606,616,0
20121009,26.713,26.869,26.606,26.667,1103,0
20121010,26.869,26.869,26.862,26.862,341,0
20121011,26.606,26.606,26.606,26.606,110,0
20121012,26.616,26.616,26.616,26.616,304,0
20121016,26.625,26.65,26.625,26.65,595,0
20121017,26.686,26.686,26.686,26.686,165,0
20121019,26.737,26.737,26.737,26.737,470,0
20121024,26.905,26.905,26.844,26.844,300,0
20121025,26.869,26.869,26.58,26.737,3341,0
20121026,26.905,26.905,26.905,26.905,278,0
20121031,26.597,26.895,26.597,26.658,1174,0
20121101,26.658,26.737,26.449,26.449,2055,0
20121102,26.361,26.658,26.361,26.606,2277,0
20121105,26.317,27.176,26.317,27.176,2472,0
20121106,27.132,27.159,27.132,27.159,831,0
20121107,26.326,26.914,26.326,26.879,2984,0
20121108,27.072,27.298,27.072,27.265,2609,0
20121109,27.298,27.396,27.054,27.176,1486,0
20121112,26.737,26.853,26.737,26.826,1224,0
20121113,26.431,26.606,26.378,26.536,1639,0
20121114,26.335,26.957,26.046,26.046,4112,0
20121115,26.064,26.643,26.064,26.527,4759,0
20121116,26.737,26.835,26.186,26.65,3650,0
20121119,26.44,26.476,26.44,26.476,449,0
20121120,26.274,26.274,26.274,26.274,110,0
20121121,26.221,26.396,26.221,26.3,2315,0
20121123,26.326,26.344,26.326,26.344,397,0
20121126,26.414,26.493,26.396,26.493,1511,0
20121127,26.643,26.869,26.361,26.396,682,0
20121128,26.326,26.485,26.274,26.44,9399,0
20121129,26.238,26.326,25.966,25.966,1758,0
20121130,26.036,26.728,26.036,26.728,3500,0
20121203,26.728,26.728,26.317,26.431,13117,0
20121204,26.431,26.597,26.431,26.597,462,0
20121205,26.308,26.308,26.308,26.308,198,0
20121206,26.116,26.634,26.116,26.634,1168,0
20121207,26.308,26.308,26.308,26.308,628,0
20121210,26.519,26.519,26.485,26.485,440,0
20121211,26.737,26.737,26.308,26.308,458,0
20121212,26.308,26.308,25.695,25.695,4166,0
20121213,25.826,26.186,25.826,25.949,5832,0
20121214,25.87,25.87,25.87,25.87,341,0
20121217,25.766,26.106,25.466,25.949,6539,0
20121218,25.861,25.861,25.485,25.485,1414,0
20121219,25.738,25.808,25.695,25.695,1848,0
20121220,25.536,25.774,25.536,25.686,2446,0
20121221,25.485,26.064,25.466,26.064,5898,0
20121224,25.643,26.064,25.643,25.774,3615,0
20121226,25.791,25.836,25.783,25.836,741,0
20121227,25.774,25.949,25.503,25.503,4667,0
20121228,25.378,25.8,25.3,25.8,12881,0
20121231,25.8,25.94,25.326,25.94,3971,0
20130102,25.73,26.027,25.457,25.817,2498,0
20130103,25.817,26.002,25.817,26.002,1798,0
20130104,26.002,26.002,25.555,25.555,483,0
20130107,26.387,26.597,25.924,26.3,1939,0
20130108,25.581,26.546,25.581,26.536,5047,0
20130109,26.476,26.695,25.424,25.766,2965,0
20130110,26.255,26.283,26.255,26.283,1026,0
20130111,25.817,26.168,25.817,25.836,2442,0
20130114,26.283,26.283,26.081,26.125,829,0
20130115,26.265,26.3,26.23,26.3,2844,0
20130116,26.423,26.905,26.423,26.457,8535,0
20130117,26.116,26.728,26.081,26.168,7423,0
20130118,26.317,26.643,26.317,26.643,977,0
20130122,27.149,27.149,27.079,27.079,1328,0
20130123,26.895,26.895,26.431,26.431,1311,0
20130124,26.406,27.027,26.406,26.527,3038,0
20130125,26.485,26.51,26.485,26.502,1222,0
20130128,26.527,27.027,26.527,26.564,5914,0
20130129,26.857,27.309,26.857,27.114,2641,0
20130130,26.635,26.758,26.635,26.758,352,0
20130131,26.803,26.803,26.803,26.803,522,0
20130201,26.635,26.687,26.635,26.687,1334,0
20130204,26.857,26.857,26.731,26.731,652,0
20130205,26.803,26.803,26.385,26.385,901,0
20130206,26.297,26.626,26.297,26.536,7199,0
20130207,26.251,26.572,26.251,26.359,1785,0
20130208,26.546,26.589,26.376,26.536,732,0
20130211,26.217,26.536,26.209,26.412,3119,0
20130212,26.1,26.527,26.1,26.43,5272,0
20130213,26.323,26.323,26.323,26.323,526,0
20130214,26.536,27.14,26.447,26.447,2204,0
20130215,26.82,26.945,26.447,26.928,1154,0
20130219,26.891,26.945,26.723,26.723,1651,0
20130220,26.635,26.635,26.635,26.635,113,0
20130221,26.731,26.857,26.635,26.678,1878,0
20130222,26.668,26.715,26.484,26.51,5129,0
20130225,26.501,26.607,26.058,26.234,5608,0
20130226,26.2,26.518,26.2,26.359,4675,0
20130227,26.359,26.385,26.359,26.385,563,0
20130228,26.351,26.501,26.351,26.501,1303,0
20130301,26.412,26.439,26.376,26.376,675,0
20130305,26.412,26.705,26.412,26.635,452,0
20130306,26.882,26.882,26.43,26.43,3430,0
20130307,26.891,27.043,26.81,26.891,1914,0
20130308,27.016,27.024,26.981,27.024,2141,0
20130311,26.9,27.069,26.9,27.043,2012,0
20130312,26.687,26.918,26.687,26.918,227,0
20130313,26.731,26.9,26.731,26.768,1128,0
20130314,26.635,26.66,26.635,26.644,1407,0
20130315,26.749,26.749,26.739,26.739,563,0
20130318,26.857,26.928,26.857,26.928,1172,0
20130319,26.723,27.077,26.723,27.077,1140,0
20130320,27.131,27.131,27.131,27.131,366,0
20130321,27.024,27.024,26.989,26.999,790,0
20130322,26.536,26.678,26.475,26.617,3337,0
20130325,26.484,26.678,26.484,26.635,790,0
20130326,26.644,26.963,26.644,26.81,2665,0
20130327,27.327,27.327,27.194,27.194,1085,0
20130328,27.14,27.185,27.14,27.185,227,0
20130401,27.327,27.327,27.283,27.283,452,0
20130403,26.945,26.945,26.945,26.945,137,0
20130404,26.963,26.971,26.945,26.945,3333,0
20130405,27.37,27.37,27.291,27.309,5229,0
20130408,27.131,27.291,27.095,27.104,1374,0
20130409,27.095,27.336,27.077,27.327,2204,0
20130410,27.504,27.948,27.095,27.095,5812,0
20130411,27.486,27.486,27.486,27.486,130,0
20130415,27.522,27.539,27.345,27.539,3718,0
20130416,27.522,27.522,27.237,27.345,2064,0
20130417,27.166,27.709,27.166,27.709,1334,0
20130418,27.593,27.593,27.593,27.593,337,0
20130419,27.584,27.584,27.584,27.584,109,0
20130422,27.194,27.194,27.086,27.086,2024,0
20130423,27.504,27.504,27.095,27.131,3537,0
20130424,27.14,27.434,27.14,27.434,714,0
20130425,27.211,27.478,27.211,27.478,790,0
20130429,27.289,28.063,27.289,28.063,332,0
20130430,27.864,27.864,27.505,27.505,1930,0
20130501,27.397,27.514,27.397,27.514,317,0
20130502,27.81,28.043,27.442,28.043,5396,0
20130503,27.649,28.088,27.595,27.864,2923,0
20130506,27.649,27.729,27.63,27.729,1406,0
20130507,28.017,28.017,27.459,27.469,6009,0
20130508,27.325,27.325,27.289,27.325,3697,0
20130509,27.243,27.387,27.235,27.369,2389,0
20130510,27.54,27.657,27.126,27.657,1817,0
20130513,27.406,27.406,27.325,27.325,446,0
20130514,27.146,27.487,27.146,27.297,1059,0
20130515,27.487,27.496,27.334,27.496,4289,0
20130516,27.621,27.702,27.612,27.702,3975,0
20130517,27.684,27.774,27.531,27.774,3116,0
20130520,27.64,27.64,27.514,27.514,2558,0
20130521,27.568,27.945,27.568,27.64,2336,0
20130522,27.963,27.963,27.667,27.864,1803,0
20130523,27.829,27.864,27.81,27.81,1376,0
20130524,27.774,27.784,27.774,27.784,249,0
20130528,27.63,27.846,27.531,27.846,1036,0
20130529,27.855,27.855,27.64,27.64,779,0
20130530,27.927,27.981,27.837,27.837,1260,0
20130531,27.891,27.891,27.531,27.675,1810,0
20130603,27.568,27.774,27.549,27.774,695,0
20130604,27.568,27.864,27.263,27.864,3449,0
20130605,27.459,27.864,27.271,27.469,1601,0
20130606,27.505,27.568,27.505,27.568,1138,0
20130607,27.568,27.568,27.387,27.387,332,0
20130610,27.387,27.675,27.353,27.433,3619,0
20130611,27.325,27.819,27.325,27.343,852,0
20130612,27.281,27.281,27.225,27.235,2568,0
20130613,27.361,27.361,27.361,27.361,667,0
20130614,26.875,26.875,26.875,26.875,196,0
20130617,27.281,27.281,27.047,27.263,1718,0
20130618,26.884,27.191,25.725,27.037,4230,0
20130619,26.435,26.83,26.255,26.696,5092,0
20130620,26.858,26.858,26.068,26.705,4483,0
20130621,26.875,26.875,26.435,26.452,3191,0
20130624,26.264,26.634,26.264,26.336,2249,0
20130625,26.075,26.875,25.222,26.092,5785,0
20130626,25.572,26.966,25.41,26.966,4960,0
20130627,26.858,26.858,26.562,26.562,3645,0
20130628,27.317,27.327,27.29,27.308,1757,0
20130701,26.947,26.947,26.562,26.578,4733,0
20130702,26.605,26.624,26.605,26.605,435,0
20130703,26.255,26.255,25.357,25.357,3653,0
20130705,26.246,26.246,25.463,25.473,5719,0
20130708,25.382,25.526,25.248,25.526,1721,0
20130709,25.572,25.752,25.501,25.716,2525,0
20130710,25.463,25.698,25.463,25.698,628,0
20130711,25.598,25.734,25.509,25.725,3737,0
20130712,25.843,25.843,25.716,25.716,428,0
20130715,25.716,26.274,25.716,26.068,1464,0
20130716,26.363,26.363,25.886,25.886,556,0
20130717,26.02,26.02,25.501,25.501,5375,0
20130718,24.835,26.068,24.835,25.626,3676,0
20130719,25.276,26.202,25.276,26.202,2716,0
20130722,25.986,26.039,25.429,25.616,782,0
20130723,25.616,25.967,25.42,25.42,3897,0
20130724,25.348,25.905,25.319,25.438,4963,0
20130725,25.348,25.877,25.311,25.877,2253,0
20130726,25.67,25.833,25.636,25.833,1168,0
20130729,25.506,26.271,25.506,26.261,2658,0
20130730,26.251,26.288,25.696,26.28,4784,0
20130731,25.56,25.56,25.56,25.56,328,0
20130801,25.687,25.979,25.687,25.869,1175,0
20130802,25.869,26.006,25.869,26.006,2022,0
20130805,26.052,26.052,26.052,26.052,274,0
20130806,26.242,26.242,25.605,25.751,2060,0
20130807,25.806,25.806,25.806,25.806,107,0
20130808,25.642,25.65,25.642,25.65,458,0
20130809,25.532,25.733,25.506,25.605,2808,0
20130812,25.814,25.814,25.614,25.715,2387,0
20130813,25.706,25.796,25.642,25.751,1353,0
20130814,25.514,25.942,25.514,25.55,3119,0
20130815,25.614,25.852,25.523,25.595,1830,0
20130816,25.623,26.143,25.523,25.523,4323,0
20130819,25.733,25.733,24.748,24.748,11333,0
20130820,24.959,25.086,24.959,25.077,1100,0
20130821,24.84,24.868,23.884,24.339,10248,0
20130822,24.64,24.64,22.999,24.231,4871,0
20130823,24.339,24.339,24.339,24.339,158,0
20130826,24.485,24.485,24.284,24.284,1395,0
20130827,24.047,24.047,23.546,23.957,7234,0
20130828,23.965,23.965,23.236,23.656,2524,0
20130829,23.965,23.965,23.482,23.921,1698,0
20130830,24.038,24.038,24.038,24.038,604,0
20130903,24.757,24.757,24.412,24.457,1889,0
20130904,24.094,24.43,23.965,24.02,3126,0
20130905,23.765,24.094,23.419,24.094,3953,0
20130906,24.303,24.303,23.775,23.775,1430,0
20130909,23.684,24.138,23.602,23.602,1314,0
20130910,23.775,24.138,23.729,23.729,2154,0
20130911,23.738,23.775,23.738,23.775,328,0
20130912,23.729,24.183,23.729,24.13,6192,0
20130913,23.665,23.957,23.656,23.71,2745,0
20130916,23.993,23.993,23.647,23.801,2496,0
20130917,23.647,23.647,23.501,23.602,4158,0
20130918,23.865,23.911,23.811,23.811,6603,0
20130919,23.775,24.094,23.775,24.094,4401,0
20130920,24.13,24.13,24.002,24.002,2100,0
20130923,23.701,24.138,23.701,24.138,7089,0
20130924,23.911,24.202,23.519,24.202,1682,0
20130925,24.183,24.457,23.71,24.457,3360,0
20130926,24.913,24.913,24.412,24.412,3113,0
20130927,24.148,24.457,23.838,24.038,4178,0
20130930,24.094,24.148,23.911,24.148,5468,0
20131001,24.012,24.412,23.619,23.665,6515,0
20131002,23.309,23.865,23.309,23.665,6576,0
20131003,23.82,26.188,23.319,24.512,8046,0
20131004,24.012,24.777,24.012,24.777,328,0
20131007,23.838,24.412,23.838,24.412,1612,0
20131008,23.82,24.548,23.792,23.792,2115,0
20131009,24.047,24.047,23.829,23.929,874,0
20131010,23.838,23.838,23.838,23.838,628,0
20131011,24.13,24.158,23.82,24.158,3979,0
20131014,23.775,24.777,23.775,24.777,5886,0
20131015,24.065,25.633,24.065,24.539,918,0
20131016,24.539,24.585,24.539,24.585,1910,0
20131017,25.095,25.095,24.183,24.713,4106,0
20131018,24.621,24.959,24.621,24.959,714,0
20131021,24.732,24.732,24.676,24.704,9698,0
20131022,24.732,24.804,24.631,24.722,19480,0
20131023,24.748,24.876,24.748,24.868,6769,0
20131024,24.732,24.995,24.732,24.821,3410,0
20131025,24.804,25.296,24.777,25.296,8058,0
20131028,25.278,25.278,25.068,25.068,549,0
20131029,25.385,25.627,25.137,25.627,595,0
20131030,25.276,25.718,25.267,25.718,1266,0
20131031,25.718,26.18,25.303,26.18,4223,0
20131101,25.774,26.551,25.774,25.866,2259,0
20131104,25.884,26.089,25.35,25.498,5003,0
20131105,25.507,25.682,25.311,25.451,1448,0
20131106,25.507,25.617,25.442,25.442,4562,0
20131107,25.424,25.442,25.405,25.442,2669,0
20131108,25.238,25.405,24.62,25.405,6067,0
20131111,24.777,25.498,24.63,25.498,2251,0
20131112,25.718,25.718,24.934,25.137,6131,0
20131113,25.164,25.562,24.934,25.562,3987,0
20131114,24.832,25.562,24.832,25.376,2112,0
20131115,25.692,25.692,25.257,25.395,1334,0
20131118,25.718,25.802,24.684,24.684,5264,0
20131119,24.732,25.129,24.195,25.119,15258,0
20131120,25.376,25.376,25.376,25.376,156,0
20131121,25.35,25.376,25.35,25.376,933,0
20131125,24.704,25.119,24.482,24.704,2996,0
20131126,24.565,25.376,24.565,25.193,1890,0
20131127,25.119,25.193,25.119,25.193,1028,0
20131129,25.488,25.718,25.257,25.257,542,0
20131202,25.58,25.58,24.768,25.119,1299,0
20131203,24.712,25.617,24.684,25.617,2150,0
20131204,25.072,25.58,25.072,25.58,1299,0
20131205,25.58,25.58,25.488,25.488,1131,0
20131206,25.405,25.802,25.303,25.802,758,0
20131209,25.442,25.83,25.442,25.83,1191,0
20131210,25.238,25.321,25.212,25.321,2775,0
20131211,25.229,25.229,25.229,25.229,129,0
20131212,25.229,25.229,25.072,25.072,901,0
20131213,25.488,25.488,24.63,24.925,3930,0
20131216,24.704,25.063,24.704,25.026,5599,0
20131217,25.035,25.58,24.704,24.704,602,0
20131218,24.499,24.944,24.491,24.944,1538,0
20131219,24.482,24.748,24.057,24.241,11631,0
20131220,24.065,24.361,24.057,24.213,4051,0
20131223,24.499,24.63,24.259,24.297,7991,0
20131226,24.509,24.601,24.085,24.241,2221,0
20131227,24.61,24.61,24.251,24.251,1531,0
20131230,24.527,24.527,24.259,24.343,4992,0
20131231,24.343,24.638,24.176,24.638,5643,0
20140102,24.638,24.684,24.435,24.684,3995,0
20140103,24.425,25.119,24.425,24.675,1763,0
20140106,24.944,25.285,24.934,25.285,1337,0
20140107,25.376,25.395,24.961,24.961,1531,0
20140108,25.58,25.58,25.008,25.008,1671,0
20140109,25.395,25.849,25.303,25.303,1842,0
20140110,25.533,25.746,25.35,25.746,4855,0
20140113,25.71,25.736,25.71,25.736,668,0
20140114,25.84,25.84,25.311,25.311,1307,0
20140115,25.498,25.516,25.498,25.516,971,0
20140116,25.83,25.83,25.376,25.376,878,0
20140117,25.756,26.421,25.756,26.217,8167,0
20140121,26.135,26.135,26.135,26.135,248,0
20140122,26.403,26.412,25.81,25.84,2494,0
20140123,26.43,26.43,26.291,26.412,1400,0
20140124,26.595,26.66,26.365,26.365,2983,0
20140127,26.126,26.551,26.126,26.541,2440,0
20140128,26.725,26.734,26.689,26.734,1594,0
20140129,27.104,27.104,25.962,25.962,2708,0
20140130,26.553,26.553,25.776,26.337,809,0
20140131,26.337,26.337,25.962,26.132,1080,0
20140203,26.374,26.374,26.374,26.374,326,0
20140204,25.737,25.737,25.719,25.719,754,0
20140205,25.767,26.01,25.346,26.01,4274,0
20140206,25.439,26.047,25.439,26.047,1148,0
20140207,25.486,25.934,25.456,25.934,866,0
20140210,25.261,25.466,24.98,25.466,2066,0
20140211,25.261,25.261,25.261,25.261,609,0
20140212,25.261,25.579,24.85,25.391,4272,0
20140213,24.475,25.261,24.465,25.261,6360,0
20140214,24.804,25.496,24.804,25.14,3461,0
20140218,25.261,25.476,25.092,25.167,1602,0
20140219,25.57,25.57,25.131,25.14,2552,0
20140220,25.486,25.663,25.167,25.496,2221,0
20140221,25.176,25.514,25.149,25.514,2325,0
20140224,25.281,25.281,25.261,25.261,2336,0
20140225,25.271,25.43,25.261,25.411,1283,0
20140226,25.121,25.476,24.428,25.439,23539,0
20140227,25.233,26.712,25.224,25.812,8488,0
20140228,25.776,26.328,25.776,25.962,3054,0
20140303,25.962,26.187,25.747,25.747,2470,0
20140304,25.785,25.962,25.785,25.917,3454,0
20140305,26.44,26.514,26.44,26.514,873,0
20140306,26.112,26.637,26.112,26.337,3651,0
20140307,25.812,27.273,25.812,26.262,12391,0
20140310,26.234,26.664,26.197,26.664,1404,0
20140311,27.077,27.077,26.243,26.374,555,0
20140312,26.337,26.936,26.057,26.843,6345,0
20140313,26.374,26.805,26.374,26.805,379,0
20140314,26.197,26.664,26.197,26.664,797,0
20140317,26.664,26.664,26.243,26.243,1168,0
20140318,26.318,26.318,26.318,26.318,933,0
20140319,26.58,26.664,26.216,26.216,3576,0
20140320,26.075,26.543,25.962,26.197,12852,0
20140321,25.934,26.057,25.877,26.01,1759,0
20140324,26.262,26.468,26.057,26.067,4665,0
20140325,26.654,26.654,25.785,26.177,6663,0
20140326,26.563,26.563,25.869,25.869,2565,0
20140327,25.869,25.897,25.663,25.804,8555,0
20140328,25.729,25.859,25.411,25.737,10855,0
20140331,25.729,26.15,25.466,26.15,86693,0
20140401,26.001,26.102,25.776,25.812,21902,0
20140402,25.812,26.168,25.682,26.168,186899,0
20140403,26.374,26.374,25.776,26.102,3711,0
20140404,26.412,26.422,25.869,26.422,2469,0
20140407,26.102,26.422,26.057,26.422,8498,0
20140408,26.262,26.412,26.102,26.412,2522,0
20140409,26.431,26.431,25.785,26.243,3288,0
20140410,26.01,26.347,25.934,25.934,931,0
20140411,26.431,26.431,25.832,26.197,5416,0
20140414,26.197,26.197,26.197,26.197,2727,0
20140415,25.972,26.431,25.869,26.085,6275,0
20140416,26.15,26.15,25.934,26.01,911,0
20140417,26.197,26.328,25.907,25.917,2860,0
20140421,25.822,26.037,25.654,25.701,2837,0
20140422,25.869,26.197,25.869,26.112,6338,0
20140423,26.15,26.44,26.018,26.44,6578,0
20140424,26.449,26.654,26.449,26.654,1165,0
20140425,26.488,26.496,26.478,26.478,1872,0
20140428,26.728,26.728,26.35,26.453,3375,0
20140429,26.539,27.497,26.539,27.392,4873,0
20140430,26.985,27.592,26.985,27.402,3932,0
20140501,27.411,27.781,27.411,27.781,1843,0
20140502,27.762,27.762,27.762,27.762,445,0
20140505,27.819,27.819,27.24,27.24,2436,0
20140506,27.819,27.819,27.497,27.507,3037,0
20140507,27.507,27.619,27.402,27.592,3005,0
20140508,27.497,27.497,27.279,27.279,920,0
20140509,27.316,27.316,27.316,27.316,435,0
20140512,27.326,27.326,26.966,26.966,991,0
20140513,27.364,27.364,27.364,27.364,212,0
20140514,26.795,27.032,26.786,27.032,2930,0
20140515,27.364,27.364,26.737,26.757,1255,0
20140516,27.174,27.658,26.823,26.88,1884,0
20140519,26.928,26.928,26.786,26.786,1558,0
20140520,26.576,27.221,26.576,27.221,2764,0
20140521,26.786,26.833,26.786,26.833,2334,0
20140522,26.909,26.909,26.88,26.88,543,0
20140523,26.737,26.786,26.074,26.634,18861,0
20140527,26.292,26.52,26.292,26.52,591,0
20140528,26.549,26.737,26.549,26.737,4247,0
20140529,26.823,26.889,26.823,26.889,1294,0
20140530,26.407,26.407,26.407,26.407,2109,0
20140602,26.691,26.975,26.691,26.889,1652,0
20140603,26.416,26.786,26.387,26.786,3021,0
20140604,26.576,26.576,26.576,26.576,472,0
20140605,26.368,26.52,26.368,26.52,987,0
20140606,26.34,26.652,26.34,26.652,2398,0
20140609,26.274,26.302,25.941,26.198,18615,0
20140610,26.216,26.311,26.122,26.311,3817,0
20140611,26.35,26.35,26.35,26.35,922,0
20140612,26.33,26.492,26.33,26.492,1029,0
20140613,26.142,26.453,26.074,26.074,1700,0
20140616,26.142,26.634,26.142,26.576,2982,0
20140617,26.245,26.549,26.245,26.549,845,0
20140618,26.549,26.549,26.539,26.539,1389,0
20140619,26.264,26.311,26.264,26.311,784,0
20140620,26.311,26.311,26.311,26.311,343,0
20140623,26.463,26.909,26.132,26.35,24500,0
20140624,26.776,26.928,26.216,26.52,12289,0
20140625,26.274,26.671,26.169,26.35,12801,0
20140626,26.208,26.407,26.208,26.407,505,0
20140627,26.453,26.453,26.216,26.216,373,0
20140701,26.434,26.434,26.378,26.378,1264,0
20140702,26.378,26.559,26.302,26.559,1688,0
20140703,26.311,26.311,26.178,26.283,2984,0
20140707,26.066,26.444,26.066,26.425,6929,0
20140708,26.586,26.586,26.586,26.586,472,0
20140709,26.368,26.368,26.35,26.35,1435,0
20140710,26.321,26.321,26.178,26.178,3132,0
20140711,26.368,26.368,26.368,26.368,369,0
20140714,26.397,26.595,26.397,26.595,1236,0
20140715,26.549,26.549,26.539,26.539,2094,0
20140716,26.539,26.539,26.539,26.539,422,0
20140717,26.378,26.407,26.216,26.245,2246,0
20140718,26.444,26.453,26.444,26.453,628,0
20140721,26.501,26.501,26.169,26.169,2670,0
20140723,26.074,26.416,26.046,26.416,4119,0
20140724,26.245,26.274,26,26.274,3045,0
20140725,26.33,26.387,26.283,26.387,2565,0
20140728,26.593,27.007,26.593,26.844,3463,0
20140729,27.122,27.122,26.771,26.79,6317,0
20140730,26.8,27.034,26.79,26.985,3153,0
20140731,26.683,26.683,26.547,26.547,888,0
20140801,26.547,26.683,26.498,26.683,3823,0
20140804,26.819,26.868,26.567,26.849,6265,0
20140805,26.741,26.741,26.741,26.741,375,0
20140806,26.741,26.741,26.713,26.722,1112,0
20140807,26.741,27.57,26.741,27.472,2373,0
20140811,27.18,27.18,26.449,26.449,12961,0
20140812,26.645,26.645,26.381,26.557,3508,0
20140813,26.439,26.439,26.439,26.439,629,0
20140814,26.489,26.693,26.342,26.449,20867,0
20140815,26.645,26.693,26.42,26.635,3883,0
20140818,26.713,26.713,26.449,26.498,1756,0
20140819,26.352,26.585,26.342,26.401,9101,0
20140820,26.225,26.595,26.225,26.401,8322,0
20140821,26.381,26.585,26.381,26.498,2603,0
20140822,26.245,26.585,26.167,26.43,10332,0
20140825,26.575,26.575,26.401,26.401,725,0
20140826,26.361,26.361,26.361,26.361,373,0
20140827,26.645,26.683,26.645,26.683,1000,0
20140828,26.645,26.809,26.489,26.809,1186,0
20140829,26.79,27.131,26.79,27.131,5243,0
20140902,27.141,27.141,26.985,26.985,4434,0
20140903,26.897,27.219,26.839,27.219,2501,0
20140904,26.653,26.839,26.653,26.8,4370,0
20140905,26.917,27.014,26.917,27.014,529,0
20140908,26.809,26.975,26.809,26.975,1272,0
20140909,27.219,27.219,27.209,27.219,2220,0
20140910,27.209,27.209,27.053,27.053,3099,0
20140911,27.16,27.16,27.082,27.122,1356,0
20140912,27.19,27.19,27.18,27.19,4221,0
20140915,27.19,27.258,27.053,27.16,2977,0
20140916,26.907,27.248,26.907,27.248,1596,0
20140917,27.258,27.278,27.15,27.18,4376,0
20140918,27.122,27.472,27.122,27.472,2410,0
20140919,26.703,26.936,26.703,26.936,4324,0
20140922,27.024,27.024,26.771,27.014,2121,0
20140923,26.946,27.287,26.946,27.014,13858,0
20140924,26.731,27.092,26.731,26.936,2125,0
20140925,27.131,27.131,26.985,27.014,828,0
20140926,26.829,27.296,26.829,27.296,826,0
20140929,27.374,27.939,27.15,27.18,2799,0
20140930,27.219,28.3,27.219,28.251,560,0
20141001,27.755,27.755,27.346,27.346,1699,0
20141002,27.278,27.56,27.18,27.404,8440,0
20141003,27.521,27.521,27.502,27.502,620,0
20141006,27.755,27.755,26.946,27.755,1316,0
20141007,27.686,27.803,27.034,27.667,2293,0
20141008,27.677,27.755,27.599,27.677,3324,0
20141009,27.209,27.667,26.985,27.667,5850,0
20141010,27.852,27.881,27.53,27.53,5580,0
20141013,27.492,27.492,27.141,27.141,675,0
20141014,27.228,27.228,26.985,27.141,1541,0
20141015,27.131,27.521,26.966,27.521,1746,0
20141016,27.521,27.521,27.521,27.521,1932,0
20141017,27.424,27.511,27.424,27.511,1232,0
20141020,27.228,27.278,27.228,27.278,869,0
20141021,26.887,27.278,26.887,27.278,5652,0
20141022,27.258,27.258,26.956,26.956,388,0
20141023,27.278,27.278,26.975,27.278,8370,0
20141024,27.278,27.53,27.034,27.278,6580,0
20141027,27.511,27.511,27.112,27.112,532,0
20141028,27.278,27.306,26.897,26.897,4733,0
20141029,27.376,27.386,27.189,27.189,1490,0
20141030,27.268,27.268,27.268,27.268,221,0
20141031,27.91,27.91,27.683,27.752,11511,0
20141103,27.771,27.771,27.663,27.771,1478,0
20141104,27.702,27.929,27.702,27.762,5505,0
20141105,27.742,27.742,27.742,27.742,1207,0
20141106,27.91,28.048,27.564,27.564,10707,0
20141107,27.653,28.581,27.653,27.949,3189,0
20141110,27.9,28.512,27.831,28.315,3286,0
20141111,28.305,28.305,27.949,27.949,5040,0
20141112,28.384,28.384,28.245,28.245,999,0
20141113,28.157,28.157,28.157,28.157,144,0
20141114,28.502,28.502,28.502,28.502,248,0
20141117,28.601,28.601,28.245,28.344,6395,0
20141118,28.117,28.443,27.979,27.979,2812,0
20141119,28.147,28.147,28.147,28.147,1596,0
20141120,28.147,28.147,28.147,28.147,303,0
20141121,28.394,28.532,28.048,28.048,3438,0
20141125,28.048,28.048,28.048,28.048,307,0
20141126,28.058,28.196,28.048,28.147,1855,0
20141128,28.354,28.364,28.354,28.354,458,0
20141201,27.85,28.295,27.85,28.295,1182,0
20141202,28.018,28.206,27.999,28.176,2261,0
20141203,28.018,28.255,28.018,28.255,551,0
20141204,28.087,28.087,27.939,28.048,1352,0
20141205,27.959,27.959,27.959,27.959,1515,0
20141208,28.097,28.275,27.92,28.275,3598,0
20141209,28.275,28.443,27.9,28.443,3958,0
20141210,28.631,28.631,27.445,27.92,5671,0
20141211,27.554,28.048,27.505,28.048,1519,0
20141212,27.712,28.068,27.702,28.068,1280,0
20141215,28.048,28.048,28.048,28.048,1122,0
20141216,27.653,27.653,27.653,27.653,231,0
20141217,27.307,27.485,27.258,27.485,1797,0
20141218,27.554,27.584,27.366,27.485,3756,0
20141219,27.574,27.574,27.07,27.07,4480,0
20141222,26.715,27.189,26.695,26.695,15221,0
20141223,26.843,28.018,26.784,28.018,22400,0
20141226,27.673,27.801,27.366,27.801,594,0
20141229,27.653,27.653,27.376,27.623,1785,0
20141230,27.623,27.623,27.258,27.465,3586,0
20141231,27.594,28.226,27.396,28.226,12573,0
20150102,27.801,28.522,27.801,28.265,4839,0
20150105,27.357,27.9,27.357,27.9,5410,0
20150106,28.078,28.394,27.91,28.394,6075,0
20150107,28.324,28.334,28.305,28.305,13883,0
20150108,28.334,28.354,28.305,28.305,3965,0
20150109,28.394,28.394,27.406,28.216,3190,0
20150112,28.048,28.324,27.702,28.295,6382,0
20150113,28.492,28.492,28.344,28.344,1497,0
20150114,28.147,28.344,28.048,28.285,1768,0
20150115,28.561,28.561,28.087,28.295,1130,0
20150116,27.89,28.522,27.89,28.522,1344,0
20150120,29.085,29.085,28.729,28.848,5613,0
20150121,29.411,30.329,29.006,29.006,5201,0
20150122,29.697,29.954,29.302,29.598,5101,0
20150123,28.838,29.598,28.838,29.134,1938,0
20150126,28.68,29.253,28.64,29.253,2870,0
20150127,29.381,29.875,29.381,29.875,2310,0
20150128,29.77,29.77,29.64,29.64,749,0
20150129,29.8,30.48,29.8,30.48,2848,0
20150130,30.45,31.4,30.45,31,5523,0
20150202,30.6,31,30.5,30.5,1519,0
20150203,30.37,30.37,30.2,30.2,1381,0
20150204,29.27,29.61,29.27,29.58,5386,0
20150205,29.47,29.75,29.04,29.61,2249,0
20150206,29.7,30.19,29.65,29.65,939,0
20150209,29.14,29.5,29.14,29.41,1422,0
20150210,30,30,29,29.02,2460,0
20150211,29.45,29.45,29.21,29.21,553,0
20150212,30.33,30.33,29.47,30.12,1254,0
20150213,30.34,30.34,29.5,29.5,1271,0
20150217,30.15,30.18,29.58,29.58,3268,0
20150218,30,30,29.28,29.28,2045,0
20150219,29.2,29.5,29.2,29.5,967,0
20150220,29.16,29.19,29.14,29.19,1601,0
20150223,28.7,29.19,28.7,29.19,1793,0
20150224,28.75,29.25,28.75,28.99,1019,0
20150225,29.01,29.24,28.99,29.13,4010,0
20150226,29.13,29.51,29.01,29.51,3418,0
20150227,29.7,30.25,29.7,30.25,1308,0
20150302,29.97,30.05,29.3,29.8,1700,0
20150303,30.2,31.34,30.01,31,4460,0
20150304,30.12,30.5,30.12,30.43,4441,0
20150305,30.34,30.44,29.9,30.206,2725,0
20150306,29.4,29.8,29.09,29.8,1226,0
20150309,29.97,29.97,29.703,29.703,475,0
20150310,29.31,29.655,29.31,29.645,3500,0
20150311,29.35,29.73,29.3,29.3,654,0
20150312,29.3,29.619,29,29.071,4193,0
20150316,28.84,29,28.82,28.83,4724,0
20150317,29.05,29.075,29.03,29.075,2905,0
20150318,29.25,29.25,28.81,29.05,5069,0
20150319,29.43,29.43,28.869,28.869,1240,0
20150320,29.4,29.4,28.945,29.21,1850,0
20150323,29.45,29.45,29.003,29.35,2000,0
20150324,28.92,29.46,28.91,29.46,7048,0
20150325,29.32,29.32,29.24,29.28,1698,0
20150326,29.438,29.438,28.651,28.8,12247,0
20150327,29.01,29.25,28.97,28.986,1443,0
20150330,29.26,29.26,29.1,29.1,1115,0
20150331,29.32,29.35,29.021,29.347,949,0
20150401,29.02,29.48,29,29.15,1121,0
20150402,28.82,29,28.82,29,478,0
20150406,28.91,29.07,28.91,29.07,1960,0
20150407,29,29,28.99,29,1280,0
20150408,28.97,29.11,28.95,29.11,2589,0
20150409,29.176,29.301,29.12,29.301,3570,0
20150410,29.239,29.49,28.82,29.49,1982,0
20150413,29.55,29.55,29.21,29.21,500,0
20150414,29.4,31.2,29.4,29.811,12451,0
20150415,30.46,30.46,30.46,30.46,809,0
20150416,30.491,30.5,30.491,30.5,400,0
20150417,30.75,30.861,30,30.75,838,0
20150420,30.15,30.86,29.55,29.55,7579,0
20150421,30.01,30.25,30,30.25,450,0
20150424,30.706,30.706,30,30,526,0
20150427,30.01,30.509,30,30.464,2310,0
20150429,30.238,30.238,29.65,30.13,700,0
20150430,30.2,30.2,29,29.17,3945,0
20150501,29.65,29.65,28.7,29.5,4096,0
20150504,29.24,29.51,28.67,29.51,4605,0
20150505,28.88,29.5,28.5,29,7603,0
20150506,28.5,29.94,28.5,28.74,2135,0
20150507,28.75,29.944,28.75,28.94,3755,0
20150508,29,29.78,29,29.78,562,0
20150511,29.4,29.4,29.21,29.21,363,0
20150512,29.21,29.21,28.5,29,2752,0
20150513,28.67,28.745,28.59,28.745,970,0
20150514,28.59,28.6,28.5,28.5,700,0
20150515,28.97,30.34,28.9,29.5,2685,0
20150518,29.49,30.739,28.9,28.9,1227,0
20150519,28.94,29.03,28.94,28.98,1300,0
20150520,28.901,28.901,28.901,28.901,500,0
20150521,29.3,29.801,29.003,29.801,508,0
20150522,29.57,29.57,29.05,29.56,1134,0
20150526,29.07,29.7,29.07,29.7,1300,0
20150527,29.15,29.3,29.15,29.3,805,0
20150528,29.54,29.9,29.54,29.65,3209,0
20150529,29.65,30.74,29.65,29.95,2060,0
20150601,29.98,29.98,29.34,29.34,2918,0
20150602,29.36,29.5,29.35,29.5,1240,0
20150603,29.3,29.5,29.25,29.5,1525,0
20150604,29.334,29.406,29.334,29.406,765,0
20150605,29.993,29.993,29.95,29.95,789,0
20150608,29.82,29.82,29.82,29.82,500,0
20150609,29.45,29.52,29.26,29.26,2265,0
20150610,29.31,29.31,29.31,29.31,250,0
20150611,29.25,29.25,29.25,29.25,100,0
20150612,29.25,29.25,29.08,29.09,826,0
20150615,29.04,29.04,29.04,29.04,100,0
20150616,29.086,29.086,29.086,29.086,100,0
20150618,29.4,29.42,29.4,29.42,206,0
20150619,29.45,29.75,29.336,29.75,3080,0
20150622,29.03,29.42,28.946,28.946,346,0
20150623,28.91,28.91,28.91,28.91,700,0
20150624,28.97,29.266,28.97,29.266,855,0
20150625,29.997,29.997,29.4,29.4,2400,0
20150626,29.5,29.5,29.5,29.5,900,0
20150629,29.2,29.77,29.05,29.1,2265,0
20150630,29.01,29.15,29.01,29.15,250,0
20150701,29.01,29.01,29.01,29.01,200,0
20150702,29.1,29.65,29.1,29.65,3525,0
20150706,29.63,29.65,29.45,29.65,1601,0
20150707,30.11,30.11,28.9,29.275,870,0
20150708,29.011,29.011,29.011,29.011,100,0
20150709,29.81,29.81,29.097,29.097,310,0
20150710,29.18,29.18,29.16,29.16,400,0
20150714,29.15,29.72,29.15,29.72,5700,0
20150715,29.16,29.474,29.11,29.11,26229,0
20150716,29.1,29.1,28.9,28.91,829,0
20150717,28.9,29.056,28.75,28.75,1279,0
20150720,29.069,29.069,28.75,28.934,2235,0
20150721,29.015,29.015,28.76,28.76,500,0
20150722,29,29,28.937,28.965,805,0
20150723,28.94,28.968,28.94,28.968,1060,0
20150724,29.02,29.02,29.02,29.02,2297,0
20150727,29.28,29.287,28.97,28.97,2625,0
20150728,29.29,29.29,29,29.01,3970,0
20150729,29,29,29,29,500,0
20150731,28.77,29.11,28.77,29,2484,0
20150803,28.85,28.87,28.85,28.85,4600,0
20150804,28.881,28.881,28.881,28.881,121,0
20150806,28.75,28.99,28.75,28.99,2100,0
20150807,29,29.01,28.793,28.793,4100,0
20150810,28.87,28.87,28.56,28.71,1365,0
20150811,28.996,29.05,28.56,29.05,769,0
20150812,29.3,29.3,28.804,28.85,3550,0
20150813,28.68,29.05,28.68,28.939,2400,0
20150814,28.915,29.1,28.58,28.87,1836,0
20150817,29.01,29.01,28.85,28.85,3091,0
20150818,29.15,29.15,28.64,28.7,1581,0
20150819,28.6,28.99,28.56,28.85,3734,0
20150820,28.45,28.91,28.45,28.875,901,0
20150821,28.85,28.85,28.46,28.85,10201,0
20150824,28.34,28.89,28.29,28.89,2033,0
20150825,28.3,28.44,28.29,28.29,600,0
20150826,28.29,28.76,28.29,28.76,1100,0
20150827,28.37,28.37,28.29,28.344,1846,0
20150828,28.5,28.6,28.5,28.599,865,0
20150831,28.55,28.55,28.55,28.55,100,0
20150901,28.61,28.74,28.501,28.74,732,0
20150902,28.5,28.55,28.5,28.5,3425,0
20150903,28.312,28.887,28.312,28.887,400,0
20150904,28.36,28.77,28.29,28.77,608,0
20150908,28.27,28.61,28.26,28.61,803,0
20150909,28.69,28.69,28.43,28.43,313,0
20150911,28.45,28.737,28.45,28.737,439,0
20150914,28.787,28.787,28.753,28.76,3600,0
20150915,28.73,28.73,28.476,28.5,820,0
20150916,28.69,29,28.69,28.857,1900,0
20150917,29.05,29.05,28.8,28.85,1975,0
20150918,28.999,29,28.75,29,2790,0
20150921,29.11,29.69,28.75,29.2,7538,0
20150922,29,29.05,28.734,29.05,1900,0
20150923,29.005,29.125,28.55,28.757,4423,0
20150924,28.441,28.45,28.441,28.446,300,0
20150925,28.73,28.74,28.73,28.74,200,0
20150928,28.6,28.6,28.55,28.55,615,0
20150929,28.55,28.56,28.45,28.46,2300,0
20150930,28.51,29,28.51,28.9,3098,0
20151001,28.9,29,28.9,28.9,765,0
20151002,29,29.04,28.9,28.9,1187,0
20151005,29,29,28.91,28.91,2736,0
20151006,29.25,29.26,28.94,29,2770,0
20151007,29.1,29.45,28.9,29,2475,0
20151008,29,29,28.953,28.953,634,0
20151009,28.944,29,28.944,28.986,780,0
20151012,29.1,29.1,28.85,28.85,1100,0
20151013,28.967,28.98,28.967,28.98,1600,0
20151014,29,29,29,29,1958,0
20151015,29,29.25,28.9,28.99,5127,0
20151016,29,29,28.963,28.963,200,0
20151019,29,29.26,28.9,28.9,5672,0
20151020,29,29.17,29,29.17,300,0
20151021,29,29.2,29,29.2,4421,0
20151022,29.39,29.64,29.38,29.38,2700,0
20151026,29.6,29.6,29.18,29.583,2270,0
20151027,29.17,29.6,29.17,29.6,1725,0
20151028,28.83,29.372,28.83,29.372,2939,0
20151029,29.297,29.297,28.971,29.25,605,0
20151030,29.24,29.25,29.03,29.24,2602,0
20151102,29.14,29.14,29.1,29.1,1812,0
20151103,29.21,29.66,29.21,29.61,3269,0
20151104,29.567,29.747,29.444,29.5,3589,0
20151105,29.5,29.728,29.41,29.45,3414,0
20151106,29.603,29.603,29.02,29.03,6201,0
20151109,29.264,29.5,29.041,29.401,4175,0
20151110,29.372,29.48,29.229,29.229,3447,0
20151111,29.4,29.4,29.305,29.324,1831,0
20151112,29.47,29.5,29.29,29.29,2550,0
20151113,29.16,29.288,29.1,29.17,2875,0
20151116,29.1,29.1,28.72,28.87,6557,0
20151117,28.9,28.9,28.621,28.669,5670,0
20151118,28.85,28.85,28.714,28.714,1115,0
20151119,28.77,28.85,28.77,28.85,9618,0
20151120,28.8,28.85,28.4,28.85,204754,0
20151123,28.8,28.8,28.647,28.73,3358,0
20151124,28.72,28.72,28.72,28.72,100,0
20151125,28.75,29.02,28.712,28.97,8304,0
20151127,28.75,28.75,28.736,28.736,1535,0
20151130,28.73,28.8,28.62,28.8,1500,0
20151201,28.69,28.69,28.571,28.592,6136,0
20151202,28.71,28.72,28.57,28.7,10907,0
20151203,28.71,28.71,28.47,28.61,3420,0
20151204,28.7,28.702,28.58,28.7,4582,0
20151207,28.57,28.75,28.57,28.65,7513,0
20151208,28.74,28.74,28.5,28.623,1825,0
20151209,28.717,28.75,28.535,28.72,2699,0
20151210,28.69,28.73,28.51,28.62,2012,0
20151211,28.65,28.65,28.626,28.626,2850,0
20151214,28.69,28.69,28.27,28.27,3103,0
20151215,28.21,28.65,28.12,28.59,10712,0
20151216,28.65,28.65,28.286,28.65,1182,0
20151217,28.65,28.65,27.539,28.65,1284,0
20151218,28,28.42,27.79,28.42,3025,0
20151221,28.335,28.801,28.32,28.801,1630,0
20151222,28.022,29.04,28.022,29.04,3749,0
20151223,29.425,29.45,29,29.45,1183,0
20151224,29.2,29.2,29.2,29.2,730,0
20151229,29.7,30.12,29.032,29.57,899,0
20151230,28.7,28.7,28.7,28.7,352,0
20151231,29.49,29.7,28.711,29.2499,3431,0
20160104,29.91,30,29.91,29.925,2472,0
20160105,30,30.35,29.64,29.8777,10939,0
20160106,29.2042,30.4999,29.2042,30.4999,2081,0
20160107,30.75,30.75,29.9865,30.5499,8506,0
20160108,30.42,30.42,30.42,30.42,211,0
20160111,29.7501,29.79,29.2601,29.2601,1643,0
20160112,29.48,30.84,29.0101,30.84,1174,0
20160113,29.95,31,29.55,31,2162,0
20160114,30.44,31.0997,30.33,30.33,2309,0
20160119,29.92,29.92,29.92,29.92,0,0
20160120,29.9425,30.35,29.9425,30.35,1082,0
20160121,30.52,30.97,30.1,30.11,1479,0
20160122,29.755,30,29.37,29.9763,4079,0
20160125,30,30,29.35,30,1332,0
20160126,30.37,30.93,30.05,30.602,2752,0
20160127,29.751,30.6,29.751,30.6,3489,0
20160128,29.78,30.11,29.201,29.201,1277,0
20160129,29.8401,30.38,29.8401,30.1649,1357,0
20160201,30.36,30.4,30.3,30.3,560,0
20160202,30.304,30.305,30.304,30.3042,1032,0
20160203,30.3601,30.8,30.3601,30.8,1266,0
20160204,29.65,30.1957,29.65,30.15,3653,0
20160205,30,30.99,29.8699,30.49,7937,0
20160208,30.035,30.9799,29.18,30,3003,0
20160209,29.28,29.6839,29.18,29.65,3662,0
20160210,29,30.47,29,30.47,3067,0
20160211,29.615,31.97,29.615,31.3,3633,0
20160212,30.62,30.63,29.77,30.5719,3247,0
20160216,30.95,31.201,30.28,30.28,2739,0
20160217,31.05,31.084,30.3501,30.8011,2683,0
20160218,30.7771,30.7999,30.16,30.16,3149,0
20160219,30.56,30.75,30.0854,30.75,869,0
20160222,30.14,30.75,29,30.03,10883,0
20160223,29.35,29.97,29.35,29.97,3041,0
20160224,30,30,29.3001,30,2740,0
20160225,29.336,30.15,29.283,30.15,3535,0
20160226,30,30.055,30,30.025,3406,0
20160229,30,30.2362,29.8042,30.2362,6074,0
20160301,29.7968,30,29.5616,29.5616,3636,0
20160302,29.7,29.7,29.6,29.6,1102,0
20160303,29.2501,29.6999,28.74,29.3535,7517,0
20160304,29.18,29.9999,29.1,29.82,10269,0
20160307,29.4174,29.89,29.3468,29.89,4038,0
20160308,29.9,29.9,29.71,29.8,1313,0
20160309,30.43,30.43,29.76,29.87,6138,0
20160310,29.69,29.83,29.6592,29.83,3648,0
20160311,29.49,29.7499,29.478,29.674,3550,0
20160314,30.16,30.16,29.69,30,2696,0
20160315,30,30,29.4,29.4,2611,0
20160316,29.9988,29.9988,29.6334,29.6334,638,0
20160317,30.19,30.19,29.47,29.5,3646,0
20160318,29.35,29.5101,29.26,29.505,20409,0
20160321,29.5501,29.98,29.5501,29.91,8004,0
20160322,29.8991,30.04,29.65,29.65,5494,0
20160323,30.01,30.22,29.7457,30.05,6484,0
20160324,30.0656,30.6,29.843,29.843,4466,0
20160328,30,30.25,30,30,10413,0
20160329,30.0001,30.45,30.0001,30.0001,1983,0
20160331,30.4821,30.58,30.399,30.522,1973,0
20160401,30,30.3,30,30.05,5858,0
20160404,30,30.45,30,30.45,5966,0
20160405,30.07,30.45,30.07,30.45,2537,0
20160406,30.3094,30.45,30.128,30.128,1213,0
20160411,30.89,30.89,30.35,30.35,2014,0
20160412,30.725,31.77,30.725,31.495,2629,0
20160413,31.27,31.48,30.68,30.68,7465,0
20160414,30.66,31.48,30.66,30.99,1756,0
20160415,31.2937,31.2937,30.8004,31.1547,737,0
20160418,30.8964,30.9,30.8964,30.9,510,0
20160419,30.8297,30.8525,30.47,30.75,2294,0
20160420,30.63,31.09,30.6001,30.65,4467,0
20160421,31.14,31.14,30.14,30.5148,6740,0
20160422,31.58,31.6,31.2001,31.6,3028,0
20160425,31.5,31.5,31.05,31.164,1972,0
20160426,31.26,31.5999,31,31,3730,0
20160427,30.55,30.6,30.3,30.3,2131,0
20160428,31.2999,31.2999,30.61,30.74,1500,0
20160429,30.5,31,30.5,30.73,1055,0
20160502,30.75,30.75,30.5439,30.75,2198,0
20160503,31,31.44,30.7,31.44,885,0
20160504,30.47,31.0062,30.47,31.0062,3128,0
20160505,31.0499,31.0499,30.68,31,1127,0
20160506,30.51,30.51,30.5,30.5,676,0
20160509,30.9999,30.9999,30.5014,30.9999,2279,0
20160510,30.774,30.9999,30.7,30.7,1915,0
20160511,30.71,31.1788,30.71,31.05,1911,0
20160512,31.0568,31.066,31.0568,31.066,750,0
20160513,31.08,31.11,31.08,31.1,1422,0
20160516,31.63,31.63,31.41,31.46,1321,0
20160517,30.65,31.7,30.65,31.2,3958,0
20160518,31.599,31.599,31,31,2439,0
20160519,30.737,30.737,30.5,30.5,1067,0
20160520,31.15,31.15,31.15,31.15,172,0
20160523,30.6485,31.6,30.6485,31.6,3693,0
20160524,31.1,31.55,30.8,31.55,4581,0
20160525,31,31.65,31,31.575,1766,0
20160526,31.5795,31.5795,31.1,31.25,2952,0
20160527,31.3401,31.5,31.3401,31.5,677,0
20160531,31.58,31.7,31.48,31.48,5373,0
20160601,31.69,31.69,31.31,31.33,5390,0
20160602,31.0727,31.58,31.0727,31.58,1190,0
20160603,31.68,31.68,31.53,31.53,1615,0
20160606,31.7,31.7,31.25,31.25,711,0
20160607,31.655,31.655,31.54,31.6299,2103,0
20160608,31.2898,31.6,31.2898,31.6,1232,0
20160609,31.6,31.7,31.6,31.7,919,0
20160610,31.6377,31.6377,31.6377,31.6377,470,0
20160613,31.223,31.6099,31.223,31.4626,1460,0
20160614,31.58,31.6999,31.58,31.6999,392,0
20160615,31.58,31.58,31.4816,31.4816,1074,0
20160616,31.48,31.485,31.075,31.075,658,0
20160617,31.447,31.447,31.2109,31.2109,1396,0
20160620,31.4,31.4,31.2942,31.2942,2341,0
20160621,31.3,31.66,31.294,31.66,1122,0
20160622,31.45,31.616,31.4,31.616,933,0
20160623,31.4396,31.4396,31.35,31.35,1978,0
20160627,31.3009,31.3009,31.3009,31.3009,153,0
20160628,31.228,31.6493,31.228,31.6493,912,0
20160629,32.6,32.6,32.2023,32.48,2340,0
20160701,33.2,33.4,33,33,1527,0
20160705,32,33.5423,31.752,33.5423,725,0
20160706,33.43,33.43,33.43,33.43,294,0
20160707,33.69,33.69,32.04,32.2,11449,0
20160708,32.2,32.67,32.2,32.3,4817,0
20160711,33,33,32.35,32.35,2281,0
20160712,32.6,32.9943,32.43,32.829,1506,0
20160713,33.7,33.7,32.53,33.225,2388,0
20160714,33.1424,33.2,33.1424,33.2,899,0
20160715,32.6,33,31.4501,32.565,16179,0
20160718,32.297,33.0101,32.297,32.82,12225,0
20160719,32.3331,32.69,32.1371,32.17,3290,0
20160720,32.5,33,32.4999,32.9795,11638,0
20160721,32.87,32.889,32.66,32.66,1102,0
20160722,32.4,32.8,32.4,32.59,2856,0
20160725,32.8064,32.8999,32.8064,32.8999,705,0
20160726,33.24,33.2929,33,33,2485,0
20160727,32.8199,33.4526,32.71,32.93,7614,0
20160728,32.9,33.02,32.7858,32.7858,2846,0
20160729,33,33,32.75,32.89,4489,0
20160801,32.96,33.3895,32.93,33.3895,1438,0
20160802,32.52,33.34,32.52,33.34,920,0
20160803,33.2999,33.3,32.945,33.3,938,0
20160804,33,33,32.752,32.87,2904,0
20160805,32.6251,32.6251,32.6251,32.6251,1187,0
20160808,33.11,33.11,32.6275,32.6275,3614,0
20160809,33.39,33.39,32.564,32.564,714,0
20160810,32.599,32.599,32.599,32.599,343,0
20160811,32.95,32.95,32.95,32.95,780,0
20160812,32.5,33.391,32.5,32.6999,2917,0
20160815,33.16,33.16,32.55,32.7,2125,0
20160816,33,33.32,32.7,33,9777,0
20160817,32.51,33.2501,31.94,33.03,13974,0
20160818,32.8,32.9,32.8,32.9,678,0
20160819,32.79,32.79,32.5,32.5,486,0
20160822,32.9799,32.9799,32.45,32.45,372,0
20160823,32.31,32.31,32.31,32.31,100,0
20160824,32.5,32.7499,32.31,32.34,2513,0
20160825,32.78,32.78,31.9,31.9,445,0
20160826,32.4474,32.4984,31.9,31.9,1633,0
20160829,31.9,32.65,31.9,32.1,3694,0
20160830,31.87,32.0499,31.87,32.0499,3062,0
20160831,32.023,32.05,32.0032,32.0032,1663,0
20160901,32,32.1601,31.8701,31.89,2202,0
20160902,31.9,31.9598,31.9,31.944,1538,0
20160906,32.94,32.95,32.6001,32.7214,5718,0
20160907,32.9999,33,32.75,32.9118,1131,0
20160908,32.8302,32.8302,32.8302,32.8302,274,0
20160909,33,33,32.6515,32.6515,1816,0
20160912,32.59,32.9501,32.59,32.9,2175,0
20160913,32.1,32.2886,32.01,32.1401,4717,0
20160914,32,32,32,32,506,0
20160915,32.905,32.91,32.8077,32.8077,3875,0
20160916,31.63,31.63,31.5101,31.5101,570,0
20160919,31.657,32,31.657,32,684,0
20160920,31.65,32.4449,31.65,32.4449,784,0
20160921,31.8,32.64,31.7501,32.6,1065,0
20160922,31.864,32.89,31.864,32.2,6680,0
20160923,31.9,31.92,31.9,31.92,634,0
20160926,32.1,32.885,31.75,32.805,1456,0
20160927,32.07,32.07,32,32,1050,0
20160928,31.85,31.85,31.75,31.75,2741,0
20160929,31.95,32,31.86,31.86,1371,0
20160930,31.9939,31.9939,31.85,31.85,2232,0
20161003,32,32.49,32,32.4656,991,0
20161004,32.0001,32.26,32,32.26,1159,0
20161006,32.29,32.59,31.9001,32.03,2271,0
20161007,32.25,32.4957,32.05,32.15,907,0
20161010,32.1,32.1,32,32,388,0
20161011,32.35,32.5799,32.04,32.19,2557,0
20161012,32.4652,32.4652,32.4652,32.4652,208,0
20161013,32,32,31.61,31.61,530,0
20161014,32.56,32.56,32.37,32.5599,1032,0
20161017,32.5599,32.5599,31.804,32.2383,890,0
20161018,32,32.4,32,32.4,2099,0
20161019,32.34,32.34,31.75,31.75,1497,0
20161021,31.97,32.329,31.97,32.329,1150,0
20161024,32.75,32.808,32.4,32.808,1839,0
20161025,32,32.73,32,32.73,1033,0
20161026,32.9,32.9,32.84,32.9,2320,0
20161027,32.83,32.97,32.82,32.97,742,0
20161028,32.95,33.28,32.52,33.02,69890,0
20161031,32.96,33.13,32,32.78,30341,0
20161101,33.05,33.05,32.265,32.2674,1400,0
20161102,32.5,32.5,32.5,32.5,135,0
20161103,32.21,32.7512,32.21,32.61,1164,0
20161104,31.881,31.881,31.881,31.881,377,0
20161107,32.15,32.7475,32.03,32.31,1578,0
20161108,32.1,32.3,32.04,32.2,1774,0
20161109,32.01,32.9999,32.01,32.63,5078,0
20161110,31.2,31.5568,31.15,31.3362,1113,0
20161111,32.022,32.022,30.5489,30.65,2293,0
20161114,30.04,30.62,28.9205,30.62,11446,0
20161115,31.75,32.3593,30.56,30.56,4317,0
20161116,30.63,31,30.32,30.32,1411,0
20161117,30.55,31.093,30.37,30.9,2583,0
20161118,30.9,31.05,30.3431,30.4,5631,0
20161121,30.8,31.3802,30.21,30.9,5275,0
20161122,30.13,30.69,30.11,30.6725,3494,0
20161123,30.94,31.31,30.24,30.73,4512,0
20161128,30.9965,31,30.33,30.51,4599,0
20161129,30.29,30.84,30.03,30.83,12846,0
20161130,30.2894,30.805,30.2894,30.805,1739,0
20161201,30.35,30.51,30.35,30.51,5142,0
20161202,30.58,30.632,30.31,30.51,4744,0
20161205,30.08,30.99,29.824,30.56,3230,0
20161206,30.51,30.7,30.38,30.7,2406,0
20161207,30.62,30.78,30.25,30.78,5578,0
20161208,30.155,30.832,30.155,30.2601,4414,0
20161209,30.15,30.38,30.15,30.38,1886,0
20161212,30.2,30.2,30.13,30.16,7892,0
20161213,30.4,30.4,30.281,30.281,677,0
20161214,30.56,30.56,30.25,30.284,1063,0
20161215,30.26,30.26,28.89,30.2035,10998,0
20161216,29.45,30.6,29.45,30.11,3787,0
20161219,30.11,30.11,30.11,30.11,108,0
20161220,30.51,30.703,30.21,30.25,2813,0
20161221,30.25,30.8432,30.11,30.28,26699,0
20161222,30.23,30.75,30.23,30.75,7037,0
20161223,30.05,30.38,30.05,30.35,1020,0
20161227,30.16,30.3,30.07,30.07,2108,0
20161228,30.1,30.61,30.09,30.61,2800,0
20161230,30.09,30.8059,30.09,30.64,1995,0
20170103,31,31.833,30.79,31.833,3682,0
20170104,32.2,32.44,30.3621,30.3621,8064,0
20170105,30.7,30.792,30.6601,30.73,1615,0
20170106,31.5,31.51,30.86,30.9978,4777,0
20170109,31.0155,31.0155,31.0155,31.0155,1000,0
20170110,30.61,31.18,30.61,31.18,643,0
20170112,31.5,31.5,30.72,30.81,2889,0
20170113,31.7,31.7,31.0313,31.4,3230,0
20170117,32,32.08,31.6034,31.7,5336,0
20170118,31.62,32.05,31.6,32.05,1613,0
20170119,32.1,32.1,31.41,31.41,2286,0
20170123,31.23,31.6459,31.2,31.24,3912,0
20170124,31.3,31.8904,31.21,31.7552,4163,0
20170125,31.5,31.5,30.84,30.9,6409,0
20170126,30.71,30.88,30.44,30.56,10015,0
20170127,30.65,30.69,30.3,30.3,2349,0
20170131,30.69,30.93,30.51,30.64,4150,0
20170201,30.98,30.98,30.5137,30.9166,1541,0
20170202,31.09,31.39,31.09,31.39,1570,0
20170203,31.4999,31.4999,30.9928,31.26,1838,0
20170206,31.88,31.88,31.757,31.757,275,0
20170207,31.27,31.84,31.27,31.7518,2299,0
20170208,31.26,32.45,31.26,32.3,4062,0
20170209,31.7088,32.476,31.7088,32.476,1086,0
20170210,32.45,32.45,31.9,32.1599,3146,0
20170213,31.92,32.3514,31.671,31.8,2119,0
20170214,31.89,32.57,31.89,32.5,1509,0
20170215,32.5,32.5,32.02,32.0959,1437,0
20170216,32.5,32.5,32,32.317,14901,0
20170217,33.25,33.25,32.25,32.2984,4522,0
20170221,32.8467,32.8467,32.8467,32.8467,278,0
20170222,32.5,32.5,32.25,32.25,32476,0
20170223,32.3453,32.69,32.18,32.25,42858,0
20170224,32,32.4,31.7,31.8657,44246,0
20170227,31.96,32.7281,31.79,32,2190,0
20170228,32,32.5822,31.83,32,13528,0
20170301,32.2,32.62,32.1,32.16,4575,0
20170302,32.2,32.2482,31.9,31.9,3999,0
20170303,32.03,32.1112,31.53,31.8147,3690,0
20170306,31.601,32.03,31.5,31.54,3316,0
20170307,31.5,32.08,31.11,31.44,5655,0
20170308,31.5347,31.7871,31.1367,31.45,8336,0
20170309,31.03,31.4,31,31,9766,0
20170310,31.25,31.2582,30.84,30.961,5955,0
20170313,30.9515,31.08,30.95,31.08,1270,0
20170314,31,31.2376,31,31.1272,1790,0
20170315,31.0226,31.0226,31.0226,31.0226,132,0
20170316,31.1897,31.2723,31.09,31.1,2970,0
20170317,31.18,31.4876,31.18,31.4265,1503,0
20170320,31.03,31.49,31.03,31.49,3063,0
20170321,31.67,31.67,31.45,31.59,2430,0
20170322,31.74,31.74,31.1901,31.74,3402,0
20170323,31.71,31.74,31.71,31.74,569,0
20170324,31.17,31.3075,31.16,31.3075,1899,0
20170327,31.32,31.71,31.21,31.3001,3114,0
20170328,31.4,31.4,31.4,31.4,989,0
20170329,31.55,31.55,31.55,31.55,275,0
20170330,31.7,31.78,31.7,31.78,500,0
20170331,31.7735,31.78,31.7735,31.78,881,0
20170403,31.36,31.72,31.36,31.57,5493,0
20170404,31.44,31.54,31.4,31.5,6066,0
20170405,31.78,31.81,31.64,31.81,2548,0
20170406,31.8252,31.99,31.6972,31.99,2910,0
20170407,32.11,32.11,32.02,32.02,402,0
20170410,32.41,32.41,31.999,32.23,2856,0
20170411,32,32.0001,31.95,31.95,2250,0
20170412,31.97,31.97,31.95,31.95,612,0
20170413,32.3899,32.39,32.1853,32.39,2493,0
20170417,32.39,32.39,32.29,32.29,537,0
20170418,32.12,32.39,32.12,32.3606,2626,0
20170419,32.36,32.39,32.2925,32.2925,3023,0
20170420,32.068,32.44,32,32.4,4629,0
20170421,32.27,32.38,32,32.3704,2870,0
20170424,32.29,32.47,32.29,32.4301,1586,0
20170425,32.25,32.62,32,32.2077,1765,0
20170426,32.5,33.2,32.13,32.4466,4215,0
20170427,32.4345,33.5,32.27,33.18,8549,0
20170428,32.7,32.7,32.7,32.7,550,0
20170501,33,33,33,33,100,0
20170502,33,33,32.72,32.72,2319,0
20170503,32.55,33.18,32.55,33.18,563,0
20170504,32.18,32.99,31.6,31.6,5340,0
20170505,32.99,33,31.6432,32.1784,2246,0
20170508,32.25,32.546,32,32.546,2656,0
20170509,32.5,32.99,32.5,32.91,6194,0
20170510,33.1,33.1,32.1797,32.1797,2260,0
20170512,32.3,32.34,31.9,32.07,4269,0
20170515,32.2,32.2,32.2,32.2,872,0
20170516,32.42,32.89,32.2946,32.6,3252,0
20170517,32.38,32.38,31.86,32.14,2205,0
20170518,31.52,31.9899,31.52,31.6948,3903,0
20170519,31.55,31.85,31.41,31.85,4261,0
20170522,31.8447,32.948,31.69,32.948,2804,0
20170523,32.77,32.77,31.8821,32.2,3919,0
20170524,31.7,32.293,31.7,32.2,2387,0
20170525,32.3791,32.3791,32.15,32.15,1549,0
20170526,32.9,32.9,32.15,32.17,857,0
20170530,32.7223,32.99,32.5088,32.97,9331,0
20170531,32.73,32.99,32.57,32.6301,3756,0
20170601,32.33,32.7164,32.33,32.5488,810,0
20170602,32.666,32.722,32.666,32.722,401,0
20170605,32.4301,32.8477,32.23,32.23,2311,0
20170606,32.02,32.46,32.02,32.357,4128,0
20170607,32.2732,32.2732,32.17,32.17,316,0
20170608,32.1676,32.1676,32.148,32.148,607,0
20170609,32.06,32.5,31.97,32.0821,3583,0
20170612,32.0801,32.45,32.0801,32.45,2202,0
20170613,32.61,32.61,32.278,32.278,606,0
20170614,32.11,32.508,32.11,32.496,558,0
20170615,32.7577,32.76,32.419,32.419,1010,0
20170616,32.4,32.5692,32.329,32.5692,1991,0
20170619,32.64,32.7739,32.47,32.47,2516,0
20170620,32.2926,32.4,32.25,32.25,2251,0
20170621,32.25,32.25,32.25,32.25,515,0
20170622,32.32,32.32,32.32,32.32,193,0
20170623,32.2041,32.2041,31.97,31.97,1517,0
20170627,32,32.56,32,32.32,2554,0
20170628,31.98,32.4677,31.98,32.18,2690,0
20170629,32,32,31.97,31.97,732,0
20170630,32.07,32.6901,31.97,32.4,2901,0
20170703,32.5,32.83,31.97,32.1,4976,0
20170705,32.16,32.4,32.11,32.4,502,0
20170706,32.42,32.82,32.3,32.58,1170,0
20170707,32.8472,33.016,32.61,32.61,1157,0
20170710,32.4213,33.384,32.4213,33.384,799,0
20170711,32.74,33.2418,32.12,32.67,3973,0
20170712,33.42,33.42,33.29,33.29,786,0
20170713,33.26,33.32,32.63,33.257,1342,0
20170714,33,33.3525,33,33.29,2687,0
20170717,33.25,33.37,33.2,33.29,5671,0
20170718,33.0699,33.3,33,33.19,5238,0
20170720,33.35,33.35,33.2,33.2,904,0
20170721,33.2,33.2025,33.2,33.2,3213,0
20170724,33.49,33.49,32.95,33.2,6644,0
20170725,33.01,33.0496,32.95,32.95,5030,0
20170726,33.42,33.49,32.997,33.15,2236,0
20170727,32.75,32.75,32.75,32.75,177,0
20170728,33,33,32.5,32.53,2596,0
20170731,33.029,33.029,32.867,32.867,1280,0
20170801,33.11,33.11,32.333,33.085,4093,0
