Date,Open,High,Low,Close,Volume,OpenInt
20050225,4.01,4.01,4.01,4.01,1000,0
20050228,3.96,3.99,3.95,3.95,7200,0
20050301,4,4.05,3.94,4.05,800,0
20050302,3.99,3.99,3.97,3.97,2200,0
20050303,3.97,3.97,3.97,3.97,2200,0
20050304,4,4.08,4,4.08,4200,0
20050307,4.17,4.25,4.15,4.25,3200,0
20050308,4.35,4.36,4.16,4.16,5700,0
20050309,4.26,4.33,4.21,4.29,2600,0
20050310,4.2,4.25,4.2,4.25,1200,0
20050311,4.2,4.2,4.2,4.2,400,0
20050314,4.15,4.15,4.15,4.15,100,0
20050321,4.15,4.15,4.15,4.15,100,0
20050323,4.1,4.1,4.1,4.1,500,0
20050324,4.05,4.05,3.97,3.98,900,0
20050328,4.07,5.9,4.05,5,227200,0
20050329,5,5.19,4.49,4.49,26200,0
20050330,4.5,4.5,4.2,4.37,25800,0
20050331,4.3,5.25,4.3,4.8,92600,0
20050401,4.7,4.8,4.33,4.48,19800,0
20050404,4.5,4.5,4.2,4.2,9200,0
20050405,4.2,4.3,4.2,4.3,7300,0
20050406,4.2,4.38,4.2,4.38,3900,0
20050407,4.3,4.3,4.2,4.2,800,0
20050408,4.21,4.21,4.21,4.21,4000,0
20050411,4.21,4.21,4.21,4.21,100,0
20050412,4.19,4.19,4.19,4.19,100,0
20050413,4.18,4.19,4.1,4.1,2300,0
20050414,4.2,4.2,3.96,4,13300,0
20050415,3.92,3.92,3.88,3.88,2600,0
20050418,3.97,3.97,3.9,3.9,1100,0
20050421,3.8,3.8,3.8,3.8,1500,0
20050422,3.7,3.7,3.7,3.7,1000,0
20050425,3.6,3.6,3.42,3.48,9300,0
20050426,3.42,3.42,3.42,3.42,4000,0
20050428,3.49,3.49,3.41,3.45,2300,0
20050429,3.4,3.4,3.26,3.3,2200,0
20050503,3.3,3.3,3.22,3.22,300,0
20050505,3.25,3.28,3.24,3.25,3200,0
20050506,3.3,3.3,3.3,3.3,1000,0
20050509,3.33,3.33,3.33,3.33,500,0
20050510,3.33,3.36,3.33,3.36,2100,0
20050511,3.41,3.46,3.41,3.46,4700,0
20050512,3.4,3.45,3.4,3.45,1800,0
20050513,3.5,3.6,3.5,3.6,2500,0
20050516,3.75,3.75,3.7,3.7,3700,0
20050517,3.75,3.82,3.75,3.8,1300,0
20050518,3.75,3.82,3.75,3.8,2200,0
20050520,3.85,3.85,3.85,3.85,500,0
20050524,3.81,3.91,3.81,3.9,4200,0
20050601,3.84,3.91,3.84,3.91,3800,0
20050603,3.85,3.85,3.74,3.74,1100,0
20050606,3.7,3.7,3.7,3.7,500,0
20050607,3.73,3.8,3.73,3.8,1000,0
20050608,3.82,3.99,3.82,3.99,3800,0
20050610,3.95,4.05,3.95,4.05,2800,0
20050613,4,4.17,4,4.17,1500,0
20050614,4.15,4.2,4.15,4.2,1000,0
20050615,4.25,4.26,4.25,4.25,5600,0
20050616,4.21,4.21,4.17,4.17,2900,0
20050620,4.12,4.29,4.12,4.29,3000,0
20050621,4.25,4.25,4.25,4.25,500,0
20050623,4.25,4.25,4.25,4.25,1800,0
20050624,4.25,4.25,4.25,4.25,300,0
20050628,4.21,4.22,4.21,4.21,1000,0
20050629,4.25,4.25,4.25,4.25,1100,0
20050630,4.16,4.16,4.16,4.16,300,0
20050701,4.2,4.2,4.17,4.17,500,0
20050705,4.2,4.2,4.18,4.18,600,0
20050706,4.19,4.19,4.18,4.18,400,0
20050707,4.2,4.2,4.15,4.15,600,0
20050708,4.08,4.08,4.08,4.08,400,0
20050711,4,4.05,4,4.05,2300,0
20050712,4.1,4.1,4.1,4.1,1400,0
20050713,4.1,4.2,4.1,4.2,2900,0
20050714,4.11,4.11,4.11,4.11,900,0
20050719,4.05,4.05,4.05,4.05,600,0
20050720,4.05,4.05,4.03,4.03,900,0
20050721,4,4,4,4,200,0
20050725,3.93,3.93,3.79,3.8,1500,0
20050726,3.85,4.01,3.84,4.01,2300,0
20050728,3.98,3.98,3.98,3.98,200,0
20050729,3.9,3.99,3.9,3.99,1400,0
20050801,3.95,4.01,3.85,4.01,1700,0
20050802,3.95,3.95,3.83,3.83,500,0
20050803,3.95,3.95,3.95,3.95,1200,0
20050804,3.9,3.9,3.9,3.9,100,0
20050805,3.79,3.79,3.74,3.74,2200,0
20050809,3.8,3.9,3.8,3.9,1300,0
20050810,3.95,3.95,3.88,3.88,600,0
20050811,3.86,3.94,3.86,3.9,3700,0
20050812,3.9,3.9,3.84,3.84,1300,0
20050815,3.74,3.95,3.74,3.78,3800,0
20050816,3.68,3.75,3.68,3.72,1600,0
20050817,3.72,3.72,3.72,3.72,100,0
20050818,3.72,3.73,3.62,3.73,1700,0
20050819,3.77,3.85,3.77,3.85,1000,0
20050823,3.8,3.8,3.8,3.8,200,0
20050829,3.8,3.8,3.78,3.78,200,0
20050830,3.75,3.75,3.75,3.75,100,0
20050902,3.7,3.7,3.7,3.7,300,0
20050907,3.7,3.7,3.69,3.69,600,0
20050908,3.65,3.7,3.65,3.67,2400,0
20050909,3.7,3.7,3.66,3.67,600,0
20050912,3.62,3.62,3.62,3.62,300,0
20050913,3.57,3.65,3.57,3.65,1000,0
20050914,3.6,3.6,3.6,3.6,500,0
20050916,3.6,3.6,3.6,3.6,1700,0
20050919,3.6,3.63,3.55,3.63,700,0
20050922,3.68,3.68,3.68,3.68,200,0
20050927,3.63,3.63,3.6,3.6,300,0
20050930,3.62,3.65,3.62,3.63,400,0
20051003,3.6,3.6,3.45,3.5,3900,0
20051004,3.5,3.5,3.5,3.5,200,0
20051006,3.45,3.45,3.36,3.36,6700,0
20051010,3.5,3.7,3.5,3.7,5200,0
20051011,3.66,3.66,3.5,3.5,4400,0
20051012,3.45,3.45,3.45,3.45,500,0
20051017,3.4,3.5,3.36,3.49,20300,0
20051019,3.54,3.59,3.54,3.59,700,0
20051024,3.58,3.58,3.58,3.58,100,0
20051025,3.55,3.55,3.55,3.55,300,0
20051031,3.6,3.69,3.6,3.69,900,0
20051102,3.63,3.74,3.63,3.68,900,0
20051103,3.71,3.8,3.71,3.75,3700,0
20051104,3.78,3.83,3.7,3.7,1200,0
20051110,3.7,3.7,3.7,3.7,500,0
20051114,3.6,3.6,3.6,3.6,1000,0
20051115,3.55,3.6,3.55,3.6,800,0
20051116,3.5,3.5,3.5,3.5,1100,0
20051117,3.5,3.55,3.5,3.55,300,0
20051122,3.5,3.5,3.5,3.5,1000,0
20051123,3.46,3.46,3.46,3.46,100,0
20051129,3.45,3.45,3.35,3.4,4500,0
20051130,3.45,3.5,3.45,3.5,1000,0
20051202,3.45,3.45,3.4,3.4,300,0
20051206,3.35,3.35,3.35,3.35,1000,0
20051207,3.4,3.4,3.4,3.4,1000,0
20051212,3.35,3.35,3.35,3.35,300,0
20051213,3.3,3.35,3.3,3.35,1200,0
20051214,3.4,3.4,3.4,3.4,500,0
20051216,3.38,3.4,3.38,3.4,2300,0
20051219,3.4,3.4,3.4,3.4,2300,0
20051221,3.36,3.36,3.21,3.29,6500,0
20051223,3.32,3.35,3.3,3.35,4100,0
20051227,3.3,3.3,3.3,3.3,500,0
20051229,3.25,3.35,3.25,3.35,1000,0
20051230,3.3,3.31,3.3,3.31,500,0
20060104,3.26,3.26,3.26,3.26,300,0
20060105,3.29,3.29,3.29,3.29,100,0
20060111,3.28,3.3,3.28,3.3,500,0
20060112,3.25,3.25,3.24,3.25,7800,0
20060113,3.3,3.3,3.3,3.3,800,0
20060117,3.3,3.3,3.3,3.3,300,0
20060118,3.3,3.3,3.3,3.3,700,0
20060120,3.35,3.5,3.35,3.5,2500,0
20060123,3.5,3.5,3.5,3.5,3500,0
20060124,3.55,3.7,3.55,3.7,1900,0
20060127,3.65,3.65,3.6,3.6,1000,0
20060130,3.55,3.6,3.55,3.55,1700,0
20060131,3.5,3.5,3.5,3.5,500,0
20060201,3.45,3.55,3.45,3.55,1700,0
20060202,3.6,3.65,3.6,3.65,1600,0
20060203,3.6,3.65,3.6,3.65,1100,0
20060206,3.7,3.79,3.7,3.79,2700,0
20060208,3.8,3.9,3.8,3.9,6000,0
20060209,3.8,4.02,3.8,4,5100,0
20060210,3.95,3.95,3.95,3.95,700,0
20060214,3.91,3.91,3.75,3.75,3200,0
20060215,3.7,3.7,3.6,3.6,2000,0
20060216,3.65,3.65,3.65,3.65,300,0
20060217,3.61,3.61,3.5,3.5,2700,0
20060227,3.5,3.5,3.5,3.5,100,0
20060228,3.55,3.55,3.55,3.55,400,0
20060302,3.5,3.5,3.49,3.49,700,0
20060303,3.45,3.75,3.36,3.6,18800,0
20060306,3.55,3.7,3.5,3.7,2500,0
20060307,3.75,3.75,3.65,3.65,3600,0
20060308,3.6,3.6,3.47,3.5,2000,0
20060310,3.47,3.55,3.46,3.55,1900,0
20060313,3.6,3.6,3.6,3.6,500,0
20060314,3.64,3.64,3.64,3.64,300,0
20060315,3.64,3.74,3.64,3.66,2000,0
20060316,3.75,3.85,3.74,3.85,1900,0
20060317,3.9,3.93,3.88,3.93,1700,0
20060320,3.95,3.95,3.9,3.9,1100,0
20060321,3.99,4.01,3.88,3.94,2900,0
20060323,3.88,3.88,3.83,3.83,1000,0
20060327,3.8,3.8,3.8,3.8,1000,0
20060328,3.75,3.75,3.5,3.55,6200,0
20060330,3.51,3.51,3.25,3.4,8200,0
20060331,3.35,3.4,3.35,3.4,900,0
20060403,3.36,3.4,3.35,3.4,700,0
20060405,3.44,3.49,3.44,3.49,2100,0
20060406,3.44,3.44,2.75,2.75,6400,0
20060407,2.8,2.84,2.75,2.8,2100,0
20060410,2.85,2.87,2.85,2.87,2500,0
20060411,2.81,2.81,2.75,2.75,2900,0
20060412,2.8,2.8,2.7,2.75,5000,0
20060413,2.8,2.8,2.75,2.75,7500,0
20060417,2.85,2.85,2.8,2.8,3900,0
20060418,2.76,2.76,2.7,2.75,5000,0
20060419,2.7,2.7,2.7,2.7,600,0
20060420,2.7,2.75,2.7,2.75,1200,0
20060421,2.7,2.74,2.65,2.65,2700,0
20060424,2.7,2.7,2.7,2.7,500,0
20060427,2.7,2.7,2.7,2.7,400,0
20060501,2.75,2.75,2.75,2.75,2000,0
20060502,2.8,2.8,2.8,2.8,300,0
20060504,2.75,2.75,2.7,2.75,2800,0
20060505,2.7,2.7,2.7,2.7,300,0
20060509,2.67,2.7,2.66,2.66,1500,0
20060510,2.69,2.7,2.67,2.68,500,0
20060511,2.65,2.65,2.65,2.65,1000,0
20060512,2.63,2.63,2.42,2.47,3500,0
20060515,2.5,2.5,2.5,2.5,1100,0
20060516,2.45,2.45,2.45,2.45,1200,0
20060518,2.4,2.4,2.35,2.36,800,0
20060519,2.35,2.35,2.25,2.26,5500,0
20060522,2.32,2.32,2.25,2.25,2500,0
20060524,2.2,2.2,2.15,2.2,3600,0
20060525,2.25,2.25,2.1,2.1,2400,0
20060526,2.12,2.12,2.11,2.11,300,0
20060530,2.08,2.17,2.05,2.05,3400,0
20060602,2.1,2.25,2.05,2.05,3500,0
20060605,2.15,2.16,2.06,2.06,11400,0
20060606,2.07,2.11,2.06,2.06,2800,0
20060607,2.1,2.1,2.1,2.1,200,0
20060608,2.06,2.06,2.06,2.06,1000,0
20060613,2.06,2.06,2,2.03,6200,0
20060615,2.05,2.07,2.05,2.06,1400,0
20060616,2.03,2.07,2.03,2.07,400,0
20060619,2.1,2.15,2.06,2.06,5700,0
20060621,2.08,2.1,2,2.02,9400,0
20060622,2.04,2.04,2,2,1000,0
20060626,2.01,2.02,2,2.02,1100,0
20060627,2.05,2.05,2.05,2.05,200,0
20060629,2.05,2.05,1.95,2,4300,0
20060630,2,2.02,2,2.02,500,0
20060706,1.98,2.01,1.98,2.01,1500,0
20060710,2,2,2,2,100,0
20060711,2.01,2.01,2.01,2.01,600,0
20060712,1.95,1.95,1.95,1.95,900,0
20060713,1.9,1.9,1.86,1.9,1100,0
20060714,1.92,1.95,1.92,1.92,2000,0
20060717,1.88,1.95,1.88,1.95,1900,0
20060718,1.96,1.96,1.95,1.96,1400,0
20060719,2,2,1.95,1.95,3000,0
20060720,1.95,1.95,1.95,1.95,300,0
20060725,1.99,2.84,1.99,2.6,41200,0
20060726,2.6,2.84,2.51,2.83,12500,0
20060727,2.83,2.94,2.83,2.94,4100,0
20060728,2.98,3.07,2.95,3,12400,0
20060731,3.04,3.04,3,3,3500,0
20060801,2.95,2.95,2.9,2.9,1000,0
20060802,2.86,2.86,2.74,2.8,6300,0
20060803,2.81,3.05,2.81,2.87,8100,0
20060807,2.86,2.86,2.85,2.85,2200,0
20060808,2.85,2.85,2.84,2.84,2500,0
20060809,2.8,2.8,2.8,2.8,600,0
20060811,2.75,2.8,2.65,2.76,5900,0
20060814,2.8,2.8,2.5,2.7,7600,0
20060815,2.75,2.8,2.74,2.8,1400,0
20060816,2.84,2.84,2.6,2.6,2500,0
20060817,2.56,2.7,2.56,2.65,4300,0
20060818,2.7,2.7,2.65,2.69,5500,0
20060821,2.69,2.69,2.69,2.69,200,0
20060829,2.65,2.65,2.6,2.6,1300,0
20060831,2.64,2.64,2.64,2.64,100,0
20060901,2.6,2.6,2.6,2.6,900,0
20060906,2.55,2.55,2.45,2.54,4300,0
20060915,2.5,2.5,2.4,2.42,5400,0
20060918,2.44,2.44,2.44,2.44,300,0
20060929,2.35,2.35,2.35,2.35,300,0
20061002,2.3,2.3,2.2,2.2,6700,0
20061004,2.29,2.3,2.29,2.3,2000,0
20061005,2.35,2.45,2.35,2.45,3000,0
20061006,2.4,2.4,2.35,2.35,1000,0
20061009,2.35,2.4,2.35,2.4,1600,0
20061010,2.39,2.4,2.39,2.4,3500,0
20061011,2.44,2.51,2.44,2.5,2600,0
20061012,2.46,2.55,2.46,2.55,700,0
20061013,2.59,2.59,2.59,2.59,500,0
20061016,2.69,2.69,2.66,2.66,2500,0
20061017,2.61,2.61,2.52,2.57,2400,0
20061018,2.62,2.8,2.62,2.8,2100,0
20061019,2.85,2.9,2.71,2.71,3600,0
20061020,2.7,2.7,2.7,2.7,500,0
20061023,2.65,2.69,2.64,2.69,2500,0
20061024,2.65,2.69,2.65,2.69,1600,0
20061025,2.78,2.78,2.78,2.78,800,0
20061026,2.75,2.75,2.75,2.75,200,0
20061027,2.7,2.7,2.7,2.7,200,0
20061031,2.66,2.66,2.64,2.64,900,0
20061109,2.61,2.61,2.57,2.57,2000,0
20061114,2.52,2.6,2.52,2.6,2300,0
20061115,2.58,2.6,2.4,2.5,3700,0
20061116,2.53,2.53,2.52,2.52,1000,0
20061117,2.55,2.76,2.55,2.73,9400,0
20061120,2.78,2.79,2.78,2.79,2000,0
20061121,2.88,3.12,2.88,3.12,10200,0
20061122,3.1,3.19,3.1,3.19,2800,0
20061128,3.05,3.14,3.01,3.01,9500,0
20061129,3.03,3.03,2.93,2.93,5100,0
20061130,2.99,2.99,2.99,2.99,200,0
20061205,2.98,3.09,2.98,3.04,4600,0
20061206,3.1,3.16,3.06,3.06,2200,0
20061207,3.07,3.2,3.07,3.13,5200,0
20061211,3.04,3.04,3,3.04,1600,0
20061212,2.95,2.95,2.95,2.95,100,0
20061213,2.94,2.98,2.93,2.98,2500,0
20061214,2.99,3.05,2.99,3.05,900,0
20061218,3,3,2.98,2.98,2000,0
20061219,3,3.09,3,3.09,3500,0
20061226,3.08,3.08,3.04,3.04,2300,0
20061229,3.03,3.03,3.03,3.03,500,0
20070104,3.04,3.04,3.04,3.04,100,0
20070105,3.1,3.11,3.05,3.1,1000,0
20070109,3.15,3.15,3.14,3.15,900,0
20070110,3.1,3.1,3.01,3.1,1500,0
20070111,3.02,3.11,3.02,3.11,2000,0
20070112,3.1,3.15,3.1,3.15,1400,0
20070116,3.13,3.13,3.08,3.1,8000,0
20070117,3.15,3.15,3.01,3.01,2500,0
20070122,2.98,3.01,2.91,3.01,9000,0
20070123,3,3.08,2.95,3.08,5900,0
20070124,3.04,3.4,3.04,3.35,24300,0
20070125,3.31,3.31,3.14,3.18,12700,0
20070126,3.15,3.2,3.15,3.2,1600,0
20070130,3.15,3.15,3.15,3.15,500,0
20070131,3.15,3.15,3.14,3.15,3700,0
20070201,3.1,3.11,3.1,3.11,500,0
20070202,3.13,3.13,3.12,3.12,500,0
20070206,3.18,3.18,3.18,3.18,400,0
20070207,3.15,3.2,3.15,3.18,2300,0
20070209,3.19,3.19,3.19,3.19,300,0
20070212,3.11,3.11,3.1,3.1,1500,0
20070213,3.13,3.15,3.13,3.15,2800,0
20070214,3.08,3.08,3.08,3.08,1000,0
20070215,3.06,3.1,3.06,3.1,8300,0
20070216,3.11,3.27,3.11,3.27,5900,0
20070226,3.19,3.29,3.19,3.29,200,0
20070301,3.18,3.18,3.17,3.17,500,0
20070302,3.2,3.2,3.19,3.19,500,0
20070305,3.2,3.2,3.2,3.2,100,0
20070306,3.15,3.25,3.15,3.25,200,0
20070307,3.24,3.24,3.11,3.11,3600,0
20070308,3.13,3.2,3.06,3.15,2700,0
20070309,3.24,3.24,3.12,3.22,10200,0
20070313,3.16,3.19,3.15,3.19,6200,0
20070314,3.16,3.2,3.16,3.2,5300,0
20070315,3.14,3.19,3.14,3.19,800,0
20070316,3.19,3.19,3.16,3.18,900,0
20070319,3.19,3.3,3.19,3.3,2500,0
20070321,3.29,3.29,3.29,3.29,100,0
20070322,3.21,3.3,3.21,3.29,1200,0
20070327,3.29,3.4,3.22,3.4,10700,0
20070328,3.48,3.6,3.35,3.6,5700,0
20070329,3.56,3.56,3.56,3.56,100,0
20070330,3.51,3.59,3.51,3.59,400,0
20070402,3.59,3.64,3.56,3.59,2000,0
20070403,3.56,3.67,3.56,3.67,900,0
20070404,3.67,3.67,3.66,3.66,2400,0
20070405,3.73,3.73,3.71,3.73,1800,0
20070410,3.66,3.81,3.66,3.81,5100,0
20070411,3.73,3.74,3.69,3.7,4900,0
20070412,3.67,3.73,3.67,3.72,2300,0
20070413,3.79,3.79,3.7,3.7,600,0
20070416,3.71,3.71,3.71,3.71,200,0
20070417,3.71,3.71,3.71,3.71,200,0
20070418,3.77,3.77,3.77,3.77,800,0
20070419,3.73,3.77,3.71,3.77,300,0
20070420,3.73,3.74,3.73,3.74,200,0
20070423,3.7,3.7,3.69,3.69,2000,0
20070424,3.64,3.64,3.64,3.64,2000,0
20070426,3.54,3.63,3.54,3.63,1100,0
20070427,3.6,3.7,3.6,3.7,300,0
20070501,3.62,3.62,3.62,3.62,800,0
20070502,3.7,4.1,3.7,3.8,15400,0
20070503,3.75,3.75,3.74,3.74,400,0
20070510,3.75,3.75,3.75,3.75,100,0
20070516,3.65,3.65,3.65,3.65,100,0
20070517,3.6,3.6,3.59,3.6,2600,0
20070518,3.5,3.8,3.31,3.8,6700,0
20070521,3.7,3.7,3.7,3.7,500,0
20070522,3.65,3.85,3.16,3.85,1400,0
20070523,3.75,3.85,3.68,3.68,1700,0
20070524,3.6,3.67,3.45,3.67,2200,0
20070525,3.75,3.75,3.75,3.75,100,0
20070529,3.65,3.85,3.6,3.6,3400,0
20070530,3.7,3.7,3.5,3.5,600,0
20070531,3.4,3.5,3.4,3.5,200,0
20070601,3.4,3.65,3.1,3.5,3300,0
20070604,3.6,3.66,3.6,3.66,400,0
20070607,3.55,3.7,3.55,3.7,600,0
20070608,3.7,3.73,3.7,3.73,400,0
20070611,3.6,3.6,3.4,3.59,800,0
20070612,3.6,3.6,3.6,3.6,600,0
20070613,3.7,3.7,3.7,3.7,100,0
20070614,3.6,3.65,3.5,3.65,2300,0
20070615,3.73,3.73,3.73,3.73,100,0
20070627,3.75,3.75,3.75,3.75,500,0
20070629,3.75,3.75,3.75,3.75,100,0
20070705,3.7,3.7,3.7,3.7,100,0
20070713,3.6,3.63,3.55,3.63,1500,0
20070717,3.45,3.45,3.35,3.35,2800,0
20070719,3.45,3.45,3.45,3.45,100,0
20070720,3.55,3.55,3.55,3.55,100,0
20070723,3.65,3.65,3.65,3.65,100,0
20070725,3.75,3.75,3.75,3.75,100,0
20070726,3.65,3.65,3.65,3.65,500,0
20070808,3.74,3.74,3.74,3.74,100,0
20070813,3.7,3.7,3.7,3.7,200,0
20070816,3.6,3.6,3.6,3.6,500,0
20070817,3.65,3.65,3.5,3.65,500,0
20070820,3.6,3.75,3.4,3.6,6400,0
20070821,3.7,3.7,3.7,3.7,100,0
20070822,3.6,3.6,3.5,3.55,500,0
20070823,3.65,3.65,3.65,3.65,100,0
20070824,3.75,3.75,3.75,3.75,100,0
20070827,3.7,3.7,3.67,3.67,600,0
20070828,3.6,3.6,3.5,3.58,2900,0
20070829,3.6,3.67,3.55,3.66,10500,0
20070830,3.65,3.65,3.45,3.63,5800,0
20070831,3.65,3.68,3.65,3.68,1200,0
20070904,3.68,3.68,3.58,3.6,4700,0
20070905,3.55,3.86,3.55,3.75,17100,0
20070906,3.8,3.8,3.8,3.8,100,0
20070910,3.7,3.74,3.7,3.74,600,0
20070911,3.73,3.73,3.73,3.73,1200,0
20070912,3.73,3.8,3.73,3.8,5500,0
20070913,3.8,3.9,3.6,3.6,3000,0
20070914,3.5,3.7,3.5,3.7,2400,0
20070918,3.6,3.6,3.4,3.55,1800,0
20070919,3.55,3.65,3.55,3.65,1200,0
20070920,3.75,3.75,3.75,3.75,500,0
20070921,3.65,3.8,3.45,3.8,2600,0
20070924,3.89,3.89,3.51,3.66,1300,0
20070925,3.76,3.89,3.6,3.6,5600,0
20070926,3.7,3.7,3.7,3.7,500,0
20070928,3.8,3.94,3.73,3.75,16600,0
20071001,3.9,3.9,3.74,3.8,7100,0
20071002,3.9,3.9,3.9,3.9,200,0
20071003,3.9,4.03,3.84,3.95,12800,0
20071004,3.9,3.97,3.81,3.96,5500,0
20071005,3.9,4.05,3.6,4.05,13800,0
20071008,4.1,4.1,3.95,3.95,600,0
20071009,3.9,4.05,3.9,4.05,500,0
20071015,4,4,4,4,1600,0
20071016,4.09,4.09,4.09,4.09,2500,0
20071017,4,4,3.9,3.9,2000,0
20071018,4,4,4,4,100,0
20071029,4.24,4.24,4.24,4.24,100,0
20071031,4,4.09,4,4.09,1400,0
20071102,4.01,4.1,4,4.1,1400,0
20071105,4,4.1,4,4.1,400,0
20071115,4,4,4,4,1000,0
20071120,4,4,4,4,100,0
20071121,4,4,4,4,300,0
20071123,4,4,4,4,100,0
20071127,3.9,3.99,3.9,3.99,600,0
20071128,3.8,3.8,3.8,3.8,500,0
20071130,3.9,3.9,3.9,3.9,100,0
20071206,3.8,3.8,3.5,3.65,1500,0
20071207,3.55,3.65,3.55,3.65,1100,0
20071212,3.75,3.75,3.75,3.75,100,0
20071214,3.8,3.9,3.72,3.85,900,0
20071221,3.62,3.79,3.62,3.79,3700,0
20071228,3.8,3.8,3.8,3.8,100,0
20080103,3.8,3.9,3.8,3.9,3100,0
20080107,3.8,4,3.8,4,1000,0
20080110,3.97,3.97,3.97,3.97,3000,0
20080115,3.9,3.9,3.9,3.9,1100,0
20080117,3.9,3.9,3.9,3.9,1000,0
20080118,3.8,3.85,3.7,3.85,3600,0
20080122,3.8,3.85,3.8,3.8,600,0
20080123,3.8,3.8,3.8,3.8,100,0
20080125,3.85,3.85,3.85,3.85,100,0
20080129,3.55,3.7,3.55,3.69,3300,0
20080130,3.56,3.73,3.56,3.73,200,0
20080131,3.62,3.79,3.62,3.79,5700,0
20080201,3.86,4.04,3.86,4.04,12700,0
20080204,4.05,4.24,4.05,4.24,7100,0
20080205,4.18,4.25,3.87,4.05,14800,0
20080206,4.15,4.24,4,4.14,2000,0
20080207,4,4.24,3.7,3.82,6800,0
20080208,4,4.1,3.8,3.99,3100,0
20080211,3.99,3.99,3.8,3.85,1800,0
20080212,3.75,3.97,3.72,3.77,6900,0
20080213,3.8,4.12,3.62,4,17500,0
20080214,4,4,3.75,3.9,10600,0
20080215,3.85,3.95,3.67,3.95,1200,0
20080219,3.95,4,3.9,3.95,9600,0
20080220,4,4.2,4,4.15,14300,0
20080221,4.1,4.1,3.98,4,9700,0
20080222,4.1,4.1,4.1,4.1,2900,0
20080225,4,4.05,3.91,4.05,800,0
20080226,4.05,4.05,4.05,4.05,1900,0
20080227,4.08,4.19,4.08,4.19,9100,0
20080228,4.14,4.57,4.02,4.15,77109,0
20080229,4,4.49,3.73,3.73,50600,0
20080303,3.8,4.01,3.8,3.93,5800,0
20080304,3.8,3.94,3.8,3.9,9300,0
20080305,3.9,3.9,3.52,3.8,18300,0
20080306,3.7,3.9,3.7,3.83,11100,0
20080307,3.75,4.1,3.57,4.08,11700,0
20080310,3.95,4.14,3.95,4.14,19200,0
20080311,4.16,4.16,4.16,4.16,700,0
20080312,4.1,4.24,4.09,4.24,16600,0
20080313,4.15,4.24,3.95,3.95,10700,0
20080314,4.05,4.15,3.85,4,13100,0
20080317,3.95,4.05,3.53,3.85,8500,0
20080318,3.53,3.85,3.39,3.68,30443,0
20080319,3.7,4,3.6,3.98,5500,0
20080324,3.76,3.9,3.76,3.9,900,0
20080325,3.95,4.1,3.95,4.1,700,0
20080326,4.15,4.15,3.95,3.95,1900,0
20080327,3.85,3.9,3.77,3.9,1600,0
20080328,3.75,3.85,3.75,3.85,600,0
20080331,3.85,3.95,3.85,3.95,3200,0
20080401,3.85,3.85,3.85,3.85,7000,0
20080402,3.85,3.85,3.75,3.77,5300,0
20080403,3.72,3.95,3.6,3.65,4900,0
20080404,3.75,4.05,3.64,4,4150,0
20080407,3.9,3.9,3.9,3.9,900,0
20080408,3.98,3.98,3.98,3.98,4600,0
20080409,3.88,3.88,3.88,3.88,100,0
20080410,3.95,3.95,2.95,3.59,5700,0
20080411,3.63,3.75,3.63,3.75,2900,0
20080414,3.8,3.8,3.8,3.8,200,0
20080415,3.8,3.8,3.8,3.8,200,0
20080416,3.7,3.8,3.7,3.8,1000,0
20080417,3.8,3.9,3.7,3.7,514,0
20080418,3.8,3.95,3.65,3.9,3800,0
20080421,3.9,3.9,3.9,3.9,200,0
20080423,3.9,3.9,3.9,3.9,400,0
20080424,3.85,3.9,3.85,3.9,1100,0
20080425,3.9,3.9,3.88,3.88,1125,0
20080428,3.9,3.9,3.9,3.9,300,0
20080502,3.9,3.9,3.9,3.9,100,0
20080505,3.9,4,3.51,3.65,2556,0
20080506,3.6,3.75,3.56,3.65,5900,0
20080507,3.65,3.91,3.65,3.7,2300,0
20080508,3.8,3.8,3.8,3.8,400,0
20080509,3.9,4.12,3.9,4,920,0
20080512,4,4,3.95,3.95,200,0
20080513,3.9,3.95,3.9,3.95,200,0
20080515,3.9,3.9,3.9,3.9,500,0
20080519,4,4,4,4,100,0
20080520,4.1,4.1,4.1,4.1,100,0
20080522,3.95,3.95,3.9,3.9,600,0
20080523,3.92,3.95,3.8,3.95,700,0
20080527,4,4,4,4,100,0
20080528,3.9,3.9,3.9,3.9,500,0
20080529,4,4.15,3.9,4.15,1300,0
20080530,4.19,4.19,4.19,4.19,100,0
20080602,4.05,4.05,3.95,4.05,1900,0
20080603,4.05,4.05,4.05,4.05,350,0
20080604,3.99,4.05,3.94,3.99,3700,0
20080605,4.05,4.05,4.05,4.05,100,0
20080610,4.04,4.04,3.8,3.8,900,0
20080611,3.99,3.99,3.95,3.95,600,0
20080612,3.92,3.92,3.92,3.92,400,0
20080613,3.95,4.05,3.95,4.05,2750,0
20080616,4.05,4.15,4.05,4.15,1100,0
20080626,4.05,4.05,4.05,4.05,1100,0
20080627,4.15,4.15,4.15,4.15,100,0
20080701,4.05,4.05,4,4,1500,0
20080702,4,4.05,3.9,4.05,600,0
20080703,3.8,4.15,3.8,4.15,1456,0
20080710,3.9,4.08,3.9,4.05,500,0
20080718,4.09,4.09,4.09,4.09,340,0
20080725,3.95,3.95,3.95,3.95,100,0
20080728,3.99,3.99,3.97,3.99,3800,0
20080729,4.01,4.09,4.01,4.09,2500,0
20080811,3.9,3.9,3.9,3.9,1500,0
20080812,3.85,4,3.85,4,300,0
20080813,4.08,4.08,4.03,4.04,2700,0
20080814,4,4,4,4,8400,0
20080815,4.02,4.02,4.02,4.02,3000,0
20080819,3.94,4.04,3.94,4.04,200,0
20080821,4.04,4.04,3.85,4.04,7600,0
20080825,3.9,3.95,3.9,3.95,200,0
20080826,4.05,4.05,4.05,4.05,100,0
20080828,3.86,4.05,3.86,4.05,200,0
20080905,3.99,4.04,3.99,4,300,0
20080908,4.04,4.04,3.85,3.9,2666,0
20080909,3.95,3.98,3.95,3.98,1800,0
20080910,3.98,3.98,3.8,3.98,4900,0
20080911,3.99,3.99,3.99,3.99,200,0
20080912,3.99,4.07,3.98,4.05,5960,0
20080915,4,4,3.83,3.83,400,0
20080916,3.98,3.99,3.98,3.99,500,0
20080917,3.9,3.9,3.9,3.9,5085,0
20080918,3.9,3.9,3.8,3.8,2396,0
20080919,3.98,3.98,3.85,3.88,300,0
20080923,3.75,4.2,3.55,3.79,17680,0
20080924,3.7,3.79,3.7,3.79,375,0
20080925,3.6,3.7,3.6,3.7,7100,0
20080926,3.65,3.8,3.65,3.8,6000,0
20080929,3.9,3.9,3.9,3.9,200,0
20081001,3.9,3.9,3.85,3.85,200,0
20081002,3.78,3.78,3.6,3.7,3900,0
20081003,3.8,3.85,3.8,3.85,400,0
20081006,3.7,3.72,3.6,3.72,3800,0
20081008,3.6,3.67,3.55,3.67,3300,0
20081010,3.7,3.7,3.5,3.7,5919,0
20081013,3.8,3.9,3.67,3.8,7581,0
20081014,3.78,3.78,3.6,3.7,7350,0
20081015,3.51,3.73,3.15,3.73,6500,0
20081016,3.79,3.79,3.55,3.75,3600,0
20081017,3.7,3.7,3.7,3.7,350,0
20081020,3.78,3.78,3.45,3.55,10250,0
20081021,3.65,3.7,3.4,3.45,1500,0
20081022,3.7,3.75,3.35,3.45,3667,0
20081023,3.5,3.55,3.5,3.55,400,0
20081024,3.45,3.5,3.35,3.5,900,0
20081027,3.3,3.5,3.3,3.35,3100,0
20081028,3.2,3.25,2.9,3.25,2300,0
20081029,3.13,3.13,3,3.03,22700,0
20081030,3,3,3,3,500,0
20081031,3.15,3.3,2.85,3,5900,0
20081103,2.92,2.99,2.92,2.99,1200,0
20081104,2.8,4.2,2.79,3.25,18310,0
20081105,3.6,3.6,3.05,3.05,3425,0
20081106,3.05,3.05,3.05,3.05,100,0
20081107,3.08,3.1,2.82,3.1,500,0
20081110,3,3,2.85,2.85,1540,0
20081111,2.9,2.97,2.9,2.97,200,0
20081112,2.9,2.9,2.37,2.79,3000,0
20081113,2.89,2.89,2.65,2.8,900,0
20081114,2.85,2.85,2.76,2.76,2000,0
20081117,2.7,2.7,2.48,2.7,1200,0
20081118,2.8,2.8,2.1,2.45,3600,0
20081119,2.5,2.5,2.3,2.3,1600,0
20081120,2.45,2.45,2.3,2.3,900,0
20081121,2.3,2.3,2.3,2.3,200,0
20081124,2.29,2.29,2.18,2.18,300,0
20081125,2.35,2.35,2.35,2.35,200,0
20081126,2.35,2.39,2.35,2.39,800,0
20081201,2.66,2.66,2.66,2.66,190,0
20081202,2.54,2.54,2.54,2.54,190,0
20081203,2.35,2.4,2.35,2.4,200,0
20081205,2.49,2.49,2.35,2.49,4300,0
20081208,2.49,2.8,2.49,2.8,8400,0
20081209,2.94,2.95,2.71,2.71,1500,0
20081210,2.85,2.85,2.7,2.7,3500,0
20081212,2.85,3.12,2.55,3.12,15700,0
20081215,3.1,3.25,2.61,2.77,3200,0
20081216,2.85,3.03,2.85,3.01,2300,0
20081217,3.01,3.1,3.01,3.1,4476,0
20081218,3.07,3.07,3.07,3.07,200,0
20081219,3,3.16,3,3.05,3400,0
20081229,3.05,3.05,3.05,3.05,100,0
20081231,3.05,3.05,3.05,3.05,100,0
20090102,3.09,3.09,3.09,3.09,2463,0
20090105,3.2,3.25,3.1,3.22,3850,0
20090106,3.3,3.44,3.2,3.3,6500,0
20090107,3.45,3.45,3.45,3.45,100,0
20090108,3.4,3.45,3.4,3.45,400,0
20090109,3.49,3.55,3.49,3.55,200,0
20090112,3.35,3.45,3.29,3.31,2500,0
20090113,3.39,3.86,3.39,3.6,9200,0
20090114,3.7,3.7,3.4,3.5,9100,0
20090115,3.35,3.5,3.35,3.5,600,0
20090120,3.4,3.4,3.2,3.39,4000,0
20090121,3.3,3.45,3.25,3.45,1800,0
20090122,3.49,3.49,3.49,3.49,2070,0
20090126,3.35,3.35,3.2,3.2,400,0
20090128,3.1,3.1,3.1,3.1,400,0
20090202,3.2,3.2,3.2,3.2,100,0
20090203,3.3,3.4,3,3,2800,0
20090204,2.98,3.28,2.98,3.28,60600,0
20090205,3.35,3.5,3.35,3.5,1400,0
20090206,3.58,3.58,3.45,3.45,1200,0
20090209,3.4,3.6,3.4,3.55,5600,0
20090210,3.56,4.24,3.4,3.85,27830,0
20090211,4,4,3.91,3.97,2600,0
20090212,3.8,3.97,3.8,3.97,400,0
20090213,4,4,3.39,3.75,9800,0
20090217,3.7,3.95,3.58,3.73,3600,0
20090223,3.67,3.69,2.94,3.49,1800,0
20090224,3.66,3.76,3.5,3.76,7300,0
20090227,3.7,3.7,3.4,3.58,900,0
20090305,3.54,3.54,3.54,3.54,400,0
20090306,3.5,3.51,3.49,3.5,2400,0
20090311,3.47,3.55,3.47,3.55,20360,0
20090312,3.55,4.08,3.55,3.74,10200,0
20090313,4.09,4.09,3.78,3.78,2000,0
20090317,3.6,3.76,3.48,3.55,1958,0
20090318,3.6,3.89,3.6,3.89,600,0
20090319,3.9,3.9,3.9,3.9,100,0
20090320,4.08,4.08,3.9,4,300,0
20090323,3.99,4.21,3.99,4.21,800,0
20090324,4.35,4.35,4.35,4.35,400,0
20090325,4.4,4.4,4.15,4.15,500,0
20090402,3.99,4.12,3.99,4.12,318,0
20090409,4.12,4.12,4.12,4.12,700,0
20090415,4.08,5.07,4.08,4.89,8000,0
20090416,4.68,4.9,4.5,4.89,3300,0
20090417,4.89,4.89,4.88,4.88,2300,0
20090420,5.1,5.1,5,5.05,893,0
20090421,5.1,5.1,5.1,5.1,1100,0
20090422,5.1,5.1,5.1,5.1,1000,0
20090423,5.08,5.1,4.75,4.75,3300,0
20090424,4.5,4.85,4.5,4.85,11800,0
20090427,4.94,5.2,4.94,5.1,1100,0
20090428,4.9,4.9,4.9,4.9,100,0
20090429,5.11,5.11,5.11,5.11,300,0
20090430,5.14,5.2,4.93,5.09,2800,0
20090504,4.84,5,4.84,5,700,0
20090506,4.8,4.8,4.5,4.8,2105,0
20090511,4.65,4.83,4.64,4.83,300,0
20090512,4.85,5,4.68,5,4600,0
20090522,4.7,4.87,4.5,4.87,900,0
20090527,4.91,5.1,4.91,5.1,300,0
20090529,4.7,4.91,4.7,4.91,500,0
20090601,4.71,4.71,3.87,4.55,3073,0
20090602,4.42,4.94,4.42,4.94,400,0
20090604,5,5,5,5,200,0
20090605,4.76,4.89,4.76,4.89,400,0
20090609,4.52,4.84,4.52,4.75,1775,0
20090610,4.9,4.9,4.9,4.9,100,0
20090618,4.83,4.83,4.83,4.83,20000,0
20090619,5.14,5.35,5.14,5.35,1400,0
20090622,5.35,5.35,5.35,5.35,100,0
20090623,5.11,5.14,4.9,5.14,300,0
20090626,4.66,4.66,4,4.6,7100,0
20090629,4.69,4.85,4.69,4.85,700,0
20090701,4.61,4.61,3.94,3.95,5300,0
20090702,4.19,4.19,4.19,4.19,100,0
20090706,3.78,3.92,3.78,3.92,500,0
20090707,3.93,3.93,3.93,3.93,100,0
20090708,3.89,4.13,3.89,4.09,2400,0
20090709,4.16,4.16,3.89,4,300,0
20090715,3.95,4.05,3.9,4,7910,0
20090716,4,4,4,4,2630,0
20090717,3.99,4,3.99,4,2870,0
20090720,4,4.19,3.9,4.19,10400,0
20090721,4.23,5.13,4.01,4.58,182552,0
20090722,4.69,4.8,4.51,4.8,17000,0
20090723,4.59,4.95,4.45,4.95,12550,0
20090724,4.78,4.78,4.42,4.64,1400,0
20090727,4.86,4.86,4.09,4.65,32800,0
20090728,4.58,4.95,4.58,4.94,35300,0
20090729,5.2,5.64,5,5.15,36500,0
20090730,5.18,5.24,5,5,2515,0
20090731,4.92,4.93,4.75,4.92,9000,0
20090803,4.91,5.22,4.9,5.22,1715,0
20090804,5.05,5.2,5.05,5.2,1385,0
20090805,4.68,5.09,4.44,5.09,1500,0
20090806,5.05,5.22,5.05,5.05,9866,0
20090807,5,5.19,5,5.19,1000,0
20090811,5.19,5.19,5,5,5300,0
20090812,5.1,5.12,4.5,5.12,10300,0
20090813,5.04,5.04,4.9,5.04,2900,0
20090817,5,5,4.7,4.75,3299,0
20090818,4.8,4.8,4.8,4.8,300,0
20090819,4.96,5.12,4.96,5.12,300,0
20090820,4.87,4.87,4.1,4.42,42225,0
20090821,4.54,4.63,4.5,4.6,3500,0
20090824,4.55,4.56,4.55,4.56,500,0
20090825,4.6,4.71,4.6,4.6,3150,0
20090827,4.73,4.73,4.73,4.73,100,0
20090903,4.74,4.74,4.74,4.74,4400,0
20090904,4.93,4.93,4.74,4.74,900,0
20090908,4.93,4.93,4.84,4.91,4300,0
20090911,4.92,4.92,4.77,4.77,500,0
20090914,4.7,4.9,4.7,4.9,450,0
20090915,4.9,4.93,4.9,4.93,2800,0
20090916,4.7,4.75,4.54,4.75,721,0
20090924,4.6,4.6,4.55,4.55,700,0
20090925,4.79,4.79,4.79,4.79,100,0
20090930,4.79,4.9,4.55,4.85,1800,0
20091001,4.42,4.93,4.42,4.93,700,0
20091002,4.73,4.93,4.73,4.91,1200,0
20091005,4.93,4.93,4.93,4.93,500,0
20091006,4.93,5.19,4.93,5.18,6800,0
20091007,5,5.15,5,5.13,1500,0
20091008,5.13,5.15,5.05,5.05,1850,0
20091009,5.13,5.13,5.13,5.13,200,0
20091013,4.9,5.25,4.9,5.06,10740,0
20091014,5.25,5.25,5.15,5.2,5985,0
20091015,5.25,5.25,5.2,5.2,400,0
20091016,5.2,5.23,5,5.19,3200,0
20091019,5.2,5.2,4.99,5.17,2225,0
20091021,5.19,5.19,4.71,5.11,4000,0
20091112,4.79,5.05,4.75,4.95,5400,0
20091116,4.81,4.95,4.8,4.95,600,0
20091119,4.85,4.85,4.66,4.85,4200,0
20091120,4.65,4.84,4.65,4.75,1100,0
20091123,4.89,4.89,4.89,4.89,100,0
20091124,4.75,4.9,4.75,4.8,700,0
20091125,4.75,4.93,4.46,4.46,52398,0
20091127,4.65,4.8,4.65,4.8,900,0
20091130,4.8,4.8,4.79,4.79,300,0
20091201,4.72,4.72,4.71,4.71,1300,0
20091202,4.67,4.85,4.67,4.7,1500,0
20091203,4.77,4.77,4.65,4.65,3100,0
20091204,4.7,5,4.6,5,8955,0
20091208,4.86,5.05,4.85,5.05,2500,0
20091210,4.87,4.93,4.85,4.93,3200,0
20091211,4.87,4.87,4.8,4.8,5100,0
20091216,4.77,4.9,4.55,4.8,4700,0
20091218,4.65,4.65,4.65,4.65,155,0
20091221,4.85,4.85,4.85,4.85,100,0
20091222,4.93,5,4.91,5,800,0
20091223,4.99,4.99,4.9,4.9,1100,0
20091224,4.93,4.93,4.93,4.93,100,0
20091229,4.95,5,4.95,4.99,500,0
20091230,4.94,4.94,4.89,4.89,5900,0
20091231,4.95,5,4.95,5,1300,0
20100104,5.14,5.14,5.14,5.14,100,0
20100105,5.1,5.3,4.99,5.3,12600,0
20100106,5.25,5.3,5.25,5.3,600,0
20100108,5.3,5.3,5.3,5.3,200,0
20100111,5.3,5.45,5.3,5.3,1000,0
20100112,5.38,5.38,5.3,5.3,200,0
20100114,5.37,5.39,5.28,5.39,2100,0
20100115,5.39,5.45,5.39,5.45,1600,0
20100119,5.47,6.44,5.26,6.37,14501,0
20100120,6.58,6.6,6.26,6.6,5300,0
20100121,6.58,6.73,6.29,6.5,6946,0
20100122,6.49,6.49,6.36,6.41,600,0
20100125,6.45,6.6,6.31,6.6,11000,0
20100126,6.66,6.69,6.4,6.69,3500,0
20100127,6.42,6.63,6.42,6.58,3600,0
20100128,6.51,6.51,5.67,6.25,2243,0
20100129,6.39,6.45,6.37,6.45,1272,0
20100201,6.5,7.89,6.5,6.9,12800,0
20100202,6.85,7.48,6.85,7.15,2810,0
20100203,7.19,7.19,7,7,1705,0
20100204,7.06,7.06,7,7,500,0
20100208,6.98,7,6.98,7,600,0
20100209,7.1,7.59,7.1,7.1,3100,0
20100210,6.85,8.29,6.85,7.6,8150,0
20100211,8.49,8.5,7.6,7.6,900,0
20100212,7.2,7.5,6.5,6.98,6500,0
20100216,7.33,7.33,6.85,7,2600,0
20100217,6.75,6.94,6.25,6.4,4828,0
20100218,6.35,7.19,6.35,6.87,3050,0
20100219,6.78,8.76,6.78,7.75,16800,0
20100222,8.2,8.2,7.8,8,3040,0
20100224,7.5,8,7.5,7.99,600,0
20100225,7.59,7.59,7.2,7.59,4120,0
20100226,6.9,7.65,6.9,7.65,400,0
20100301,7.35,7.38,7.35,7.35,1300,0
20100302,7.8,7.99,7.8,7.97,1421,0
20100303,8.3,8.64,8,8.05,4900,0
20100304,8.1,8.1,7.98,8,5600,0
20100305,7.82,7.82,7.82,7.82,20000,0
20100308,7.7,7.8,7.51,7.8,1800,0
20100310,7.65,7.7,7.65,7.7,2900,0
20100311,7.88,7.88,7.8,7.8,200,0
20100312,7.99,7.99,7.99,7.99,100,0
20100315,7.72,7.72,7.72,7.72,200,0
20100316,8,8,7.99,7.99,1400,0
20100317,7.67,7.89,7.03,7.89,11824,0
20100318,7.86,7.86,7.25,7.51,3085,0
20100319,7.49,7.75,7.36,7.75,1600,0
20100322,7.55,8.25,7.36,7.36,2700,0
20100323,7.37,7.56,7.37,7.56,2840,0
20100324,7.52,7.7,7.25,7.6,5551,0
20100325,7.74,7.75,7.74,7.75,500,0
20100330,7.98,7.98,7.97,7.97,200,0
20100331,7.87,8,7.6,7.7,4133,0
20100401,7.98,8,7.77,7.77,1200,0
20100407,7.79,8.1,7.7,8,8850,0
20100409,7.51,7.9,7.51,7.9,400,0
20100412,7.97,7.97,7.97,7.97,100,0
20100414,7.98,7.99,7.74,7.9,1590,0
20100415,7.99,8,7.9,7.9,300,0
20100416,7.85,7.86,7.78,7.86,40677,0
20100419,7.82,8,7.82,7.99,800,0
20100420,8.04,8.04,7.65,7.89,5000,0
20100421,7.75,7.75,7.75,7.75,100,0
20100422,7.75,8.39,7.75,8.2,877,0
20100423,8.25,8.27,8.1,8.1,500,0
20100427,7.7,8.14,7.7,8,700,0
20100428,8.1,8.15,7.85,8.1,2200,0
20100429,8.15,8.15,8,8.05,1800,0
20100430,8.15,8.15,8,8.15,660,0
20100504,7.62,7.75,7.41,7.75,2350,0
20100505,7.9,7.9,7.9,7.9,100,0
20100506,8.15,8.15,8.15,8.15,100,0
20100507,8.12,8.12,8.12,8.12,100,0
20100510,8.15,8.15,7.5,8,400,0
20100513,7.5,7.86,7.31,7.86,900,0
20100518,8,8,8,8,100,0
20100521,7.3,7.3,6.89,7.08,1200,0
20100524,7.19,7.38,7.19,7.38,200,0
20100526,7.25,7.25,6.51,7.23,900,0
20100527,7.01,7.09,6,7.09,4600,0
20100601,6.71,6.71,6.71,6.71,100,0
20100603,6.34,6.99,6.31,6.99,500,0
20100607,6.97,7,6.96,6.96,300,0
20100609,7.25,7.25,7.25,7.25,100,0
20100611,7.2,7.25,7.2,7.25,200,0
20100615,6.8,7.02,6.61,7.02,1800,0
20100618,7,7,7,7,100,0
20100628,6.95,7,6.95,7,500,0
20100709,6.68,7,6.25,7,3100,0
20100713,6.75,6.75,6.53,6.7,1400,0
20100714,7,7,7,7,100,0
20100720,6.95,6.99,6.95,6.99,200,0
20100721,6.79,6.98,6.79,6.98,300,0
20100722,6.59,6.99,6.4,6.9,3500,0
20100726,6.54,6.7,6.51,6.7,400,0
20100729,6.71,7,6.71,7,700,0
20100802,6.51,6.59,6.31,6.59,1200,0
20100805,6.75,6.75,6.74,6.75,700,0
20100816,6.4,6.94,6.21,6.94,800,0
20100824,6.45,6.93,6.31,6.93,1500,0
20100825,6.47,6.99,6.47,6.99,3800,0
20100827,6.99,6.99,6.99,6.99,100,0
20100830,6.71,6.91,6.29,6.91,1800,0
20100831,6.61,7,6.5,7,2080,0
20100901,7,7,6.71,6.9,500,0
20100907,6.7,6.7,6.7,6.7,100,0
20100914,6.44,6.75,6.04,6.51,13900,0
20100915,6.29,6.29,6.29,6.29,300,0
20100916,6.49,6.49,5.94,6.49,400,0
20100917,6.55,6.55,6.55,6.55,540,0
20100920,6.33,6.75,5.85,6.65,4708,0
20100921,6.41,6.41,6.25,6.25,1100,0
20100924,6,6.21,5.82,6.19,4845,0
20100927,6.2,6.4,6.1,6.28,2900,0
20100928,6.35,6.39,6.35,6.39,300,0
20100929,6.28,6.75,6.28,6.4,1800,0
20100930,6.58,6.58,6.58,6.58,100,0
20101001,6.46,6.64,6,6.29,15610,0
20101004,6.19,6.43,6.19,6.4,1340,0
20101005,6.51,6.51,6.47,6.47,400,0
20101007,6.3,6.71,6.3,6.71,300,0
20101008,6.44,6.44,6.43,6.43,1900,0
20101012,6.3,6.3,6.3,6.3,600,0
20101013,6.05,6.26,6.05,6.26,1500,0
20101015,6.44,6.44,6.41,6.44,300,0
20101018,6.22,6.4,6.21,6.4,500,0
20101021,6.34,6.5,6.14,6.5,1700,0
20101022,6.52,6.57,6.52,6.57,200,0
20101025,6.57,6.71,6.26,6.36,1750,0
20101026,6.48,6.5,6.48,6.5,300,0
20101028,6.37,6.45,6.21,6.45,3400,0
20101029,6.9,6.9,6.75,6.75,4100,0
20101101,6.63,6.75,6.5,6.75,1295,0
20101102,6.73,6.74,6.73,6.74,200,0
20101103,6.75,6.75,6.75,6.75,100,0
20101104,6.66,6.66,6.66,6.66,100,0
20101105,6.75,6.75,6.75,6.75,200,0
20101108,6.4,6.43,6.4,6.4,1000,0
20101109,6.15,6.4,6.15,6.4,5100,0
20101110,6.6,6.6,6.6,6.6,200,0
20101112,6.25,6.5,6.25,6.5,1800,0
20101115,6.68,6.68,6.68,6.68,100,0
20101116,6.7,6.75,6.7,6.75,300,0
20101117,6.75,6.75,6.52,6.74,6400,0
20101118,6.7,6.74,6.7,6.74,1400,0
20101129,6.31,6.4,6.28,6.35,5500,0
20101130,6.48,6.67,6.48,6.67,300,0
20101201,6.4,6.72,6.18,6.68,11300,0
20101202,6.59,6.65,6.57,6.6,3200,0
20101203,6.7,7.23,6.7,6.85,18795,0
20101206,6.74,6.85,6.6,6.85,3100,0
20101207,6.81,7,6.55,7,2700,0
20101208,7.69,7.69,6.8,6.98,26100,0
20101209,6.91,7,6.9,6.91,7308,0
20101210,6.78,7.7,6.78,7.09,19349,0
20101213,7,7.29,7,7.25,366,0
20101214,7.42,7.45,7.42,7.45,220,0
20101215,7.62,7.62,7.51,7.62,379,0
20101216,7.75,8,7.75,7.95,700,0
20101217,8,8.19,8,8.19,425,0
20101220,8.03,8.03,8,8,879,0
20101223,8,8,8,8,100,0
20101227,7.7,7.84,7.51,7.84,2000,0
20101228,7.9,7.9,7.85,7.85,300,0
20101229,8,8.05,8,8.05,900,0
20101230,8,8,8,8,1600,0
20101231,8.46,8.46,7.9,8.09,1100,0
20110103,7.93,8.12,7.93,8.12,200,0
20110104,8.33,8.35,8.16,8.35,848,0
20110105,8.34,8.5,8.2,8.5,600,0
20110106,8.29,8.54,8.29,8.54,400,0
20110107,8.74,9,8.68,8.68,800,0
20110110,8.95,8.95,8.95,8.95,500,0
20110113,8.88,8.88,8.88,8.88,100,0
20110114,8.88,8.88,8.41,8.7,600,0
20110118,8.8,9.05,7.61,8.5,8475,0
20110124,8.7,9.09,8.7,9.09,1700,0
20110125,9,9,8.99,9,949,0
20110126,9.1,9.1,9.1,9.1,100,0
20110127,9.1,9.3,9.1,9.3,600,0
20110128,9.25,9.25,9.15,9.15,484,0
20110201,9,9.44,9,9.15,3300,0
20110202,9.35,9.35,9.15,9.15,2477,0
20110203,9.25,9.25,9.25,9.25,100,0
20110207,9.05,9.05,9.05,9.05,100,0
20110208,8.78,9.14,8.78,9.14,550,0
20110209,9.05,9.25,9.05,9.25,500,0
20110211,8.95,9.16,8.95,9.16,300,0
20110214,9.19,9.2,8.82,9.09,4016,0
20110215,9.08,9.15,9.08,9.15,800,0
20110216,9.2,9.2,8.64,8.83,900,0
20110217,8.82,8.82,8.82,8.82,300,0
20110218,8.82,8.82,8.82,8.82,150,0
20110222,8.78,8.8,8.78,8.8,1116,0
20110224,8.97,8.97,8.97,8.97,100,0
20110225,8.8,8.8,8.5,8.5,2420,0
20110228,8.35,8.66,7.8,8.19,10879,0
20110301,7.89,7.93,7.5,7.72,3064,0
20110302,7.42,7.6,7,7.16,16600,0
20110303,7.39,7.39,6.85,6.97,3350,0
20110304,7.22,7.22,7.22,7.22,920,0
20110307,7.31,7.35,7.3,7.35,3750,0
20110308,7.4,7.5,7.4,7.5,3725,0
20110310,7.5,7.5,7.4,7.4,700,0
20110311,7.19,7.19,7.1,7.15,3100,0
20110314,7,7.4,6.01,7.4,18070,0
20110315,7.21,7.4,7.21,7.4,400,0
20110317,7.4,7.4,7.35,7.35,2600,0
20110321,7.3,7.4,7.3,7.35,1500,0
20110322,7.32,7.32,7.22,7.22,300,0
20110328,7.34,7.5,7.34,7.5,3400,0
20110329,7.36,7.55,7.25,7.43,1264,0
20110330,7.11,7.25,7.1,7.15,6410,0
20110331,7.25,7.63,7.25,7.63,1560,0
20110401,7.63,7.95,7.63,7.95,823,0
20110404,7.79,7.94,7.79,7.94,200,0
20110405,7.75,7.75,7.41,7.41,2020,0
20110406,7.28,7.28,7.28,7.28,120,0
20110407,7.39,7.39,7.15,7.39,500,0
20110411,7.23,7.24,7.23,7.24,1480,0
20110412,7.03,7.03,7.03,7.03,100,0
20110413,7.1,7.93,7.1,7.93,4100,0
20110414,7.88,7.9,7.44,7.5,5925,0
20110415,7.71,7.71,7.5,7.5,600,0
20110418,7.69,7.75,7.37,7.5,2450,0
20110419,7.67,7.75,7.67,7.71,600,0
20110420,7.73,7.75,7.73,7.75,300,0
20110421,7.45,7.7,7.1,7.68,2660,0
20110425,7.7,7.77,7.68,7.77,1460,0
20110426,7.77,7.77,7.63,7.72,400,0
20110427,7.47,7.7,7.23,7.32,22074,0
20110428,7.21,7.4,7.21,7.4,800,0
20110429,7.48,8.53,7.4,8.08,15323,0
20110502,8.1,8.22,7.49,8.14,3906,0
20110503,8.34,8.34,8.12,8.12,1030,0
20110504,8.33,8.95,8.24,8.25,2623,0
20110505,8.23,8.23,8.18,8.18,300,0
20110509,8.2,8.64,8.2,8.64,1816,0
20110510,8.7,9.08,8.7,9.08,1232,0
20110511,9.1,9.18,9.06,9.06,1520,0
20110512,8.94,9.09,8.82,9.09,1000,0
20110516,8.9,8.9,8.9,8.9,900,0
20110517,9.1,9.15,8.99,9.1,3832,0
20110518,9.25,9.29,9.23,9.23,599,0
20110519,9.08,9.11,8.72,9.1,901,0
20110520,9.08,9.1,9.08,9.1,1700,0
20110523,9,9,8.94,8.94,302,0
20110524,8.95,9,8.95,8.98,1100,0
20110525,9,9,8.81,8.85,2900,0
20110526,9,9,8.99,9,1200,0
20110531,8.97,9,8.97,9,500,0
20110602,9,9,8.81,9,1200,0
20110606,8.87,9,8.87,9,2900,0
20110607,9,9,9,9,2267,0
20110609,9,9,9,9,968,0
20110610,8.97,9,8.97,9,29200,0
20110613,8.93,9,8.76,8.99,2900,0
20110614,9,9,9,9,295,0
20110615,9,9,9,9,300,0
20110616,9,9,9,9,323,0
20110617,8.95,9,8.6,8.6,5032,0
20110620,8.83,8.83,8.42,8.42,3840,0
20110622,8.36,8.36,8.31,8.31,600,0
20110623,7.9,8.4,7.9,8.4,7220,0
20110624,8.42,8.49,8.4,8.47,1300,0
20110627,8.48,8.73,8.48,8.73,1900,0
20110628,8.8,8.85,8.78,8.85,600,0
20110629,8.85,8.9,8.81,8.86,1240,0
20110630,8.93,9.03,8.93,9,1900,0
20110705,9.3,9.3,9,9,4119,0
20110706,9,9,8.89,8.89,1100,0
20110707,9,9,8.98,8.98,300,0
20110711,8.91,8.91,8.84,8.84,800,0
20110712,8.69,9.05,8.52,9.05,3540,0
20110713,9.04,9.05,9,9.01,1000,0
20110719,9.02,9.03,8.99,9,1706,0
20110720,9.05,9.05,8.84,9,700,0
20110721,9.05,9.05,9.05,9.05,1850,0
20110727,9.03,9.03,9.03,9.03,100,0
20110801,9.18,9.18,9.18,9.18,100,0
20110804,9.03,9.03,8.79,8.98,6200,0
20110808,8.82,8.82,8.8,8.8,600,0
20110809,8.62,8.73,8.62,8.73,800,0
20110810,8.74,8.75,8.74,8.75,800,0
20110816,8.73,8.73,8.73,8.73,100,0
20110817,8.74,8.75,8.74,8.75,600,0
20110818,8.7,8.72,8.7,8.72,200,0
20110823,8.37,8.6,8.15,8.59,2800,0
20110824,8.72,8.75,8.72,8.75,200,0
20110825,8.74,8.74,8.74,8.74,100,0
20110826,8.35,8.35,8.25,8.25,600,0
20110829,8.59,8.67,8.59,8.67,200,0
20110830,8.66,8.66,8.66,8.66,100,0
20110831,8.67,8.69,8.5,8.65,1600,0
20110902,8.69,8.69,8.69,8.69,100,0
20110906,8.6,8.6,8.6,8.6,600,0
20110907,8.69,8.75,8.53,8.53,1100,0
20110908,8.48,8.6,8.48,8.5,2200,0
20110912,8.02,8.21,8.02,8.02,400,0
20110913,7.84,7.84,7.75,7.84,600,0
20110915,7.75,7.75,7.75,7.75,100,0
20110916,8,8,8,8,1013,0
20110920,8.01,8.02,8,8,1530,0
20110922,7.5,7.6,7.5,7.6,1130,0
20110923,7.62,7.62,7.6,7.6,600,0
20110926,7.99,7.99,7.99,7.99,100,0
20111004,7.99,7.99,7.78,7.78,457,0
20111005,7.99,7.99,7.99,7.99,100,0
20111007,7.67,7.84,7.65,7.83,1200,0
20111011,7.97,7.97,7.97,7.97,100,0
20111012,7.46,8,7.42,7.77,1983,0
20111017,7.9,7.99,7.9,7.99,500,0
20111024,7.99,7.99,7.99,7.99,609,0
20111027,7.48,7.48,7.43,7.43,400,0
20111028,7.6,7.6,6.49,6.95,4181,0
20111031,7.25,7.25,6.4,6.98,1566,0
20111101,6.5,7,6.5,7,500,0
20111103,7.28,7.28,7.28,7.28,100,0
20111108,7.02,7.18,6.97,7.18,900,0
20111114,6.69,7.2,6.69,7.02,818,0
20111117,6.54,6.54,6.54,6.54,600,0
20111118,6.56,6.56,6.56,6.56,200,0
20111121,6.54,6.54,6.5,6.54,6400,0
20111122,6.09,6.12,6.05,6.05,3939,0
20111128,5.67,6.41,5.67,6.36,1100,0
20111130,6.03,6.52,6.03,6.24,900,0
20111201,6.1,6.25,6.1,6.25,5900,0
20111202,6.6,6.6,6.6,6.6,100,0
20111205,6.35,6.45,6.35,6.45,2657,0
20111207,6.63,6.63,6.63,6.63,5000,0
20111209,6.09,6.18,6,6.18,3300,0
20111213,6.59,6.59,6.59,6.59,100,0
20111220,6.71,6.74,6.52,6.74,800,0
20111222,6.49,6.49,6.1,6.11,1460,0
20111227,6.15,6.15,6.14,6.14,1400,0
20111228,6.15,6.15,6.15,6.15,100,0
20111229,6.08,6.08,6.08,6.08,500,0
20120103,6.23,6.23,6.2,6.2,2168,0
20120109,6.29,6.29,6.26,6.27,3376,0
20120110,6.27,6.27,6.27,6.27,1550,0
20120111,6.27,6.27,6.27,6.27,502,0
20120112,6.35,6.35,6.2,6.27,2169,0
20120113,6.27,6.27,6.27,6.27,100,0
20120117,6.35,7.18,6.35,6.55,8628,0
20120120,6.88,6.88,6.88,6.88,100,0
20120123,6.87,6.9,6.87,6.9,2800,0
20120124,6.69,6.69,6.65,6.65,919,0
20120125,6.45,6.45,6.45,6.45,100,0
20120127,6.51,6.51,6.51,6.51,100,0
20120130,6.55,6.55,6.45,6.45,3049,0
20120131,6.23,6.23,6.23,6.23,100,0
20120201,6.21,6.21,6.21,6.21,144,0
20120206,6.48,6.66,6.35,6.66,2656,0
20120207,6.75,7.1,6.6,7.1,1100,0
20120208,6.82,6.82,6.55,6.55,1000,0
20120209,8.97,8.97,7.69,7.69,1100,0
20120210,7.5,7.67,7.14,7.14,1600,0
20120213,7.15,7.27,7.02,7.27,4175,0
20120214,7.2,7.2,6.2,6.22,4880,0
20120215,6.51,6.88,6.22,6.6,25725,0
20120216,6.41,6.81,6.41,6.81,525,0
20120217,6.95,6.99,6.75,6.75,1100,0
20120221,6.87,8,6.87,7.92,3700,0
20120222,7.49,7.49,6.82,6.82,4367,0
20120223,6.88,7.15,6.88,7,2800,0
20120224,7.17,7.17,6.7,6.7,1000,0
20120227,6.8,7.5,6.7,7.16,8900,0
20120228,7.02,7.04,7,7.04,300,0
20120301,6.95,7.5,6.8,6.8,7441,0
20120302,6.75,6.75,6.75,6.75,225,0
20120305,6.71,6.71,6.55,6.55,21510,0
20120306,6.35,6.35,6.11,6.2,10617,0
20120308,6.5,6.5,6.11,6.16,16200,0
20120312,6.53,6.53,6.5,6.53,600,0
20120313,6.59,6.59,6.29,6.3,7913,0
20120314,6.18,6.18,6.17,6.17,500,0
20120315,6.26,6.35,6.2,6.35,3182,0
20120316,6.35,6.4,6.35,6.4,300,0
20120319,6.35,6.35,6.2,6.22,5036,0
20120320,6.22,6.25,6.05,6.1,19036,0
20120323,6.04,6.2,6.04,6.04,450,0
20120327,6.2,6.2,6.18,6.2,1500,0
20120328,6.33,6.33,6.33,6.33,250,0
20120402,6.33,6.33,6.33,6.33,200,0
20120403,6.35,6.35,6.35,6.35,5920,0
20120404,6.1,6.2,5.85,5.93,21655,0
20120405,5.81,5.9,5.75,5.85,6314,0
20120409,5.75,5.75,5.6,5.7,4318,0
20120410,5.78,5.85,5.71,5.71,2150,0
20120413,6.07,6.1,6.07,6.1,200,0
20120416,7.2,7.2,6.06,6.35,4308,0
20120418,6.05,6.05,6.05,6.05,200,0
20120419,6.32,6.35,6.32,6.35,300,0
20120427,6.25,6.35,6.25,6.35,4000,0
20120430,6.35,6.36,6.07,6.14,5200,0
20120501,6.34,6.4,6.08,6.08,7500,0
20120502,6.03,6.21,6.01,6.15,6100,0
20120503,6.23,6.23,6.19,6.2,4900,0
20120507,5.95,5.96,5.95,5.95,1566,0
20120508,6.03,6.03,5.71,5.71,15256,0
20120510,5.69,5.7,5.69,5.7,2400,0
20120514,5.59,6.08,4.97,5.83,10602,0
20120515,5.73,5.73,5.7,5.7,1000,0
20120517,5.97,5.97,5.7,5.7,5400,0
20120518,5.88,5.91,5.45,5.59,7700,0
20120521,5.55,5.7,5.54,5.54,4100,0
20120522,5.52,5.64,5.52,5.64,300,0
20120523,5.52,5.52,5.5,5.5,1600,0
20120524,5.47,5.6,5.47,5.6,4700,0
20120530,5.51,5.51,5.39,5.4,12900,0
20120531,5.48,5.73,5.32,5.73,6500,0
20120601,5.61,5.61,5.35,5.45,6790,0
20120604,5.34,5.34,5.25,5.25,6565,0
20120605,5.25,5.35,5.25,5.35,5885,0
20120606,5.25,5.39,5.25,5.35,305,0
20120607,5.37,5.65,5.37,5.4,705,0
20120608,5.41,5.41,4.01,4.44,45846,0
20120611,4.15,4.44,3.49,3.85,13418,0
20120612,3.85,3.85,3.72,3.74,2152,0
20120613,3.74,3.82,3.74,3.82,5500,0
20120614,3.85,4.12,3.65,3.65,5584,0
20120618,3.62,3.9,3.6,3.9,4250,0
20120619,3.83,3.83,3.78,3.78,204,0
20120621,3.76,3.76,3.57,3.57,790,0
20120625,3.4,3.4,3.4,3.4,395,0
20120626,3.42,3.44,3.38,3.44,5205,0
20120627,3.4,3.4,3.4,3.4,300,0
20120629,3.66,3.75,3.66,3.68,380,0
20120703,3.68,3.68,3.51,3.51,300,0
20120706,3.54,3.58,3.19,3.58,2350,0
20120710,3.37,3.4,3.35,3.4,900,0
20120711,3.25,3.25,3.25,3.25,500,0
20120712,3.27,3.39,3.27,3.39,200,0
20120713,3.33,3.33,3.3,3.3,3000,0
20120717,3.75,3.75,3.75,3.75,350,0
20120718,3.74,3.74,3.71,3.71,200,0
20120720,3.37,3.67,3.37,3.5,4980,0
20120723,3.48,3.59,3.48,3.59,530,0
20120725,3.74,3.9,3.72,3.9,600,0
20120727,3.89,3.89,3.89,3.89,100,0
20120730,3.9,3.9,3.9,3.9,430,0
20120731,3.9,4.09,3.9,3.93,3000,0
20120801,3.85,3.85,3.74,3.74,3460,0
20120802,3.74,3.75,3.65,3.65,7100,0
20120807,3.41,3.59,3.41,3.59,600,0
20120809,3.45,3.45,3.44,3.45,4200,0
20120810,3.45,3.45,3.35,3.35,3829,0
20120813,3.36,3.36,3.36,3.36,100,0
20120820,3.31,3.54,3.3,3.53,5000,0
20120822,3.42,3.59,3.42,3.59,350,0
20120823,3.65,3.65,3.55,3.55,4100,0
20120827,3.71,3.71,3.71,3.71,100,0
20120828,3.8,3.98,3.8,3.98,1350,0
20120829,4.1,4.1,4.1,4.1,500,0
20120831,4.27,4.27,4.27,4.27,200,0
20120910,3.88,3.88,3.75,3.75,6000,0
20120912,3.75,3.75,3.75,3.75,100,0
20120914,3.94,3.94,3.94,3.94,100,0
20120919,3.77,3.77,3.77,3.77,200,0
20120921,4.04,4.04,4.04,4.04,100,0
20120924,4.02,4.02,3.94,3.95,5470,0
20120925,3.97,3.97,3.94,3.96,16000,0
20120926,3.95,3.96,3.95,3.96,1000,0
20120928,3.67,3.74,3.67,3.72,4100,0
20121001,3.6,3.7,3.55,3.58,6600,0
20121004,3.54,3.72,3.54,3.72,350,0
20121005,3.56,3.59,3.55,3.57,2451,0
20121008,3.75,3.82,3.66,3.76,131860,0
20121009,3.63,3.76,3.61,3.76,2500,0
20121010,3.69,3.79,3.69,3.79,13865,0
20121011,3.82,3.82,3.65,3.65,14900,0
20121012,3.89,3.89,3.89,3.89,200,0
20121015,3.57,3.89,3.57,3.76,2050,0
20121022,3.77,3.77,3.65,3.65,394,0
20121023,3.93,4.05,3.84,3.85,1000,0
20121024,3.87,3.87,3.68,3.84,1400,0
20121025,3.78,3.8,3.78,3.78,600,0
20121026,3.78,3.8,3.78,3.8,270,0
20121031,3.79,3.85,3.79,3.8,1900,0
20121105,3.82,3.82,3.8,3.8,300,0
20121106,3.79,3.79,3.77,3.79,600,0
20121107,3.61,3.95,3.61,3.95,450,0
20121109,3.81,3.9,3.81,3.9,670,0
20121112,3.65,3.75,3.65,3.75,249,0
20121113,3.64,3.64,3.6,3.6,5800,0
20121115,3.5,3.53,3.5,3.5,2051,0
20121119,3.3,3.67,3.3,3.67,7000,0
20121120,3.5,3.5,3.5,3.5,3500,0
20121126,3.64,3.64,3.62,3.64,3200,0
20121127,3.72,3.82,3.65,3.65,17513,0
20121128,3.65,3.65,3.61,3.61,2687,0
20121129,3.59,3.65,3.59,3.65,2794,0
20121130,3.53,3.69,3.52,3.6,15954,0
20121203,3.73,3.73,3.52,3.52,833,0
20121204,3.54,3.69,3.5,3.55,2154,0
20121205,3.48,3.66,3.48,3.55,813,0
20121206,3.6,3.6,3.6,3.6,3500,0
20121207,3.42,3.42,3.42,3.42,2000,0
20121210,3.6,3.62,3.53,3.6,5696,0
20121211,3.72,3.75,3.72,3.75,900,0
20121212,3.96,3.96,3.62,3.62,800,0
20121213,3.75,3.75,3.75,3.75,100,0
20121220,3.75,3.75,3.75,3.75,200,0
20121224,3.71,3.71,3.6,3.6,200,0
20121227,3.6,3.6,3.47,3.48,3030,0
20121228,3.58,3.58,3.58,3.58,134,0
20121231,3.54,3.65,3.54,3.65,200,0
20130102,3.74,3.74,3.49,3.71,555,0
20130107,3.48,3.87,3.48,3.87,464,0
20130108,3.8,3.8,3.58,3.61,2435,0
20130109,3.69,3.69,2.66,3.67,1300,0
20130110,3.68,3.68,3.68,3.68,100,0
20130111,3.73,3.73,3.73,3.73,257,0
20130115,3.68,3.68,3.68,3.68,100,0
20130117,3.43,3.43,3.43,3.43,100,0
20130118,3.63,3.63,3.45,3.5,500,0
20130123,3.32,3.35,3.32,3.35,500,0
20130124,3.46,3.6,3.46,3.5,700,0
20130129,3.49,3.49,3.49,3.49,100,0
20130130,3.47,3.47,3.47,3.47,100,0
20130131,3.49,3.55,3.49,3.49,6500,0
20130201,3.46,3.49,3.46,3.49,8953,0
20130204,3.49,3.49,3.4,3.4,81747,0
20130205,3.4,3.4,3.39,3.39,7300,0
20130206,3.26,3.26,3.26,3.26,100,0
20130207,3.3,3.4,3.3,3.32,900,0
20130208,3.33,3.33,3.26,3.26,8047,0
20130211,3.26,3.62,3.26,3.55,49635,0
20130212,3.6,3.6,3.6,3.6,800,0
20130214,3.8,3.95,3.64,3.75,10800,0
20130215,3.65,3.65,3.4,3.4,1500,0
20130219,3.8,3.8,3.8,3.8,100,0
20130220,3.7,3.7,3.62,3.62,725,0
20130222,3.6,3.6,3.6,3.6,200,0
20130225,3.5,3.56,3.35,3.35,12278,0
20130226,3.35,3.35,3.3,3.32,5402,0
20130227,3.25,3.44,3.25,3.44,300,0
20130228,3.38,3.38,3.22,3.22,16485,0
20130301,3.25,3.25,3.21,3.25,2427,0
20130304,3.4,3.4,3.4,3.4,100,0
20130305,3.35,3.5,3.35,3.5,800,0
20130306,3.65,3.65,3.65,3.65,200,0
20130307,3.61,3.68,3.61,3.68,500,0
20130311,3.72,3.72,3.72,3.72,300,0
20130312,3.78,3.78,3.5,3.75,590,0
20130313,3.74,3.74,3.67,3.73,300,0
20130314,3.72,3.74,3.72,3.72,3100,0
20130318,3.67,3.77,3.67,3.77,300,0
20130321,3.55,3.55,3.28,3.28,700,0
20130322,3.29,3.29,3.29,3.29,600,0
20130325,3.5,3.5,3.5,3.5,100,0
20130404,3.5,3.5,3.5,3.5,100,0
20130409,3.4,3.4,3.4,3.4,300,0
20130410,3.25,3.38,3.25,3.25,900,0
20130416,3.3,3.3,3.25,3.25,1900,0
20130423,3.3,3.3,3.3,3.3,800,0
20130424,3.3,3.3,3.3,3.3,100,0
20130503,3.16,3.2,3.16,3.2,1500,0
20130513,3.23,3.23,3.18,3.18,800,0
20130515,3.18,3.18,3.18,3.18,300,0
20130523,3.31,3.32,3.31,3.32,200,0
20130605,3.3,3.3,3.29,3.3,500,0
20130618,3.3,3.3,3.3,3.3,1155,0
20130620,3.22,3.28,3.22,3.27,500,0
20130621,3.42,3.42,3.3,3.42,3594,0
20130624,3.33,3.33,3.22,3.22,1588,0
20130627,3.3,3.3,3.3,3.3,100,0
20130701,3.4,3.4,3.4,3.4,100,0
20130702,3.21,3.21,3.21,3.21,100,0
20130703,3.27,3.27,3.27,3.27,300,0
20130708,3.26,3.26,3.26,3.26,100,0
20130710,3.28,3.43,3.25,3.43,1100,0
20130711,3.41,3.41,3.25,3.31,4865,0
20130712,3.32,3.32,3.32,3.32,690,0
20130716,3.33,3.58,3.21,3.58,6941,0
20130717,3.42,3.93,3.39,3.4,2800,0
20130718,3.52,3.68,3.5,3.55,600,0
20130719,3.57,3.57,3.52,3.52,500,0
20130722,3.7,3.7,3.65,3.65,300,0
20130723,3.68,3.86,3.68,3.86,1400,0
20130724,3.85,3.9,3.73,3.86,1575,0
20130725,3.75,3.76,3.57,3.73,1330,0
20130726,3.54,3.69,3.5,3.6,1372,0
20130730,3.35,3.65,3.35,3.63,900,0
20130731,3.65,3.7,3.65,3.7,200,0
20130801,3.64,3.68,3.64,3.68,400,0
20130802,3.72,3.72,3.72,3.72,100,0
20130807,3.7,3.7,3.69,3.69,1600,0
20130813,3.76,3.84,3.76,3.84,1430,0
20130814,3.87,3.94,3.21,3.75,17695,0
20130815,3.75,4.38,3.75,4,21000,0
20130816,4.03,4.05,3.85,3.85,5286,0
20130819,4.05,4.05,3.66,3.76,3200,0
20130820,3.75,3.77,3.7,3.77,1200,0
20130821,3.75,3.8,3.75,3.8,955,0
20130822,3.85,3.85,3.85,3.85,200,0
20130826,3.85,3.85,3.85,3.85,300,0
20130830,3.95,3.95,3.95,3.95,100,0
20130904,3.97,3.97,3.85,3.93,1000,0
20130906,3.9,3.9,3.9,3.9,1100,0
20130912,4.24,4.37,4.18,4.18,1624,0
20130918,3.88,4.11,3.88,4.1,2500,0
20130919,4.11,4.41,4,4.11,24574,0
20130920,3.97,3.97,3.97,3.97,400,0
20130923,4.01,4.01,4.01,4.01,100,0
20130926,4,4,4,4,100,0
20130927,4,4,3.98,4,1800,0
20131001,3.8,3.81,3.8,3.81,1300,0
20131002,3.82,4.02,3.82,4.02,1093,0
20131004,4,4,3.8,3.8,1200,0
20131015,3.86,4.07,3.86,4.07,300,0
20131016,4,4.02,3.81,4,1000,0
20131017,4,4,3.77,3.83,21041,0
20131023,4,4.2,3.91,3.99,24149,0
20131025,3.93,4.07,3.91,4.02,2100,0
20131029,4.18,4.18,4.18,4.18,100,0
20131030,4.17,4.25,3.77,4.06,28900,0
20131031,4.22,4.22,4.22,4.22,100,0
20131105,4.24,4.25,4.24,4.25,200,0
20131106,4.25,4.25,4.25,4.25,100,0
20131107,3.95,4.24,3.95,4.24,200,0
20131113,4.2,4.2,4.09,4.15,2700,0
20131114,4.01,4.08,3.9,3.99,6498,0
20131115,4,4,4,4,100,0
20131118,4.09,4.09,4.09,4.09,166,0
20131119,4.14,4.15,4,4,4644,0
20131120,3.95,4,3.92,4,930,0
20131121,3.97,3.97,3.97,3.97,100,0
20131125,3.98,3.98,3.97,3.97,815,0
20131126,3.93,3.93,3.92,3.92,3100,0
20131127,3.92,3.98,3.92,3.98,3533,0
20131129,3.99,4,3.99,4,1000,0
20131205,3.96,3.96,3.86,3.92,2517,0
20131213,4.04,4.06,4.04,4.06,300,0
20131216,3.94,4.13,3.94,4.13,326,0
20131220,4.02,4.03,4.02,4.03,956,0
20131223,4.03,4.25,4.03,4.24,30991,0
20131224,4.25,5,4.25,4.95,26629,0
20131226,4.95,5.25,4.9,5.25,18542,0
20131227,5.26,5.98,5.25,5.92,105743,0
20131230,5.89,5.89,5.64,5.8,12200,0
20131231,5.8,5.8,5.5,5.55,6309,0
20140102,5.57,5.75,5,5.1,36537,0
20140103,5.02,5.43,5.02,5.42,9785,0
20140106,5.42,5.42,5.26,5.26,1944,0
20140107,5.46,5.55,5.19,5.5,11289,0
20140108,5.55,5.55,5.52,5.52,1243,0
20140109,5.43,5.65,5.42,5.65,3231,0
20140110,5.65,6.25,5.64,6.2,144233,0
20140113,6.3,6.56,5.96,6.02,59686,0
20140114,6.12,6.39,5.89,6.15,143487,0
20140115,6.02,6.24,5.9,6.11,23100,0
20140116,6.17,6.17,5.65,5.67,22658,0
20140117,5.76,6.04,5.5,5.9,8517,0
20140121,5.81,6.23,5.23,5.91,35382,0
20140122,5.75,5.91,5.74,5.87,6500,0
20140123,5.79,5.9,5.65,5.69,11623,0
20140124,5.67,5.8,4.45,5.58,56017,0
20140127,5.52,5.82,5.25,5.35,4765,0
20140128,5.7,5.7,5.27,5.58,5600,0
20140129,5.38,5.66,5.25,5.25,8050,0
20140130,5.66,5.72,5.29,5.45,3745,0
20140131,5.55,5.65,5.36,5.46,6912,0
20140203,5.46,5.46,5.28,5.28,1925,0
20140204,5.55,5.83,5.04,5.11,8580,0
20140205,5.18,5.25,4.94,5.13,21074,0
20140206,5.05,6.07,4.99,5.85,161295,0
20140207,6.38,6.41,5.81,5.95,118979,0
20140210,6.27,6.49,6.03,6.36,76218,0
20140211,6.48,6.7,6.11,6.41,85939,0
20140212,6.3,6.55,6.25,6.4,39305,0
20140213,6.3,6.55,6.25,6.48,17576,0
20140214,6.49,6.56,5.58,5.95,93007,0
20140218,5.85,5.97,5.22,5.39,131480,0
20140219,5.4,5.4,5.15,5.15,27473,0
20140220,5.37,5.37,4.89,4.99,30791,0
20140221,5.1,5.1,4.6,4.63,34862,0
20140224,4.66,4.85,4.5,4.85,21189,0
20140225,4.79,4.82,4.57,4.63,3309,0
20140226,4.64,4.87,4.54,4.65,15953,0
20140227,4.67,4.71,4.23,4.5,23031,0
20140228,4.5,4.51,4.41,4.41,13025,0
20140303,4.27,4.5,4.26,4.32,5907,0
20140304,4.42,4.53,4.25,4.32,18489,0
20140305,4.44,4.45,4.32,4.42,9499,0
20140306,4.36,4.36,4.36,4.36,815,0
20140307,4.32,4.45,4.32,4.45,1870,0
20140310,4.43,4.45,4.31,4.44,3208,0
20140311,4.26,4.43,4.26,4.43,1830,0
20140312,4.28,4.45,4.26,4.44,3250,0
20140313,4.45,4.71,4.45,4.45,3770,0
20140314,4.26,4.68,4.26,4.6,68499,0
20140317,4.37,5,4.37,4.59,50619,0
20140318,4.61,4.99,4.58,4.6,38683,0
20140319,4.43,4.65,4.33,4.58,27794,0
20140320,4.6,4.8,4.5,4.72,22519,0
20140321,4.48,4.79,4.43,4.55,51421,0
20140324,4.55,4.65,4.4,4.56,9678,0
20140325,4.72,4.72,4.4,4.5,5405,0
20140326,4.49,4.69,4.25,4.26,33600,0
20140327,4.33,4.4,4.07,4.18,39294,0
20140328,4.18,4.35,4.18,4.33,461,0
20140331,4.45,4.54,4.22,4.42,4877,0
20140401,4.42,4.52,4.3,4.52,1598,0
20140402,4.51,4.55,4.21,4.4,38899,0
20140403,4.33,4.4,4.33,4.4,600,0
20140404,4.5,4.59,4.5,4.59,10100,0
20140407,4.62,4.62,4.62,4.62,100,0
20140408,4.48,4.5,4.45,4.5,900,0
20140409,4.48,4.63,4.45,4.6,9525,0
20140410,4.64,4.64,4.49,4.53,3200,0
20140411,4.63,4.65,4.48,4.48,11000,0
20140414,4.48,4.59,4.4,4.45,10658,0
20140415,4.49,4.6,4.07,4.6,19892,0
20140416,4.45,4.75,4.45,4.75,5360,0
20140417,4.95,4.95,4.71,4.86,3710,0
20140421,5,5.05,4.67,4.8,4404,0
20140422,4.82,5.12,4.82,5.08,3786,0
20140423,5.07,5.07,5,5.05,1030,0
20140424,5.13,5.15,4.77,5.07,2692,0
20140428,5.03,5.08,4.86,4.87,807,0
20140429,5.07,5.1,5.05,5.08,1893,0
20140430,4.87,5.11,4.87,5.1,5381,0
20140501,5.09,5.11,5,5.11,1587,0
20140502,5,5.13,5,5.12,1545,0
20140506,5.16,5.36,4.9,5,7600,0
20140507,4.93,5.31,4.93,5.22,5557,0
20140508,5.09,5.17,4.96,4.96,600,0
20140509,5.1,5.11,4.97,5.09,2060,0
20140512,4.96,5.09,4.96,5.09,5208,0
20140513,4.77,5.1,4.75,5.09,5666,0
20140515,5,5.09,5,5.09,2700,0
20140519,5,5.31,5,5.23,2600,0
20140520,5.3,5.4,5.3,5.4,2000,0
20140521,5.34,5.34,5.02,5.02,6780,0
20140522,5.19,5.34,5.09,5.22,5310,0
20140523,5.31,5.41,5.12,5.2,2636,0
20140527,5.12,5.3,5.07,5.18,6000,0
20140528,5.11,5.3,5.11,5.27,5450,0
20140529,5.2,5.29,5.2,5.28,2000,0
20140530,5.31,5.31,5.1,5.18,6750,0
20140602,5.38,5.44,5.2,5.3,10202,0
20140603,5.44,5.44,5.44,5.44,135,0
20140604,5.46,5.5,5.32,5.45,3715,0
20140605,5.5,5.58,5.45,5.47,4950,0
20140606,5.56,5.56,5.4,5.5,1190,0
20140609,5.55,5.55,5.55,5.55,310,0
20140610,5.53,5.58,5.5,5.58,1560,0
20140613,5.33,5.57,5.33,5.55,2500,0
20140616,5.54,5.6,5.54,5.6,1115,0
20140617,5.41,5.6,5.32,5.58,4552,0
20140619,5.29,5.57,5.29,5.48,3952,0
20140620,5.47,5.47,5.21,5.21,9013,0
20140623,5.54,5.54,5.21,5.46,564,0
20140624,5.22,5.45,5.01,5.06,13043,0
20140625,5.14,5.28,5.11,5.28,1462,0
20140626,5.51,5.51,5.17,5.22,4716,0
20140627,5.14,5.35,5.12,5.15,1705,0
20140630,5.46,5.46,5.21,5.44,8253,0
20140701,5.75,5.75,4.92,5.24,42769,0
20140702,4.97,5,4.97,4.99,900,0
20140703,4.98,5.2,4.98,5.05,7800,0
20140707,5.13,5.28,5.01,5.2,8866,0
20140708,5.28,5.28,5.25,5.25,601,0
20140709,5.33,5.33,5.19,5.25,18486,0
20140710,5.3,5.3,5.18,5.18,701,0
20140711,5.31,5.31,5.1,5.17,5200,0
20140714,5.32,5.32,5.06,5.11,1150,0
20140715,5.31,5.31,5.11,5.25,1125,0
20140716,5.3,5.3,5.3,5.3,460,0
20140717,5.14,5.14,5.14,5.14,580,0
20140718,5.32,5.32,5.32,5.32,200,0
20140721,5.12,5.3,5.12,5.3,760,0
20140722,5.15,5.32,5.15,5.32,1860,0
20140723,5.32,5.37,5.32,5.37,684,0
20140724,5.4,5.4,5.25,5.4,1450,0
20140725,5.26,5.4,5.26,5.4,746,0
20140728,5.38,5.38,5.28,5.28,1350,0
20140729,5.28,5.48,5.28,5.35,6790,0
20140731,5.4,5.4,5.31,5.34,8770,0
20140804,5.49,5.49,5.49,5.49,307,0
20140805,5.4,5.47,5.31,5.47,5460,0
20140808,5.34,5.47,5.34,5.47,2000,0
20140811,5.5,5.5,5.49,5.49,400,0
20140812,5.42,5.42,5.39,5.39,400,0
20140813,5.5,5.5,5.41,5.5,5316,0
20140814,5.3,5.42,5.3,5.41,12755,0
20140815,5.38,5.38,5.38,5.38,200,0
20140818,5.4,5.4,5.4,5.4,172,0
20140819,5.3,5.4,5.3,5.4,460,0
20140820,5.41,5.49,5.41,5.49,1980,0
20140821,5.5,5.73,5.32,5.6,1200,0
20140822,5.31,5.55,5.31,5.55,900,0
20140825,5.69,5.72,5.34,5.72,4425,0
20140826,5.58,5.63,5.55,5.63,1489,0
20140828,5.73,5.73,5.51,5.53,2900,0
20140829,5.74,5.74,5.49,5.53,3704,0
20140903,5.77,5.77,5.45,5.6,1860,0
20140904,5.37,5.7,5.37,5.7,6732,0
20140905,5.6,5.6,5.52,5.52,960,0
20140908,5.59,5.75,5.53,5.75,3742,0
20140909,5.75,5.75,5.7,5.75,831,0
20140910,5.7,5.75,5.41,5.75,5138,0
20140911,5.75,5.75,5.7,5.73,1996,0
20140912,5.73,5.78,5.65,5.65,1343,0
20140915,5.43,5.78,5.43,5.78,2467,0
20140916,5.78,5.8,5.49,5.56,4010,0
20140917,5.45,5.7,5.45,5.52,2106,0
20140918,5.32,5.7,5.32,5.38,3792,0
20140919,5.6,5.6,5.26,5.26,6450,0
20140922,5.25,5.52,5.16,5.39,7568,0
20140923,5.37,5.39,5.35,5.39,514,0
20140924,5.27,5.32,5.08,5.25,9726,0
20140925,5.38,5.4,5.38,5.4,251,0
20140926,5.11,5.28,5.1,5.25,4830,0
20140929,5.12,5.38,5.1,5.23,1600,0
20140930,5.34,5.34,5.34,5.34,100,0
20141002,5.11,5.35,5.11,5.31,1741,0
20141003,5.14,5.31,5.14,5.31,260,0
20141006,5.38,5.38,5.38,5.38,100,0
20141007,5.16,5.31,5.16,5.31,1358,0
20141008,5.3,5.31,5.16,5.29,3070,0
20141009,5.31,5.34,5.08,5.31,5800,0
20141010,5.29,5.29,5.25,5.29,600,0
20141013,5.29,5.29,5.11,5.25,1378,0
20141014,5.01,5.2,4.99,5.19,4621,0
20141015,5.19,5.19,5.19,5.19,100,0
20141016,5.17,5.19,5,5.17,626,0
20141017,5.24,5.24,5.24,5.24,100,0
20141020,5.33,5.33,5.33,5.33,250,0
20141022,5.3,5.37,5.29,5.29,1076,0
20141023,5.09,5.37,5.09,5.37,400,0
20141024,5.3,5.3,5.3,5.3,520,0
20141028,5.2,5.31,5.2,5.31,200,0
20141030,5.37,5.37,5.37,5.37,100,0
20141031,5.3,5.3,5.11,5.15,2052,0
20141103,5.34,5.34,5.34,5.34,100,0
20141104,5.3,5.32,5.08,5.21,2479,0
20141105,5.13,5.18,5.13,5.13,200,0
20141106,5.19,5.3,5.05,5.2,2166,0
20141110,5.05,5.14,5,5.12,4583,0
20141111,5.01,5.01,5,5,600,0
20141112,4.9,5,4.9,4.98,4800,0
20141113,5.03,5.13,4.95,5,17700,0
20141114,5.1,5.1,5.1,5.1,150,0
20141117,4.85,4.85,4.6,4.61,2500,0
20141118,4.5,4.74,4.49,4.74,2950,0
20141119,4.41,4.59,4.39,4.47,6550,0
20141120,4.45,4.47,4.26,4.41,13878,0
20141121,4.5,4.5,4.02,4.41,39653,0
20141124,4.16,4.43,4.11,4.34,10401,0
20141125,4.2,4.43,4.2,4.34,11784,0
20141126,4.42,4.57,4.39,4.54,12561,0
20141128,4.56,4.63,4.54,4.63,1700,0
20141201,4.42,4.62,4.42,4.56,918,0
20141202,4.5,4.69,4.5,4.59,2100,0
20141203,4.47,5.22,4.47,5.15,14957,0
20141204,5.2,5.2,4.8,5.06,27460,0
20141205,5,5.11,4.76,5.11,14100,0
20141208,5,5.15,4.95,5.15,8758,0
20141209,5,5.19,5,5.14,6561,0
20141210,5.1,5.19,4.75,5.07,6845,0
20141211,4.73,4.97,4.7,4.97,951,0
20141212,4.64,4.96,4.64,4.96,1690,0
20141215,4.63,5.09,4.62,4.62,6521,0
20141216,4.82,5.01,4.35,5.01,12535,0
20141217,5.05,5.23,4.96,5.23,10260,0
20141218,5.12,5.3,5.12,5.3,2900,0
20141219,5.29,5.29,5,5,2854,0
20141222,5.35,5.35,5.03,5.28,7390,0
20141223,5.25,5.35,5.2,5.32,2953,0
20141224,5.32,5.34,5.25,5.34,5701,0
20141229,5.34,5.35,5.34,5.35,725,0
20141231,5.28,5.34,5.22,5.34,2298,0
20150102,5.31,5.34,5.12,5.15,2898,0
20150105,5.34,5.34,5.11,5.34,3105,0
20150106,5.25,5.34,5.16,5.3,7350,0
20150107,5.32,5.33,5.2,5.33,2200,0
20150108,5.34,5.42,5.27,5.42,2363,0
20150109,5.42,5.42,5.42,5.42,200,0
20150112,5.44,5.44,5.44,5.44,300,0
20150113,5.45,5.48,5.45,5.46,4008,0
20150114,5.43,5.48,5.36,5.48,2611,0
20150115,5.26,5.45,5.26,5.45,1200,0
20150120,5.21,5.35,5.21,5.35,675,0
20150121,5.2,5.3,5.17,5.17,7710,0
20150122,5.69,5.7,4.86,5.1,130074,0
20150123,5,5.1,4.7,5.03,13100,0
20150126,5.03,5.1,5.01,5.02,1700,0
20150127,4.84,5.02,4.8,5,9807,0
20150128,5.02,5.02,4.84,5.02,7000,0
20150129,4.9,5.08,4.9,5.08,1602,0
20150130,5.08,5.13,4.96,5.11,6248,0
20150202,5.09,5.17,4.95,5.17,3107,0
20150203,5.23,5.23,5.11,5.23,510,0
20150204,5.27,5.27,5.01,5.18,1400,0
20150205,5.25,5.25,5.1,5.24,6110,0
20150206,5.29,5.3,5.19,5.3,12100,0
20150209,5.28,5.3,5.2,5.3,2382,0
20150210,5.28,5.29,5.2,5.29,4556,0
20150211,5.22,5.28,5.22,5.28,500,0
20150212,5.2,5.25,4.93,5,50210,0
20150213,4.94,5.11,4.94,5.11,10450,0
20150217,5.17,5.2,4.67,4.93,103143,0
20150218,4.95,5,4.76,4.92,5520,0
20150219,4.73,4.96,4.73,4.96,2628,0
20150220,4.99,4.99,4.77,4.95,510,0
20150223,4.73,4.98,4.52,4.77,29447,0
20150224,4.77,4.78,4.4,4.6,34444,0
20150225,4.6,4.71,4.54,4.71,7431,0
20150226,4.56,4.7,4.52,4.7,1556,0
20150227,4.67,4.69,4.5,4.64,2600,0
20150302,4.37,4.66,4.36,4.66,600,0
20150303,4.43,4.66,4.2,4.3,32100,0
20150304,4.4,4.51,4.33,4.45,9100,0
20150305,4.49,4.5,4.2,4.4,75000,0
20150306,4.39,4.5,4.39,4.49,11400,0
20150309,4.47,4.7,4.3,4.7,53400,0
20150310,4.65,4.95,4.65,4.94,32700,0
20150311,4.94,5.1,4.94,4.96,16800,0
20150312,5.1,5.28,4.99,5.22,12800,0
20150313,5.12,5.24,5.01,5.24,5500,0
20150316,5.12,5.24,4.87,4.92,9400,0
20150317,5.08,5.1,4.92,4.99,1800,0
20150318,4.93,5.1,4.62,4.75,10900,0
20150319,5.1,5.16,4.92,5.16,12800,0
20150320,5.11,5.2,5.1,5.2,9100,0
20150323,5.2,5.3,5.1,5.28,16900,0
20150324,5.3,5.65,5.25,5.6,41300,0
20150325,5.55,5.59,5.4,5.5,17000,0
20150326,5.5,5.79,5.35,5.55,39900,0
20150327,5.69,6.07,5.6,5.97,101900,0
20150330,6.09,6.6,6.06,6.55,111100,0
20150331,6.56,6.63,6.2,6.42,26294,0
20150401,6.47,6.47,6.15,6.26,8100,0
20150402,6.5,6.65,5.7,6,82100,0
20150406,5.96,6,5.6,5.63,21700,0
20150407,5.63,5.89,5.63,5.8,10562,0
20150408,5.84,5.88,5.68,5.74,8800,0
20150409,5.85,5.9,5.57,5.7,5781,0
20150410,5.57,5.86,5.57,5.75,4600,0
20150413,5.62,5.74,5.61,5.74,2200,0
20150414,5.7,5.74,5.7,5.7,1700,0
20150415,5.73,5.75,5.6,5.7,9390,0
20150416,5.73,5.75,5.61,5.65,9446,0
20150417,5.73,5.74,5.61,5.73,9400,0
20150420,5.76,5.8,5.7,5.75,40739,0
20150421,5.76,5.76,5.57,5.58,5483,0
20150422,5.59,5.8,5.57,5.8,5471,0
20150423,5.85,5.85,5.85,5.85,400,0
20150424,5.78,5.8,5.65,5.78,2130,0
20150427,5.8,5.89,5.65,5.87,7800,0
20150428,5.71,5.85,5.57,5.85,10749,0
20150429,5.62,5.88,5.59,5.72,3600,0
20150430,5.88,5.88,5.61,5.88,6200,0
20150501,5.64,5.83,5.64,5.83,1700,0
20150504,5.77,5.77,5.65,5.69,4500,0
20150505,5.87,5.87,5.67,5.67,7900,0
20150506,5.7,5.82,5.7,5.76,9258,0
20150507,5.7,5.77,5.7,5.77,2967,0
20150508,5.76,5.76,5.65,5.69,2700,0
20150511,5.64,5.7,5.62,5.62,2000,0
20150512,5.6,5.78,5.53,5.67,5946,0
20150513,5.57,5.6,5.3,5.6,8226,0
20150514,5.57,5.57,5.54,5.56,900,0
20150515,5.75,5.75,5.75,5.75,100,0
20150518,5.56,5.7,5.55,5.65,1477,0
20150519,5.4,5.63,5.4,5.63,300,0
20150520,5.6,5.65,5.4,5.5,1807,0
20150521,5.65,5.65,5.57,5.62,3700,0
20150522,5.58,5.59,5.41,5.5,4600,0
20150526,5.6,5.6,5.33,5.58,700,0
20150527,5.4,5.59,5.4,5.5,2100,0
20150528,5.59,5.59,5.45,5.5,2960,0
20150601,5.28,5.43,4.63,4.87,36676,0
20150602,4.95,4.99,4.6,4.99,9603,0
20150603,5.13,5.13,5,5,1500,0
20150604,5.13,5.13,4.95,5.08,5500,0
20150605,4.97,5.12,4.97,5.12,600,0
20150608,5.08,5.08,4.93,4.99,3600,0
20150609,5.05,5.05,4.71,4.91,1688,0
20150610,5.08,5.08,5.03,5.03,287,0
20150611,4.91,4.99,4.82,4.89,2110,0
20150612,5.03,5.03,4.8,4.91,19500,0
20150615,4.9,5.24,4.9,5.19,13800,0
20150616,5.25,5.73,5.16,5.7,123900,0
20150617,5.88,5.9,5.75,5.75,20300,0
20150618,5.75,6.3,5.75,6.28,46900,0
20150619,6.3,6.4,6.2,6.2,39600,0
20150622,6.35,6.35,6.2,6.35,8000,0
20150623,6.35,6.37,6.3,6.33,9360,0
20150624,6.25,6.3,6.04,6.13,23700,0
20150625,6.13,6.25,4.94,5.78,134200,0
20150626,5.8,5.85,5.09,5.33,55800,0
20150629,5.3,5.3,5.04,5.16,21700,0
20150630,5.41,5.42,4.9,5.1,20093,0
20150701,5.01,5.18,4.94,5.01,3800,0
20150702,4.9,5.2,4.9,5.03,7400,0
20150706,5.06,5.06,4.89,4.94,7200,0
20150707,5.07,5.07,4.88,5.02,8300,0
20150708,4.98,5.02,4.85,4.97,13000,0
20150709,5.12,5.2,5,5.04,3700,0
20150710,5.2,5.24,4.88,5.24,10200,0
20150713,5.26,5.3,5.12,5.17,3900,0
20150714,5.01,5.15,5.01,5.1,8550,0
20150715,5.04,5.2,5.04,5.2,1001,0
20150716,5.28,5.28,5.02,5.27,4500,0
20150717,5.21,5.25,5.08,5.17,2400,0
20150720,5.28,5.28,5.05,5.05,7300,0
20150721,5.12,5.29,5.04,5.1,2600,0
20150722,5.14,5.14,5.01,5.1,4400,0
20150723,5.02,5.02,4.95,4.95,2500,0
20150724,4.95,5.1,4.88,4.9,5800,0
20150727,5.1,5.1,4.84,4.99,12300,0
20150728,5,5.05,4.99,5.01,1500,0
20150729,4.85,5.05,4.85,5.05,1000,0
20150730,4.92,5,4.91,5,2300,0
20150731,4.84,5.04,4.84,4.96,3300,0
20150803,5.02,5.02,4.97,5,11104,0
20150804,4.9,5.03,4.9,5.03,2100,0
20150805,5.01,5.25,5,5.2,14900,0
20150806,5.15,5.2,5.15,5.15,790,0
20150807,4.98,5.12,4.98,5.12,400,0
20150810,4.87,5.1,4.87,5.1,10600,0
20150811,4.95,5.1,4.9,5.03,16084,0
20150812,5.19,5.19,4.71,4.95,56800,0
20150813,4.85,5.1,4.6,4.7,16100,0
20150814,4.74,4.74,4.69,4.69,2100,0
20150817,4.74,5,4.67,4.88,16200,0
20150818,4.8,4.9,4.42,4.5,22700,0
20150819,4.58,4.7,4.44,4.63,19400,0
20150820,4.42,4.69,4.3,4.4,5900,0
20150821,4.24,4.62,4.24,4.47,15700,0
20150824,3.86,4.45,3.82,3.98,24779,0
20150825,4.11,4.34,4.05,4.23,10300,0
20150826,4.48,4.48,4.15,4.15,7500,0
20150827,4.1,4.25,4,4.16,13900,0
20150828,4.12,4.35,4.11,4.35,5000,0
20150831,4.45,4.45,4.14,4.29,3600,0
20150901,4.28,4.33,4.19,4.27,4200,0
20150902,4.15,4.31,4.15,4.16,12200,0
20150903,4.31,4.7,4.31,4.67,12800,0
20150904,4.69,4.69,4.69,4.69,200,0
20150908,4.73,4.9,4.65,4.77,4600,0
20150909,4.85,4.85,4.8,4.81,900,0
20150910,4.7,4.75,4.64,4.73,2684,0
20150911,4.74,4.79,4.7,4.79,3300,0
20150914,4.47,4.79,4.47,4.64,3200,0
20150915,4.78,4.78,4.45,4.62,1500,0
20150916,4.78,4.78,4.7,4.7,1100,0
20150917,4.7,4.7,4.63,4.63,1212,0
20150918,4.75,4.75,4.37,4.37,6500,0
20150921,4.5,4.78,4.43,4.76,5900,0
20150922,4.61,4.75,4.6,4.75,1600,0
20150923,4.74,4.74,4.74,4.74,203,0
20150924,4.55,4.74,4.55,4.74,874,0
20150925,4.55,4.7,4.5,4.7,2900,0
20150928,4.41,4.68,4.41,4.68,1199,0
20150929,4.49,4.65,4.49,4.65,200,0
20150930,4.7,4.7,4.54,4.65,500,0
20151002,4.66,4.66,4.65,4.65,1200,0
20151005,4.43,4.66,4.42,4.63,6790,0
20151006,4.38,4.6,4.38,4.6,400,0
20151007,4.38,4.63,4.38,4.63,1666,0
20151008,4.63,4.63,4.55,4.6,3000,0
20151009,5.25,5.38,5.02,5.03,47800,0
20151012,5.02,5.2,4.82,5.18,23670,0
20151013,5.2,5.2,5.04,5.09,5300,0
20151014,5.24,5.24,4.92,5.23,12900,0
20151015,5.22,5.43,5.13,5.42,6200,0
20151016,5.25,5.43,5.1,5.23,14500,0
20151019,5.21,5.4,5.03,5.14,6410,0
20151020,5.27,5.27,5.02,5.1,2900,0
20151021,5.09,5.15,5.06,5.08,1700,0
20151022,5.08,5.2,5.05,5.2,7700,0
20151023,5.35,5.38,5.24,5.37,5100,0
20151026,5.39,5.47,5.2,5.2,4700,0
20151027,5.36,5.36,5.07,5.26,8600,0
20151028,5.25,5.39,5.21,5.25,8800,0
20151029,5.17,5.17,5.12,5.15,6400,0
20151030,5.2,5.25,5.07,5.2,5600,0
20151102,5.3,5.3,5.3,5.3,3200,0
20151103,5.21,5.31,5.13,5.3,7175,0
20151104,5.2,5.32,5.2,5.32,200,0
20151105,5.25,5.34,5.18,5.29,4200,0
20151106,5.2,5.3,5.15,5.3,2800,0
20151109,5.28,5.45,5.28,5.4,28219,0
20151110,5.4,5.54,5.36,5.52,59300,0
20151111,5.52,5.52,5.4,5.5,8600,0
20151112,5.5,5.5,5.4,5.48,7700,0
20151113,5.44,5.55,5.35,5.49,25300,0
20151116,6.07,6.42,4.82,5.1,477300,0
20151117,5.01,5.11,4.45,4.7,73600,0
20151118,4.69,5.1,4.57,5.07,27800,0
20151119,5.15,5.3,4.87,5.18,17900,0
20151120,5.2,5.2,4.97,5.13,9700,0
20151123,5.11,5.6,5.11,5.4,82700,0
20151124,5.39,5.56,5.15,5.44,41100,0
20151125,5.49,5.67,5.22,5.42,17600,0
20151127,5.43,5.5,5.2,5.2,16100,0
20151130,5.37,5.45,5.2,5.26,9400,0
20151201,5.38,5.38,5.02,5.21,16052,0
20151202,5.27,5.28,5.03,5.08,3010,0
20151203,5.22,5.28,4.92,4.92,24805,0
20151204,5.28,5.28,5,5.12,13000,0
20151207,5.03,5.15,4.97,5.12,11900,0
20151208,5,5.15,5,5.03,6405,0
20151209,5.15,5.15,4.96,5.08,4500,0
20151210,5.02,5.1,5.02,5.1,500,0
20151211,5.03,5.03,4.6,4.96,23600,0
20151214,5,5,4.69,4.85,28049,0
20151215,4.96,4.99,4.91,4.98,2100,0
20151216,5,5.1,4.9,5.1,7400,0
20151217,5,5.08,4.9,4.96,10700,0
20151218,5,5,4.7,5,12300,0
20151221,4.78,5,4.75,4.76,9900,0
20151222,4.9,4.9,4.75,4.75,2794,0
20151223,4.9,5,4.68,4.94,27100,0
20151224,4.98,4.98,4.84,4.87,1152,0
20151228,4.92,4.92,4.5,4.73,11579,0
20151229,4.65,4.88,4.55,4.73,11920,0
20151230,4.9,4.9,4.61,4.76,14453,0
20151231,4.79,4.89,4.632,4.85,15856,0
20160104,4.8,4.8,4.6701,4.72,5242,0
20160105,4.7192,4.76,4.616,4.76,2550,0
20160106,4.7579,4.8,4.671,4.68,5100,0
20160107,4.58,4.79,4.55,4.74,13532,0
20160108,4.55,4.74,4.55,4.68,7040,0
20160111,4.77,4.77,4.31,4.4599,13027,0
20160112,4.5,4.5,4.1,4.23,23750,0
20160113,4.1,4.3,4.1,4.12,11050,0
20160114,4.35,4.35,4.075,4.16,7163,0
20160115,4.101,4.24,4.1,4.22,9215,0
20160119,4.3,4.3,4.01,4.15,10900,0
20160120,4.02,4.15,3.75,4.15,16301,0
20160121,3.97,4.15,3.97,4.15,1523,0
20160122,4.2,4.29,4.14,4.29,3322,0
20160125,4.3,4.33,3.92,4.05,6385,0
20160126,4.2,4.2,4,4.07,8399,0
20160127,4.11,4.16,3.93,4.05,6742,0
20160128,4.2,4.2,4.11,4.12,3728,0
20160129,4.01,4.2,3.8601,4.01,17672,0
20160201,4.1,4.105,3.9,4.04,9835,0
20160202,3.9,4,3.75,3.8715,14395,0
20160203,3.9808,3.9808,3.6601,3.85,4915,0
20160204,3.95,3.95,3.84,3.95,1040,0
20160205,3.9067,3.99,3.85,3.85,5853,0
20160208,3.95,3.95,3.5991,3.9,9547,0
20160209,3.8218,3.8218,3.65,3.82,1381,0
20160210,3.71,4.05,3.71,3.99,6754,0
20160211,3.8082,3.8082,3.5009,3.7,4174,0
20160212,3.9,3.9,3.72,3.78,1308,0
20160216,4,4.1,3.8001,3.93,13868,0
20160218,4.05,4.05,4.05,4.05,184,0
20160219,4.0499,4.0499,4.0499,4.0499,1050,0
20160222,3.99,3.99,3.81,3.81,2250,0
20160223,4,4,3.8201,4,20778,0
20160224,3.9,4.05,3.9,4,1587,0
20160225,3.93,4.0664,3.9,4.0664,2869,0
20160226,3.9,3.95,3.9,3.9,5312,0
20160229,3.83,3.94,3.621,3.94,4151,0
20160301,3.9,3.92,3.84,3.9,12111,0
20160303,3.896,4.05,3.896,3.9,5496,0
20160304,3.95,4.064,3.95,4.005,7952,0
20160307,4.05,4.17,4.05,4.1699,5798,0
20160308,4.12,4.12,4.12,4.12,196,0
20160309,4.0501,4.109,4.0501,4.06,4595,0
20160310,4.12,4.12,4.12,4.12,124,0
20160314,4.021,4.12,4.021,4.04,6137,0
20160315,4.04,4.08,4.04,4.08,490,0
20160321,4.17,4.17,4.17,4.17,101,0
20160322,4.21,4.21,4.15,4.15,1272,0
20160323,4.08,4.08,4.08,4.08,220,0
20160324,4.23,4.23,4.23,4.23,100,0
20160328,4.1428,4.29,4.1428,4.29,426,0
20160329,4.34,4.368,4.34,4.368,407,0
20160331,4.4,4.4,4.3101,4.3101,2900,0
20160401,4.3338,4.45,4.3,4.45,1445,0
20160404,4.44,4.44,4.35,4.35,3369,0
20160405,4.26,4.26,4.26,4.26,671,0
20160406,4.25,4.31,4.1,4.12,3513,0
20160407,4.24,4.33,4.24,4.2608,11286,0
20160408,4.36,4.36,4.16,4.16,2694,0
20160412,4.17,4.17,4.0637,4.17,4176,0
20160413,4.03,4.1899,4.03,4.05,428,0
20160414,4.19,4.19,4.05,4.05,234,0
20160415,4.154,4.154,4.05,4.05,1110,0
20160418,4.0999,4.38,4.095,4.38,23175,0
20160419,4.07,4.07,4.07,4.07,106,0
20160420,4.16,4.2001,4.1585,4.2001,3856,0
20160421,4.25,4.25,4.05,4.1445,16633,0
20160422,4.1909,4.25,4.1909,4.22,3465,0
20160425,4.1501,4.1501,4.15,4.15,5272,0
20160426,4.15,4.1999,4.1494,4.1999,7036,0
20160427,4.165,4.3,4.165,4.21,8683,0
20160428,4.399,4.399,4.22,4.22,340,0
20160429,4.4061,4.4545,4.05,4.2629,17247,0
20160502,4.325,4.325,4.12,4.12,699,0
20160503,4.1501,4.2501,4.15,4.2501,6786,0
20160504,4.242,4.2799,4.242,4.2799,15528,0
20160505,4.22,4.22,4.22,4.22,120,0
20160506,4.21,4.21,4.1801,4.1808,7658,0
20160509,4.21,4.2313,4.18,4.1801,16510,0
20160512,4.28,4.285,4.28,4.285,575,0
20160516,4.2829,4.29,4.16,4.16,786,0
20160517,4.24,4.24,4.1399,4.16,1530,0
20160518,4.1558,4.229,4.1558,4.229,1600,0
20160519,4.249,4.249,4.212,4.212,1015,0
20160520,4.25,4.25,4.1094,4.2,800,0
20160523,4.1855,4.21,4.1855,4.1908,3525,0
20160524,4.28,4.28,4.19,4.2701,1536,0
20160525,4.19,4.39,4.19,4.39,1800,0
20160526,4.32,4.37,4.32,4.37,698,0
20160527,4.31,4.35,4.31,4.35,1108,0
20160531,4.3238,4.3249,4.19,4.2011,3034,0
20160601,4.12,4.21,4.12,4.13,727,0
20160603,4.15,4.2199,4.15,4.2199,302,0
20160607,4.17,4.2522,4.17,4.2522,13204,0
20160608,4.29,4.87,4.2356,4.439,38199,0
20160609,4.598,4.6605,4.4101,4.6605,7951,0
20160610,4.72,4.72,4.3401,4.62,10877,0
20160613,4.3,4.49,4.3,4.48,12443,0
20160614,4.31,4.31,4.16,4.3001,1624,0
20160615,4.43,4.44,4.41,4.43,5076,0
20160616,4.2001,4.45,4.2001,4.45,1900,0
20160617,4.308,4.308,4.308,4.308,514,0
20160620,4.3,4.42,4.26,4.26,4305,0
20160622,4.17,4.27,4.17,4.21,4121,0
20160623,4.4,4.4123,4.24,4.24,2246,0
20160624,4.22,4.29,4.21,4.21,2908,0
20160627,4.08,4.22,4.05,4.2,45680,0
20160628,4.21,4.3005,4.21,4.3,19635,0
20160629,4.35,4.352,4.17,4.18,14359,0
20160630,4.3,4.36,4.3,4.36,4025,0
20160705,4.2,4.26,4.05,4.2,28730,0
20160706,4.08,4.12,4.08,4.12,550,0
20160707,4.05,4.0576,4.01,4.05,2700,0
20160708,4.03,4.16,3.998,4.1299,39747,0
20160711,4.0803,4.0803,4.0803,4.0803,1000,0
20160712,4.0751,4.1364,4.0751,4.1364,280,0
20160713,4.115,4.125,4.03,4.0495,4850,0
20160714,4.1,4.1,4.07,4.1,837,0
20160715,4.1466,4.15,4.1466,4.15,438,0
20160718,4.176,4.19,4.176,4.19,760,0
20160719,4.2,4.3,4.2,4.296,1366,0
20160720,4.2932,4.348,4.2932,4.348,8468,0
20160721,4.2863,4.38,4.2863,4.3466,12369,0
20160722,4.2512,4.39,4.2512,4.34,6091,0
20160725,4.3899,4.39,4.34,4.39,4733,0
20160726,4.38,4.55,4.38,4.55,7989,0
20160727,4.5,4.5,4.4,4.475,4487,0
20160728,4.4101,4.4101,4.4001,4.4035,8004,0
20160801,4.1025,4.35,4.1025,4.345,2384,0
20160803,4.2999,4.2999,4.2999,4.2999,800,0
20160804,4.1635,4.25,4.1635,4.25,675,0
20160805,4.177,4.2499,4.177,4.2499,650,0
20160808,4.14,4.25,4.11,4.25,11429,0
20160809,4.249,4.3501,4.24,4.35,8023,0
20160811,4.39,4.39,4.21,4.21,405,0
20160815,4.15,4.2502,4.13,4.2502,5370,0
20160816,4.13,4.15,4,4.09,9095,0
20160817,4.19,4.19,4.1674,4.18,2700,0
20160818,4.19,4.19,4.05,4.19,9316,0
20160819,4.0501,4.1899,4.05,4.06,7316,0
20160822,4.0001,4.13,3.77,4.088,10717,0
20160823,4.15,4.15,3.95,3.96,20300,0
20160824,4,4.03,3.98,3.98,17901,0
20160825,3.98,4.033,3.98,4,6059,0
20160826,4,4.0499,3.98,4,9122,0
20160829,3.99,3.99,3.99,3.99,100,0
20160830,4.0342,4.0342,4.03,4.03,312,0
20160831,4.01,4.01,3.99,3.99,351,0
20160901,4.01,4.01,4.01,4.01,107,0
20160902,4.08,4.14,4.07,4.1,48441,0
20160906,4.1,4.1,4.05,4.08,2294,0
20160907,4.12,4.12,4,4,422,0
20160908,4.0999,4.15,3.98,3.98,5606,0
20160909,3.98,4,3.98,3.98,3143,0
20160912,3.98,3.98,3.78,3.79,3232,0
20160913,3.78,3.8055,3.7,3.7,4211,0
20160914,3.7,3.82,3.7,3.71,2846,0
20160915,3.7,3.7348,3.7,3.7,2100,0
20160916,3.698,3.98,3.55,3.98,16228,0
20160919,3.831,3.831,3.71,3.71,3556,0
20160920,3.73,3.73,3.32,3.63,8046,0
20160921,3.6792,3.7,3.5101,3.7,17466,0
20160922,3.633,3.71,3.55,3.55,16545,0
20160927,3.525,3.525,3.525,3.525,734,0
20160928,3.6299,3.64,3.62,3.64,3112,0
20160929,3.71,3.9,3.71,3.9,29763,0
20160930,3.8999,3.9,3.8999,3.9,462,0
20161003,3.9,3.9,3.8562,3.87,1961,0
20161004,3.86,3.8834,3.85,3.8834,935,0
20161005,3.93,3.94,3.93,3.94,607,0
20161006,3.76,3.76,3.76,3.76,150,0
20161011,3.59,3.77,3.55,3.77,1899,0
20161017,3.65,3.65,3.514,3.514,2398,0
20161018,3.5001,3.5001,3.5001,3.5001,1614,0
20161019,3.5944,3.5944,3.5944,3.5944,500,0
20161020,3.501,3.5947,3.5,3.5005,5635,0
20161021,3.8,3.8,3.8,3.8,100,0
20161024,3.8,3.8,3.75,3.75,250,0
20161025,3.72,3.8,3.7,3.8,4435,0
20161026,3.7,3.8,3.7,3.7,5467,0
20161027,3.6,3.75,3.6,3.7,9086,0
20161028,3.7999,3.7999,3.7,3.7,3276,0
20161031,3.75,3.85,3.75,3.85,1828,0
20161101,3.85,3.87,3.7244,3.85,19196,0
20161102,3.8387,3.85,3.7987,3.7987,7557,0
20161103,3.95,3.95,3.8,3.8003,3716,0
20161104,3.85,3.873,3.8,3.8,8920,0
20161107,3.75,3.75,3.65,3.65,9286,0
20161108,3.65,3.75,3.6471,3.75,7085,0
20161109,3.6,3.6,3.35,3.5,34250,0
20161110,3.45,3.453,3.4,3.4,7704,0
20161111,3.4499,3.5999,3.4,3.4,15270,0
20161114,3.4,3.6,3.4,3.6,13391,0
20161115,3.5,3.65,3.35,3.4,23853,0
20161116,3.4,3.4,3.3033,3.4,15290,0
20161117,3.3551,3.66,3.35,3.65,96800,0
20161118,3.7505,3.7944,3.7,3.7,4678,0
20161121,3.8,3.85,3.7,3.7497,13875,0
20161122,3.7945,3.8,3.65,3.77,3910,0
20161123,3.6046,4,3.6,4,36481,0
20161125,4.05,4.2,4.05,4.2,17617,0
20161128,4.25,4.3499,4.15,4.251,60659,0
20161129,4.35,4.3864,4.1,4.2,17271,0
20161130,4.15,4.3,4.1,4.3,5650,0
20161201,4.2,4.35,4.1,4.35,31908,0
20161202,4.33,4.6,4.33,4.4001,23201,0
20161205,4.4242,4.6,4.4,4.6,36380,0
20161206,4.799,4.9,4.7,4.8,47694,0
20161207,4.7,4.78,4.6,4.6,6488,0
20161208,4.65,4.8511,4.65,4.8,72711,0
20161209,4.95,4.95,4.8,4.8,10152,0
20161212,4.95,5.1914,4.8,4.85,38198,0
20161213,4.85,5,4.8,4.8,16658,0
20161214,4.673,4.673,4.55,4.65,4440,0
20161215,4.75,4.75,4.65,4.65,572,0
20161219,4.7,4.7,4.5015,4.55,1423,0
20161220,4.5,4.55,4.4,4.4,21568,0
20161221,4.45,4.4566,3.85,3.85,27479,0
20161222,3.9,4.1499,3.85,3.85,6560,0
20161223,3.86,4.2,3.86,4.1,15461,0
20161227,4.15,4.25,4.007,4.25,7193,0
20161228,4.15,4.2,4,4.1999,42829,0
20161229,4.4,4.4,4.075,4.2,34216,0
20161230,4.2,4.4,4.2,4.4,10011,0
20170103,4.45,4.45,4.3104,4.3499,4089,0
20170104,4.4849,4.499,4.4849,4.499,1147,0
20170105,4.5,4.55,4.4733,4.4802,2545,0
20170106,4.6,4.6,4.5008,4.55,2724,0
20170109,4.55,4.6,4.55,4.6,1975,0
20170110,4.516,4.6422,4.3075,4.4,5427,0
20170111,4.4625,4.4625,4.3215,4.45,2532,0
20170112,4.3,4.3,4.25,4.25,438,0
20170113,4.15,4.65,4.1205,4.65,51724,0
20170117,4.7,5.15,4.3,4.3892,54163,0
20170118,4.363,4.499,4.2,4.35,4299,0
20170119,4.3965,4.4,4.3965,4.4,1109,0
20170120,4.65,4.65,4.15,4.4,21207,0
20170123,4.4,4.9,4.4,4.8762,35542,0
20170124,4.95,5.121,4.745,4.8989,14864,0
20170125,5,5.05,4.984,5.05,6928,0
20170126,5,5.05,4.76,4.76,5465,0
20170127,4.95,4.95,4.8315,4.8465,2160,0
20170130,4.9,4.95,4.8844,4.9008,8827,0
20170131,5,5.1,4.9664,5.1,16898,0
20170201,5.1,5.1202,5.05,5.05,9417,0
20170202,5.1,5.35,4.7558,5.2,48619,0
20170203,5.2,5.3621,4.8,5.15,41876,0
20170206,5.29,5.85,4.8714,5.25,85438,0
20170207,5.35,5.5,5.05,5.1,7966,0
20170208,5.25,5.35,4.85,5.15,27650,0
20170209,5.2001,5.6,5,5.1,62431,0
20170210,5.2,5.6,4.8762,4.9,84909,0
20170213,5.2,5.2,4.9,5,14675,0
20170214,4.9,5.25,4.65,4.8,35202,0
20170215,4.7,4.8536,4.55,4.75,41502,0
20170216,4.95,4.95,4.65,4.65,3988,0
20170217,4.7455,4.85,4.65,4.8,9543,0
20170221,4.8,4.9,4.65,4.7,12630,0
20170222,4.9,5.05,4.9,5.0343,17883,0
20170223,5,5,4.7,4.85,11326,0
20170224,4.85,5.0499,4.85,4.95,7344,0
20170227,5.1,5.6,5.0729,5.6,25086,0
20170228,5.7,5.7,5.5001,5.5269,18277,0
20170301,5.6,6.245,5.6,6.0892,52527,0
20170302,6,6,5.3,5.3035,22778,0
20170303,5.25,5.4,5.25,5.3,9647,0
20170306,5.4,5.7,5.3,5.55,21395,0
20170307,5.69,5.69,5.35,5.45,54583,0
20170308,5.45,5.5,4.95,4.95,18245,0
20170309,5.0925,5.0925,5.0489,5.0489,332,0
20170310,5.028,5.028,4.95,4.9752,10674,0
20170313,4.9,4.9356,4.85,4.85,6719,0
20170314,4.85,4.95,4.65,4.65,5808,0
20170315,4.65,4.65,4.5,4.55,6271,0
20170316,4.612,4.612,4.45,4.5,9564,0
20170317,4.55,4.55,4.45,4.45,2468,0
20170320,4.5,4.543,4.45,4.5,2205,0
20170321,4.5,4.6,4.4535,4.5,4397,0
20170322,4.45,4.7,4.45,4.7,3012,0
20170323,4.6246,4.75,4.6246,4.7,1916,0
20170324,4.8,4.8349,4.7,4.8349,4411,0
20170327,4.9,5,4.8,4.9987,4732,0
20170328,5,5.15,4.95,5,5246,0
20170329,5,5,4.95,4.9502,1957,0
20170330,4.85,4.9502,4.85,4.9,1230,0
20170331,4.9,5.247,4.85,5.247,6635,0
20170403,5.25,5.25,4.901,5.05,6248,0
20170404,4.9585,4.9585,4.9585,4.9585,552,0
20170405,4.95,5,4.9,4.9,2883,0
20170406,4.9025,5.05,4.9025,5.05,415,0
20170407,5.1,5.125,4.85,5.0999,1627,0
20170410,5.1,5.15,4.916,4.95,10274,0
20170411,4.9742,4.9742,4.7665,4.9,10970,0
20170412,4.9,4.9,4.6501,4.7757,2696,0
20170413,4.8767,4.9,4.6884,4.9,2128,0
20170417,4.95,4.9999,4.9,4.949,2065,0
20170418,4.905,5,4.9,4.9,1465,0
20170419,4.9,4.9,4.65,4.65,15945,0
20170420,4.65,4.7002,4.6,4.6,4443,0
20170421,4.747,4.75,4.6675,4.6675,4682,0
20170424,4.701,4.75,4.6504,4.6976,2507,0
20170425,4.75,4.75,4.55,4.55,3819,0
20170426,4.64,4.64,4.5,4.5,346,0
20170427,4.6,4.6,4.5,4.55,8484,0
20170428,4.5,4.5489,4.45,4.45,3030,0
20170501,4.45,4.55,4.4,4.55,11296,0
20170502,4.4001,4.438,4.35,4.35,5507,0
20170503,4.35,4.45,4.3499,4.4,10610,0
20170504,4.4076,4.45,4.4,4.4069,3931,0
20170505,4.45,4.855,4.45,4.6,24258,0
20170508,4.6015,4.735,4.6001,4.6562,8257,0
20170509,4.65,4.8,4.4,4.4,65568,0
20170510,4.25,4.25,3.45,3.9,70107,0
20170511,3.7,3.8383,3.7,3.7994,5369,0
20170512,3.7,3.85,3.7,3.85,7355,0
20170515,3.75,4.05,3.75,4.05,17125,0
20170516,4.0825,4.0873,4,4.0001,2292,0
20170517,3.95,4.037,3.9,3.9871,3931,0
20170518,3.95,3.9653,3.95,3.95,1451,0
20170519,3.95,4.1,3.9195,4.1,4805,0
20170522,4.1,4.231,4,4,23085,0
20170523,4.02,4.094,4,4.094,4031,0
20170524,4.0583,4.0583,3.9494,3.9494,3800,0
20170525,3.9,4.1367,3.8038,4,26153,0
20170526,4.1497,4.1995,4.1497,4.1995,2017,0
20170530,4.15,4.35,4.15,4.3,7162,0
20170531,4.35,4.44,4.25,4.4,4768,0
20170601,4.5,4.75,4.2,4.4,6841,0
20170602,4.4747,4.8,4.4747,4.6,4564,0
20170605,4.6,4.8,4.4,4.4,22944,0
20170606,4.5,4.5,4.15,4.25,11108,0
20170607,4.1062,4.2253,4.1062,4.15,7083,0
20170608,4.25,4.3999,4.2118,4.25,3008,0
20170609,4.2501,4.4359,4.25,4.4359,2318,0
20170612,4.45,4.45,4.2,4.2,2522,0
20170613,4.25,4.25,4.25,4.25,497,0
20170614,4.1,4.1123,4.1,4.1,1199,0
20170615,4.0451,4.0451,4.0451,4.0451,143,0
20170616,4,4.0244,3.8501,3.9117,4964,0
20170619,4,4,3.8,3.8,10436,0
20170620,3.85,3.85,3.7,3.7,1860,0
20170621,3.7,3.7,3.4,3.4,12214,0
20170622,3.45,3.55,3.35,3.5,5762,0
20170623,3.5,3.6,3.4,3.4,4472,0
20170626,3.45,3.45,3.3,3.332,8156,0
20170627,3.45,3.45,3.208,3.3,7315,0
20170628,3.22,3.45,3.22,3.25,13313,0
20170629,3.2,3.3,3.2,3.25,3187,0
20170630,3.2925,3.2925,3.2,3.2,8478,0
20170703,3.425,3.593,3.2,3.593,12631,0
20170705,3.6,3.6,3.45,3.55,14262,0
20170706,3.5314,3.7,3.5314,3.65,7759,0
20170707,3.8,3.8,3.4522,3.55,4682,0
20170710,3.625,4,3.625,4,17638,0
20170711,4,4,3.9,3.9,1570,0
20170712,3.9,4.0485,3.8499,3.9997,24577,0
20170713,4.05,4.05,3.75,3.8,2593,0
20170714,3.85,3.85,3.85,3.85,736,0
20170717,3.75,3.75,3.5,3.65,50153,0
20170718,3.6,3.7,3.6,3.675,15102,0
20170719,3.6,3.7,3.5607,3.65,5013,0
20170720,3.65,3.85,3.6227,3.75,20159,0
20170721,3.7805,3.7805,3.75,3.75,325,0
20170724,3.8,3.85,3.7,3.85,9408,0
20170725,3.7525,3.9,3.7304,3.85,27178,0
20170726,3.9,4,3.85,3.9373,11519,0
20170727,3.8828,3.8951,3.7,3.75,13358,0
20170728,3.75,3.85,3.65,3.85,4058,0
20170731,3.85,3.85,3.65,3.75,34217,0
20170801,3.85,3.85,3.7,3.7,57835,0
